0.612415051194,256.064516129,67195.5076382,810.468994141,0.935500121882,1.0,3000.43434191,0.298947741011,0.318325769589,0.0134948031835,0.103890663821,0.561865395964,1.0,1.0,0.936491935484,12.9838709677,0.76164874552,3014.24896043,363585.015563,44785541.4986,4.06451612903,-0.112903225806,689.951612903,1.52700897118e-05,Class 1
0.428572346193,433.887096774,165030.0611,1514.29711914,0.890708539855,1.0,5658.16245803,0.405221792085,0.437970421192,0.01233809833,0.149870318765,0.489528669717,1.0,1.0,0.892389112903,24.3306451613,0.559139784946,5694.39512979,690007.991826,85199907.7101,6.88709677419,-0.282258064516,1315.88709677,2.58743186783e-05,Class 1
0.538572217726,270.290322581,104026.777655,1066.40649414,0.93191679532,1.0,4059.50083215,0.338952264788,0.359082296994,0.0133976500123,0.108007827322,0.597527199739,1.0,1.0,0.932963709677,17.2741935484,0.691756272401,4080.64815398,497022.660661,61538136.608,4.29032258065,-0.338709677419,953.129032258,1.61184280291e-05,Class 1
0.51107385568,405.435483871,96136.6413506,1087.73461914,0.89787519298,1.0,3908.67480242,0.36141942338,0.39216297169,0.0125147404595,0.143222787768,0.461090184014,1.0,1.0,0.899445564516,17.2177419355,0.675627240143,3931.28424269,469701.776762,57560965.6743,6.43548387097,0.0564516129032,882.0,2.41776420436e-05,Class 1
0.612415051194,256.064516129,67195.5076382,810.468994141,0.935500121882,1.0,3000.43434191,0.298947741011,0.318325769589,0.0134948031835,0.103890663821,0.561865395964,1.0,1.0,0.936491935484,12.9838709677,0.76164874552,3014.24896043,363585.015563,44785541.4986,4.06451612903,-0.112903225806,689.951612903,1.52700897118e-05,Class 1
0.538572217726,270.290322581,104026.777655,1066.40649414,0.93191679532,1.0,4059.50083215,0.338952264788,0.359082296994,0.0133976500123,0.108007827322,0.597527199739,1.0,1.0,0.932963709677,17.2741935484,0.691756272401,4080.64815398,497022.660661,61538136.608,4.29032258065,-0.338709677419,953.129032258,1.61184280291e-05,Class 1
0.540634113128,298.741935484,97229.5232648,1059.29711914,0.924750142195,1.0,3889.48105407,0.340093091995,0.362714187525,0.0132057524262,0.115982377725,0.557940188714,1.0,1.0,0.925907258065,16.7096774194,0.697132616487,3910.00904108,473736.790418,58492088.1482,4.74193548387,0.112903225806,903.338709677,1.78151046637e-05,Class 1
0.603582944721,412.548387097,284059.600693,3220.54711914,0.896083529699,1.0,12441.1415309,0.309405321424,0.340668334162,0.0124702788326,0.144906912567,0.370961158519,1.0,1.0,0.897681451613,51.2580645161,0.76164874552,12498.0775895,1548402.4243,193415348.744,6.54838709677,-0.112903225806,3022.98387097,2.46018112023e-05,Class 1
0.428572346193,433.887096774,165030.0611,1514.29711914,0.890708539855,1.0,5658.16245803,0.405221792085,0.437970421192,0.01233809833,0.149870318765,0.489528669717,1.0,1.0,0.892389112903,24.3306451613,0.559139784946,5694.39512979,690007.991826,85199907.7101,6.88709677419,-0.282258064516,1315.88709677,2.58743186783e-05,Class 1
0.724849372439,99.5806451613,291005.154763,3369.84399414,0.974916714065,1.0,13395.9863377,0.220728373692,0.22783009393,0.0146164807057,0.0509144965446,0.754380504816,1.0,1.0,0.975302419355,53.7419354839,0.840501792115,13436.6703314,1686333.19087,212030636.414,1.58064516129,-0.225806451613,3335.9516129,5.93836822125e-06,Class 1
0.590440770288,277.403225806,74001.9046232,846.015869141,0.930125132039,1.0,3219.04571788,0.312381605574,0.33260576505,0.0133493745213,0.110033162383,0.561378271908,1.0,1.0,0.931199596774,13.9435483871,0.743727598566,3234.62900076,390003.010601,48028815.9416,4.40322580645,-0.508064516129,739.741935484,1.65425971878e-05,Class 1
0.883371231099,106.693548387,266850.071276,3782.18774414,0.973125050784,1.0,14987.0672457,0.117839787319,0.125906028734,0.014563387702,0.0537351373738,0.489443044222,1.0,1.0,0.973538306452,60.0080645161,0.939068100358,15007.8386782,1883803.64745,236877553.867,1.6935483871,0.0564516129032,3727.16129032,6.36253737991e-06,Class 1
0.56361686001,277.403225806,87630.0419304,966.875244141,0.930125132039,1.0,3614.52110602,0.326572388979,0.347522226601,0.0133493745213,0.110033162383,0.569900464856,1.0,1.0,0.931199596774,15.5241935484,0.718637992832,3632.75400076,440154.322282,54346313.9848,4.40322580645,-0.16935483871,839.322580645,1.65425971878e-05,Class 1
0.35217301936,746.85483871,185138.174505,1812.89086914,0.811875355489,1.0,6357.61559149,0.451787599243,0.508251289151,0.0106070054613,0.210008102317,0.300034959841,1.0,1.0,0.814768145161,28.3951612903,0.455197132616,6405.17738785,759846.945077,92757111.9333,11.8548387097,0.395161290323,1415.46774194,4.45377616593e-05,Class 1
0.35890469033,689.951612903,197275.707207,1820.00024414,0.826208661737,1.0,6640.9373403,0.448022266214,0.500155099969,0.0108928445435,0.200607344406,0.332872973764,1.0,1.0,0.828881048387,29.2983870968,0.448028673835,6689.58061366,799254.212466,97946709.1324,10.9516129032,-0.395161290323,1500.82258065,4.11444083901e-05,Class 1
0.435907812078,505.016129032,135368.429155,1372.10961914,0.872791907045,1.0,4965.19794714,0.404367867534,0.442665486134,0.0119105440849,0.165512430352,0.421139740781,1.0,1.0,0.874747983871,21.8467741935,0.589605734767,4997.64109753,597762.069006,73297912.8885,8.01612903226,-0.0564516129032,1123.83870968,3.01160102649e-05,Class 1
0.428572346193,433.887096774,165030.0611,1514.29711914,0.890708539855,1.0,5658.16245803,0.405221792085,0.437970421192,0.01233809833,0.149870318765,0.489528669717,1.0,1.0,0.892389112903,24.3306451613,0.559139784946,5694.39512979,690007.991826,85199907.7101,6.88709677419,-0.282258064516,1315.88709677,2.58743186783e-05,Class 1
0.56361686001,277.403225806,87630.0419304,966.875244141,0.930125132039,1.0,3614.52110602,0.326572388979,0.347522226601,0.0133493745213,0.110033162383,0.569900464856,1.0,1.0,0.931199596774,15.5241935484,0.718637992832,3632.75400076,440154.322282,54346313.9848,4.40322580645,-0.16935483871,839.322580645,1.65425971878e-05,Class 1
0.538026232962,291.629032258,100225.026999,1052.18774414,0.926541805477,1.0,3967.28245643,0.340933630142,0.362814441621,0.0132534257282,0.114019953588,0.571230626876,1.0,1.0,0.927671370968,16.9919354839,0.693548387097,3988.2156943,484036.053665,59817662.5884,4.62903225806,-0.282258064516,924.677419355,1.73909355051e-05,Class 1
0.531474415796,362.758064516,91215.655257,1016.64086914,0.908625172666,1.0,3754.1584562,0.348727439136,0.376049865436,0.0127857255445,0.132789907964,0.494963544257,1.0,1.0,0.910030241935,16.4274193548,0.693548387097,3774.89916205,452688.152171,55586915.3907,5.75806451613,-0.282258064516,853.548387097,2.16326270917e-05,Class 1
0.576726917691,256.064516129,84248.82511,910.000244141,0.935500121882,1.0,3508.99359822,0.318117951226,0.336443912193,0.0134948031835,0.103890663821,0.600162385295,1.0,1.0,0.936491935484,15.0161290323,0.729390681004,3526.12396043,428065.273438,52908038.9827,4.06451612903,-0.564516129032,817.983870968,1.52700897118e-05,Class 1
0.505678241544,362.758064516,108030.542257,1130.39086914,0.908625172666,1.0,4205.88759818,0.362252315449,0.389574741748,0.0127857255445,0.132789907964,0.51232672396,1.0,1.0,0.910030241935,18.2338709677,0.664874551971,4229.89916205,510003.93695,62806913.1544,5.75806451613,-0.282258064516,967.35483871,2.16326270917e-05,Class 1
0.46325843707,462.338709677,119893.896928,1258.35961914,0.883541886731,1.0,4556.81213267,0.388735802165,0.423796033096,0.0121646678757,0.156288501114,0.44022563628,1.0,1.0,0.88533266129,20.0403225806,0.623655913978,4585.31851689,548508.315478,67262613.8628,7.33870967742,-0.0564516129032,1031.37096774,2.75709953129e-05,Class 1
0.556942999191,312.967741935,85272.018147,952.656494141,0.921166815633,1.0,3564.44096921,0.332511699323,0.3559294397,0.0131110080113,0.119847530606,0.535160706128,1.0,1.0,0.922379032258,15.4677419355,0.715053763441,3582.97073463,431644.844633,53133440.1064,4.96774193548,-0.338709677419,817.983870968,1.86634429811e-05,Class 1
0.503044667977,263.177419355,132595.030731,1244.14086914,0.933708458601,1.0,4786.8595699,0.35605577438,0.375498060986,0.0134461262331,0.105960511429,0.625081293312,1.0,1.0,0.934727822581,20.1532258065,0.646953405018,4812.91730721,589713.364527,73242457.8335,4.17741935484,-0.395161290323,1138.06451613,1.56942588704e-05,Class 1
0.565466784856,348.532258065,75159.3587407,888.672119141,0.912208499228,1.0,3288.47146456,0.329769755191,0.355813801525,0.0128776597437,0.129180867162,0.488270549386,1.0,1.0,0.913558467742,14.5080645161,0.725806451613,3305.6874685,394477.474595,48310567.3461,5.53225806452,-0.395161290323,739.741935484,2.07842887744e-05,Class 1
0.562691897586,248.951612903,93173.0099348,988.203369141,0.937291785163,1.0,3756.30489656,0.324743776193,0.343346666432,0.0135436808637,0.101797702827,0.608866554789,1.0,1.0,0.938256048387,15.9758064516,0.715053763441,3774.95561366,459857.955977,56941112.5843,3.95161290323,-0.282258064516,882.0,1.48459205531e-05,Class 1
0.5118703511,206.274193548,139363.825487,1265.46899414,0.948041764849,1.0,4929.49638655,0.345459118017,0.360439973412,0.0138411622681,0.0887173665976,0.689066193541,1.0,1.0,0.948840725806,20.4919354839,0.648745519713,4955.13303301,611209.449172,76175805.7315,3.27419354839,-0.395161290323,1187.85483871,1.23009056012e-05,Class 1
0.602850682802,156.483870968,87391.2783567,917.109619141,0.960583407817,1.0,3553.37127482,0.293985679145,0.305569644759,0.0141973571076,0.0721438293078,0.714393068998,1.0,1.0,0.961189516129,14.7903225806,0.745519713262,3568.82960559,439712.206591,54769836.3175,2.48387096774,-0.225806451613,853.548387097,9.33172149053e-06,Class 1
0.51501779268,441.0,87529.1689079,1002.42211914,0.888916876574,1.0,3689.29313908,0.360539302662,0.393356664085,0.0122944396219,0.151495854335,0.430584115249,1.0,1.0,0.890625,16.4838709677,0.682795698925,3710.87597656,439698.879821,53640592.6345,7.0,-0.564516129032,817.983870968,2.62984878369e-05,Class 1
0.645219100474,135.14516129,70778.6282621,782.031494141,0.96595839766,1.0,3052.05903856,0.269152726027,0.278884728152,0.0143530229842,0.0645147314577,0.731222478408,1.0,1.0,0.966481854839,12.7016129032,0.781362007168,3064.07456527,377471.846066,47014063.2723,2.14516129032,-0.282258064516,732.629032258,8.05921401455e-06,Class 1
0.358313742115,874.887096774,131826.967438,1507.18774414,0.77962541643,1.0,5071.91509808,0.446663288229,0.512990885126,0.0100108382743,0.229069404166,0.217980347173,1.0,1.0,0.783014112903,23.7661290323,0.512544802867,5111.20762979,588789.152833,70701771.45,13.8870967742,0.16935483871,1059.82258065,5.21728065152e-05,Class 1
0.560533651932,362.758064516,75394.1320685,910.000244141,0.908625172666,1.0,3302.36028125,0.333022227857,0.360467008408,0.0127857255445,0.132789907964,0.470728406592,1.0,1.0,0.910030241935,14.6209677419,0.722222222222,3319.89916205,395372.367393,48366917.627,5.75806451613,-0.16935483871,739.741935484,2.16326270917e-05,Class 1
0.673186367082,149.370967742,57748.0184729,668.281494141,0.962375071098,1.0,2641.78787356,0.256061282362,0.265839649389,0.0142490450034,0.0696399397797,0.704832349318,1.0,1.0,0.962953629032,11.1209677419,0.804659498208,2651.72375882,324633.190635,40301665.6497,2.37096774194,-0.508064516129,625.935483871,8.90755233187e-06,Class 1
0.690876273429,362.758064516,28215.7685198,504.765869141,0.908625172666,1.0,1691.71191361,0.25462115077,0.282065931321,0.0127857255445,0.132789907964,0.322629258247,1.0,1.0,0.910030241935,8.18548387097,0.824372759857,1698.96166205,191184.884121,22645675.5939,5.75806451613,-0.16935483871,334.306451613,2.16326270917e-05,Class 1
0.649850335941,369.870967742,39270.1094413,611.406494141,0.906833509385,1.0,2122.78066242,0.281045494011,0.30897861084,0.0127400595394,0.134569081751,0.372613433338,1.0,1.0,0.908266129032,9.93548387097,0.795698924731,2132.63000882,245365.87875,29442598.6378,5.87096774194,-0.225806451613,441.0,2.20567962503e-05,Class 1
0.55887642759,234.725806452,98056.8313581,1016.64086914,0.940875111725,1.0,3883.70965099,0.325371965477,0.342878863503,0.013642038413,0.0975399439123,0.629168668936,1.0,1.0,0.941784274194,16.4274193548,0.709677419355,3902.93142011,476874.245921,59141011.6046,3.72580645161,-0.282258064516,917.564516129,1.39975822358e-05,Class 1
0.440789558202,775.306451613,78952.6206417,1101.95336914,0.804708702365,1.0,3620.9347415,0.400782005531,0.459581785679,0.0104689034328,0.21448707459,0.211837790534,1.0,1.0,0.807711693548,17.5564516129,0.623655913978,3646.72577495,410577.548908,48647326.1926,12.3064516129,-0.0564516129032,718.403225806,4.6234438294e-05,Class 1
0.590440770288,277.403225806,74001.9046232,846.015869141,0.930125132039,1.0,3219.04571788,0.312381605574,0.33260576505,0.0133493745213,0.110033162383,0.561378271908,1.0,1.0,0.931199596774,13.9435483871,0.743727598566,3234.62900076,390003.010601,48028815.9416,4.40322580645,-0.508064516129,739.741935484,1.65425971878e-05,Class 1
0.449384000719,725.516129032,81187.0788578,1101.95336914,0.817250345332,1.0,3656.84351997,0.397115019097,0.452142007552,0.0107126896444,0.206553220847,0.237946841027,1.0,1.0,0.820060483871,17.5,0.63082437276,3682.29734753,418192.133759,49803849.7901,11.5161290323,0.0,739.741935484,4.32652541834e-05,Class 1
0.585520484064,220.5,85587.0243637,910.000244141,0.944458438287,1.0,3530.86458805,0.310341475661,0.326033757129,0.0137411988812,0.0931818571349,0.64095237417,1.0,1.0,0.9453125,14.9596774194,0.73476702509,3547.46972656,432992.514539,53669663.0009,3.5,-0.508064516129,832.209677419,1.31492439185e-05,Class 1
0.50276204057,469.451612903,90064.6606594,1030.85961914,0.88175022345,1.0,3773.50289712,0.367907727669,0.40292152372,0.0121218120863,0.157858696595,0.411913444397,1.0,1.0,0.883568548387,16.935483871,0.672043010753,3796.17436366,448653.138515,54655792.9168,7.45161290323,-0.564516129032,832.209677419,2.79951644716e-05,Class 1
0.421506661014,640.161290323,117770.227629,1329.45336914,0.838750304705,1.0,4588.96004531,0.414113819759,0.462597839358,0.0111534920493,0.191872756127,0.324471885035,1.0,1.0,0.84122983871,20.8870967742,0.587813620072,4620.77718624,541783.292718,65710743.073,10.1612903226,0.225806451613,995.806451613,3.81752242794e-05,Class 1
0.56085481944,334.306451613,79734.9184169,910.000244141,0.91579182579,1.0,3415.79735447,0.331639645284,0.356320390853,0.0129703968617,0.125502157196,0.511458418458,1.0,1.0,0.917086693548,14.9596774194,0.720430107527,3433.66327495,411493.764539,50510466.3663,5.3064516129,-0.508064516129,775.306451613,1.9935950457e-05,Class 1
0.883371231099,106.693548387,266850.071276,3782.18774414,0.973125050784,1.0,14987.0672457,0.117839787319,0.125906028734,0.014563387702,0.0537351373738,0.489443044222,1.0,1.0,0.973538306452,60.0080645161,0.939068100358,15007.8386782,1883803.64745,236877553.867,1.6935483871,0.0564516129032,3727.16129032,6.36253737991e-06,Class 1
0.649612671985,312.967741935,45741.1656503,646.953369141,0.921166815633,1.0,2321.33032658,0.280490630405,0.30408605702,0.0131110080113,0.119847530606,0.451596752852,1.0,1.0,0.922379032258,10.5,0.793906810036,2331.72073463,274026.436493,33278446.2563,4.96774193548,-0.225806451613,505.016129032,1.86634429811e-05,Class 1
0.890205675672,78.2419354839,267868.583065,3782.18774414,0.980291703908,1.0,15017.0630286,0.111400460316,0.117299316969,0.0147769640949,0.0420922866775,0.594652222173,1.0,1.0,0.980594758065,60.0080645161,0.942652329749,15036.2902911,1889178.33495,237667353.026,1.24193548387,0.0564516129032,3741.38709677,4.66586074527e-06,Class 1
0.519873845403,469.451612903,80045.9534978,973.984619141,0.88175022345,1.0,3491.24270124,0.358397021843,0.393790161765,0.0121218120863,0.157858696595,0.394262174144,1.0,1.0,0.883568548387,15.8064516129,0.689964157706,3511.79936366,412830.773029,50143294.3145,7.45161290323,-0.338709677419,761.080645161,2.79951644716e-05,Class 1
0.570566924885,305.85483871,79258.6699141,910.000244141,0.922958478914,1.0,3388.04355227,0.324805880841,0.347776768602,0.0131582798539,0.117924760683,0.532784826742,1.0,1.0,0.924143145161,14.7338709677,0.727598566308,3405.23988785,409703.978942,50397765.8045,4.85483870968,-0.282258064516,775.306451613,1.82392738224e-05,Class 1
0.691223134338,163.596774194,49656.3197839,611.406494141,0.958791744536,1.0,2372.87775269,0.247557455801,0.259123139397,0.0141458699414,0.0746108770563,0.660087634148,1.0,1.0,0.959425403226,10.1048387097,0.818996415771,2381.56045237,289705.717948,35845517.3283,2.59677419355,-0.395161290323,554.806451613,9.75589064919e-06,Class 1
0.409918937321,433.887096774,199067.518334,1770.23461914,0.890708539855,1.0,6505.2033636,0.414466390042,0.447061399225,0.01233809833,0.149870318765,0.500178113191,1.0,1.0,0.892389112903,27.7177419355,0.505376344086,6547.52012979,797475.088285,98737403.517,6.88709677419,0.395161290323,1529.27419355,2.58743186783e-05,Class 2
0.726545136882,227.612903226,280885.938764,3483.59399414,0.942666775006,1.0,13605.9539234,0.230837271174,0.247905553817,0.0136915182823,0.0953738033621,0.497383697094,1.0,1.0,0.943548387097,55.0967741935,0.845878136201,13649.8880733,1705133.93571,213891538.523,3.61290322581,0.225806451613,3357.29032258,1.35734130771e-05,Class 2
0.381489189502,547.693548387,232864.106527,2061.71899414,0.862041927358,1.0,7547.78038302,0.433591667966,0.474883664542,0.011663646563,0.174283719414,0.421673691982,1.0,1.0,0.864163306452,32.3467741935,0.444444444444,7599.65117818,922848.03678,114079451.152,8.6935483871,0.395161290323,1764.0,3.26610252169e-05,Class 2
0.506526123765,277.403225806,126110.759717,1251.25024414,0.930125132039,1.0,4631.21084289,0.355654617917,0.376444203997,0.0133493745213,0.110033162383,0.604966972689,1.0,1.0,0.931199596774,19.5887096774,0.654121863799,4656.50400076,569114.838033,70591308.953,4.40322580645,0.282258064516,1095.38709677,1.65425971878e-05,Class 2
0.645559538033,256.064516129,54081.4802123,739.375244141,0.935500121882,1.0,2576.50578787,0.280543153101,0.299266806416,0.0134948031835,0.103890663821,0.546610114818,1.0,1.0,0.936491935484,11.2903225806,0.78853046595,2587.68646043,309851.467333,38016793.5952,4.06451612903,0.451612903226,583.258064516,1.52700897118e-05,Class 2
0.528365514318,263.177419355,112493.87548,1165.93774414,0.933708458601,1.0,4278.52672136,0.343493214581,0.362935501188,0.0134461262331,0.105960511429,0.612818109148,1.0,1.0,0.934727822581,18.1209677419,0.679211469534,4301.04230721,525233.106651,65119960.3494,4.17741935484,0.395161290323,1010.03225806,1.56942588704e-05,Class 2
0.489195925027,369.870967742,119101.934225,1258.35961914,0.906833509385,1.0,4495.11097697,0.371192279422,0.398492200875,0.0127400595394,0.134569081751,0.520171541164,1.0,1.0,0.908266129032,19.4193548387,0.645161290323,4521.38000882,546273.748835,67347586.8971,5.87096774194,0.564516129032,1038.48387097,2.20567962503e-05,Class 2
0.632038385941,291.629032258,54535.3364879,739.375244141,0.926541805477,1.0,2611.32101801,0.290003910772,0.312037102043,0.0132534257282,0.114019953588,0.497663391697,1.0,1.0,0.927671370968,11.5725806452,0.779569892473,2623.2156943,312088.69933,38157669.2974,4.62903225806,0.16935483871,583.258064516,1.73909355051e-05,Class 2
0.431405043615,526.35483871,134645.394645,1393.43774414,0.867416917202,1.0,4957.73735955,0.40732146093,0.447158819413,0.0117861920403,0.169952653604,0.407493566333,1.0,1.0,0.869455645161,21.9032258065,0.586021505376,4990.52113785,595522.171655,72931188.4496,8.35483870968,0.225806451613,1116.72580645,3.13885177409e-05,Class 2
0.57271874719,469.451612903,283578.377051,3170.78149414,0.88175022345,1.0,12125.7338881,0.327862242467,0.363444352252,0.0121218120863,0.157858696595,0.340730664494,1.0,1.0,0.883568548387,50.2419354839,0.73835125448,12185.2368637,1505412.92036,187774501.684,7.45161290323,0.112903225806,2930.51612903,2.79951644716e-05,Class 2
0.569051014247,220.5,94672.1924842,1030.85961914,0.944458438287,1.0,3785.13345322,0.318785104647,0.334888543962,0.0137411988812,0.0931818571349,0.645663696627,1.0,1.0,0.9453125,15.9758064516,0.718637992832,3803.40722656,465232.643477,57730911.743,3.5,0.395161290323,896.225806452,1.31492439185e-05,Class 2
0.457072750864,312.967741935,167361.665208,1507.18774414,0.921166815633,1.0,5653.976025,0.382968802751,0.406670545309,0.0131110080113,0.119847530606,0.588726060712,1.0,1.0,0.922379032258,23.8225806452,0.582437275986,5687.34573463,696730.349232,86525929.7633,4.96774193548,0.112903225806,1344.33870968,1.86634429811e-05,Class 2
0.787984481186,135.14516129,278707.790787,3583.12524414,0.96595839766,1.0,14119.4211738,0.186855148975,0.196920165078,0.0143530229842,0.0645147314577,0.611108911572,1.0,1.0,0.966481854839,56.7338709677,0.883512544803,14154.6995653,1774544.10004,223001508.762,2.14516129032,0.16935483871,3506.66129032,8.05921401455e-06,Class 2
0.60315900361,241.838709677,73430.2771931,874.453369141,0.939083448444,1.0,3184.34644887,0.30289503687,0.321053810841,0.0135927592735,0.0996810133481,0.591310200128,1.0,1.0,0.94002016129,13.6612903226,0.752688172043,3199.09976689,387765.778605,47887940.2393,3.83870967742,0.225806451613,739.741935484,1.44217513945e-05,Class 2
0.463412597474,277.403225806,171333.222881,1521.40649414,0.930125132039,1.0,5732.56385716,0.376610869306,0.397560706927,0.0133493745213,0.110033162383,0.623521136265,1.0,1.0,0.931199596774,23.9919354839,0.584229390681,5765.56650076,708822.06343,88190053.502,4.40322580645,0.16935483871,1372.79032258,1.65425971878e-05,Class 2
0.514709471872,291.629032258,116384.823255,1194.37524414,0.926541805477,1.0,4390.86907819,0.352791058999,0.374671870478,0.0132534257282,0.114019953588,0.58455796567,1.0,1.0,0.927671370968,18.685483871,0.666666666667,4414.7781943,537769.601894,66586410.4919,4.62903225806,0.282258064516,1031.37096774,1.73909355051e-05,Class 2
0.588417414987,170.709677419,92686.9784599,995.312744141,0.957000081255,1.0,3708.49365454,0.303204710762,0.315562270493,0.014094583505,0.0770426199872,0.703776875098,1.0,1.0,0.957661290323,15.4677419355,0.732974910394,3725.22879914,458518.282133,57082435.8996,2.70967741935,0.338709677419,889.112903226,1.01800598079e-05,Class 2
0.459738441181,405.435483871,136781.226256,1350.78149414,0.89787519298,1.0,4953.08567041,0.38805594695,0.41879949526,0.0125147404595,0.143222787768,0.495523463518,1.0,1.0,0.899445564516,21.3951612903,0.609318996416,4983.47174269,602244.529062,74257210.5028,6.43548387097,0.0564516129032,1145.17741935,2.41776420436e-05,Class 2
0.555369278401,177.822580645,111759.872627,1144.60961914,0.955208417974,1.0,4223.98533996,0.320690201958,0.332227673006,0.0140434977982,0.0794404666294,0.717990353453,1.0,1.0,0.955897177419,17.5564516129,0.698924731183,4244.20964592,523445.986408,65233108.5242,2.82258064516,0.620967741935,1017.14516129,1.06042289665e-05,Class 2
0.459353040172,533.467741935,108106.502394,1237.03149414,0.865625253921,1.0,4287.45272294,0.392645527745,0.432851931776,0.0117451428182,0.171408286917,0.383663336138,1.0,1.0,0.867691532258,19.25,0.627240143369,4315.12698463,509995.940887,62129366.9446,8.46774193548,0.395161290323,946.016129032,3.18126868995e-05,Class 2
0.542374841022,170.709677419,122645.375392,1194.37524414,0.957000081255,1.0,4499.62065374,0.325997506377,0.338355066109,0.014094583505,0.0770426199872,0.722265065169,1.0,1.0,0.957661290323,18.6290322581,0.682795698925,4521.47879914,558820.905495,69717431.986,2.70967741935,0.338709677419,1088.27419355,1.01800598079e-05,Class 2
0.499884379697,277.403225806,131778.08124,1279.68774414,0.930125132039,1.0,4772.40463708,0.358923513064,0.379873350686,0.0133493745213,0.110033162383,0.60641276927,1.0,1.0,0.931199596774,20.1532258065,0.645161290323,4798.69150076,587026.020777,72847558.2542,4.40322580645,0.16935483871,1130.9516129,1.65425971878e-05,Class 2
0.490249354453,227.612903226,154992.855286,1414.76586914,0.942666775006,1.0,5317.30741664,0.358400900717,0.375223870803,0.0136915182823,0.0953738033621,0.670423585357,1.0,1.0,0.943548387097,22.1290322581,0.620071684588,5346.13807334,659120.863503,82126579.3358,3.61290322581,0.338709677419,1280.32258065,1.35734130771e-05,Class 2
0.854671702573,113.806451613,14179.7097306,277.265869141,0.971333387503,1.0,879.806462523,0.140015087269,0.147017784052,0.014510495428,0.0565024193206,0.603092030942,1.0,1.0,0.971774193548,3.95161290323,0.9229390681,881.50702495,103879.529172,12634548.4735,1.8064516129,0.451612903226,192.048387097,6.78670653857e-06,Class 2
0.513900129752,298.741935484,115435.54911,1187.26586914,0.924750142195,1.0,4369.5383604,0.353762079413,0.376271777532,0.0132057524262,0.115982377725,0.575947775626,1.0,1.0,0.925907258065,18.6290322581,0.666666666667,4393.44654108,534634.811745,66163335.7721,4.74193548387,0.225806451613,1024.25806452,1.78151046637e-05,Class 2
0.491277090479,170.709677419,172645.632359,1500.07836914,0.957000081255,1.0,5714.44736466,0.350252291266,0.362609850998,0.014094583505,0.0770426199872,0.738733002568,1.0,1.0,0.957661290323,23.4838709677,0.605734767025,5744.29129914,712857.077086,89121175.9759,2.70967741935,0.338709677419,1394.12903226,1.01800598079e-05,Class 2
0.759246412559,92.4677419355,37424.6739881,518.984619141,0.976708377346,1.0,1878.68451817,0.199916653012,0.205382423291,0.014669774439,0.0480367843842,0.766262297686,1.0,1.0,0.977066532258,7.84677419355,0.863799283154,1883.93948463,231497.705725,28795018.0204,1.46774193548,0.395161290323,448.112903226,5.51419906259e-06,Class 2
0.635384951375,128.032258065,76229.3782922,867.343994141,0.967750060941,1.0,3214.76979906,0.27327560251,0.281553006614,0.0144053130691,0.0618895118475,0.756825526024,1.0,1.0,0.968245967742,13.3225806452,0.772401433692,3227.5937185,398517.818959,49693387.2932,2.03225806452,0.451612903226,775.306451613,7.63504485589e-06,Class 2
0.579296257756,227.612903226,87704.8453035,995.312744141,0.942666775006,1.0,3594.2933358,0.314268943979,0.330295600933,0.0136915182823,0.0953738033621,0.636699386636,1.0,1.0,0.943548387097,15.2419354839,0.729390681004,3611.45057334,440604.434036,54600337.8618,3.61290322581,0.564516129032,846.435483871,1.35734130771e-05,Class 2
0.621144384065,199.161290323,71797.615889,874.453369141,0.94983342813,1.0,3114.46015984,0.289581579479,0.302619402182,0.0138914450561,0.0864430954143,0.66054849286,1.0,1.0,0.95060483871,13.2096774194,0.76523297491,3128.02718624,381498.86366,47267639.5363,3.16129032258,0.677419354839,732.629032258,1.18767364425e-05,Class 2
0.589933325625,156.483870968,94445.545333,1009.53149414,0.960583407817,1.0,3751.19757042,0.300556771492,0.311266885851,0.0141973571076,0.0721438293078,0.728769367192,1.0,1.0,0.961189516129,15.5806451613,0.732974910394,3767.89210559,464787.862432,57928585.3391,2.48387096774,0.451612903226,903.338709677,9.33172149053e-06,Class 2
0.555189424596,177.822580645,111782.778384,1116.17211914,0.955208417974,1.0,4223.98533996,0.320690201958,0.334036775758,0.0140434977982,0.0794404666294,0.703095349088,1.0,1.0,0.955897177419,17.5564516129,0.698924731183,4244.20964592,523445.986408,65233108.5242,2.82258064516,0.16935483871,1017.14516129,1.06042289665e-05,Class 2
0.504990943076,369.870967742,107092.605212,1165.93774414,0.906833509385,1.0,4184.57648781,0.36300525076,0.390788210799,0.0127400595394,0.134569081751,0.506282057002,1.0,1.0,0.908266129032,18.1774193548,0.664874551971,4208.56750882,506869.1468,62383838.4346,5.87096774194,0.338709677419,960.241935484,2.20567962503e-05,Class 2
0.690940506931,362.758064516,28215.1049951,540.312744141,0.908625172666,1.0,1691.71191361,0.25462115077,0.281759570239,0.0127857255445,0.132789907964,0.329756742312,1.0,1.0,0.910030241935,8.18548387097,0.824372759857,1698.96166205,191184.884121,22645675.5939,5.75806451613,0.395161290323,334.306451613,2.16326270917e-05,Class 2
0.522391798667,433.887096774,84398.1777685,1037.96899414,0.890708539855,1.0,3597.66659506,0.356275920559,0.388870929741,0.01233809833,0.149870318765,0.42881479049,1.0,1.0,0.892389112903,16.0887096774,0.689964157706,3618.45762979,428504.723776,52258667.9134,6.88709677419,0.395161290323,796.64516129,2.58743186783e-05,Class 2
0.534172222865,476.564516129,71474.7042204,959.765869141,0.879958560169,1.0,3244.1345189,0.35042731812,0.386287372508,0.0120791570266,0.159415517193,0.375794795818,1.0,1.0,0.881804435484,14.8467741935,0.704301075269,3262.96771043,381038.090491,46110220.7129,7.56451612903,0.395161290323,697.064516129,2.84193336303e-05,Class 2
0.489273005229,156.483870968,180659.47014,1528.51586914,0.960583407817,1.0,5898.56236263,0.348912112142,0.360709825449,0.0141973571076,0.0721438293078,0.753401043718,1.0,1.0,0.961189516129,24.1612903226,0.596774193548,5929.14210559,737037.840128,92223574.7166,2.48387096774,0.112903225806,1443.91935484,9.33172149053e-06,Class 2
0.435875695328,526.35483871,130119.118609,1365.00024414,0.867416917202,1.0,4844.86587102,0.404978281169,0.444815639652,0.0117861920403,0.169952653604,0.404483076802,1.0,1.0,0.869455645161,21.4516129032,0.593189964158,4876.77113785,581193.225461,71126189.0087,8.35483870968,0.225806451613,1088.27419355,3.13885177409e-05,Class 2
0.48378746419,505.016129032,95885.3294287,1130.39086914,0.872791907045,1.0,3949.30775326,0.378870511432,0.417124267327,0.0119105440849,0.165512430352,0.387559206152,1.0,1.0,0.874747983871,17.7822580645,0.654121863799,3973.89109753,468801.553255,57052917.9202,8.01612903226,0.16935483871,867.774193548,3.01160102649e-05,Class 2
0.44705232461,597.483870968,104995.421502,1208.59399414,0.849500284391,1.0,4237.01589131,0.399944018905,0.445241829503,0.0113847326551,0.183984747356,0.337109624679,1.0,1.0,0.851814516129,19.3064516129,0.618279569892,4265.32960559,499694.012287,60577943.7677,9.48387096774,-0.112903225806,917.564516129,3.56302093275e-05,Class 2
0.768406109891,220.5,275315.809324,3561.79711914,0.944458438287,1.0,14030.3248899,0.20337037049,0.219981102293,0.0137411988812,0.0931818571349,0.444095298933,1.0,1.0,0.9453125,56.7338709677,0.872759856631,14069.3447266,1758420.03754,220632111.286,3.5,-0.16935483871,3463.98387097,1.31492439185e-05,Class 2
0.67469585437,128.032258065,60017.2549153,739.375244141,0.967750060941,1.0,2705.78951436,0.252501082623,0.260778486727,0.0144053130691,0.0618895118475,0.739641094392,1.0,1.0,0.968245967742,11.2903225806,0.804659498208,2715.7187185,334037.561083,41570889.8091,2.03225806452,0.451612903226,647.274193548,7.63504485589e-06,Class 2
0.514131370358,149.370967742,153241.151005,1372.10961914,0.962375071098,1.0,5241.84965242,0.336207300622,0.347068629858,0.0142490450034,0.0696399397797,0.758521546638,1.0,1.0,0.962953629032,21.5080645161,0.639784946237,5267.97375882,654198.95311,81816652.7908,2.37096774194,0.282258064516,1280.32258065,8.90755233187e-06,Class 2
0.425129430506,448.112903226,165247.095184,1578.28149414,0.887125213293,1.0,5671.96185475,0.407732138976,0.440968131409,0.0122509816435,0.153107266881,0.48241043154,1.0,1.0,0.888860887097,24.4435483871,0.555555555556,5708.60682334,690902.884625,85256257.991,7.11290322581,0.620967741935,1315.88709677,2.67226569956e-05,Class 2
0.598572731594,248.951612903,74485.5402604,888.672119141,0.937291785163,1.0,3219.54031217,0.305919246005,0.324522136243,0.0135436808637,0.101797702827,0.586423862036,1.0,1.0,0.938256048387,13.8306451613,0.749103942652,3234.64311366,391795.461553,48367365.24,3.95161290323,0.282258064516,746.85483871,1.48459205531e-05,Class 2
0.79880140286,163.596774194,275007.482222,3618.67211914,0.958791744536,1.0,14262.44008,0.181328388722,0.193719510118,0.0141458699414,0.0746108770563,0.514436043745,1.0,1.0,0.959425403226,57.4112903226,0.890681003584,14296.8729524,1790662.83183,224919208.764,2.59677419355,0.0564516129032,3535.11290323,9.75589064919e-06,Class 2
0.514259837361,284.516129032,118415.191003,1229.92211914,0.928333468758,1.0,4440.44067126,0.352519918779,0.372676370583,0.0133012997599,0.112037039079,0.602234470722,1.0,1.0,0.929435483871,18.8548387097,0.664874551971,4464.54734753,544486.628592,67460735.0719,4.51612903226,0.677419354839,1045.59677419,1.69667663464e-05,Class 2
0.657808866793,469.451612903,273206.186746,3419.60961914,0.88175022345,1.0,13156.5019978,0.273203432303,0.308809130714,0.0121218120863,0.157858696595,0.228124051101,1.0,1.0,0.883568548387,54.3064516129,0.802867383513,13208.9868637,1634373.43611,204019496.653,7.45161290323,0.0,3186.58064516,2.79951644716e-05,Class 2
0.566712914788,462.338709677,284690.753977,3149.45336914,0.883541886731,1.0,12033.0717057,0.331448426203,0.366460742499,0.0121646678757,0.156288501114,0.355439776063,1.0,1.0,0.88533266129,49.8467741935,0.732974910394,12092.8185169,1494218.76432,186392576.963,7.33870967742,0.16935483871,2909.17741935,2.75709953129e-05,Class 2
0.428379645688,448.112903226,160648.168481,1542.73461914,0.887125213293,1.0,5559.05000199,0.4060711413,0.439556343729,0.0122509816435,0.153107266881,0.479310816815,1.0,1.0,0.888860887097,23.9919354839,0.562724014337,5594.85682334,676573.93843,83451258.5501,7.11290322581,0.508064516129,1287.43548387,2.67226569956e-05,Class 2
0.428199791883,355.64516129,198063.984361,1713.35961914,0.910416835947,1.0,6429.50720463,0.400370790582,0.427313664002,0.0128315922793,0.130993937187,0.560533070247,1.0,1.0,0.911794354839,27.0967741935,0.525089605735,6469.35581527,792553.177893,98427476.972,5.64516129032,0.112903225806,1529.27419355,2.1208457933e-05,Class 3
0.447970863684,334.306451613,172447.782016,1549.84399414,0.91579182579,1.0,5787.56979618,0.389155732779,0.414436736593,0.0129703968617,0.125502157196,0.572121934035,1.0,1.0,0.917086693548,24.4435483871,0.569892473118,5822.41327495,712401.634625,88415454.6256,5.3064516129,0.16935483871,1372.79032258,1.9935950457e-05,Class 3
0.510225973459,362.758064516,104813.586459,1130.39086914,0.908625172666,1.0,4121.19209404,0.359873757266,0.387379620558,0.0127857255445,0.132789907964,0.505946676556,1.0,1.0,0.910030241935,17.8951612903,0.670250896057,4144.58666205,499257.227304,61453163.5737,5.75806451613,0.0564516129032,946.016129032,2.16326270917e-05,Class 3
0.46284734266,270.290322581,174714.814524,1528.51586914,0.93191679532,1.0,5810.42505218,0.376149342371,0.396649592972,0.0133976500123,0.108007827322,0.629886707443,1.0,1.0,0.932963709677,24.2741935484,0.58064516129,5843.77315398,719121.326677,89515627.9422,4.29032258065,0.0,1394.12903226,1.61184280291e-05,Class 3
0.407657918064,419.661290323,216111.38699,1862.65649414,0.894291866417,1.0,6943.36745197,0.414708104239,0.446478052806,0.0124260179354,0.146576061029,0.512343023019,1.0,1.0,0.89591733871,29.4112903226,0.480286738351,6988.30843624,853895.980265,105901051.0,6.66129032258,0.16935483871,1643.08064516,2.5025980361e-05,Class 3
0.481988926144,277.403225806,149067.725879,1357.89086914,0.930125132039,1.0,5195.98829751,0.367683165469,0.388472751549,0.0133493745213,0.110033162383,0.616724592594,1.0,1.0,0.931199596774,21.8467741935,0.618279569892,5225.25400076,640759.569006,79616306.1576,4.40322580645,-0.282258064516,1237.64516129,1.65425971878e-05,Class 3
0.442048534834,405.435483871,156386.910578,1471.64086914,0.89787519298,1.0,5432.96272979,0.396935199122,0.427678747431,0.0125147404595,0.143222787768,0.506013148561,1.0,1.0,0.899445564516,23.314516129,0.578853046595,5466.90924269,663142.550388,81928458.1267,6.43548387097,0.0564516129032,1266.09677419,2.41776420436e-05,Class 3
0.468448504002,362.758064516,139321.848787,1365.00024414,0.908625172666,1.0,4996.34669088,0.381174784537,0.408497210836,0.0127857255445,0.132789907964,0.534470558165,1.0,1.0,0.910030241935,21.3951612903,0.614695340502,5026.14916205,610306.560312,75441909.2408,5.75806451613,0.282258064516,1166.51612903,2.16326270917e-05,Class 3
0.630599555504,277.403225806,290552.366931,3213.43774414,0.930125132039,1.0,12566.0644635,0.290141957059,0.311091794681,0.0133493745213,0.110033162383,0.518807722764,1.0,1.0,0.931199596774,51.2016129032,0.777777777778,12619.0040008,1572141.07165,196941269.817,4.40322580645,-0.16935483871,3087.0,1.65425971878e-05,Class 3
0.44504181601,483.677419355,284290.764651,2637.57836914,0.878166896888,1.0,9948.64210594,0.398960310698,0.435553351433,0.0120367026966,0.160959135715,0.434960666908,1.0,1.0,0.880040322581,41.6612903226,0.600358422939,10009.7610572,1230475.59892,153084612.728,7.67741935484,0.225806451613,2382.82258065,2.88435027889e-05,Class 3
0.418352796084,369.870967742,216759.438534,1820.00024414,0.906833509385,1.0,6923.48270933,0.406187889661,0.434121006489,0.0127400595394,0.134569081751,0.552336244037,1.0,1.0,0.908266129032,29.1290322581,0.491039426523,6967.00500882,854346.092018,106155074.877,5.87096774194,-0.225806451613,1650.19354839,2.20567962503e-05,Class 3
0.409726236816,398.322580645,236828.583588,1997.73461914,0.899666856261,1.0,7516.15806712,0.412339453494,0.442522546579,0.0125594028161,0.14152345428,0.529954496225,1.0,1.0,0.901209677419,31.6129032258,0.451612903226,7564.17839592,927780.608588,115292772.643,6.32258064516,0.112903225806,1792.4516129,2.3753472885e-05,Class 3
0.464067779191,419.661290323,129108.974682,1322.34399414,0.894291866417,1.0,4769.32224553,0.386587518837,0.418251762114,0.0124260179354,0.146576061029,0.48177294995,1.0,1.0,0.89591733871,20.7177419355,0.618279569892,4798.62093624,578063.76602,71154811.7621,6.66129032258,0.282258064516,1095.38709677,2.5025980361e-05,Class 3
0.464761501008,519.241935484,285509.58741,2751.32836914,0.869208580483,1.0,10494.3055722,0.389460724547,0.428709409019,0.0118274419921,0.168484894259,0.390679206751,1.0,1.0,0.871219758065,43.9758064516,0.632616487455,10557.1652911,1297193.08879,161347985.914,8.24193548387,-0.282258064516,2510.85483871,3.09643485822e-05,Class 3
0.481218124125,327.193548387,136261.644004,1343.67211914,0.917583489071,1.0,4905.38446762,0.372347266794,0.396619166807,0.0130170665152,0.123635847187,0.566633741813,1.0,1.0,0.918850806452,20.8870967742,0.627240143369,4933.74492818,600904.855218,74398533.818,5.1935483871,0.451612903226,1152.29032258,1.95117812984e-05,Class 3
0.395723333462,704.177419355,128943.504158,1428.98461914,0.822625335175,1.0,4905.2663885,0.428184802258,0.481495037156,0.0108201803948,0.203014294051,0.297859309364,1.0,1.0,0.825352822581,22.4112903226,0.555555555556,4940.66730721,578050.439249,70025568.0791,11.1774193548,0.282258064516,1059.82258065,4.19927467074e-05,Class 3
0.47191711309,362.758064516,135891.781599,1329.45336914,0.908625172666,1.0,4911.65472388,0.379420264879,0.406926128172,0.0127857255445,0.132789907964,0.529888093841,1.0,1.0,0.910030241935,21.0564516129,0.620071684588,4940.83666205,599559.850666,74088159.6601,5.75806451613,0.0564516129032,1145.17741935,2.16326270917e-05,Class 3
0.414864916946,476.564516129,170407.640061,1571.17211914,0.879958560169,1.0,5812.48158899,0.414088697965,0.450181584923,0.0120791570266,0.159415517193,0.459333964737,1.0,1.0,0.881804435484,25.1209677419,0.541218637993,5850.78021043,707021.616417,87173957.9938,7.56451612903,-0.16935483871,1344.33870968,2.84193336303e-05,Class 3
0.43517555016,291.629032258,220317.917289,1820.00024414,0.926541805477,1.0,6961.02301559,0.391405082952,0.413514281918,0.0132534257282,0.114019953588,0.619980381558,1.0,1.0,0.927671370968,28.9596774194,0.503584229391,7002.5906943,863753.12782,107650147.773,4.62903225806,-0.0564516129032,1678.64516129,1.73909355051e-05,Class 3
0.422238922933,533.467741935,142759.484009,1428.98461914,0.865625253921,1.0,5162.18532991,0.412273600856,0.452729432921,0.0117451428182,0.171408286917,0.406489814953,1.0,1.0,0.867691532258,22.75,0.571684587814,5196.68948463,621045.273895,76118112.6117,8.46774193548,-0.0564516129032,1166.51612903,3.18126868995e-05,Class 3
0.457670122429,248.951612903,283590.289346,2317.65649414,0.937291785163,1.0,9069.99943969,0.376307652425,0.39464095684,0.0135436808637,0.101797702827,0.65919477349,1.0,1.0,0.938256048387,37.2016129032,0.559139784946,9121.20561366,1133318.42712,141776086.307,3.95161290323,-0.395161290323,2219.22580645,1.48459205531e-05,Class 3
0.462539021852,512.129032258,109879.854618,1215.70336914,0.871000243764,1.0,4323.09298615,0.390494778921,0.429337359006,0.0118688926736,0.167004868105,0.39575720936,1.0,1.0,0.872983870968,19.3064516129,0.629032258065,4350.6844443,515818.074787,62947341.2436,8.12903225806,0.0,960.241935484,3.05401794236e-05,Class 3
0.457785742732,519.241935484,112195.216684,1229.92211914,0.869208580483,1.0,4386.45930163,0.393188207212,0.432564936551,0.0118274419921,0.168484894259,0.393564308963,1.0,1.0,0.871219758065,19.5887096774,0.623655913978,4414.66529108,523429.994283,63878016.1046,8.24193548387,-0.0564516129032,974.467741935,3.09643485822e-05,Class 3
0.592907336751,362.758064516,288859.810206,3170.78149414,0.908625172666,1.0,12220.8695936,0.314899020169,0.34234380072,0.0127857255445,0.132789907964,0.442472020705,1.0,1.0,0.910030241935,50.185483871,0.750896057348,12277.711662,1523776.88021,190510623.599,5.75806451613,0.16935483871,2980.30645161,2.16326270917e-05,Class 3
0.390835163988,497.903225806,220609.262984,1905.31274414,0.874583570326,1.0,7132.14627351,0.427015377625,0.464689999479,0.0119523962258,0.164007432023,0.455268142097,1.0,1.0,0.876512096774,30.4838709677,0.453405017921,7180.22275076,873146.836852,108015976.986,7.90322580645,-0.225806451613,1671.53225806,2.96918411062e-05,Class 3
0.422714250845,505.016129032,150236.862347,1464.53149414,0.872791907045,1.0,5332.06504629,0.411181159971,0.449478778571,0.0119105440849,0.165512430352,0.429786501735,1.0,1.0,0.874747983871,23.314516129,0.566308243728,5367.32859753,644331.144138,79164161.0715,8.01612903226,-0.0564516129032,1216.30645161,3.01160102649e-05,Class 3
0.937186058761,28.4516129032,264702.633362,3860.39086914,0.992833346876,1.0,15375.3619798,0.069310430534,0.0710611047296,0.0151584508756,0.0184753286421,0.779631804365,1.0,1.0,0.992943548387,61.1935483871,0.967741935484,15384.6743637,1936197.52183,243787625.086,0.451612903226,0.112903225806,3840.96774194,1.69667663464e-06,Class 3
0.411743168767,483.677419355,172814.659545,1613.82836914,0.878166896888,1.0,5875.84114489,0.415964549265,0.45255759,0.0120367026966,0.160959135715,0.455499517871,1.0,1.0,0.880040322581,25.4032258065,0.535842293907,5914.76105721,714633.535913,88104632.8547,7.67741935484,0.225806451613,1358.56451613,2.88435027889e-05,Class 3
0.395100268496,668.612903226,138437.098741,1450.31274414,0.83158365158,1.0,5124.47622645,0.428547112055,0.479241697336,0.0110033462392,0.196923874178,0.322264275933,1.0,1.0,0.834173387097,23.1451612903,0.548387096774,5161.07557334,608053.336191,73945941.1189,10.6129032258,-0.112903225806,1123.83870968,3.98719009141e-05,Class 3
0.386242468622,661.5,151890.100911,1521.40649414,0.833375314861,1.0,5456.09677384,0.433295981082,0.483362985614,0.0110405815972,0.19567624677,0.33437793023,1.0,1.0,0.8359375,24.4435483871,0.528673835125,5495.21972656,650592.728375,79332764.3012,10.5,-0.282258064516,1209.19354839,3.94477317554e-05,Class 3
0.462641795455,391.209677419,137622.801495,1365.00024414,0.901458519542,1.0,4967.50053802,0.385826629915,0.415320913184,0.0126042659024,0.139808671329,0.50983366863,1.0,1.0,0.902973790323,21.3951612903,0.611111111111,4997.69754914,604931.872812,74652110.0821,6.20967741935,0.282258064516,1152.29032258,2.33293037263e-05,Class 3
0.388644801583,647.274193548,152783.572273,1556.95336914,0.836958641424,1.0,5470.45712791,0.431907589526,0.480893330955,0.0111156545022,0.193150776132,0.342919463322,1.0,1.0,0.839465725806,24.4435483871,0.530465949821,5509.44553301,653280.072125,79727663.8805,10.2741935484,0.282258064516,1216.30645161,3.85993934381e-05,Class 3
0.441367659717,391.209677419,161890.452853,1521.40649414,0.901458519542,1.0,5560.32262079,0.396461277064,0.425785050563,0.0126042659024,0.139808671329,0.522875358984,1.0,1.0,0.902973790323,23.7661290323,0.573476702509,5594.88504914,680158.840333,84128357.147,6.20967741935,0.395161290323,1301.66129032,2.33293037263e-05,Class 3
0.620617669352,177.822580645,299366.99765,3113.90649414,0.955208417974,1.0,12241.3666126,0.287456683441,0.300928120151,0.0140434977982,0.0794404666294,0.667461890897,1.0,1.0,0.955897177419,49.5080645161,0.763440860215,12292.0221459,1537218.92967,192936818.969,2.82258064516,-0.0564516129032,3030.09677419,1.06042289665e-05,Class 3
0.513572538893,184.935483871,143525.970358,1322.34399414,0.953416754692,1.0,5021.8747922,0.34181028888,0.355596343763,0.0139926128211,0.0818057125071,0.711326884317,1.0,1.0,0.954133064516,20.7741935484,0.646953405018,5047.56549269,624196.056169,77896279.751,2.93548387097,0.225806451613,1216.30645161,1.10283981252e-05,Class 3
0.521107128634,85.3548387097,166000.676057,1400.54711914,0.978500040627,1.0,5519.49374085,0.320664368076,0.327007806518,0.0147232689021,0.0450977153007,0.843668004271,1.0,1.0,0.978830645161,22.3548387097,0.634408602151,5545.27113785,693158.7741,86978074.8495,1.35483870968,-0.112903225806,1365.67741935,5.09002990393e-06,Class 3
0.439569121671,391.209677419,164231.326369,1521.40649414,0.901458519542,1.0,5616.78623236,0.397317815726,0.426925519913,0.0126042659024,0.139808671329,0.521559952902,1.0,1.0,0.902973790323,23.9919354839,0.569892473118,5651.76004914,687323.31343,85030856.8674,6.20967741935,0.16935483871,1315.88709677,2.33293037263e-05,Class 3
0.369104970388,647.274193548,189535.510791,1770.23461914,0.836958641424,1.0,6401.77509569,0.442179570427,0.491267999323,0.0111156545022,0.193150776132,0.354844271837,1.0,1.0,0.839465725806,28.1693548387,0.471326164875,6447.88303301,771493.87823,94618909.2681,10.2741935484,-0.0564516129032,1451.03225806,3.85993934381e-05,Class 3
0.507964954202,312.967741935,116834.478397,1201.48461914,0.921166815633,1.0,4411.59104406,0.357847447679,0.381442874294,0.0131110080113,0.119847530606,0.563503077722,1.0,1.0,0.922379032258,18.8548387097,0.661290322581,4436.09573463,539111.941092,66670935.9132,4.96774193548,0.225806451613,1031.37096774,1.86634429811e-05,Class 3
0.47471769376,263.177419355,161643.791574,1457.42211914,0.933708458601,1.0,5492.88111552,0.369752064981,0.389618072532,0.0134461262331,0.105960511429,0.633985051602,1.0,1.0,0.934727822581,22.9758064516,0.602150537634,5523.85480721,679269.278243,84523704.3392,4.17741935484,0.16935483871,1315.88709677,1.56942588704e-05,Class 3
0.502954741075,234.725806452,140012.982333,1315.23461914,0.940875111725,1.0,4957.00849258,0.353095248694,0.370791818655,0.013642038413,0.0975399439123,0.653935970918,1.0,1.0,0.941784274194,20.7177419355,0.641577060932,4983.55642011,612999.23477,76288506.2933,3.72580645161,0.16935483871,1187.85483871,1.39975822358e-05,Class 3
0.392036330469,490.790322581,236638.763168,2054.60961914,0.876375233607,1.0,7605.64437392,0.426116490081,0.463199508296,0.0119944490964,0.162489719776,0.46055284478,1.0,1.0,0.878276209677,32.3467741935,0.451612903226,7656.55440398,933597.41178,115659049.469,7.79032258065,0.282258064516,1792.4516129,2.92676719476e-05,Class 3
0.502029778651,590.370967742,281449.022007,3007.26586914,0.851291947672,1.0,11303.6503691,0.368702692456,0.413362269925,0.01142397531,0.182632503169,0.297878356968,1.0,1.0,0.853578629032,47.4758064516,0.679211469534,11367.5987588,1394805.70305,173362233.685,9.37096774194,0.282258064516,2695.79032258,3.52060401688e-05,Class 3
0.867422052646,99.5806451613,269626.527457,3739.53149414,0.974916714065,1.0,14835.1391866,0.129848981304,0.137401705209,0.0146164807057,0.0509144965446,0.559334949791,1.0,1.0,0.975302419355,59.3870967742,0.930107526882,14858.5453314,1865445.0183,234593129.425,1.58064516129,0.0,3691.59677419,5.93836822125e-06,Class 3
0.41342608651,476.564516129,172702.699203,1592.50024414,0.879958560169,1.0,5868.93878147,0.414804877538,0.450944247763,0.0120791570266,0.159415517193,0.459552180587,1.0,1.0,0.881804435484,25.3467741935,0.537634408602,5907.65521043,714186.089514,88076457.7142,7.56451612903,-0.0564516129032,1358.56451613,2.84193336303e-05,Class 3
0.408762734292,533.467741935,159938.614257,1549.84399414,0.865625253921,1.0,5585.49099498,0.419243774714,0.459658084844,0.0117451428182,0.171408286917,0.415917638242,1.0,1.0,0.867691532258,24.4435483871,0.544802867384,5623.25198463,674778.822125,82886860.5151,8.46774193548,0.16935483871,1273.20967742,3.18126868995e-05,Class 3
0.380814737735,625.935483871,172758.94329,1677.81274414,0.842333631267,1.0,5957.62409994,0.435787904975,0.483102847091,0.0112297693325,0.189285689298,0.363733463184,1.0,1.0,0.844758064516,26.3064516129,0.503584229391,6000.00299269,716417.990802,87765635.9433,9.93548387097,0.338709677419,1344.33870968,3.73268859621e-05,Class 3
0.448285607842,426.774193548,142950.867993,1393.43774414,0.892500203136,1.0,5114.93927423,0.394940898888,0.427309715627,0.0123819577679,0.148230457509,0.482124350315,1.0,1.0,0.894153225806,22.1290322581,0.594982078853,5146.97678301,621498.051003,76597985.2253,6.77419354839,0.0,1180.74193548,2.54501495196e-05,Class 3
0.405949306921,476.564516129,186320.141957,1677.81274414,0.879958560169,1.0,6207.71380359,0.41854505207,0.454684422295,0.0120791570266,0.159415517193,0.463939994064,1.0,1.0,0.881804435484,26.7016129032,0.516129032258,6248.90521043,757172.928098,93491456.037,7.56451612903,-0.0564516129032,1443.91935484,2.84193336303e-05,Class 3
0.398755154739,547.693548387,170455.486874,1613.82836914,0.862041927358,1.0,5853.3261529,0.4247817361,0.466316663506,0.011663646563,0.174283719414,0.410280073126,1.0,1.0,0.864163306452,25.5725806452,0.525089605735,5893.40117818,707913.843861,87004459.5381,8.6935483871,0.0564516129032,1337.22580645,3.26610252169e-05,Class 3
0.617071980062,362.758064516,51210.0097004,739.375244141,0.908625172666,1.0,2539.69548333,0.300868427041,0.328313207592,0.0127857255445,0.132789907964,0.418415817265,1.0,1.0,0.910030241935,11.5725806452,0.770609318996,2552.08666205,298651.98058,36183171.4008,5.75806451613,0.16935483871,547.693548387,2.16326270917e-05,Class 4
0.816054521396,78.2419354839,278771.019131,3611.56274414,0.980291703908,1.0,14323.5930823,0.163116011369,0.169014868022,0.0147769640949,0.0420922866775,0.723460788828,1.0,1.0,0.980594758065,57.2983870968,0.899641577061,14353.7902911,1803204.65778,226837356.38,1.24193548387,0.0564516129032,3570.67741935,4.66586074527e-06,Class 4
0.39998843797,817.983870968,101349.770484,1286.79711914,0.793958722678,1.0,4254.89975949,0.423866696456,0.485876469648,0.0102677722808,0.220940467114,0.21954655744,1.0,1.0,0.797127016129,20.2661290323,0.575268817204,4286.54835559,488489.194825,58292624.1002,12.9838709677,0.16935483871,867.774193548,4.8779453246e-05,Class 4
0.54112228774,455.225806452,71150.4124268,945.547119141,0.885333550012,1.0,3223.27642677,0.34623461582,0.380542133461,0.0122077243947,0.154704752516,0.390223607396,1.0,1.0,0.887096774194,14.6774193548,0.709677419355,3241.65017011,379695.751293,46025695.2915,7.22580645161,0.338709677419,697.064516129,2.71468261543e-05,Class 4
0.332999319125,910.451612903,162138.117345,1706.25024414,0.770667100024,1.0,5868.25415749,0.460324396659,0.529377872366,0.00985677823524,0.23388453583,0.216219849644,1.0,1.0,0.774193548387,27.0967741935,0.455197132616,5914.54936366,687746.771643,83026393.3785,14.4516129032,0.0,1251.87096774,5.42936523085e-05,Class 4
0.53638185532,291.629032258,101278.005233,1094.84399414,0.926541805477,1.0,3995.52285821,0.341778683777,0.363659495256,0.0132534257282,0.114019953588,0.572213087443,1.0,1.0,0.927671370968,17.1048387097,0.691756272401,4016.6531943,487618.290213,60268912.4487,4.62903225806,0.282258064516,931.790322581,1.73909355051e-05,Class 4
0.795564034378,177.822580645,274451.864346,3597.34399414,0.955208417974,1.0,14247.593917,0.18403406355,0.197129280989,0.0140434977982,0.0794404666294,0.501520924937,1.0,1.0,0.955897177419,57.4112903226,0.888888888889,14282.6471459,1787975.48808,224524309.185,2.82258064516,-0.282258064516,3528.0,1.06042289665e-05,Class 4
0.899815007515,113.806451613,264066.758203,3846.17211914,0.971333387503,1.0,15139.4403455,0.104241306807,0.111244003589,0.014510495428,0.0565024193206,0.462955801495,1.0,1.0,0.971774193548,60.6290322581,0.948028673835,15157.1320249,1902162.27659,239161978.309,1.8064516129,0.451612903226,3762.72580645,6.78670653857e-06,Class 4
0.530401716319,355.64516129,93131.9690539,1066.40649414,0.910416835947,1.0,3803.69784366,0.348951225528,0.375644373129,0.0128315922793,0.130993937187,0.50461815995,1.0,1.0,0.911794354839,16.5967741935,0.691756272401,3824.66831527,459405.178869,56461239.9707,5.64516129032,0.338709677419,867.774193548,2.1208457933e-05,Class 4
0.556576868231,561.919354839,50163.4869471,782.031494141,0.858458600796,1.0,2621.91669773,0.336245885975,0.378741596055,0.0115829532266,0.177112243494,0.268031111595,1.0,1.0,0.860635080645,12.7016129032,0.727598566308,2637.30037172,296851.533566,35167075.8926,8.91935483871,-0.282258064516,519.241935484,3.35093635342e-05,Class 4
0.277527267121,1337.22580645,162276.976304,1905.31274414,0.663167303161,1.0,6202.12491663,0.47650248199,0.577916494434,0.00839948066712,0.277501020503,0.0776363227159,1.0,1.0,0.668346774194,30.1451612903,0.353046594982,6255.58767011,703846.845956,83363152.225,21.2258064516,0.112903225806,1230.53225806,7.97438018282e-05,Class 4
0.31462853766,995.806451613,214080.59376,2118.59399414,0.749167140652,1.0,7448.16169401,0.468656544028,0.544172664055,0.00950750857015,0.244645649158,0.185618286009,1.0,1.0,0.753024193548,33.7580645161,0.410394265233,7507.00702495,882974.665513,107280737.656,15.8064516129,-0.112903225806,1628.85483871,5.93836822125e-05,Class 4
0.463136393417,398.322580645,289514.748844,2673.12524414,0.899666856261,1.0,10064.4121419,0.386070301073,0.415272715687,0.0125594028161,0.14152345428,0.508720519652,1.0,1.0,0.901209677419,41.7741935484,0.612903225806,10123.5533959,1250181.89797,155905260.064,6.32258064516,0.677419354839,2432.61290323,2.3753472885e-05,Class 4
0.370723654629,732.629032258,153058.30458,1578.28149414,0.815458682051,1.0,5525.40982124,0.441742915996,0.497305606488,0.0106772608537,0.207714092085,0.295543555148,1.0,1.0,0.818296370968,25.0080645161,0.510752688172,5566.2781943,655067.192368,79614515.7057,11.6290322581,0.0564516129032,1209.19354839,4.3689423342e-05,Class 4
0.394323043126,988.693548387,259105.183871,2808.20336914,0.750958803933,1.0,10075.9875869,0.420244402978,0.495094920363,0.00953551036227,0.243790591665,0.130450974525,1.0,1.0,0.754788306452,44.2016129032,0.5770609319,10144.5886782,1215675.21814,149218799.517,15.6935483871,0.395161290323,2290.35483871,5.89595130538e-05,Class 4
0.613571254223,455.225806452,279843.943457,3284.53149414,0.885333550012,1.0,12626.304576,0.302938011538,0.337464749392,0.0122077243947,0.154704752516,0.307508572126,1.0,1.0,0.887096774194,52.1612903226,0.770609318996,12682.9001701,1568998.28544,195840648.888,7.22580645161,0.0,3058.5483871,2.71468261543e-05,Class 4
0.478237689649,120.919354839,282118.996603,2260.78149414,0.969541724222,1.0,8749.56243042,0.347644386455,0.35486325405,0.0144578038837,0.0592195894643,0.810128371496,1.0,1.0,0.970010080645,35.3951612903,0.546594982079,8794.23787172,1100188.73609,138110184.758,1.91935483871,0.508064516129,2169.43548387,7.21087569723e-06,Class 4
0.669043306227,85.3548387097,68172.9528382,782.031494141,0.978500040627,1.0,2947.01687223,0.248593269563,0.25384529215,0.0147232689021,0.0450977153007,0.816816177761,1.0,1.0,0.978830645161,12.0806451613,0.797491039427,2957.45863785,367175.248174,45914337.5686,1.35483870968,0.338709677419,718.403225806,5.09002990393e-06,Class 4
0.388728305135,725.516129032,131562.83644,1450.31274414,0.817250345332,1.0,4982.49457542,0.431913432698,0.486879361926,0.0107126896444,0.206553220847,0.288107708569,1.0,1.0,0.820060483871,22.8064516129,0.546594982079,5018.85984753,586557.251545,71012593.2209,11.5161290323,0.225806451613,1074.0483871,4.32652541834e-05,Class 4
0.294093087191,1301.66129032,127752.119686,1649.37524414,0.672125619566,1.0,5236.21638407,0.467624482003,0.566347246526,0.0084933217984,0.274787828295,0.0782888513959,1.0,1.0,0.67716733871,26.1370967742,0.421146953405,5281.62093624,583395.807854,68331031.1352,20.6612903226,0.0564516129032,995.806451613,7.76229560349e-05,Class 4
0.320775683766,1401.24193548,79346.9795442,1365.00024414,0.647042333631,1.0,4009.1858104,0.442299278563,0.548574918116,0.00824321260145,0.281992717859,0.035971713823,1.0,1.0,0.652469758065,21.6209677419,0.480286738351,4044.54029108,421294.939659,47516739.6707,22.2419354839,0.0564516129032,661.5,8.35613242561e-05,Class 4
0.275722305726,1436.80645161,135347.94738,1784.45336914,0.638084017226,1.0,5538.33304083,0.471826769785,0.580678457961,0.00816342254865,0.284273668639,0.0523372185825,1.0,1.0,0.643649193548,27.8870967742,0.376344086022,5587.25702495,613390.708733,71573857.9652,22.8064516129,0.451612903226,1038.48387097,8.56821700494e-05,Class 4
0.425129430506,405.435483871,181657.981739,1564.06274414,0.89787519298,1.0,6054.07503354,0.405524197002,0.434271155908,0.0125147404595,0.143222787768,0.525552272898,1.0,1.0,0.899445564516,25.7983870968,0.539426523297,6092.53424269,741951.754459,91855955.0518,6.43548387097,-0.959677419355,1422.58064516,2.41776420436e-05,Class 4
0.308943872766,1024.25806452,186865.755646,1926.64086914,0.742000487527,1.0,6628.69487345,0.471096152434,0.548781312605,0.00939750869862,0.247992012404,0.17590595066,1.0,1.0,0.745967741935,30.5967741935,0.385304659498,6682.30541205,777297.354651,93855942.411,16.2580645161,0.0,1415.46774194,6.10803588471e-05,Class 4
0.622249200293,305.85483871,289495.590704,3206.32836914,0.922958478914,1.0,12508.0563793,0.296207125356,0.319323260568,0.0131582798539,0.117924760683,0.487432958444,1.0,1.0,0.924143145161,51.0887096774,0.772401433692,12562.1148879,1563184.1476,195700220.798,4.85483870968,-0.16935483871,3065.66129032,1.82392738224e-05,Class 4
0.487011985971,689.951612903,65146.3408077,1009.53149414,0.826208661737,1.0,3170.68524581,0.375525368046,0.427368471278,0.0108928445435,0.200607344406,0.235102112699,1.0,1.0,0.828881048387,15.4112903226,0.668458781362,3191.76811366,358639.116984,42442976.3242,10.9516129032,0.620967741935,625.935483871,4.11444083901e-05,Class 4
0.338060919053,1408.35483871,64404.0902097,1222.81274414,0.64525067035,1.0,3593.47993862,0.42890420749,0.535524677286,0.0082268531315,0.282461066414,0.0259457924007,1.0,1.0,0.650705645161,19.9838709677,0.505376344086,3625.08363785,368008.837829,40776166.9077,22.3548387097,-0.564516129032,554.806451613,8.39854934148e-05,Class 4
0.318790868565,1038.48387097,149495.005914,1649.37524414,0.738417160965,1.0,5626.76887538,0.464849729602,0.543443177354,0.00934371314101,0.249621349564,0.163371288636,1.0,1.0,0.742439516129,26.6451612903,0.44623655914,5672.76710559,649231.731698,77667297.7236,16.4838709677,-0.451612903226,1159.40322581,6.19286971644e-05,Class 4
0.312592335659,1002.91935484,181789.023625,1855.54711914,0.747375477371,1.0,6466.6498798,0.469671089707,0.54560251595,0.00947970750773,0.245493285302,0.183974274533,1.0,1.0,0.751260080645,29.8629032258,0.399641577061,6518.80037172,758043.83271,91515167.6885,15.9193548387,-0.395161290323,1379.90322581,5.98078513711e-05,Class 4
0.670270166108,156.483870968,57848.0165612,718.047119141,0.960583407817,1.0,2648.73845918,0.258425732274,0.270009697889,0.0141973571076,0.0721438293078,0.677844867286,1.0,1.0,0.961189516129,11.1774193548,0.802867383513,2658.82960559,325080.637035,40329840.7902,2.48387096774,0.225806451613,625.935483871,9.33172149053e-06,Class 4
0.544976297838,490.790322581,284824.183568,3092.57836914,0.876375233607,1.0,11775.7141806,0.344213771537,0.381387135726,0.0119944490964,0.162489719776,0.347775531785,1.0,1.0,0.878276209677,48.9435483871,0.715053763441,11836.866904,1460186.18443,181992778.923,7.79032258065,0.16935483871,2838.0483871,2.92676719476e-05,Class 4
0.364884829332,640.161290323,223603.251086,1990.62524414,0.838750304705,1.0,7355.05862608,0.44429630662,0.492693755113,0.0111534920493,0.191872756127,0.363008230288,1.0,1.0,0.84122983871,31.9516129032,0.426523297491,7407.65218624,892842.474484,109933229.375,10.1612903226,-0.338709677419,1692.87096774,3.81752242794e-05,Class 4
0.386306702124,519.241935484,227429.114665,1969.29711914,0.869208580483,1.0,7350.61776279,0.430132027181,0.469466096294,0.0118274419921,0.168484894259,0.44043737627,1.0,1.0,0.871219758065,31.4435483871,0.435483870968,7400.60279108,899564.83189,111259251.429,8.24193548387,-0.16935483871,1721.32258065,3.09643485822e-05,Class 4
0.355076373633,732.629032258,238777.588056,2196.79711914,0.815458682051,1.0,7982.17431186,0.450191986549,0.505754677042,0.0106772608537,0.207714092085,0.306315041022,1.0,1.0,0.818296370968,34.8306451613,0.460573476703,8040.3406943,966721.7721,118873253.546,11.6290322581,0.0564516129032,1828.01612903,4.3689423342e-05,Class 4
0.426555414242,426.774193548,170637.429306,1528.51586914,0.892500203136,1.0,5792.41659931,0.405906815629,0.43762400784,0.0123819577679,0.148230457509,0.499898204476,1.0,1.0,0.894153225806,24.8387096774,0.551971326165,5829.47678301,707471.72817,87427981.8708,6.77419354839,-0.564516129032,1351.4516129,2.54501495196e-05,Class 4
0.492625994013,405.435483871,108867.696399,1137.50024414,0.89787519298,1.0,4247.41484395,0.371216539729,0.401411588038,0.0125147404595,0.143222787768,0.480962507023,1.0,1.0,0.899445564516,18.5725806452,0.654121863799,4272.53424269,512688.615346,62975963.9971,6.43548387097,-0.508064516129,967.35483871,2.41776420436e-05,Class 4
0.680528256317,355.64516129,278084.156486,3412.50024414,0.910416835947,1.0,13272.8304047,0.261564947431,0.288507820851,0.0128315922793,0.130993937187,0.347394971763,1.0,1.0,0.911794354839,54.3064516129,0.817204301075,13322.7933153,1655872.18611,207178693.287,5.64516129032,-0.112903225806,3243.48387097,2.1208457933e-05,Class 4
0.358968923832,718.403225806,180577.086599,1741.79711914,0.819042008613,1.0,6216.9884499,0.448089133895,0.502572789011,0.0107483191648,0.205383012228,0.312996068788,1.0,1.0,0.821824596774,27.7177419355,0.469534050179,6263.00400076,743728.213285,90839411.9306,11.4032258065,-0.0564516129032,1387.01612903,4.28410850247e-05,Class 4
0.389890931514,590.370967742,169956.074836,1656.48461914,0.851291947672,1.0,5866.586759,0.430464129826,0.474860469646,0.01142397531,0.182632503169,0.385509990627,1.0,1.0,0.853578629032,25.7983870968,0.516129032258,5907.59875882,707016.285709,86722260.5206,9.37096774194,0.508064516129,1330.11290323,3.52060401688e-05,Class 4
0.773788877327,135.14516129,280831.832676,3526.25024414,0.96595839766,1.0,13975.5650054,0.195861312672,0.205926328775,0.0143530229842,0.0645147314577,0.628653723828,1.0,1.0,0.966481854839,56.1693548387,0.874551971326,14012.5120653,1756632.91729,220745259.461,2.14516129032,-0.16935483871,3471.09677419,8.05921401455e-06,Class 4
0.813575108233,170.709677419,272341.604007,3647.10961914,0.957000081255,1.0,14413.6877585,0.171288078661,0.184170671286,0.014094583505,0.0770426199872,0.470683044902,1.0,1.0,0.957661290323,58.0322580645,0.899641577061,14446.1662991,1809021.46097,227203633.206,2.70967741935,-0.112903225806,3570.67741935,1.01800598079e-05,Class 4
0.384765098085,604.596774194,173587.984832,1649.37524414,0.84770862111,1.0,5965.09053165,0.433337865389,0.479189110728,0.0113456907299,0.185326083786,0.375627100218,1.0,1.0,0.850050403226,26.25,0.507168458781,6007.12295237,718657.888153,88132360.3822,9.59677419355,-0.0564516129032,1351.4516129,3.60543784861e-05,Class 4
0.943750722627,78.2419354839,260417.629942,3895.93774414,0.980291703908,1.0,15483.1372037,0.064236738611,0.0701355952647,0.0147769640949,0.0420922866775,0.28120956602,1.0,1.0,0.980594758065,61.814516129,0.971326164875,15491.2902911,1946494.11972,244887350.789,1.24193548387,0.0564516129032,3855.19354839,4.66586074527e-06,Class 4
0.926934391901,42.6774193548,265154.073259,3846.17211914,0.989250020314,1.0,15301.8320363,0.0794183068071,0.0823907217635,0.0150484510041,0.0258111193519,0.698140590513,1.0,1.0,0.989415322581,60.9677419355,0.962365591398,15313.5735572,1926345.70498,242490225.786,0.677419354839,0.112903225806,3819.62903226,2.54501495196e-06,Class 4
0.322972469521,946.016129032,173193.232026,1791.56274414,0.761708783619,1.0,6185.1844278,0.465202703956,0.53695065507,0.0097077364385,0.238502364672,0.204633392391,1.0,1.0,0.765372983871,28.5080645161,0.428315412186,6234.45359753,725806.369126,87679767.683,15.0161290323,-0.0564516129032,1323.0,5.64144981018e-05,Class 4
0.319947071595,1081.16129032,135884.596017,1635.15649414,0.727667181279,1.0,5301.91527721,0.462470497601,0.544307570478,0.0091871439808,0.254337075282,0.143513888803,1.0,1.0,0.73185483871,25.5161290323,0.458781362007,5345.71468624,605347.334962,71970100.3834,17.1612903226,0.451612903226,1066.93548387,6.44737121164e-05,Class 4
0.357228195938,1138.06451613,84191.50743,1265.46899414,0.71333387503,1.0,3976.25273291,0.435694554808,0.521923819538,0.0089896259633,0.260231582611,0.0931743817645,1.0,1.0,0.717741935484,20.435483871,0.532258064516,4009.12396043,433397.315273,50084258.3558,18.064516129,-0.338709677419,718.403225806,6.78670653857e-05,Class 4
0.267950052029,1486.59677419,145945.341828,1862.65649414,0.625542374259,1.0,5869.51358339,0.473962923348,0.586697543302,0.00806014712182,0.287213683156,0.0448094293242,1.0,1.0,0.631300403226,29.4112903226,0.345878136201,5921.37295237,652345.199015,76283582.5506,23.5967741935,0.16935483871,1109.61290323,8.865135416e-05,Class 4
0.276737195051,1344.33870968,163285.238262,1898.20336914,0.66137563988,1.0,6237.35157058,0.47662774839,0.578570989253,0.00838131462994,0.278024861838,0.0760446817462,1.0,1.0,0.66658266129,30.314516129,0.349462365591,6291.13101689,707876.528904,83842577.2257,21.3387096774,-0.16935483871,1237.64516129,8.01679709868e-05,Class 4
0.335690702843,889.112903226,164062.723437,1706.25024414,0.776042089868,1.0,5903.82963864,0.459257392401,0.526689314016,0.0099486120696,0.231019484337,0.226007594798,1.0,1.0,0.779485887097,27.1532258065,0.456989247312,5950.10682334,693568.905542,83844367.6776,14.1129032258,-0.0564516129032,1266.09677419,5.30211448326e-05,Class 4
0.804235557097,220.5,270204.968821,3718.20336914,0.944458438287,1.0,14376.4470877,0.178346009596,0.191233924341,0.0137411988812,0.0931818571349,0.443358337012,1.0,1.0,0.9453125,58.0887096774,0.894265232975,14410.5947266,1801406.87612,226047109.609,3.5,0.959677419355,3549.33870968,1.31492439185e-05,Class 4
0.439980216081,334.306451613,185182.228663,1642.26586914,0.91579182579,1.0,6098.20810438,0.393041663544,0.417990010816,0.0129703968617,0.125502157196,0.578105047594,1.0,1.0,0.917086693548,25.685483871,0.55017921147,6135.22577495,751806.23666,93379203.0881,5.3064516129,0.395161290323,1451.03225806,1.9935950457e-05,Class 4
0.91660564484,78.2419354839,6430.65345394,149.297119141,0.980291703908,1.0,447.369679122,0.0899252126115,0.0949417643617,0.0147769640949,0.0420922866775,0.552199270647,1.0,1.0,0.980594758065,2.08870967742,0.956989247312,447.852791079,51490.9854943,6176174.72798,1.24193548387,0.282258064516,92.4677419355,4.66586074527e-06,Class 4
0.41500623065,590.370967742,135875.026411,1407.65649414,0.851291947672,1.0,5020.04626172,0.417222816768,0.461994991222,0.01142397531,0.182632503169,0.366030613207,1.0,1.0,0.853578629032,22.4112903226,0.569892473118,5054.47375882,599549.189249,73184764.7137,9.37096774194,-0.0564516129032,1116.72580645,3.52060401688e-05,Class 4
0.396128004522,597.483870968,157601.395725,1578.28149414,0.849500284391,1.0,5563.07804447,0.427340047935,0.472359444173,0.0113847326551,0.183984747356,0.37587224237,1.0,1.0,0.851814516129,24.6129032258,0.534050179211,5601.89210559,668059.130073,81786687.1985,9.48387096774,0.451612903226,1251.87096774,3.56302093275e-05,Class 4
0.348280469161,746.85483871,224134.274529,2090.15649414,0.811875355489,1.0,7487.24842882,0.453855485271,0.510408224095,0.0106070054613,0.210008102317,0.302077776557,1.0,1.0,0.814768145161,32.9112903226,0.428315412186,7542.67738785,903136.407023,110807106.342,11.8548387097,0.282258064516,1699.98387097,4.45377616593e-05,Class 4
0.333686617592,839.322580645,214086.126171,2054.60961914,0.788583732835,1.0,7266.72605094,0.461196162208,0.52480205854,0.0101699165557,0.22405130554,0.255621703755,1.0,1.0,0.791834677419,32.4032258065,0.408602150538,7322.24089592,869548.608179,106209634.706,13.3225806452,0.225806451613,1621.74193548,5.00519607219e-05,Class 4
0.319658020837,1209.19354839,109422.467629,1500.07836914,0.69541724222,1.0,4694.34256799,0.456196847167,0.547871865069,0.00876079411376,0.266987198642,0.0926373910835,1.0,1.0,0.700100806452,23.5967741935,0.47311827957,4734.24492818,520263.219885,60744756.5456,19.1935483871,0.225806451613,882.0,7.21087569723e-05,Class 4
0.312451021955,1123.83870968,137532.215023,1642.26586914,0.716917201593,1.0,5371.93281931,0.465152162724,0.55038019457,0.00903780108952,0.258799402755,0.129952976111,1.0,1.0,0.72127016129,25.9677419355,0.44623655914,5416.78726689,611614.249906,72590401.0863,17.8387096774,0.112903225806,1074.0483871,6.70187270684e-05,Class 4
0.48538045503,391.209677419,117350.150608,1215.70336914,0.901458519542,1.0,4459.39747416,0.374227292444,0.403891631892,0.0126042659024,0.139808671329,0.493199618479,1.0,1.0,0.902973790323,19.3629032258,0.643369175627,4485.82254914,540451.614936,66529612.598,6.20967741935,-0.0564516129032,1024.25806452,2.33293037263e-05,Class 4
0.296745930808,1237.64516129,214888.565148,2289.21899414,0.688250589096,1.0,7827.48707945,0.469455401996,0.563316024299,0.00867488180534,0.269503805822,0.0975454245459,1.0,1.0,0.693044354839,36.2419354839,0.41935483871,7890.79331527,916099.025833,110494941.733,19.6451612903,0.112903225806,1664.41935484,7.38054336069e-05,Class 4
0.292795570458,1166.51612903,178447.64388,1926.64086914,0.706167221906,1.0,6514.15400042,0.475375902494,0.563841176478,0.00889568446718,0.263014302022,0.126108157209,1.0,1.0,0.710685483871,30.7096774194,0.365591397849,6568.48484753,754006.153699,90358196.478,18.5161290323,-0.112903225806,1351.4516129,6.95637420203e-05,Class 4
0.505806708547,334.306451613,113954.921776,1215.70336914,0.91579182579,1.0,4347.61877304,0.360529766432,0.384874125378,0.0129703968617,0.125502157196,0.549447645969,1.0,1.0,0.917086693548,18.685483871,0.661290322581,4372.10077495,529707.570644,65401711.7539,5.3064516129,0.620967741935,1010.03225806,1.9935950457e-05,Class 4
0.679211469534,448.112903226,271830.876381,3433.82836914,0.887125213293,1.0,13365.014205,0.259361900471,0.2928471029,0.0122509816435,0.153107266881,0.230711904998,1.0,1.0,0.888860887097,55.0403225806,0.817204301075,13415.1693233,1661688.98931,207544970.113,7.11290322581,-0.508064516129,3243.48387097,2.67226569956e-05,Class 4
0.310524016906,1166.51612903,226514.659772,2367.42211914,0.706167221906,1.0,8210.01483959,0.464333854655,0.55279912864,0.00889568446718,0.263014302022,0.114352098362,1.0,1.0,0.710685483871,37.4838709677,0.448028673835,8274.73484753,968940.346618,117433188.092,18.5161290323,0.112903225806,1778.22580645,6.95637420203e-05,Class 4
0.350130394008,746.85483871,192454.206743,1876.87524414,0.811875355489,1.0,6555.21439278,0.452946616046,0.509142769187,0.0106070054613,0.210008102317,0.302200587116,1.0,1.0,0.814768145161,29.185483871,0.442652329749,6604.23988785,784922.600918,95915860.9549,11.8548387097,0.620967741935,1465.25806452,4.45377616593e-05,Class 4
0.340276974859,832.209677419,233013.76836,2189.68774414,0.790375396116,1.0,7909.80775602,0.457639514176,0.520728768706,0.010202334401,0.223022794315,0.255286468663,1.0,1.0,0.793598790323,34.9435483871,0.44982078853,7969.19754914,951492.602398,116560206.351,13.2096774194,-0.16935483871,1785.33870968,4.96277915633e-05,Class 4
0.89011574877,85.3548387097,267382.847373,3775.07836914,0.978500040627,1.0,15024.0427398,0.111850549671,0.118193988113,0.0147232689021,0.0450977153007,0.571321313089,1.0,1.0,0.978830645161,60.064516129,0.942652329749,15043.3961379,1889625.78135,237695528.166,1.35483870968,-0.112903225806,3741.38709677,5.09002990393e-06,Class 4
0.463977852289,661.5,278307.388211,2907.73461914,0.833375314861,1.0,10804.3700774,0.389949175688,0.439915610112,0.0110405815972,0.19567624677,0.275524998605,1.0,1.0,0.8359375,45.7822580645,0.643369175627,10869.9072266,1327635.43607,164618987.885,10.5,0.395161290323,2553.53225806,3.94477317554e-05,Class 4
0.530401716319,355.64516129,93131.9690539,1066.40649414,0.910416835947,1.0,3803.69784366,0.348951225528,0.375644373129,0.0128315922793,0.130993937187,0.50461815995,1.0,1.0,0.911794354839,16.5967741935,0.691756272401,3824.66831527,459405.178869,56461239.9707,5.64516129032,0.338709677419,867.774193548,2.1208457933e-05,Class 4
0.277527267121,1337.22580645,162276.976304,1905.31274414,0.663167303161,1.0,6202.12491663,0.47650248199,0.577916494434,0.00839948066712,0.277501020503,0.0776363227159,1.0,1.0,0.668346774194,30.1451612903,0.353046594982,6255.58767011,703846.845956,83363152.225,21.2258064516,0.112903225806,1230.53225806,7.97438018282e-05,Class 4
0.31462853766,995.806451613,214080.59376,2118.59399414,0.749167140652,1.0,7448.16169401,0.468656544028,0.544172664055,0.00950750857015,0.244645649158,0.185618286009,1.0,1.0,0.753024193548,33.7580645161,0.410394265233,7507.00702495,882974.665513,107280737.656,15.8064516129,-0.112903225806,1628.85483871,5.93836822125e-05,Class 4
0.388728305135,725.516129032,131562.83644,1450.31274414,0.817250345332,1.0,4982.49457542,0.431913432698,0.486879361926,0.0107126896444,0.206553220847,0.288107708569,1.0,1.0,0.820060483871,22.8064516129,0.546594982079,5018.85984753,586557.251545,71012593.2209,11.5161290323,0.225806451613,1074.0483871,4.32652541834e-05,Class 4
0.320775683766,1401.24193548,79346.9795442,1365.00024414,0.647042333631,1.0,4009.1858104,0.442299278563,0.548574918116,0.00824321260145,0.281992717859,0.035971713823,1.0,1.0,0.652469758065,21.6209677419,0.480286738351,4044.54029108,421294.939659,47516739.6707,22.2419354839,0.0564516129032,661.5,8.35613242561e-05,Class 4
0.275722305726,1436.80645161,135347.94738,1784.45336914,0.638084017226,1.0,5538.33304083,0.471826769785,0.580678457961,0.00816342254865,0.284273668639,0.0523372185825,1.0,1.0,0.643649193548,27.8870967742,0.376344086022,5587.25702495,613390.708733,71573857.9652,22.8064516129,0.451612903226,1038.48387097,8.56821700494e-05,Class 4
0.308943872766,1024.25806452,186865.755646,1926.64086914,0.742000487527,1.0,6628.69487345,0.471096152434,0.548781312605,0.00939750869862,0.247992012404,0.17590595066,1.0,1.0,0.745967741935,30.5967741935,0.385304659498,6682.30541205,777297.354651,93855942.411,16.2580645161,0.0,1415.46774194,6.10803588471e-05,Class 4
0.312592335659,1002.91935484,181789.023625,1855.54711914,0.747375477371,1.0,6466.6498798,0.469671089707,0.54560251595,0.00947970750773,0.245493285302,0.183974274533,1.0,1.0,0.751260080645,29.8629032258,0.399641577061,6518.80037172,758043.83271,91515167.6885,15.9193548387,-0.395161290323,1379.90322581,5.98078513711e-05,Class 4
0.670270166108,156.483870968,57848.0165612,718.047119141,0.960583407817,1.0,2648.73845918,0.258425732274,0.270009697889,0.0141973571076,0.0721438293078,0.677844867286,1.0,1.0,0.961189516129,11.1774193548,0.802867383513,2658.82960559,325080.637035,40329840.7902,2.48387096774,0.225806451613,625.935483871,9.33172149053e-06,Class 4
0.53638185532,291.629032258,101278.005233,1094.84399414,0.926541805477,1.0,3995.52285821,0.341778683777,0.363659495256,0.0132534257282,0.114019953588,0.572213087443,1.0,1.0,0.927671370968,17.1048387097,0.691756272401,4016.6531943,487618.290213,60268912.4487,4.62903225806,0.282258064516,931.790322581,1.73909355051e-05,Class 4
0.386306702124,519.241935484,227429.114665,1969.29711914,0.869208580483,1.0,7350.61776279,0.430132027181,0.469466096294,0.0118274419921,0.168484894259,0.44043737627,1.0,1.0,0.871219758065,31.4435483871,0.435483870968,7400.60279108,899564.83189,111259251.429,8.24193548387,-0.16935483871,1721.32258065,3.09643485822e-05,Class 4
0.426555414242,426.774193548,170637.429306,1528.51586914,0.892500203136,1.0,5792.41659931,0.405906815629,0.43762400784,0.0123819577679,0.148230457509,0.499898204476,1.0,1.0,0.894153225806,24.8387096774,0.551971326165,5829.47678301,707471.72817,87427981.8708,6.77419354839,-0.564516129032,1351.4516129,2.54501495196e-05,Class 4
0.389890931514,590.370967742,169956.074836,1656.48461914,0.851291947672,1.0,5866.586759,0.430464129826,0.474860469646,0.01142397531,0.182632503169,0.385509990627,1.0,1.0,0.853578629032,25.7983870968,0.516129032258,5907.59875882,707016.285709,86722260.5206,9.37096774194,0.508064516129,1330.11290323,3.52060401688e-05,Class 4
0.773788877327,135.14516129,280831.832676,3526.25024414,0.96595839766,1.0,13975.5650054,0.195861312672,0.205926328775,0.0143530229842,0.0645147314577,0.628653723828,1.0,1.0,0.966481854839,56.1693548387,0.874551971326,14012.5120653,1756632.91729,220745259.461,2.14516129032,-0.16935483871,3471.09677419,8.05921401455e-06,Class 4
0.332999319125,910.451612903,162138.117345,1706.25024414,0.770667100024,1.0,5868.25415749,0.460324396659,0.529377872366,0.00985677823524,0.23388453583,0.216219849644,1.0,1.0,0.774193548387,27.0967741935,0.455197132616,5914.54936366,687746.771643,83026393.3785,14.4516129032,0.0,1251.87096774,5.42936523085e-05,Class 4
0.333519610488,853.548387097,222608.760364,2111.48461914,0.785000406273,1.0,7563.190929,0.461091072705,0.525815733821,0.010105683054,0.226083285091,0.247481557806,1.0,1.0,0.788306451613,33.6451612903,0.426523297491,7620.82758947,906265.866464,110778483.589,13.5483870968,-0.112903225806,1692.87096774,5.09002990393e-05,Class 4
0.594326897136,284.516129032,71284.5952537,796.250244141,0.928333468758,1.0,3141.23417816,0.310943171466,0.329254171784,0.0133012997599,0.112037039079,0.57061821358,1.0,1.0,0.929435483871,13.6612903226,0.747311827957,3156.42234753,379703.747355,46703241.5013,4.51612903226,-1.01612903226,718.403225806,1.69667663464e-05,Class 4
0.371616500302,896.225806452,258141.834567,2602.03149414,0.774250426586,1.0,9388.30466026,0.438286988204,0.506212078826,0.00991780006178,0.231982465409,0.19625643463,1.0,1.0,0.777721774194,41.0967741935,0.539426523297,9455.02517011,1134631.44742,139376275.626,14.2258064516,0.225806451613,2140.98387097,5.34453139912e-05,Class 4
0.32253568171,938.903225806,178351.71403,1841.32836914,0.7635004469,1.0,6319.33368865,0.46564122457,0.53680544414,0.00973714333846,0.237594327724,0.208832677375,1.0,1.0,0.767137096774,29.0161290323,0.421146953405,6369.53525076,743270.10547,89907841.8437,14.9032258065,0.225806451613,1358.56451613,5.59903289432e-05,Class 4
0.350130394008,746.85483871,192454.206743,1876.87524414,0.811875355489,1.0,6555.21439278,0.452946616046,0.509142769187,0.0106070054613,0.210008102317,0.302200587116,1.0,1.0,0.814768145161,29.185483871,0.442652329749,6604.23988785,784922.600918,95915860.9549,11.8548387097,0.620967741935,1465.25806452,4.45377616593e-05,Class 4
0.639393121877,398.322580645,280568.183162,3369.84399414,0.899666856261,1.0,12856.3311745,0.287591202674,0.316793617288,0.0125594028161,0.14152345428,0.361880380835,1.0,1.0,0.901209677419,52.8387096774,0.78853046595,12910.4283959,1601241.07973,200127746.366,6.32258064516,0.677419354839,3129.67741935,2.3753472885e-05,Class 4
0.665542580388,519.241935484,268861.213587,3476.48461914,0.869208580483,1.0,13292.7942784,0.264328692925,0.303662762038,0.0118274419921,0.168484894259,0.158975139342,1.0,1.0,0.871219758065,55.0403225806,0.808243727599,13344.0402911,1648252.27056,205570472.217,8.24193548387,0.16935483871,3207.91935484,3.09643485822e-05,Class 4
0.684362996364,163.596774194,52083.4854202,718.047119141,0.958791744536,1.0,2457.72895179,0.251633510847,0.258565010042,0.0141458699414,0.0746108770563,0.710943441897,1.0,1.0,0.959425403226,10.4435483871,0.813620071685,2466.87295237,300452.427594,37199266.909,2.59677419355,0.959677419355,576.14516129,9.75589064919e-06,Class 4
0.308211610848,1401.24193548,91745.7048961,1443.20336914,0.647042333631,1.0,4347.38050223,0.451393779447,0.557669419,0.00824321260145,0.281992717859,0.0428010187558,1.0,1.0,0.652469758065,22.9758064516,0.458781362007,4385.79029108,464281.778243,52931737.9935,22.2419354839,-0.0564516129032,746.85483871,8.35613242561e-05,Class 4
0.411961562673,590.370967742,139277.544646,1428.98461914,0.851291947672,1.0,5104.69023578,0.418837597977,0.463609772431,0.01142397531,0.182632503169,0.368155761245,1.0,1.0,0.853578629032,22.75,0.564516129032,5139.78625882,610295.898895,74538514.2944,9.37096774194,-0.0564516129032,1138.06451613,3.52060401688e-05,Class 4
0.418102285428,398.322580645,199552.108801,1798.67211914,0.899666856261,1.0,6499.02031428,0.408531644751,0.43645054673,0.0125594028161,0.14152345428,0.535500745206,1.0,1.0,0.901209677419,27.5483870968,0.512544802867,6540.42839592,798820.092837,99047777.675,6.32258064516,1.01612903226,1536.38709677,2.3753472885e-05,Class 4
0.319658020837,1209.19354839,109422.467629,1500.07836914,0.69541724222,1.0,4694.34256799,0.456196847167,0.547871865069,0.00876079411376,0.266987198642,0.0926373910835,1.0,1.0,0.700100806452,23.5967741935,0.47311827957,4734.24492818,520263.219885,60744756.5456,19.1935483871,0.225806451613,882.0,7.21087569723e-05,Class 4
0.281156459963,1401.24193548,130871.673517,1727.57836914,0.647042333631,1.0,5390.51103247,0.470304355557,0.576532580342,0.00824321260145,0.281992717859,0.0580297015677,1.0,1.0,0.652469758065,27.1532258065,0.39247311828,5437.97779108,596824.530542,69627982.822,22.2419354839,0.282258064516,1010.03225806,8.35613242561e-05,Class 4
0.603415937616,419.661290323,283569.304706,3263.20336914,0.894291866417,1.0,12448.1460602,0.309593497829,0.340886482221,0.0124260179354,0.146576061029,0.371937413828,1.0,1.0,0.89591733871,51.314516129,0.76164874552,12505.1834362,1548849.8707,193443523.884,6.66129032258,0.508064516129,3022.98387097,2.5025980361e-05,Class 4
0.71423157462,277.403225806,278996.933486,3462.26586914,0.930125132039,1.0,13540.0205663,0.239801478698,0.260831230208,0.0133493745213,0.110033162383,0.418814143481,1.0,1.0,0.931199596774,55.0403225806,0.838709677419,13585.8790008,1693937.11431,212283765.065,4.40322580645,-0.0564516129032,3328.83870968,1.65425971878e-05,Class 4
0.362604540024,739.741935484,250154.788069,2338.98461914,0.81366701877,1.0,8469.99655099,0.446160771664,0.502131939126,0.0106420327926,0.208865696278,0.297576366714,1.0,1.0,0.816532258065,36.8064516129,0.491039426523,8530.88404108,1028067.23983,126572676.31,11.7419354839,0.338709677419,1948.93548387,4.41135925007e-05,Class 4
0.316073791447,1130.9516129,130013.532333,1606.71899414,0.715125538312,1.0,5181.50565341,0.462594615355,0.548310782081,0.00901361316156,0.259518915522,0.124880394879,1.0,1.0,0.719506048387,25.2338709677,0.456989247312,5224.83061366,586986.040465,69459827.2052,17.9516129032,0.282258064516,1024.25806452,6.7442896227e-05,Class 4
0.296983594764,1216.30645161,213834.570481,2253.67211914,0.693625578939,1.0,7749.8521913,0.470403086772,0.562651938716,0.00873901494212,0.26762617324,0.104828717776,1.0,1.0,0.698336693548,35.8467741935,0.415770609319,7812.60077495,907592.213537,109507916.591,19.3064516129,-0.0564516129032,1650.19354839,7.25329261309e-05,Class 4
0.316073791447,1130.9516129,130013.532333,1606.71899414,0.715125538312,1.0,5181.50565341,0.462594615355,0.548310782081,0.00901361316156,0.259518915522,0.124880394879,1.0,1.0,0.719506048387,25.2338709677,0.456989247312,5224.83061366,586986.040465,69459827.2052,17.9516129032,0.282258064516,1024.25806452,6.7442896227e-05,Class 4
0.552838478437,135.14516129,307427.33836,2822.42211914,0.96595839766,1.0,11032.9070571,0.315492818494,0.325224820618,0.0143530229842,0.0645147314577,0.766765603887,1.0,1.0,0.966481854839,44.5403225806,0.689964157706,11083.4495653,1387662.55278,174266523.857,2.14516129032,0.282258064516,2738.46774194,8.05921401455e-06,Class 4
0.390803047237,718.403225806,131344.149993,1492.96899414,0.819042008613,1.0,4975.55650351,0.431055822062,0.484424495661,0.0107483191648,0.205383012228,0.297236137055,1.0,1.0,0.821824596774,22.75,0.548387096774,5011.75400076,586109.805145,70984418.0805,11.4032258065,0.959677419355,1074.0483871,4.28410850247e-05,Class 4
0.390803047237,718.403225806,131344.149993,1492.96899414,0.819042008613,1.0,4975.55650351,0.431055822062,0.484424495661,0.0107483191648,0.205383012228,0.297236137055,1.0,1.0,0.821824596774,22.75,0.548387096774,5011.75400076,586109.805145,70984418.0805,11.4032258065,0.959677419355,1074.0483871,4.28410850247e-05,Class 4
0.292969000912,1180.74193548,198440.276714,2147.03149414,0.702583895344,1.0,7149.45054338,0.474823811751,0.563917510231,0.00884991809727,0.264365236775,0.121645057835,1.0,1.0,0.707157258065,33.3064516129,0.379928315412,7208.32154108,833710.250568,100342043.684,18.7419354839,0.790322580645,1507.93548387,7.04120803376e-05,Class 4
0.367717526753,640.161290323,198953.145457,1869.76586914,0.838750304705,1.0,6648.94823205,0.442880744829,0.49100068386,0.0111534920493,0.191872756127,0.362558376089,1.0,1.0,0.84122983871,29.1290322581,0.456989247312,6696.71468624,803286.560768,98651982.8697,10.1612903226,0.564516129032,1515.0483871,3.81752242794e-05,Class 4
0.481256664226,248.951612903,158874.984284,1365.00024414,0.937291785163,1.0,5422.65116691,0.365319211899,0.380847692043,0.0135436808637,0.101797702827,0.665065405979,1.0,1.0,0.938256048387,22.6370967742,0.609318996416,5452.76811366,671209.912347,83564854.3379,3.95161290323,-0.959677419355,1301.66129032,1.48459205531e-05,Class 4
0.401054714097,519.241935484,177849.871501,1692.03149414,0.869208580483,1.0,6023.27755449,0.422844346975,0.461320668762,0.0118274419921,0.168484894259,0.436569896914,1.0,1.0,0.871219758065,26.1370967742,0.519713261649,6064.04029108,731199.714104,90050507.9979,8.24193548387,0.733870967742,1387.01612903,3.09643485822e-05,Class 4
0.401054714097,519.241935484,177849.871501,1692.03149414,0.869208580483,1.0,6023.27755449,0.422844346975,0.461320668762,0.0118274419921,0.168484894259,0.436569896914,1.0,1.0,0.871219758065,26.1370967742,0.519713261649,6064.04029108,731199.714104,90050507.9979,8.24193548387,0.733870967742,1387.01612903,3.09643485822e-05,Class 4
0.395594866459,476.564516129,217477.677551,1912.42211914,0.879958560169,1.0,7026.71258468,0.423722257768,0.459582312157,0.0120791570266,0.159415517193,0.470955978993,1.0,1.0,0.881804435484,29.9758064516,0.464157706093,7073.59271043,861057.788008,106577701.984,7.56451612903,0.395161290323,1650.19354839,2.84193336303e-05,Class 4
0.331894502897,981.580645161,238296.25143,2360.31274414,0.752750467214,1.0,8395.74727927,0.458985594629,0.533433873126,0.00956371288408,0.24292807727,0.180314026069,1.0,1.0,0.756552419355,37.4838709677,0.471326164875,8459.6703314,1003875.81537,122566882.623,15.5806451613,0.0,1870.69354839,5.85353438951e-05,Class 4
0.857427319793,142.258064516,268064.672004,3767.96899414,0.964166734379,1.0,14790.384502,0.138603473255,0.148112254458,0.0143009336289,0.067097524705,0.488431199453,1.0,1.0,0.964717741935,59.3870967742,0.924731182796,14815.867912,1857382.98705,233408430.687,2.25806451613,0.451612903226,3670.25806452,8.48338317321e-06,Class 4
0.39247311828,547.693548387,182720.980001,1741.79711914,0.862041927358,1.0,6163.82292634,0.42817219788,0.46856774102,0.011663646563,0.174283719414,0.419734340638,1.0,1.0,0.864163306452,26.814516129,0.505376344086,6206.21367818,747318.445896,91968208.0006,8.6935483871,0.846774193548,1415.46774194,3.26610252169e-05,Class 4
0.616429645046,376.983870968,285031.229506,3234.76586914,0.905041846104,1.0,12549.1190802,0.301459195815,0.329985532723,0.0126945942641,0.136331749047,0.401227188265,1.0,1.0,0.906502016129,51.5403225806,0.770609318996,12604.7358556,1564076.37505,195530722.343,5.98387096774,-0.16935483871,3058.5483871,2.2480965409e-05,Class 4
0.333519610488,853.548387097,222608.760364,2111.48461914,0.785000406273,1.0,7563.190929,0.461091072705,0.525815733821,0.010105683054,0.226083285091,0.247481557806,1.0,1.0,0.788306451613,33.6451612903,0.426523297491,7620.82758947,906265.866464,110778483.589,13.5483870968,-0.112903225806,1692.87096774,5.09002990393e-05,Class 4
0.460823987359,611.709677419,92548.9830402,1180.15649414,0.845916957829,1.0,3912.34996484,0.392376711544,0.438118279814,0.0113068495344,0.186656618002,0.320885534762,1.0,1.0,0.848286290323,18.064516129,0.636200716846,3938.29129914,457602.066502,55219295.7259,9.70967741935,0.677419354839,832.209677419,3.64785476448e-05,Class 4
0.403868141468,462.338709677,198342.829158,1748.90649414,0.883541886731,1.0,6504.52548861,0.418907517232,0.453967748163,0.0121646678757,0.156288501114,0.477152739531,1.0,1.0,0.88533266129,27.8306451613,0.5,6547.50601689,795682.637334,98398854.2186,7.33870967742,-0.0564516129032,1522.16129032,2.75709953129e-05,Class 4
0.739167019951,177.822580645,282768.09532,3490.70336914,0.955208417974,1.0,13672.1904018,0.220515423875,0.233610641314,0.0140434977982,0.0794404666294,0.582187641572,1.0,1.0,0.955897177419,55.1532258065,0.853046594982,13713.8971459,1716330.7571,215499311.981,2.82258064516,0.282258064516,3385.74193548,1.06042289665e-05,Class 4
0.361165709587,661.5,217074.155906,1955.07836914,0.833375314861,1.0,7178.06204551,0.446527044449,0.496594048981,0.0110405815972,0.19567624677,0.350244666829,1.0,1.0,0.8359375,31.3306451613,0.41935483871,7229.90722656,869109.157842,106859005.775,10.5,-0.282258064516,1643.08064516,3.94477317554e-05,Class 4
0.340276974859,832.209677419,233013.76836,2189.68774414,0.790375396116,1.0,7909.80775602,0.457639514176,0.520728768706,0.010202334401,0.223022794315,0.255286468663,1.0,1.0,0.793598790323,34.9435483871,0.44982078853,7969.19754914,951492.602398,116560206.351,13.2096774194,-0.16935483871,1785.33870968,4.96277915633e-05,Class 4
0.348563096569,853.548387097,151516.976033,1613.82836914,0.785000406273,1.0,5558.76632176,0.452673485614,0.517411119091,0.010105683054,0.226083285091,0.236755015237,1.0,1.0,0.788306451613,25.6290322581,0.485663082437,5601.76508947,651927.071511,78739743.5128,13.5483870968,0.0,1187.85483871,5.09002990393e-05,Class 4
0.499800876145,426.774193548,99663.6405816,1151.71899414,0.892500203136,1.0,4014.15094175,0.368301102071,0.400018294282,0.0123819577679,0.148230457509,0.455911758025,1.0,1.0,0.894153225806,17.7258064516,0.664874551971,4037.91428301,481790.825606,58999240.6764,6.77419354839,0.564516129032,903.338709677,2.54501495196e-05,Class 4
0.466226024846,433.887096774,123781.872419,1272.57836914,0.890708539855,1.0,4642.02767971,0.386097548718,0.418999465896,0.01233809833,0.149870318765,0.464537589428,1.0,1.0,0.892389112903,20.2661290323,0.623655913978,4670.64512979,561047.476075,68954912.7419,6.88709677419,-0.0564516129032,1059.82258065,2.58743186783e-05,Class 4
0.384765098085,604.596774194,173587.984832,1649.37524414,0.84770862111,1.0,5965.09053165,0.433337865389,0.479189110728,0.0113456907299,0.185326083786,0.375627100218,1.0,1.0,0.850050403226,26.25,0.507168458781,6007.12295237,718657.888153,88132360.3822,9.59677419355,-0.0564516129032,1351.4516129,3.60543784861e-05,Class 4
0.440211456687,476.564516129,138222.783666,1379.21899414,0.879958560169,1.0,5022.19477861,0.401194095028,0.437333465253,0.0120791570266,0.159415517193,0.442897037364,1.0,1.0,0.881804435484,21.9596774194,0.591397849462,5054.53021043,606718.993055,74538961.9073,7.56451612903,-0.0564516129032,1145.17741935,2.84193336303e-05,Class 4
0.415083310852,405.435483871,202045.033705,1741.79711914,0.89787519298,1.0,6562.38958283,0.410211360886,0.440900263215,0.0125147404595,0.143222787768,0.521296167736,1.0,1.0,0.899445564516,27.8306451613,0.507168458781,6604.40924269,806432.012334,99978452.5359,6.43548387097,-0.16935483871,1550.61290323,2.41776420436e-05,Class 4
0.86127490654,92.4677419355,271027.286399,3739.53149414,0.976708377346,1.0,14770.300555,0.133952659086,0.140197893906,0.014669774439,0.0480367843842,0.64101900868,1.0,1.0,0.977066532258,59.1048387097,0.926523297491,14794.5644846,1857833.09881,233662454.565,1.46774193548,0.282258064516,3677.37096774,5.51419906259e-06,Class 4
0.828515820711,199.161290323,268199.303564,3703.98461914,0.94983342813,1.0,14586.4817854,0.160112334264,0.175217782075,0.0138914450561,0.0864430954143,0.346386028992,1.0,1.0,0.95060483871,58.8225806452,0.908602150538,14616.7771862,1828722.42931,229572583.069,3.16129032258,0.0,3606.24193548,1.18767364425e-05,Class 4
0.926741691397,64.0161290323,263711.380895,3853.28149414,0.98387503047,1.0,15322.7788679,0.0808016739229,0.0856136678261,0.0148849566695,0.0358574969877,0.532868173095,1.0,1.0,0.984122983871,61.1370967742,0.962365591398,15334.8910975,1927688.04418,242574751.207,1.01612903226,0.0564516129032,3819.62903226,3.81752242794e-06,Class 4
0.377346128647,569.032258065,224542.749315,2019.06274414,0.856666937515,1.0,7314.17418912,0.436380801782,0.47905150839,0.0115429076529,0.178509228436,0.408256551044,1.0,1.0,0.858870967742,31.5,0.428315412186,7365.0312185,891950.24704,110102727.831,9.03225806452,0.564516129032,1699.98387097,3.39335326928e-05,Class 4
0.713499312702,305.85483871,277044.033501,3483.59399414,0.922958478914,1.0,13568.1330945,0.240356775727,0.263545376842,0.0131582798539,0.117924760683,0.372165757368,1.0,1.0,0.924143145161,55.2661290323,0.838709677419,13614.3023879,1695726.8999,212396465.627,4.85483870968,0.0564516129032,3328.83870968,1.82392738224e-05,Class 4
0.943750722627,78.2419354839,260417.629942,3895.93774414,0.980291703908,1.0,15483.1372037,0.064236738611,0.0701355952647,0.0147769640949,0.0420922866775,0.28120956602,1.0,1.0,0.980594758065,61.814516129,0.971326164875,15491.2902911,1946494.11972,244887350.789,1.24193548387,0.0564516129032,3855.19354839,4.66586074527e-06,Class 4
0.465712156833,604.596774194,90383.7106186,1109.06274414,0.84770862111,1.0,3848.97796221,0.389517740398,0.435332351142,0.0113456907299,0.185326083786,0.316804164027,1.0,1.0,0.850050403226,17.7822580645,0.641577060932,3874.31045237,449990.147005,54288620.865,9.59677419355,-0.16935483871,817.983870968,3.60543784861e-05,Class 4
0.436691460798,405.435483871,163347.228174,1507.18774414,0.89787519298,1.0,5602.34357807,0.399596327378,0.430339875688,0.0125147404595,0.143222787768,0.509066487395,1.0,1.0,0.899445564516,23.9919354839,0.568100358423,5637.53424269,684635.96968,84635957.2881,6.43548387097,-0.0564516129032,1308.77419355,2.41776420436e-05,Class 4
0.334412456161,967.35483871,142056.870778,1606.71899414,0.756333793776,1.0,5387.93269386,0.457964497217,0.531322369075,0.00962072011677,0.24118053255,0.185822009456,1.0,1.0,0.760080645161,25.4032258065,0.474910394265,5431.08363785,623263.848413,74678047.1577,15.3548387097,0.112903225806,1116.72580645,5.76870055778e-05,Class 4
0.85414498786,184.935483871,265607.710071,3803.51586914,0.953416754692,1.0,14804.0610671,0.140383909212,0.151315449771,0.0139926128211,0.0818057125071,0.392113588119,1.0,1.0,0.954133064516,59.6129032258,0.9229390681,14830.0654927,1856485.4289,233126231.67,2.93548387097,0.790322580645,3663.14516129,1.10283981252e-05,Class 4
0.338131575905,817.983870968,191969.570061,1869.76586914,0.793958722678,1.0,6596.36469719,0.458972713388,0.52100956149,0.0102677722808,0.220940467114,0.264900138918,1.0,1.0,0.797127016129,29.6370967742,0.426523297491,6646.86085559,785814.828362,95746362.4992,12.9838709677,0.0564516129032,1458.14516129,4.8779453246e-05,Class 4
0.813575108233,170.709677419,272341.604007,3647.10961914,0.957000081255,1.0,14413.6877585,0.171288078661,0.184170671286,0.014094583505,0.0770426199872,0.470683044902,1.0,1.0,0.957661290323,58.0322580645,0.899641577061,14446.1662991,1809021.46097,227203633.206,2.70967741935,-0.112903225806,3570.67741935,1.01800598079e-05,Class 4
0.521286982439,448.112903226,82656.623815,1009.53149414,0.887125213293,1.0,3555.09278602,0.357182530759,0.391163611046,0.0122509816435,0.153107266881,0.41004465435,1.0,1.0,0.888860887097,15.9758064516,0.689964157706,3575.79432334,422235.143477,51412518.4738,7.11290322581,0.0564516129032,782.419354839,2.67226569956e-05,Class 4
0.859373594892,42.6774193548,274937.453785,3703.98461914,0.989250020314,1.0,14693.3994003,0.129388601143,0.131492646807,0.0150484510041,0.0258111193519,0.835101841401,1.0,1.0,0.989415322581,58.5967741935,0.924731182796,14716.3860572,1851118.73746,233013978.721,0.677419354839,0.225806451613,3670.25806452,2.54501495196e-06,Class 4
0.41500623065,590.370967742,135875.026411,1407.65649414,0.851291947672,1.0,5020.04626172,0.417222816768,0.461994991222,0.01142397531,0.182632503169,0.366030613207,1.0,1.0,0.853578629032,22.4112903226,0.569892473118,5054.47375882,599549.189249,73184764.7137,9.37096774194,-0.0564516129032,1116.72580645,3.52060401688e-05,Class 4
0.276737195051,1344.33870968,163285.238262,1898.20336914,0.66137563988,1.0,6237.35157058,0.47662774839,0.578570989253,0.00838131462994,0.278024861838,0.0760446817462,1.0,1.0,0.66658266129,30.314516129,0.349462365591,6291.13101689,707876.528904,83842577.2257,21.3387096774,-0.16935483871,1237.64516129,8.01679709868e-05,Class 4
0.321713492889,1109.61290323,126476.732806,1556.95336914,0.720500528155,1.0,5076.00092876,0.460056233628,0.544215157147,0.00908677913451,0.257339735348,0.129256380312,1.0,1.0,0.724798387097,24.7258064516,0.467741935484,5118.20057334,574896.991621,68021552.2031,17.6129032258,0.0,1002.91935484,6.6170388751e-05,Class 4
0.425617605118,327.193548387,226847.038793,1883.98461914,0.917583489071,1.0,7164.86163835,0.399253562472,0.424069655305,0.0130170665152,0.123635847187,0.588706661642,1.0,1.0,0.918850806452,29.9193548387,0.483870967742,7208.74492818,887483.779109,110498522.636,5.1935483871,0.0,1721.32258065,1.95117812984e-05,Class 4
0.538411633972,604.596774194,277921.063307,3128.12524414,0.84770862111,1.0,11859.5662745,0.346305048175,0.392156293514,0.0113456907299,0.185326083786,0.246243019728,1.0,1.0,0.850050403226,49.7338709677,0.713261648746,11922.1229524,1463763.09027,181992331.31,9.59677419355,-0.0564516129032,2830.93548387,3.60543784861e-05,Class 4
0.910028134274,113.806451613,262680.751422,3888.82836914,0.971333387503,1.0,15226.8355009,0.0952884854905,0.0981998669182,0.014510495428,0.0565024193206,0.554326890517,1.0,1.0,0.971774193548,60.9677419355,0.953405017921,15242.4445249,1912908.98623,240515727.889,1.8064516129,0.790322580645,3784.06451613,6.78670653857e-06,Class 4
0.469996531391,341.419354839,143487.571974,1365.00024414,0.914000162509,1.0,5088.57847949,0.378912931921,0.404807985312,0.0129239279378,0.12735038316,0.551977002489,1.0,1.0,0.915322580645,21.6774193548,0.612903225806,5118.58162172,623293.167308,77162383.2603,5.41935483871,0.0,1194.96774194,2.03601196157e-05,Class 4
0.390713120335,505.016129032,212565.608909,1876.87524414,0.872791907045,1.0,6913.05106034,0.427368459127,0.465622215022,0.0119105440849,0.165512430352,0.449496387667,1.0,1.0,0.874747983871,29.6370967742,0.465949820789,6959.82859753,844936.390862,104434153.244,8.01612903226,0.16935483871,1614.62903226,3.01160102649e-05,Class 4
