0.5908203125,81.5133928571,8079.68765749,196.951311384,0.915266743392,1.0,716.938045473,0.315225822518,0.34055515247,0.0254217653858,0.126114715055,0.478911596186,1.0,1.0,0.917829241071,6.50446428571,0.747767857143,723.41796875,42289.7830636,2541461.92129,2.62946428571,-0.138392857143,160.881696429,7.78892824347e-05,Class 1
0.44384765625,94.3839285714,19860.260634,353.227120536,0.901887808138,1.0,1320.42772487,0.395128645725,0.424517592267,0.0247379225128,0.139470002235,0.52162201063,1.0,1.0,0.904854910714,11.5558035714,0.578125,1335.65066964,79812.6076486,4853237.94089,3.04464285714,-0.138392857143,311.037946429,9.01875901876e-05,Class 1
0.518245774872,64.3526785714,14866.0079347,284.72265625,0.93310532373,1.0,1072.60166176,0.348757006506,0.368850590032,0.0263684331154,0.106712559928,0.609803164686,1.0,1.0,0.935128348214,9.27232142857,0.667410714286,1083.10100446,65097.5097656,3970507.39342,2.07589285714,-0.0691964285714,255.265625,6.14915387643e-05,Class 1
0.455994897959,102.964285714,16883.3909314,325.39718192,0.892968517969,1.0,1184.95485535,0.390953912645,0.423207126466,0.0242944834184,0.147877174879,0.478722414583,1.0,1.0,0.896205357143,10.5178571429,0.607142857143,1198.62444196,71060.619036,4302965.69627,3.32142857143,0.0,274.571428571,9.83864620228e-05,Class 1
0.5908203125,81.5133928571,8079.68765749,196.951311384,0.915266743392,1.0,716.938045473,0.315225822518,0.34055515247,0.0254217653858,0.126114715055,0.478911596186,1.0,1.0,0.917829241071,6.50446428571,0.747767857143,723.41796875,42289.7830636,2541461.92129,2.62946428571,-0.138392857143,160.881696429,7.78892824347e-05,Class 1
0.518245774872,64.3526785714,14866.0079347,284.72265625,0.93310532373,1.0,1072.60166176,0.348757006506,0.368850590032,0.0263684331154,0.106712559928,0.609803164686,1.0,1.0,0.935128348214,9.27232142857,0.667410714286,1083.10100446,65097.5097656,3970507.39342,2.07589285714,-0.0691964285714,255.265625,6.14915387643e-05,Class 1
0.540168606505,105.109375,9283.20697484,229.062779018,0.890738695426,1.0,798.607764416,0.346393795382,0.37930905856,0.0241851806641,0.149921332524,0.408461039728,1.0,1.0,0.89404296875,7.36941964286,0.707589285714,806.860212054,46729.467817,2793906.03157,3.390625,0.0345982142857,175.897321429,0.000100436179982,Class 1
0.623754384566,79.3683035714,35642.7756314,781.380022321,0.917496565934,1.0,3026.88345215,0.296114375878,0.320963126504,0.025537919025,0.123794860914,0.454252952706,1.0,1.0,0.919991629464,25.2912946429,0.774553571429,3050.43331473,186485.672459,11474643.7992,2.56026785714,-0.0345982142857,744.345982143,7.58395644759e-05,Class 1
0.44384765625,94.3839285714,19860.260634,353.227120536,0.901887808138,1.0,1320.42772487,0.395128645725,0.424517592267,0.0247379225128,0.139470002235,0.52162201063,1.0,1.0,0.904854910714,11.5558035714,0.578125,1335.65066964,79812.6076486,4853237.94089,3.04464285714,-0.138392857143,311.037946429,9.01875901876e-05,Class 1
0.737035634566,19.3058035714,35955.6932213,819.913783482,0.979931597119,1.0,3257.46407261,0.210683777422,0.216237150901,0.0290430808554,0.0427286680802,0.791538410764,1.0,1.0,0.980538504464,26.6060267857,0.848214285714,3273.19391741,202137.347246,12501441.0587,0.622767857143,-0.103794642857,815.133928571,1.84474616293e-05,Class 1
0.659707828444,38.6116071429,7616.3319143,169.121372768,0.959863194238,1.0,667.549461688,0.264594416609,0.274904219043,0.0278631716358,0.0731835028573,0.6978524078,1.0,1.0,0.961077008929,5.74330357143,0.794642857143,672.126116071,40437.4806257,2467714.69161,1.24553571429,-0.276785714286,158.736607143,3.68949232586e-05,Class 1
0.848264110332,36.4665178571,33134.4083188,901.262834821,0.962093016781,1.0,3554.6507451,0.145582471393,0.156976956175,0.0279917814294,0.0700786052867,0.439354629748,1.0,1.0,0.963239397321,29.0970982143,0.919642857143,3564.30329241,219638.116568,13569003.0565,1.17633928571,0.0345982142857,883.776785714,3.48452052998e-05,Class 1
0.53271484375,92.2388392857,10852.417482,244.04813058,0.90411763068,1.0,879.277768838,0.348857721277,0.37773995213,0.0248503393056,0.137308308659,0.470711630158,1.0,1.0,0.907017299107,7.92299107143,0.696428571429,888.235212054,52167.0139945,3142987.97333,2.97544642857,-0.0345982142857,199.493303571,8.81378722288e-05,Class 1
0.355448820153,193.058035714,19683.7495996,398.183175223,0.799315971191,1.0,1363.02858015,0.449675013474,0.510063591458,0.0202400051818,0.217858484114,0.266021004295,1.0,1.0,0.805385044643,12.7321428571,0.488839285714,1382.54854911,79670.79119,4750200.75336,6.22767857143,0.138392857143,298.167410714,0.000184474616293,Class 1
0.324627311862,220.944196429,26994.3322276,498.799107143,0.770328278141,1.0,1778.08128786,0.465098993632,0.534078249945,0.0192077013911,0.234157875728,0.221799171598,1.0,1.0,0.777273995536,16.3649553571,0.412946428571,1804.22293527,104927.291652,6287888.41003,7.12723214286,-0.2421875,396.841517857,0.000211120949757,Class 1
0.435955436862,135.140625,15281.351254,316.834123884,0.859521179834,1.0,1122.53680659,0.405571930874,0.447896579982,0.0227203369141,0.17636543481,0.376886324945,1.0,1.0,0.86376953125,10.2756696429,0.598214285714,1136.47739955,66217.9402291,3972287.46364,4.359375,-0.0345982142857,250.975446429,0.000129132231405,Class 1
0.44384765625,94.3839285714,19860.260634,353.227120536,0.901887808138,1.0,1320.42772487,0.395128645725,0.424517592267,0.0247379225128,0.139470002235,0.52162201063,1.0,1.0,0.904854910714,11.5558035714,0.578125,1335.65066964,79812.6076486,4853237.94089,3.04464285714,-0.138392857143,311.037946429,9.01875901876e-05,Class 1
0.53271484375,92.2388392857,10852.417482,244.04813058,0.90411763068,1.0,879.277768838,0.348857721277,0.37773995213,0.0248503393056,0.137308308659,0.470711630158,1.0,1.0,0.907017299107,7.92299107143,0.696428571429,888.235212054,52167.0139945,3142987.97333,2.97544642857,-0.0345982142857,199.493303571,8.81378722288e-05,Class 1
0.544812260842,70.7879464286,11916.5280098,248.329659598,0.926415856103,1.0,926.542406809,0.337475941983,0.359517651889,0.026008761659,0.11422238866,0.564702101505,1.0,1.0,0.928641183036,8.13058035714,0.700892857143,935.375279018,55749.0498308,3385340.19394,2.28348214286,-0.103794642857,216.654017857,6.76406926407e-05,Class 1
0.573451450893,72.9330357143,9753.33988003,216.218191964,0.924186033561,1.0,810.230463438,0.323006645076,0.345336758394,0.0258901167889,0.11666099524,0.540150097551,1.0,1.0,0.926478794643,7.19642857143,0.729910714286,817.62890625,48389.8969378,2927483.67447,2.35267857143,-0.207589285714,186.622767857,6.96904105995e-05,Class 1
0.556072624362,64.3526785714,11689.0420625,237.625837054,0.93310532373,1.0,912.003914194,0.329658679631,0.348770286074,0.0263684331154,0.106712559928,0.599523480153,1.0,1.0,0.935128348214,7.95758928571,0.709821428571,920.402901786,55020.3857596,3346355.52594,2.07589285714,-0.276785714286,214.508928571,6.14915387643e-05,Class 1
0.498515226403,92.2388392857,13628.7054907,278.300362723,0.90411763068,1.0,1022.85764659,0.366925706697,0.39571767868,0.0248503393056,0.137308308659,0.496970534202,1.0,1.0,0.907017299107,9.09933035714,0.658482142857,1033.80719866,61183.3881051,3701439.64423,2.97544642857,-0.103794642857,235.959821429,8.81378722288e-05,Class 1
0.443189971301,109.399553571,17668.6472509,338.241768973,0.886279050342,1.0,1224.78550291,0.39868427629,0.432943811372,0.0239684435786,0.153943393092,0.463040259475,1.0,1.0,0.889718191964,10.8984375,0.591517857143,1239.2859933,73380.4079503,4440500.65913,3.52901785714,0.0345982142857,283.151785714,0.000104535615899,Class 1
0.529944595026,87.9486607143,11444.1047294,246.188895089,0.908577275765,1.0,908.996527897,0.349574617931,0.376827950086,0.0250770413146,0.132909570516,0.496881769715,1.0,1.0,0.911342075893,8.13058035714,0.691964285714,918.214564732,54156.3210362,3270298.65334,2.83705357143,-0.172991071429,208.073660714,8.40384363112e-05,Class 1
0.462980309311,68.6428571429,21225.6612586,353.227120536,0.928645678646,1.0,1372.39612911,0.377532637568,0.397494411184,0.0261280293367,0.111752065679,0.625804834891,1.0,1.0,0.930803571429,11.7633928571,0.584821428571,1387.08091518,83792.8256836,5124350.54665,2.21428571429,-0.345982142857,330.34375,6.55909746819e-05,Class 1
0.534727758291,117.979910714,8648.86803962,216.218191964,0.877359760172,1.0,768.660696235,0.350204683936,0.386728491106,0.0235424431003,0.161732879579,0.366397403658,1.0,1.0,0.881068638393,7.23102678571,0.705357142857,776.863560268,44474.1713257,2641924.67955,3.80580357143,-0.2421875,165.171875,0.000112734487734,Class 1
0.610999282526,75.078125,7477.89457759,184.10672433,0.921956211019,1.0,676.957948555,0.302798878769,0.32596944295,0.0257720947266,0.119068744163,0.49726241881,1.0,1.0,0.92431640625,6.12388392857,0.763392857143,682.756417411,39969.9941493,2403926.95843,2.421875,-0.172991071429,152.301339286,7.17401285583e-05,Class 1
0.49508729273,64.3526785714,17346.0106004,314.693359375,0.93310532373,1.0,1190.91582123,0.360169328747,0.380262912273,0.0263684331154,0.106712559928,0.621405957578,1.0,1.0,0.935128348214,10.2410714286,0.636160714286,1202.98381696,72522.7590332,4430408.76946,2.07589285714,-0.0691964285714,285.296875,6.14915387643e-05,Class 1
0.523626833546,53.6272321429,15616.0452697,289.004185268,0.944254436442,1.0,1104.80401517,0.341549276306,0.358172910638,0.0269803416972,0.0934867737829,0.661429100437,1.0,1.0,0.945940290179,9.4453125,0.667410714286,1115.23409598,67418.9026315,4124533.60202,1.72991071429,-0.103794642857,265.991071429,5.12429489702e-05,Class 1
0.484743702168,113.689732143,12675.5385914,271.878069196,0.881819405257,1.0,984.073943337,0.377615853604,0.412999803043,0.023754197724,0.157879634843,0.42183232003,1.0,1.0,0.885393415179,8.9609375,0.651785714286,995.230189732,58131.7272164,3491937.52191,3.66741071429,-0.172991071429,220.944196429,0.000108635051817,Class 1
0.627162388393,32.1763392857,9833.51519332,203.373604911,0.966552661865,1.0,796.977620846,0.27822203652,0.287477658985,0.0282508694396,0.0636873264829,0.746459229006,1.0,1.0,0.967564174107,6.74665178571,0.765625,802.725725446,48725.1906651,2987181.69451,1.03794642857,-0.172991071429,193.058035714,3.07457693821e-05,Class 1
0.371083785077,195.203125,16555.26433,355.367885045,0.797086148649,1.0,1213.30674513,0.440793573796,0.501934965144,0.0201568603516,0.219190246469,0.248626497985,1.0,1.0,0.80322265625,11.5212053571,0.526785714286,1230.5499442,70190.1385062,4160943.84074,6.296875,-0.0345982142857,259.555803571,0.000186524334252,Class 1
0.445491868622,150.15625,12696.8527389,282.581891741,0.843912422037,1.0,1001.84126979,0.400920385463,0.447512194878,0.0220336914062,0.188222739133,0.324793318367,1.0,1.0,0.8486328125,9.41071428571,0.618303571429,1014.42354911,58194.6156878,3460999.88701,4.84375,-0.276785714286,216.654017857,0.000143480257117,Class 1
0.607969945791,66.4977678571,8244.44242474,192.669782366,0.930875501188,1.0,719.528743166,0.302628839575,0.323066437426,0.0262479198222,0.109249113478,0.547037346084,1.0,1.0,0.932965959821,6.40066964286,0.758928571429,725.589006696,42887.8583374,2592848.12188,2.14508928571,-0.172991071429,165.171875,6.35412567231e-05,Class 1
0.682607222577,96.5290178571,3331.69662671,122.024553571,0.899657985595,1.0,401.292205651,0.259193418623,0.289333793912,0.0246261285276,0.141607262403,0.285135199301,1.0,1.0,0.902692522321,4.04799107143,0.819196428571,404.413783482,22067.8347255,1274622.08403,3.11383928571,-0.103794642857,77.2232142857,9.22373081464e-05,Class 1
0.653400031888,77.2232142857,5424.38621953,149.854492188,0.919726388476,1.0,543.595194065,0.27839990886,0.302102846254,0.0256546954719,0.121446444727,0.445549908392,1.0,1.0,0.922154017857,5.05133928571,0.796875,547.883928571,31550.0913609,1880370.24238,2.49107142857,-0.207589285714,117.979910714,7.37898465171e-05,Class 1
0.580167809311,42.9017857143,11951.9389025,237.625837054,0.955403549154,1.0,917.134462306,0.30818666048,0.321235109285,0.0276078204719,0.0792277170095,0.696182579983,1.0,1.0,0.956752232143,7.81919642857,0.725446428571,924.727678571,55950.5468576,3424457.25511,1.38392857143,-0.138392857143,220.944196429,4.09943591762e-05,Class 1
0.52418486926,148.011160714,7159.19524216,209.795898438,0.84614224458,1.0,696.085032897,0.354947958334,0.401248711051,0.0221299151985,0.186579692929,0.25722811841,1.0,1.0,0.850795200893,6.88504464286,0.700892857143,704.017020089,39035.0211966,2276351.49206,4.77455357143,-0.103794642857,139.430803571,0.000141430539158,Class 1
0.659707828444,38.6116071429,7616.3319143,169.121372768,0.959863194238,1.0,667.549461688,0.264594416609,0.274904219043,0.0278631716358,0.0731835028573,0.6978524078,1.0,1.0,0.961077008929,5.74330357143,0.794642857143,672.126116071,40437.4806257,2467714.69161,1.24553571429,-0.276785714286,158.736607143,3.68949232586e-05,Class 1
0.562380420918,132.995535714,6121.56814897,188.388253348,0.861751002376,1.0,622.565387853,0.332943797228,0.374572921784,0.0228209203603,0.174601709641,0.271618745689,1.0,1.0,0.865931919643,6.15848214286,0.732142857143,629.120535714,34859.7219413,2032086.80806,4.29017857143,-0.0691964285714,124.415178571,0.000127082513446,Class 1
0.578075175383,53.6272321429,11107.1784361,226.922014509,0.944254436442,1.0,876.495383514,0.314281817429,0.330117527049,0.0269803416972,0.0934867737829,0.642960698064,1.0,1.0,0.945940290179,7.57700892857,0.727678571429,884.031529018,53098.779044,3237580.94823,1.72991071429,-0.2421875,208.073660714,5.12429489702e-05,Class 1
0.530741788903,92.2388392857,11007.5245258,237.625837054,0.90411763068,1.0,887.725086915,0.350024346999,0.377998018604,0.0248503393056,0.137308308659,0.483349731322,1.0,1.0,0.907017299107,7.9921875,0.694196428571,896.798270089,52697.3889422,3175838.07162,2.97544642857,-0.311383928571,201.638392857,8.81378722288e-05,Class 1
0.404386559311,178.042410714,14145.6665074,323.256417411,0.814924728987,1.0,1087.39436291,0.423050201596,0.47876881415,0.0208394576092,0.208152172048,0.269670020914,1.0,1.0,0.820521763393,10.3448660714,0.573660714286,1102.13867188,62766.4931902,3717533.71044,5.74330357143,0.103794642857,231.669642857,0.000170126590581,Class 1
0.546835140306,77.2232142857,11179.9488361,235.485072545,0.919726388476,1.0,890.378193587,0.338273445903,0.361594424809,0.0256546954719,0.121446444727,0.540659369221,1.0,1.0,0.922154017857,7.88839285714,0.705357142857,898.969308036,53295.464216,3227224.27221,2.49107142857,-0.276785714286,205.928571429,7.37898465171e-05,Class 1
0.848264110332,36.4665178571,33134.4083188,901.262834821,0.962093016781,1.0,3554.6507451,0.145582471393,0.156976956175,0.0279917814294,0.0700786052867,0.439354629748,1.0,1.0,0.963239397321,29.0970982143,0.919642857143,3564.30329241,219638.116568,13569003.0565,1.17633928571,0.0345982142857,883.776785714,3.48452052998e-05,Class 1
0.635702327806,77.2232142857,6173.08387916,162.699079241,0.919726388476,1.0,594.390854215,0.288923532206,0.3126264696,0.0256546954719,0.121446444727,0.464368504175,1.0,1.0,0.922154017857,5.46651785714,0.783482142857,599.262276786,34732.341047,2077470.83211,2.49107142857,-0.207589285714,130.850446429,7.37898465171e-05,Class 1
0.90524354273,19.3058035714,32720.8038475,922.670479911,0.979931597119,1.0,3662.69216759,0.0994969082332,0.105490418496,0.0290430808554,0.0427286680802,0.53899031656,1.0,1.0,0.980538504464,29.7890625,0.950892857143,3667.09458705,226534.59484,14012545.58,0.622767857143,0.0345982142857,913.808035714,1.84474616293e-05,Class 1
0.484524473852,132.995535714,10911.2004389,254.751953125,0.861751002376,1.0,901.154984845,0.378959830597,0.420338349999,0.0228209203603,0.174601709641,0.350719738606,1.0,1.0,0.865931919643,8.44196428571,0.658482142857,911.701450893,52362.0952148,3116140.05157,4.29017857143,-0.207589285714,195.203125,0.000127082513446,Class 1
0.554398517219,96.5290178571,9063.17350545,216.218191964,0.899657985595,1.0,781.97956612,0.337636406107,0.367603957424,0.0246261285276,0.141607262403,0.439210482068,1.0,1.0,0.902692522321,7.16183035714,0.71875,789.751395089,45934.7073713,2752876.50701,3.11383928571,-0.172991071429,173.752232143,9.22373081464e-05,Class 1
0.637794961735,38.6116071429,8725.8259138,188.388253348,0.959863194238,1.0,735.318316935,0.276284224086,0.287390971043,0.0278631716358,0.0731835028573,0.701213566795,1.0,1.0,0.961077008929,6.296875,0.776785714286,740.630580357,44680.4802072,2730515.47792,1.24553571429,-0.207589285714,175.897321429,3.68949232586e-05,Class 1
0.470872528699,100.819196429,15440.3921276,316.834123884,0.895198340511,1.0,1115.39544181,0.383026173056,0.413766923117,0.0244044089804,0.145810396267,0.486041232691,1.0,1.0,0.898367745536,9.9296875,0.627232142857,1127.98353795,66751.52308,4038120.05339,3.25223214286,0.311383928571,257.410714286,9.6336744064e-05,Class 2
0.718082350128,70.7879464286,34273.6512555,845.602957589,0.926415856103,1.0,3279.78395524,0.237386438741,0.259428148648,0.026008761659,0.11422238866,0.39321530124,1.0,1.0,0.928641183036,27.2287946429,0.841517857143,3298.77929687,202132.535392,12451967.3215,2.28348214286,0.103794642857,808.698660714,6.76406926407e-05,Class 2
0.417121731505,87.9486607143,29124.7102001,475.250697545,0.908577275765,1.0,1770.92066419,0.406293473812,0.433546805967,0.0250770413146,0.132909570516,0.55942076608,1.0,1.0,0.911342075893,15.1886160714,0.464285714286,1791.64648437,108254.5657,6621008.67876,2.83705357143,0.172991071429,426.872767857,8.40384363112e-05,Class 2
0.503308354592,77.2232142857,14836.2872241,295.426478795,0.919726388476,1.0,1076.25967186,0.360646134465,0.384620175518,0.0256546954719,0.121446444727,0.560566917021,1.0,1.0,0.922154017857,9.41071428571,0.65625,1087.35658482,64963.713065,3949926.43455,2.49107142857,0.138392857143,253.120535714,7.37898465171e-05,Class 2
0.499631297832,81.5133928571,14709.5924972,297.567243304,0.915266743392,1.0,1071.85401219,0.363774140651,0.388846814693,0.0254217653858,0.126114715055,0.546134245939,1.0,1.0,0.917829241071,9.41071428571,0.654017857143,1083.06640625,64565.5308664,3921166.0494,2.62946428571,0.207589285714,250.975446429,7.78892824347e-05,Class 2
0.534548389668,53.6272321429,14569.3510841,286.863420759,0.944254436442,1.0,1054.07765886,0.336228844177,0.352064553796,0.0269803416972,0.0934867737829,0.663621861595,1.0,1.0,0.945940290179,9.03013392857,0.680803571429,1063.85574777,64236.6529454,3927433.01229,1.72991071429,0.2421875,253.120535714,5.12429489702e-05,Class 2
0.527622767857,72.9330357143,13086.8928866,274.018833705,0.924186033561,1.0,987.72600101,0.347012823651,0.36934293697,0.0258901167889,0.11666099524,0.569341354755,1.0,1.0,0.926478794643,8.64955357143,0.683035714286,997.453125,59527.7708391,3617335.73853,2.35267857143,0.207589285714,231.669642857,6.96904105995e-05,Class 2
0.667779416454,83.6584821429,4506.08352533,147.713727679,0.913036920849,1.0,482.041673633,0.269821269511,0.295715441459,0.0253062345544,0.128406691121,0.387260792924,1.0,1.0,0.915666852679,4.6015625,0.808035714286,485.788783482,27505.380903,1623704.02578,2.69866071429,0.172991071429,100.819196429,7.99390003935e-05,Class 2
0.722666214923,60.0625,34595.8434155,841.321428571,0.937564968815,1.0,3278.11488998,0.233892309952,0.252637382299,0.026611328125,0.101534427291,0.46126203347,1.0,1.0,0.939453125,27.125,0.84375,3296.66015625,202332.428467,12474593.137,1.9375,0.0691964285714,810.84375,5.73921028466e-05,Class 2
0.547702088648,113.689732143,35496.3565273,747.127790179,0.881819405257,1.0,2835.15160183,0.342577380626,0.378107952042,0.023754197724,0.157879634843,0.367280548693,1.0,1.0,0.885393415179,24.0457589286,0.716517857143,2861.97684152,173753.465812,10653258.9488,3.66741071429,0.103794642857,688.573660714,0.000108635051817,Class 2
0.604103555485,47.1919642857,9971.79798907,220.499720982,0.950943904069,1.0,811.182005352,0.298007652323,0.312435895209,0.0273549605389,0.0850686653467,0.658728754006,1.0,1.0,0.952427455357,6.98883928571,0.75,817.680803571,49187.8652867,3001495.6905,1.52232142857,0.138392857143,193.058035714,4.50937950938e-05,Class 2
0.448132573342,70.7879464286,23630.077805,396.042410714,0.926415856103,1.0,1484.28329334,0.385365898948,0.407407608855,0.026008761659,0.11422238866,0.614816705059,1.0,1.0,0.928641183036,12.6975446429,0.553571428571,1500.53710938,90753.796378,5553446.68097,2.28348214286,0.103794642857,358.229910714,6.76406926407e-05,Class 2
0.4541015625,68.6428571429,22873.5193827,393.901646205,0.928645678646,1.0,1448.47230088,0.381767141941,0.401728915557,0.0261280293367,0.111752065679,0.628909090871,1.0,1.0,0.930803571429,12.3861607143,0.564732142857,1464.1484375,88566.2002128,5420001.43125,2.21428571429,0.345982142857,349.649553571,6.55909746819e-05,Class 2
0.593660315689,55.7723214286,9900.25829918,220.499720982,0.9420246139,1.0,810.852469018,0.306950006417,0.324345853728,0.0268567143654,0.0962084574065,0.610905933429,1.0,1.0,0.943777901786,7.05803571429,0.743303571429,817.663504464,48921.8758371,2976825.01849,1.79910714286,0.0691964285714,190.912946429,5.3292666929e-05,Class 2
0.457639110332,75.078125,20934.2217059,368.212472098,0.921956211019,1.0,1361.49502394,0.382470470839,0.40564103502,0.0257720947266,0.119068744163,0.594089430055,1.0,1.0,0.92431640625,11.7287946429,0.582589285714,1376.3641183,82930.3649118,5064784.91979,2.421875,0.172991071429,326.053571429,7.17401285583e-05,Class 2
0.517269212372,66.4977678571,14716.0121271,291.144949777,0.930875501188,1.0,1066.16696229,0.350072713373,0.370510311224,0.0262479198222,0.109249113478,0.604049320675,1.0,1.0,0.932965959821,9.23772321429,0.667410714286,1076.67438616,64633.2311925,3939702.1517,2.14508928571,0.172991071429,253.120535714,6.35412567231e-05,Class 2
0.607421875,38.6116071429,10496.9333793,226.922014509,0.959863194238,1.0,836.923489883,0.292083994951,0.303190741908,0.0278631716358,0.0731835028573,0.715630139845,1.0,1.0,0.961077008929,7.12723214286,0.75,843.387276786,51044.9795794,3124716.65738,1.24553571429,0.207589285714,201.638392857,3.68949232586e-05,Class 2
0.416643415179,100.819196429,24060.1787092,413.168526786,0.895198340511,1.0,1520.74870284,0.410129602721,0.441617995864,0.0244044089804,0.145810396267,0.51095774234,1.0,1.0,0.898367745536,13.2511160714,0.520089285714,1539.01032366,92209.5205688,5614924.77124,3.25223214286,0.103794642857,360.375,9.6336744064e-05,Class 2
0.494280133929,47.1919642857,20066.2151041,351.086356027,0.950943904069,1.0,1310.18381781,0.352383038546,0.365722868484,0.0273549605389,0.0850686653467,0.7133428018,1.0,1.0,0.952427455357,11.0714285714,0.618303571429,1322.90122768,80479.9872001,4939651.48952,1.52232142857,0.276785714286,319.618303571,4.50937950938e-05,Class 2
0.520796795281,90.09375,11948.3678842,263.315011161,0.906347453222,1.0,936.371623183,0.354833311543,0.382869944467,0.0249633789062,0.135121675094,0.492354272427,1.0,1.0,0.9091796875,8.37276785714,0.683035714286,946.040178571,55813.5422538,3370893.80478,2.90625,0.138392857143,214.508928571,8.608815427e-05,Class 2
0.545190927934,30.03125,16397.4380604,297.567243304,0.968782484407,1.0,1133.54893926,0.317233376238,0.326078822428,0.0283813476562,0.060393337418,0.785113502046,1.0,1.0,0.9697265625,9.47991071429,0.678571428571,1143.11160714,69874.092198,4299140.76948,0.96875,0.138392857143,278.861607143,2.86960514233e-05,Class 2
0.641013632015,45.046875,8076.46302804,190.529017857,0.953173726611,1.0,699.090554328,0.27750523152,0.291407570028,0.0274810791016,0.0821724161743,0.647382689635,1.0,1.0,0.95458984375,6.0546875,0.78125,704.224609375,42226.8945923,2572399.55618,1.453125,0.103794642857,165.171875,4.3044077135e-05,Class 2
0.500916772959,42.9017857143,19830.797015,346.804827009,0.955403549154,1.0,1297.75028064,0.346761088624,0.358604615212,0.0276078204719,0.0792277170095,0.73367116487,1.0,1.0,0.956752232143,10.9330357143,0.625,1310.06529018,79817.4195033,4902711.67809,1.38392857143,0.276785714286,317.473214286,4.09943591762e-05,Class 2
0.829051737883,36.4665178571,1974.81991152,77.0684988839,0.962093016781,1.0,240.98247013,0.159877063062,0.169860560137,0.0279917814294,0.0700786052867,0.535111584383,1.0,1.0,0.963239397321,2.24888392857,0.908482142857,241.836774554,13852.636867,823164.920619,1.17633928571,0.2421875,51.4821428571,3.48452052998e-05,Class 2
0.508838887117,90.09375,12934.4693545,276.159598214,0.906347453222,1.0,987.048346087,0.361110004331,0.389146637256,0.0249633789062,0.135121675094,0.500457938004,1.0,1.0,0.9091796875,8.78794642857,0.669642857143,997.418526786,58995.7919399,3567994.39451,2.90625,0.138392857143,227.379464286,8.608815427e-05,Class 2
0.488091916454,66.4977678571,17910.4712765,331.819475446,0.930875501188,1.0,1218.27492346,0.364492344488,0.384549753279,0.0262479198222,0.109249113478,0.620865717998,1.0,1.0,0.932965959821,10.4832589286,0.627232142857,1230.8094308,74179.9802508,4531003.92089,2.14508928571,0.2421875,291.732142857,6.35412567231e-05,Class 2
0.676927216199,38.6116071429,6822.69046322,173.402901786,0.959863194238,1.0,616.702769342,0.2551663763,0.265476178733,0.0278631716358,0.0731835028573,0.688044237074,1.0,1.0,0.961077008929,5.328125,0.808035714286,620.747767857,37255.2309396,2270614.10188,1.24553571429,0.276785714286,145.866071429,3.68949232586e-05,Class 2
0.673319913903,40.7566964286,6837.66401164,171.262137277,0.957633371696,1.0,618.75220989,0.258048048886,0.270169605104,0.02773518465,0.0762322622898,0.661613981151,1.0,1.0,0.958914620536,5.36272321429,0.805803571429,622.884207589,37321.3273141,2272658.95845,1.31473214286,0.172991071429,145.866071429,3.89446412174e-05,Class 2
0.600825095663,64.3526785714,8797.05068943,209.795898437,0.93310532373,1.0,751.325988216,0.305938280149,0.325837258716,0.0263684331154,0.106712559928,0.562121966028,1.0,1.0,0.935128348214,6.64285714286,0.752232142857,757.704799107,44943.2617536,2722203.65846,2.07589285714,0.138392857143,173.752232143,6.14915387643e-05,Class 2
0.635792012117,45.046875,8354.16783552,201.232840402,0.953173726611,1.0,716.027304405,0.280410330304,0.292589635664,0.0274810791016,0.0821724161743,0.670684962021,1.0,1.0,0.95458984375,6.19308035714,0.776785714286,721.350725446,43287.6444877,2638099.75276,1.453125,0.311383928571,169.462053571,4.3044077135e-05,Class 2
0.569694674745,47.1919642857,12318.8387559,256.892717634,0.950943904069,1.0,938.093421508,0.31568361493,0.329023444868,0.0273549605389,0.0850686653467,0.686150433498,1.0,1.0,0.952427455357,8.02678571429,0.716517857143,946.126674107,57143.489502,3494247.16483,1.52232142857,0.276785714286,225.234375,4.50937950938e-05,Class 2
0.531120455995,49.3370535714,15390.9063087,289.004185268,0.948714081527,1.0,1092.33318017,0.335786572685,0.351220156924,0.027229464784,0.0879185597575,0.677565004723,1.0,1.0,0.950265066964,9.30691964286,0.674107142857,1102.39815848,66756.3349348,4087593.79059,1.59151785714,0.0345982142857,263.845982143,4.71435130526e-05,Class 2
0.445202885842,120.125,16002.2632129,323.256417411,0.87512993763,1.0,1150.5114308,0.399263181012,0.436857301416,0.0234375,0.163629201979,0.423206015373,1.0,1.0,0.87890625,10.3794642857,0.602678571429,1164.33761161,68407.140346,4122223.9591,3.875,0.0691964285714,261.700892857,0.000114784205693,Class 2
0.717384805485,79.3683035714,3063.34582367,117.743024554,0.917496565934,1.0,367.705739969,0.237495790789,0.262029136501,0.025537919025,0.123794860914,0.339909866545,1.0,1.0,0.919991629464,3.6328125,0.841517857143,370.196149554,20478.3138341,1192563.03489,2.56026785714,0.172991071429,72.9330357143,7.58395644759e-05,Class 2
0.568907445791,87.9486607143,8846.11630425,220.499720982,0.908577275765,1.0,765.348720681,0.32844664747,0.355699979624,0.0250770413146,0.132909570516,0.467257417118,1.0,1.0,0.911342075893,6.95424107143,0.729910714286,772.642578125,45139.9469256,2711846.98244,2.83705357143,0.172991071429,171.607142857,8.40384363112e-05,Class 2
0.575245137117,92.2388392857,8161.96113244,209.795898437,0.90411763068,1.0,727.179261072,0.325433508409,0.354225480392,0.0248503393056,0.137308308659,0.43810187959,1.0,1.0,0.907017299107,6.67745535714,0.736607142857,734.100167411,42620.2649362,2551686.20414,2.97544642857,0.103794642857,160.881696429,8.81378722288e-05,Class 2
0.463996731505,40.7566964286,27987.3157028,432.435407366,0.957633371696,1.0,1676.58460939,0.362402764539,0.375144139167,0.02773518465,0.0762322622898,0.745676377907,1.0,1.0,0.958914620536,14.0122767857,0.526785714286,1693.26646205,103618.195775,6378921.2445,1.31473214286,-0.0345982142857,414.002232143,3.89446412174e-05,Class 2
0.456782126913,122.270089286,14455.7659572,303.98953683,0.872900115088,1.0,1076.59744318,0.393404835087,0.43169702249,0.0233331797074,0.165505739634,0.406810358663,1.0,1.0,0.876743861607,9.79129464286,0.620535714286,1089.40652902,63699.8621913,3828617.93107,3.94419642857,0.0345982142857,242.395089286,0.000116833923652,Class 2
0.496562101403,107.254464286,12282.3599063,271.878069196,0.888508872884,1.0,961.087005073,0.370488673784,0.404046984874,0.0240765007175,0.151943275377,0.435595730186,1.0,1.0,0.891880580357,8.71875,0.662946428571,971.694754464,56872.6881975,3420102.75562,3.45982142857,0.0691964285714,216.654017857,0.00010248589794,Class 2
0.453752790179,152.301339286,11731.2838841,278.300362723,0.841682599495,1.0,953.282735728,0.396158965321,0.44386001706,0.0219380904217,0.189849371617,0.306456287442,1.0,1.0,0.846470424107,9.03013392857,0.629464285714,965.181640625,55078.4623762,3265944.15385,4.91294642857,-0.0345982142857,203.783482143,0.000145529975075,Class 2
0.713917012117,79.3683035714,34030.2561526,843.46219308,0.917496565934,1.0,3279.45448313,0.239812667937,0.264661418563,0.025537919025,0.123794860914,0.335918437264,1.0,1.0,0.919991629464,27.2979910714,0.839285714286,3298.76199777,201866.545942,12427296.6495,2.56026785714,-0.0345982142857,806.553571429,7.58395644759e-05,Class 2
0.679398517219,30.03125,7285.98475124,177.684430804,0.968782484407,1.0,642.425045502,0.249433739946,0.256485322978,0.0283813476562,0.060393337418,0.75364795095,1.0,1.0,0.9697265625,5.46651785714,0.808035714286,646.454241071,39112.3452323,2393835.06875,0.96875,0.276785714286,154.446428571,2.86960514233e-05,Class 2
0.581124441964,51.4821428571,11086.8901576,237.625837054,0.946484258984,1.0,874.46796061,0.311771221264,0.327573179527,0.0271045918367,0.090724011774,0.646385292213,1.0,1.0,0.948102678571,7.54241071429,0.729910714286,881.895089286,53032.6826695,3235536.09166,1.66071428571,0.138392857143,208.073660714,4.91932310114e-05,Class 2
0.399254623724,120.125,24013.4588206,428.153878348,0.87512993763,1.0,1530.40057443,0.422855588174,0.459614135648,0.0234375,0.163629201979,0.455819379932,1.0,1.0,0.87890625,13.4933035714,0.502232142857,1549.67522321,92274.0129918,5600478.38207,3.875,0.345982142857,358.229910714,0.000114784205693,Class 2
0.558793048469,81.5133928571,9981.63655342,231.203543527,0.915266743392,1.0,826.839199566,0.33280515126,0.358287900515,0.0254217653858,0.126114715055,0.501630515512,1.0,1.0,0.917829241071,7.40401785714,0.71875,834.737723214,49184.6573835,2968513.19904,2.62946428571,0.0691964285714,188.767857143,7.78892824347e-05,Class 2
0.797443000638,57.9174107143,33285.8370247,884.13671875,0.939794791357,1.0,3460.66520268,0.182598759558,0.200723236238,0.0267337098414,0.0988905497591,0.334193099389,1.0,1.0,0.941615513393,28.5435267857,0.890625,3474.34793527,213404.205994,13162400.3445,1.86830357143,0.0345982142857,855.890625,5.53423848878e-05,Class 2
0.512446189413,77.2232142857,13974.7046736,289.004185268,0.919726388476,1.0,1034.01942231,0.356076140225,0.379397119132,0.0256546954719,0.121446444727,0.561231053791,1.0,1.0,0.922154017857,9.06473214286,0.667410714286,1044.54129464,62311.8383266,3785675.94311,2.49107142857,0.276785714286,242.395089286,7.37898465171e-05,Class 2
0.676369180485,92.2388392857,34232.897931,826.336077009,0.90411763068,1.0,3195.91054024,0.263870784602,0.292753015455,0.0248503393056,0.137308308659,0.316332499657,1.0,1.0,0.907017299107,26.7444196429,0.814732142857,3217.38699777,196428.999765,12078214.7078,2.97544642857,-0.0345982142857,782.957589286,8.81378722288e-05,Class 2
0.57737763074,122.270089286,34783.1250305,777.098493304,0.872900115088,1.0,2947.15240923,0.324631540432,0.362855664315,0.0233331797074,0.165505739634,0.299978026334,1.0,1.0,0.876743861607,25.0145089286,0.743303571429,2973.27929688,180382.350682,11055639.5545,3.94419642857,0.103794642857,714.314732143,0.000116833923652,Class 2
0.461664939413,92.2388392857,17654.1624192,342.523297991,0.90411763068,1.0,1217.07518965,0.385844635123,0.413358925827,0.0248503393056,0.137308308659,0.528240776387,1.0,1.0,0.907017299107,10.6908482143,0.607142857143,1230.75753348,73382.0119019,4456991.90486,2.97544642857,0.380580357143,285.296875,8.81378722288e-05,Class 2
0.462781010842,92.2388392857,17481.9421777,331.819475446,0.90411763068,1.0,1208.63078796,0.385145636428,0.413937608411,0.0248503393056,0.137308308659,0.518854732766,1.0,1.0,0.907017299107,10.6216517857,0.609375,1222.19447545,72851.6369542,4424141.80658,2.97544642857,0.103794642857,283.151785714,8.81378722288e-05,Class 3
0.443269690689,62.2075892857,27598.7765266,440.998465402,0.935335146273,1.0,1670.89177379,0.383922988159,0.403258610116,0.0264895692164,0.104141367655,0.653541164602,1.0,1.0,0.937290736607,14.1506696429,0.511160714286,1688.94168527,102688.034677,6300819.51533,2.00669642857,0.103794642857,407.566964286,5.94418208055e-05,Class 3
0.503567442602,98.6741071429,12525.7221948,269.737304688,0.897428163053,1.0,969.83814538,0.365486095,0.396395424912,0.0245149573501,0.143720572933,0.463746719703,1.0,1.0,0.900530133929,8.71875,0.667410714286,980.275111607,57669.0525949,3477623.52592,3.18303571429,0.0,220.944196429,9.42870261052e-05,Class 3
0.472267617985,51.4821428571,22894.0008901,374.634765625,0.946484258984,1.0,1441.01322297,0.365000042227,0.381045771433,0.0271045918367,0.090724011774,0.691462184289,1.0,1.0,0.948102678571,12.1785714286,0.580357142857,1455.61997768,88567.8041643,5436492.67698,1.66071428571,-0.0691964285714,351.794642857,4.91932310114e-05,Class 3
0.402752311862,113.689732143,24669.3824361,428.153878348,0.881819405257,1.0,1558.15647448,0.419839370979,0.455223320418,0.023754197724,0.157879634843,0.473095714531,1.0,1.0,0.885393415179,13.6662946429,0.5,1577.51813616,94197.223659,5725744.20552,3.66741071429,0.172991071429,366.810267857,0.000108635051817,Class 3
0.464594626913,83.6584821429,18471.7703503,336.101004464,0.913036920849,1.0,1251.24594257,0.38188178314,0.408075089709,0.0253062345544,0.128406691121,0.551445931142,1.0,1.0,0.915666852679,10.8984375,0.604910714286,1265.02706473,75769.5011422,4613062.97003,2.69866071429,-0.0345982142857,296.022321429,7.99390003935e-05,Class 3
0.473254145408,98.6741071429,15421.3350102,308.271065848,0.897428163053,1.0,1113.37111832,0.381280562371,0.412147730849,0.0245149573501,0.143720572933,0.485936295986,1.0,1.0,0.900530133929,9.89508928571,0.629464285714,1125.84709821,66685.4267055,4036075.19682,3.18303571429,0.0691964285714,257.410714286,9.42870261052e-05,Class 3
0.491569674745,77.2232142857,16062.0825974,312.552594866,0.919726388476,1.0,1135.39356752,0.366562063069,0.390265000463,0.0256546954719,0.121446444727,0.569485673936,1.0,1.0,0.922154017857,9.89508928571,0.640625,1147.29799107,68676.3376988,4179877.12257,2.49107142857,0.207589285714,268.136160714,7.37898465171e-05,Class 3
0.573790258291,79.3683035714,36414.2153053,738.564732143,0.917496565934,1.0,2862.73404946,0.324238803741,0.348982625647,0.025537919025,0.123794860914,0.50203284299,1.0,1.0,0.919991629464,23.9765625,0.732142857143,2887.73521205,176408.548453,10850491.9317,2.56026785714,-0.103794642857,703.589285714,7.58395644759e-05,Class 3
0.48635801977,87.9486607143,36601.3329854,661.497209821,0.908577275765,1.0,2518.97323275,0.372175353253,0.399618479881,0.0250770413146,0.132909570516,0.522705517147,1.0,1.0,0.911342075893,21.2779017857,0.640625,2545.19559152,154927.561096,9511817.32814,2.83705357143,0.103794642857,615.640625,8.40384363112e-05,Class 3
0.404197225765,115.834821429,23647.4447403,411.027762277,0.879589582715,1.0,1509.47628872,0.419500247745,0.455785113293,0.0236480090083,0.159816463932,0.463213424684,1.0,1.0,0.883231026786,13.2857142857,0.511160714286,1528.27622768,91081.0703474,5530688.47236,3.73660714286,0.0,353.939732143,0.000110684769776,Class 3
0.425093670281,92.2388392857,23994.2862726,404.60546875,0.90411763068,1.0,1512.72640891,0.403718949435,0.432601180289,0.0248503393056,0.137308308659,0.538078175451,1.0,1.0,0.907017299107,13.1127232143,0.529017857143,1530.46456473,91945.1350708,5606745.34496,2.97544642857,-0.0345982142857,360.375,8.81378722288e-05,Class 3
0.416623485332,105.109375,23033.2920216,402.464704241,0.890738695426,1.0,1474.07238526,0.411152124976,0.443988197846,0.0241851806641,0.149921332524,0.495297867294,1.0,1.0,0.89404296875,12.9051339286,0.529017857143,1491.90485491,89159.4636318,5421913.89464,3.390625,0.103794642857,347.504464286,0.000100436179982,Class 3
0.420629384566,135.140625,34575.2774137,614.400390625,0.859521179834,1.0,2307.42836296,0.413701800992,0.455964874559,0.0227203369141,0.17636543481,0.388619802918,1.0,1.0,0.86376953125,19.9631696429,0.573660714286,2335.30552455,140470.432905,8571301.22402,4.359375,-0.103794642857,551.287946429,0.000129132231405,Class 3
0.427814094388,85.8035714286,24993.7823447,423.87234933,0.910807098307,1.0,1557.43903355,0.400531407998,0.426628305608,0.0251913265306,0.130671437673,0.565786916535,1.0,1.0,0.913504464286,13.4241071429,0.522321428571,1575.43359375,94929.0956334,5797711.36498,2.76785714286,0.276785714286,373.245535714,8.19887183524e-05,Class 3
0.38479551977,143.720982143,22275.1353418,413.168526786,0.850601889664,1.0,1459.72453929,0.433163023598,0.477828002055,0.0223242312062,0.183243577584,0.386021932553,1.0,1.0,0.855119977679,13.1127232143,0.502232142857,1478.98242188,87166.9486869,5261620.72317,4.63616071429,0.2421875,334.633928571,0.00013733110324,Class 3
0.461365991709,92.2388392857,17662.4723181,331.819475446,0.90411763068,1.0,1217.07518965,0.385844635123,0.414726865977,0.0248503393056,0.137308308659,0.518222092216,1.0,1.0,0.907017299107,10.6908482143,0.607142857143,1230.75753348,73382.0119019,4456991.90486,2.97544642857,0.0345982142857,285.296875,8.81378722288e-05,Class 3
0.423678651148,94.3839285714,23832.5326545,400.323939732,0.901887808138,1.0,1506.27969764,0.405025946026,0.434414892569,0.0247379225128,0.139470002235,0.531937602471,1.0,1.0,0.904854910714,13.078125,0.529017857143,1524.03794643,91480.8564976,5575940.10324,3.04464285714,-0.138392857143,358.229910714,9.01875901876e-05,Class 3
0.421486367985,87.9486607143,26391.0904359,430.294642857,0.908577275765,1.0,1627.08288285,0.404183823565,0.431626950193,0.0250770413146,0.132909570516,0.557033360056,1.0,1.0,0.911342075893,14.0122767857,0.502232142857,1646.07449777,99238.1915894,6062557.00786,2.83705357143,-0.103794642857,390.40625,8.40384363112e-05,Class 3
0.431710379464,122.270089286,17445.686932,338.241768973,0.872900115088,1.0,1220.04647712,0.40654436447,0.444836551874,0.0233331797074,0.165505739634,0.424053836115,1.0,1.0,0.876743861607,10.9676339286,0.582589285714,1234.97851563,72716.236302,4387069.60197,3.94419642857,-0.0345982142857,278.861607143,0.000116833923652,Class 3
0.486178651148,60.0625,37027.2012781,618.681919643,0.937564968815,1.0,2407.7425423,0.362661107155,0.381197558499,0.026611328125,0.101534427291,0.647545788984,1.0,1.0,0.939453125,20.1361607143,0.618303571429,2431.79129464,148764.558751,9156733.20985,1.9375,-0.138392857143,594.189732143,5.73921028466e-05,Class 3
0.474519690689,132.995535714,11714.7845312,271.878069196,0.861751002376,1.0,943.342198562,0.384488410178,0.426148811364,0.0228209203603,0.174601709641,0.354203229231,1.0,1.0,0.865931919643,8.78794642857,0.647321428571,954.516741071,55013.9699533,3280390.54301,4.29017857143,0.0,205.928571429,0.000127082513446,Class 3
0.439881616709,132.995535714,15084.4833926,318.974888393,0.861751002376,1.0,1112.06851952,0.403345809038,0.444881038489,0.0228209203603,0.174601709641,0.383131432381,1.0,1.0,0.865931919643,10.171875,0.602678571429,1125.77790179,65621.4689069,3937392.50878,4.29017857143,0.138392857143,248.830357143,0.000127082513446,Class 3
0.67385801977,64.3526785714,35339.6438241,811.350725446,0.93310532373,1.0,3151.41969882,0.264492990668,0.284586574194,0.0263684331154,0.106712559928,0.492242692175,1.0,1.0,0.935128348214,26.15625,0.810267857143,3172.48716518,194508.997001,11985931.3758,2.07589285714,0.0691964285714,778.667410714,6.14915387643e-05,Class 3
0.377032844388,145.866071429,24012.6324152,423.87234933,0.848372067122,1.0,1546.18829522,0.437311281464,0.482889220594,0.0222267617985,0.184920039046,0.382896546554,1.0,1.0,0.852957589286,13.8392857143,0.477678571429,1566.74944196,92536.7945382,5592166.56262,4.70535714286,-0.138392857143,356.084821429,0.000139380821199,Class 3
0.403728874362,122.270089286,22288.2897713,398.183175223,0.872900115088,1.0,1447.95592025,0.420836891597,0.459129079001,0.0233331797074,0.165505739634,0.441675024292,1.0,1.0,0.876743861607,12.8359375,0.522321428571,1466.18108259,87036.3598894,5274022.25576,3.94419642857,0.0345982142857,336.779017857,0.000116833923652,Class 3
0.930395009566,15.015625,32425.9736953,935.515066964,0.984391242204,1.0,3712.38875866,0.0775439794243,0.0816037478776,0.0293121337891,0.0349541206155,0.576299527319,1.0,1.0,0.98486328125,30.1350446429,0.964285714286,3714.2000558,229584.651777,14205556.4566,0.484375,0.103794642857,926.678571429,1.43480257117e-05,Class 3
0.450843032526,105.109375,17260.8196568,338.241768973,0.890738695426,1.0,1203.85992573,0.394055676851,0.426494466705,0.0241851806641,0.149921332524,0.479000632394,1.0,1.0,0.89404296875,10.6908482143,0.600446428571,1217.88699777,72187.4653059,4370710.74942,3.390625,0.2421875,278.861607143,0.000100436179982,Class 3
0.402094626913,160.881696429,16413.1345372,338.241768973,0.832763309326,1.0,1189.11401363,0.424752125185,0.47508959182,0.0215619145607,0.196195449224,0.320776584395,1.0,1.0,0.837820870536,11.0368303571,0.560267857143,1204.92996652,69662.9714617,4161076.23392,5.18973214286,-0.103794642857,261.700892857,0.000153728846911,Class 3
0.389200015944,160.881696429,18357.0655861,359.649414062,0.832763309326,1.0,1281.88088867,0.43174104745,0.481975006264,0.0215619145607,0.196195449224,0.330693230319,1.0,1.0,0.837820870536,11.7979910714,0.535714285714,1299.12360491,75497.0958862,4522427.31509,5.18973214286,-0.172991071429,285.296875,0.000153728846911,Class 3
0.406319754464,109.399553571,24806.5886766,432.435407366,0.886279050342,1.0,1562.5852515,0.417264535373,0.45075970535,0.0239684435786,0.153943393092,0.488550543633,1.0,1.0,0.889718191964,13.6662946429,0.502232142857,1581.80831473,94595.4058576,5754504.59067,3.52901785714,0.311383928571,368.955357143,0.000104535615899,Class 3
0.377381616709,167.316964286,19475.3630353,387.479352679,0.826073841699,1.0,1338.58921951,0.438204791676,0.490392333608,0.021286322146,0.200791369099,0.320561031119,1.0,1.0,0.831333705357,12.3169642857,0.515625,1356.91127232,78877.6346959,4725662.47453,5.39732142857,0.207589285714,298.167410714,0.000159878000787,Class 3
0.478784677934,72.9330357143,18166.7613309,336.101004464,0.924186033561,1.0,1232.74734558,0.371438958394,0.393769071712,0.0258901167889,0.11666099524,0.594774317951,1.0,1.0,0.926478794643,10.65625,0.618303571429,1245.78180804,74908.644322,4569988.58889,2.35267857143,0.207589285714,293.877232143,6.96904105995e-05,Class 3
0.592902981505,45.046875,37472.6139273,730.001674107,0.953173726611,1.0,2856.61742215,0.302778662433,0.316866353622,0.0274810791016,0.0821724161743,0.67124629877,1.0,1.0,0.95458984375,23.6305803571,0.738839285714,2879.24135045,176942.131304,10916324.5214,1.453125,-0.0345982142857,710.024553571,4.3044077135e-05,Class 3
0.520358338648,36.4665178571,18283.7587918,323.256417411,0.962093016781,1.0,1224.12034576,0.333491370129,0.344190934023,0.0279917814294,0.0700786052867,0.756876700038,1.0,1.0,0.963239397321,10.2756696429,0.649553571429,1235.1515067,75376.1307983,4633776.32207,1.17633928571,0.172991071429,300.3125,3.48452052998e-05,Class 3
0.523158482143,34.3214285714,18258.1513959,312.552594866,0.964322839323,1.0,1222.13360374,0.330707394935,0.340968582926,0.0281210140306,0.0669144016175,0.766221347024,1.0,1.0,0.965401785714,10.2410714286,0.651785714286,1233.01506696,75310.0344238,4631731.4655,1.10714285714,-0.138392857143,300.3125,3.27954873409e-05,Class 3
0.436354033801,94.3839285714,21134.8800604,374.634765625,0.901887808138,1.0,1379.55022677,0.398811318887,0.428332685734,0.0247379225128,0.139470002235,0.524369177767,1.0,1.0,0.904854910714,12.0401785714,0.5625,1395.59207589,83525.2322824,5083188.62891,3.04464285714,0.0691964285714,326.053571429,9.01875901876e-05,Class 3
0.387824856505,139.430803571,22423.2275569,404.60546875,0.855061534749,1.0,1464.11934252,0.431134887084,0.47480365686,0.0225210384447,0.179839401025,0.395360856562,1.0,1.0,0.859444754464,13.1127232143,0.504464285714,1483.27260045,87565.1308855,5290381.10832,4.49776785714,-0.0345982142857,336.779017857,0.000133231667323,Class 3
0.508808992347,72.9330357143,14789.0904762,291.144949777,0.924186033561,1.0,1072.22078825,0.356513044099,0.379302013663,0.0258901167889,0.11666099524,0.574639250206,1.0,1.0,0.926478794643,9.34151785714,0.660714285714,1083.08370536,64831.520316,3945836.72141,2.35267857143,0.0691964285714,253.120535714,6.96904105995e-05,Class 3
0.495744977679,34.3214285714,22150.386428,366.071707589,0.964322839323,1.0,1399.81063948,0.343466488126,0.353727676118,0.0281210140306,0.0669144016175,0.77347551941,1.0,1.0,0.965401785714,11.6941964286,0.604910714286,1412.83928571,86447.9083252,5321583.52956,1.10714285714,0.138392857143,345.359375,3.27954873409e-05,Class 3
0.497020487883,66.4977678571,16831.355929,314.693359375,0.930875501188,1.0,1167.57261794,0.360079458928,0.380768718629,0.0262479198222,0.109249113478,0.611572877133,1.0,1.0,0.932965959821,10.0680803571,0.640625,1179.43108259,70997.7305647,4333903.33116,2.14508928571,0.103794642857,278.861607143,6.35412567231e-05,Class 3
0.359006297832,169.462053571,29750.0762948,528.769810268,0.823844019157,1.0,1898.31617161,0.448026958623,0.500956883232,0.0211957036232,0.202293037827,0.326059875932,1.0,1.0,0.829171316964,16.9185267857,0.457589285714,1924.20954241,113948.477618,6895813.81813,5.46651785714,0.172991071429,439.743303571,0.000161927718746,Class 3
0.537527901786,115.834821429,35539.7030405,740.705496652,0.879589582715,1.0,2802.74736946,0.348499364463,0.384640482487,0.0236480090083,0.159816463932,0.368951049094,1.0,1.0,0.883231026786,23.8035714286,0.707589285714,2829.86104911,171698.062395,10523903.4122,3.73660714286,0.138392857143,679.993303571,0.000110684769776,Class 3
0.872169961735,34.3214285714,32778.1991713,911.966657366,0.964322839323,1.0,3605.97499113,0.126806143454,0.137557214727,0.0281210140306,0.0669144016175,0.382986095213,1.0,1.0,0.965401785714,29.4776785714,0.933035714286,3613.54520089,222754.26988,13764058.7897,1.10714285714,0.0,896.647321429,3.27954873409e-05,Class 3
0.427525111607,115.834821429,18996.0057845,353.227120536,0.879589582715,1.0,1289.93561639,0.407760008917,0.444008962278,0.0236480090083,0.159816463932,0.44995379768,1.0,1.0,0.883231026786,11.4866071429,0.569196428571,1305.63671875,77291.3217076,4676585.91686,3.73660714286,-0.0691964285714,298.167410714,0.000110684769776,Class 3
0.429817044005,111.544642857,19312.3896549,361.790178571,0.884049227799,1.0,1302.77881286,0.405876641757,0.440668336378,0.0238610092474,0.155922059767,0.465108595622,1.0,1.0,0.887555803571,11.5558035714,0.569196428571,1318.48995536,78219.8788539,4738196.4003,3.59821428571,0.138392857143,302.457589286,0.000106585333858,Class 3
0.378437898597,163.026785714,19971.7838765,387.479352679,0.830533486783,1.0,1359.83111677,0.437518683195,0.488560758081,0.0214694276148,0.197742731299,0.330669880645,1.0,1.0,0.835658482143,12.4553571429,0.513392857143,1378.32756696,80336.5667899,4820123.05625,5.25892857143,0.0691964285714,304.602678571,0.000155778564869,Class 3
0.415088887117,115.834821429,21159.8416031,383.197823661,0.879589582715,1.0,1391.2407183,0.414052329721,0.450301283082,0.0236480090083,0.159816463932,0.457462101015,1.0,1.0,0.883231026786,12.3169642857,0.542410714286,1408.39341518,83655.8210798,5070787.09632,3.73660714286,0.0691964285714,323.908482143,0.000110684769776,Class 3
0.391651387117,130.850446429,23406.3458782,415.309291295,0.863980824918,1.0,1506.69944208,0.428181461408,0.469161974321,0.0229221266143,0.172819836771,0.420467602067,1.0,1.0,0.868094308036,13.3895089286,0.5,1526.10518973,90482.9950736,5479302.27177,4.22098214286,0.0345982142857,349.649553571,0.000125032795487,Class 3
0.375269052934,143.720982143,25493.0452252,451.702287946,0.850601889664,1.0,1620.19674566,0.438029536996,0.482868620131,0.0223242312062,0.183243577584,0.390672927581,1.0,1.0,0.855119977679,14.4274553571,0.459821428571,1641.68052455,97244.0726929,5885772.59065,4.63616071429,0.172991071429,375.390625,0.00013733110324,Class 3
0.521882971939,132.995535714,8328.90870106,226.922014509,0.861751002376,1.0,757.680883203,0.357466261001,0.399095385557,0.0228209203603,0.174601709641,0.313810319788,1.0,1.0,0.865931919643,7.265625,0.696428571429,766.129464286,43345.7211042,2557688.38067,4.29017857143,0.0691964285714,158.736607143,0.000127082513446,Class 4
0.811902104592,21.4508928571,34386.9559207,873.432896205,0.977701774577,1.0,3451.96178651,0.167068720767,0.17359294517,0.0289094886001,0.0464439506035,0.705587764543,1.0,1.0,0.978376116071,28.1629464286,0.897321428571,3463.71763393,213871.69247,13226188.0776,0.691964285714,0.0691964285714,862.325892857,2.04971795881e-05,Class 4
0.431690449617,190.912946429,10303.1015143,276.159598214,0.801545793733,1.0,897.392801303,0.40585019832,0.465647586057,0.0203237728197,0.2165132425,0.211241040995,1.0,1.0,0.807547433036,8.89174107143,0.613839285714,909.443917411,50434.0726929,2941400.49093,6.15848214286,0.0345982142857,180.1875,0.000182424898334,Class 4
0.445461973852,135.140625,14240.8953235,312.552594866,0.859521179834,1.0,1071.92281667,0.400534800887,0.44248937273,0.0227203369141,0.17636543481,0.374086274016,1.0,1.0,0.86376953125,9.86049107143,0.611607142857,1085.09905134,63035.690543,3775186.87391,4.359375,0.2421875,238.104910714,0.000129132231405,Class 4
0.350695551658,195.203125,20394.099317,404.60546875,0.797086148649,1.0,1398.80639886,0.452183443562,0.51332483491,0.0201568603516,0.219190246469,0.263302755475,1.0,1.0,0.80322265625,13.0435267857,0.477678571429,1418.93722098,81858.3873553,4883646.00309,6.296875,0.0345982142857,306.747767857,0.000186524334252,Class 4
0.504015864158,83.6584821429,14046.1761589,289.004185268,0.913036920849,1.0,1040.09025989,0.362100044665,0.387994216613,0.0253062345544,0.128406691121,0.532808367962,1.0,1.0,0.915666852679,9.16852678571,0.660714285714,1050.95061384,62510.1274501,3791810.51282,2.69866071429,0.172991071429,242.395089286,7.99390003935e-05,Class 4
0.760891661352,57.9174107143,33960.8621584,858.447544643,0.939794791357,1.0,3372.47611591,0.208639585752,0.226620116542,0.0267337098414,0.0988905497591,0.420594256969,1.0,1.0,0.941615513393,27.8515625,0.868303571429,3388.71735491,208100.456517,12833899.3616,1.86830357143,-0.103794642857,834.439732143,5.53423848878e-05,Class 4
0.88479551977,23.5959821429,32937.3004951,920.529715402,0.975471952034,1.0,3622.17757891,0.116581581842,0.1216375572,0.0287765191526,0.050059916916,0.615339764865,1.0,1.0,0.976213727679,29.5122767857,0.939732142857,3628.55217634,224014.912851,13852384.8017,0.761160714286,0.2421875,903.082589286,2.25468975469e-05,Class 4
0.486537388393,87.9486607143,15299.8766607,310.411830357,0.908577275765,1.0,1103.256731,0.372175353253,0.398759545633,0.0250770413146,0.132909570516,0.529893322792,1.0,1.0,0.911342075893,9.72209821429,0.640625,1115.16489955,66354.9448329,4025850.91398,2.83705357143,0.311383928571,257.410714286,8.40384363112e-05,Class 4
0.459452726403,169.462053571,9815.54909529,259.033482143,0.823844019157,1.0,860.02964578,0.391774932592,0.444852211352,0.0211957036232,0.202293037827,0.247865402855,1.0,1.0,0.829171316964,8.40736607143,0.640625,870.953404018,48712.3590524,2855251.72866,5.46651785714,-0.0345982142857,175.897321429,0.000161927718746,Class 4
0.279306839923,328.198660714,18432.798677,434.576171875,0.658837151025,1.0,1391.41443191,0.474285110412,0.577089061447,0.0162182243503,0.27883318447,0.0712968260959,1.0,1.0,0.669154575893,14.0814732143,0.375,1414.3875558,77470.363412,4484825.53779,10.5870535714,-0.0345982142857,272.426339286,0.000313606847698,Class 4
0.315678810587,246.685267857,20366.0722962,426.013113839,0.743570407633,1.0,1431.05862973,0.467318231775,0.544587341687,0.0183482267419,0.24736243052,0.173869243557,1.0,1.0,0.751325334821,13.7354910714,0.428571428571,1453.08565848,82383.9504482,4867022.36418,7.95758928571,0.0345982142857,302.457589286,0.000235717565263,Class 4
0.46923828125,94.3839285714,36244.2707292,652.934151786,0.901887808138,1.0,2448.10661698,0.382521184276,0.410975346039,0.0247379225128,0.139470002235,0.514151516018,1.0,1.0,0.904854910714,20.7589285714,0.620535714286,2474.53738839,150352.475691,9222301.01325,3.04464285714,0.345982142857,596.334821429,9.01875901876e-05,Class 4
0.425312898597,120.125,18679.6429208,353.227120536,0.87512993763,1.0,1277.09794216,0.409543654124,0.447172403582,0.0234375,0.163629201979,0.435289454771,1.0,1.0,0.87890625,11.4174107143,0.569196428571,1292.78348214,76362.7645612,4614975.43342,3.875,0.0,293.877232143,0.000114784205693,Class 4
0.385552853954,246.685267857,31986.0813891,672.201032366,0.743570407633,1.0,2389.69995329,0.424223201779,0.501391122974,0.0183482267419,0.24736243052,0.122806511854,1.0,1.0,0.751325334821,21.5546875,0.566964285714,2420.71121652,142316.319536,8579083.47077,7.95758928571,0.172991071429,544.852678571,0.000235717565263,Class 4
0.599709024235,124.415178571,34363.591082,792.083844866,0.870670292545,1.0,3018.6373698,0.310278739926,0.349251373293,0.0232294822226,0.167362789965,0.260625569419,1.0,1.0,0.874581473214,25.6026785714,0.761160714286,3043.92020089,184691.446638,11320485.1974,4.01339285714,0.0,731.475446429,0.000118883641611,Class 4
0.483787069515,23.5959821429,35439.1846366,548.036690848,0.975471952034,1.0,2110.78844069,0.340334422417,0.343582903525,0.0287765191526,0.050059916916,0.848790141597,1.0,1.0,0.976213727679,17.4029017857,0.549107142857,2130.01702009,131199.297006,8103617.60123,0.761160714286,0.311383928571,527.691964286,2.25468975469e-05,Class 4
0.652682557398,34.3214285714,8268.66055584,192.669782366,0.964322839323,1.0,705.831784961,0.266137543158,0.27577091406,0.0281210140306,0.0669144016175,0.723674891841,1.0,1.0,0.965401785714,6.02008928571,0.787946428571,710.668526786,42957.1626151,2627875.46991,1.10714285714,0.207589285714,169.462053571,3.27954873409e-05,Class 4
0.397929288903,180.1875,14680.3486355,331.819475446,0.812694906445,1.0,1114.72375753,0.426590954775,0.482941719531,0.020751953125,0.209580773647,0.269099561613,1.0,1.0,0.818359375,10.5870535714,0.564732142857,1129.96428571,64423.7144078,3818128.86187,5.8125,0.138392857143,238.104910714,0.00017217630854,Class 4
0.360142299107,246.685267857,12547.8172475,325.39718192,0.743570407633,1.0,1043.42541555,0.440364375778,0.51763348569,0.0183482267419,0.24736243052,0.141598704466,1.0,1.0,0.751325334821,10.5524553571,0.53125,1059.18498884,57986.7028547,3355917.84291,7.95758928571,-0.0345982142857,203.783482143,0.000235717565263,Class 4
0.264120296556,366.810267857,19763.8243786,470.969168527,0.618700345263,1.0,1496.40630493,0.474799579788,0.589698819485,0.0155231709383,0.288757409293,0.0407128646276,1.0,1.0,0.630231584821,15.2578125,0.316964285714,1521.34793527,82903.0977347,4784433.74234,11.8325892857,-0.0345982142857,289.587053571,0.000350501770956,Class 4
0.276715959821,326.053571429,20462.5808607,473.109933036,0.661066973567,1.0,1499.03288654,0.476667327155,0.578483389832,0.016262755102,0.278191916139,0.0759440333028,1.0,1.0,0.671316964286,14.9464285714,0.348214285714,1523.57087054,84299.1413574,4909831.95896,10.5178571429,0.345982142857,300.3125,0.000311557129739,Class 4
0.417839205995,100.819196429,23858.688101,391.760881696,0.895198340511,1.0,1512.2985799,0.409807566144,0.439027358759,0.0244044089804,0.145810396267,0.520181093285,1.0,1.0,0.898367745536,13.1819196429,0.522321428571,1530.44726563,91679.1456212,5582074.67295,3.25223214286,-0.518973214286,358.229910714,9.6336744064e-05,Class 4
0.323710538903,223.089285714,23040.6638695,451.702287946,0.768098455598,1.0,1551.9528954,0.465365749153,0.535229068835,0.0191326530612,0.235323613258,0.21704203798,1.0,1.0,0.775111607143,14.53125,0.415178571429,1575.15680804,90673.2644392,5402980.61282,7.19642857143,0.0691964285714,338.924107143,0.000213170667716,Class 4
0.65042051977,62.2075892857,35850.8069498,789.943080357,0.935335146273,1.0,3079.90437818,0.277759876479,0.297229475929,0.0264895692164,0.104141367655,0.527188650946,1.0,1.0,0.937290736607,25.5680803571,0.792410714286,3101.84626116,190199.901045,11721085.7329,2.00669642857,-0.0345982142857,761.506696429,5.94418208055e-05,Class 4
0.40550263074,190.912946429,12739.7562319,314.693359375,0.801545793733,1.0,1023.8059111,0.421464028889,0.48099972771,0.0203237728197,0.2165132425,0.235694113642,1.0,1.0,0.807547433036,9.9296875,0.580357142857,1037.88978795,58389.6969081,3434151.96526,6.15848214286,0.2421875,212.363839286,0.000182424898334,Class 4
0.420370296556,259.555803571,6440.55074236,237.625837054,0.730191472379,1.0,718.943073956,0.396948282686,0.477928488298,0.017952121034,0.253344654783,0.0723639922003,1.0,1.0,0.738351004464,7.9921875,0.607142857143,729.481305804,37168.2831944,2054183.05079,8.37276785714,-0.311383928571,117.979910714,0.000248015873016,Class 4
0.298299984056,270.28125,22676.1519821,460.265345982,0.719042359667,1.0,1571.85001555,0.474175887697,0.558702034831,0.0176391601562,0.258027390402,0.142904279884,1.0,1.0,0.7275390625,15.0848214286,0.372767857143,1596.46930804,90536.2598354,5349417.16248,8.71875,-0.207589285714,332.488839286,0.00025826446281,Class 4
0.314134247449,261.700892857,28253.7695958,548.036690848,0.727961649837,1.0,1927.42142992,0.466013542728,0.547847376167,0.017888283243,0.254302931488,0.147535993681,1.0,1.0,0.736188616071,17.921875,0.441964285714,1956.13504464,113077.997088,6753791.96261,8.44196428571,-0.207589285714,424.727678571,0.000250065590975,Class 4
0.665228396046,49.3370535714,6636.55490019,171.262137277,0.948714081527,1.0,610.009365675,0.265812507271,0.280736090182,0.027229464784,0.0879185597575,0.60775704859,1.0,1.0,0.950265066964,5.36272321429,0.801339285714,614.303850446,36524.9629168,2215138.18815,1.59151785714,0.172991071429,141.575892857,4.71435130526e-05,Class 4
0.532914142219,139.430803571,34776.5862933,747.127790179,0.855061534749,1.0,2825.62422514,0.350463161207,0.394131930983,0.0225210384447,0.179839401025,0.277824683933,1.0,1.0,0.859444754464,24.1841517857,0.707589285714,2853.36188616,172425.122515,10546396.8345,4.49776785714,-0.0345982142857,679.993303571,0.000133231667323,Class 4
0.377152423469,145.866071429,24006.7291284,419.590820312,0.848372067122,1.0,1546.18829522,0.437311281464,0.482546084479,0.0222267617985,0.184920039046,0.384300634517,1.0,1.0,0.852957589286,13.8392857143,0.477678571429,1566.74944196,92536.7945382,5592166.56262,4.70535714286,-0.276785714286,356.084821429,0.000139380821199,Class 4
0.365314094388,154.446428571,28104.1002219,483.81375558,0.839452776953,1.0,1774.05085699,0.444027444606,0.492299497936,0.0218431122449,0.19145977865,0.364229879365,1.0,1.0,0.844308035714,15.7767857143,0.428571428571,1797.93470982,106590.928676,6454448.5444,4.98214285714,-0.138392857143,411.857142857,0.000147579693034,Class 4
0.357013313138,167.316964286,25728.7347892,460.265345982,0.826073841699,1.0,1650.94277616,0.448985281517,0.501396753976,0.021286322146,0.200791369099,0.332453682483,1.0,1.0,0.831333705357,14.8772321429,0.433035714286,1673.74441964,98501.5077602,5941116.1112,5.39732142857,0.0,377.535714286,0.000159878000787,Class 4
0.431251992985,83.6584821429,24624.231032,400.323939732,0.913036920849,1.0,1538.5319588,0.398202633314,0.423392546232,0.0253062345544,0.128406691121,0.573792974036,1.0,1.0,0.915666852679,13.2511160714,0.529017857143,1556.17103795,93802.2493635,5729966.31183,2.69866071429,-0.311383928571,368.955357143,7.99390003935e-05,Class 4
0.458456234056,79.3683035714,20062.2501802,346.804827009,0.917496565934,1.0,1323.25627138,0.383593753525,0.407809815861,0.025537919025,0.123794860914,0.577704104864,1.0,1.0,0.919991629464,11.4520089286,0.589285714286,1337.82170759,80410.6829224,4904624.14148,2.56026785714,-0.2421875,315.328125,7.58395644759e-05,Class 4
0.684978874362,72.9330357143,34802.409247,819.913783482,0.924186033561,1.0,3194.49878519,0.258663442384,0.281452411949,0.0258901167889,0.11666099524,0.423849627715,1.0,1.0,0.926478794643,26.5714285714,0.819196428571,3215.28515625,196894.882289,12125511.1952,2.35267857143,-0.0691964285714,787.247767857,6.96904105995e-05,Class 4
0.373465401786,175.897321429,18844.6215184,372.494001116,0.81715455153,1.0,1312.99092814,0.440291045254,0.495295671664,0.0209275849011,0.206709234646,0.298603109019,1.0,1.0,0.822684151786,12.1785714286,0.515625,1331.20479911,77020.5204032,4602441.50765,5.67410714286,-0.138392857143,289.587053571,0.000168076872622,Class 4
0.384297273597,128.705357143,27659.6837309,473.109933036,0.866210647461,1.0,1724.41675484,0.431608107263,0.471795274315,0.023023955676,0.171019566334,0.432200585961,1.0,1.0,0.870256696429,15.1540178571,0.444196428571,1746.60825893,104206.647339,6331359.9707,4.15178571429,0.138392857143,405.421875,0.000122983077529,Class 4
0.748096699617,27.8861607143,35380.6944737,832.758370536,0.97101230695,1.0,3300.15159059,0.209424146324,0.217820783963,0.0285124486806,0.0570278123123,0.702863892938,1.0,1.0,0.971888950893,27.0212053571,0.857142857143,3315.99190848,204523.232535,12641020.8782,0.899553571429,-0.103794642857,823.714285714,2.66463334645e-05,Class 4
0.851981026786,42.9017857143,32835.7598427,903.40359933,0.955403549154,1.0,3569.95608871,0.142239308344,0.155581044486,0.0276078204719,0.0792277170095,0.345569205791,1.0,1.0,0.956752232143,29.2700892857,0.921875,3579.27566964,220366.78064,13607987.7245,1.38392857143,-0.0691964285714,885.921875,4.09943591762e-05,Class 4
0.382463727679,139.430803571,23976.1116115,421.731584821,0.855061534749,1.0,1540.11948954,0.433891690245,0.477500780632,0.0225210384447,0.179839401025,0.399167777081,1.0,1.0,0.859444754464,13.7354910714,0.484375,1560.34012277,92338.5054147,5586031.99291,4.49776785714,-0.103794642857,356.084821429,0.000133231667323,Class 4
0.938805404974,19.3058035714,32128.6961303,939.796595982,0.979931597119,1.0,3734.78204932,0.0692387836074,0.0752322938707,0.0290430808554,0.0427286680802,0.326252266671,1.0,1.0,0.980538504464,30.3426339286,0.96875,3735.59905134,230777.594421,14275346.3663,0.622767857143,0.0345982142857,930.96875,1.84474616293e-05,Class 4
0.918297592474,6.43526785714,32951.1962452,924.81124442,0.993310532373,1.0,3677.37478347,0.0842658224046,0.0842658224046,0.029857713349,0.01745754826,0.879942733991,1.0,1.0,0.993512834821,29.7890625,0.957589285714,3679.96512277,227729.141436,14098826.7354,0.207589285714,0.103794642857,920.243303571,6.14915387643e-06,Class 4
0.389140226403,160.881696429,18359.0195783,366.071707589,0.832763309326,1.0,1281.88088867,0.43174104745,0.482130231138,0.0215619145607,0.196195449224,0.329230894554,1.0,1.0,0.837820870536,11.7979910714,0.535714285714,1299.12360491,75497.0958862,4522427.31509,5.18973214286,0.0345982142857,285.296875,0.000153728846911,Class 4
0.29690489477,315.328125,15391.9890204,400.323939732,0.672216086279,1.0,1227.27209829,0.465856200617,0.564364419227,0.0164947509766,0.274840149307,0.0771769606829,1.0,1.0,0.68212890625,12.6283482143,0.428571428571,1247.43387277,67527.0361067,3881254.62918,10.171875,0.311383928571,233.814732143,0.000301308539945,Class 4
0.354452327806,283.151785714,10212.1558297,303.98953683,0.705663424413,1.0,943.709152714,0.435555565035,0.524119665577,0.0172841597577,0.263293913492,0.0835166378869,1.0,1.0,0.714564732143,10.0334821429,0.529017857143,958.495535714,50624.3420585,2865078.83198,9.13392857143,-0.207589285714,169.462053571,0.000270562770563,Class 4
0.281658561862,311.037946429,23255.6582737,496.658342634,0.676675731363,1.0,1644.9989345,0.476669304282,0.57409754489,0.0165919089804,0.273430967658,0.0913484652991,1.0,1.0,0.686453683036,16.0189732143,0.354910714286,1671.31389509,93913.5907418,5519669.83046,10.0334821429,0.0345982142857,341.069196429,0.000297209104027,Class 4
0.290367904974,311.037946429,26134.700564,543.75516183,0.676675731363,1.0,1839.70411412,0.471036088227,0.568464328834,0.0165919089804,0.273430967658,0.0859559522884,1.0,1.0,0.686453683036,17.6104910714,0.40625,1868.26422991,106112.214539,6275222.09109,10.0334821429,-0.0345982142857,390.40625,0.000297209104027,Class 4
0.358099489796,188.767857143,19826.8828947,393.901646205,0.803775616276,1.0,1367.38433955,0.448364197201,0.507495089207,0.0204081632653,0.215154408138,0.274227614757,1.0,1.0,0.809709821429,12.7321428571,0.491071428571,1386.83872768,80068.9733887,4778961.13851,6.08928571429,0.0,300.3125,0.000180375180375,Class 4
0.75830078125,53.6272321429,34176.3207009,873.432896205,0.944254436442,1.0,3359.5129236,0.21052446199,0.222651806369,0.0269803416972,0.0934867737829,0.533800745786,1.0,1.0,0.945940290179,27.7131696429,0.866071428571,3375.88141741,207437.88882,12796959.5502,1.72991071429,0.518973214286,832.294642857,5.12429489702e-05,Class 4
0.455197704082,77.2232142857,20957.7811437,368.212472098,0.919726388476,1.0,1363.4977502,0.384402599115,0.408376640168,0.0256546954719,0.121446444727,0.585274230574,1.0,1.0,0.922154017857,11.7633928571,0.580357142857,1378.50055804,82996.4612863,5066829.77636,2.49107142857,0.138392857143,326.053571429,7.37898465171e-05,Class 4
0.896892936862,23.5959821429,1003.09527944,42.8162667411,0.975471952034,1.0,134.605306506,0.10676974098,0.113759458148,0.0287765191526,0.050059916916,0.507242745521,1.0,1.0,0.976213727679,1.28013392857,0.946428571429,134.824497768,7621.93419538,449544.70003,0.761160714286,0.103794642857,27.8861607143,2.25468975469e-05,Class 4
0.417420679209,139.430803571,17086.3654489,342.523297991,0.855061534749,1.0,1210.95624129,0.415715800018,0.459384569794,0.0225210384447,0.179839401025,0.375777245535,1.0,1.0,0.859444754464,11.0368303571,0.571428571429,1226.38085938,71653.882455,4304878.15966,4.49776785714,0.0345982142857,272.426339286,0.000133231667323,Class 4
0.368732063138,160.881696429,22743.3864138,421.731584821,0.832763309326,1.0,1492.82468973,0.44259122075,0.492928687386,0.0215619145607,0.196195449224,0.343500628978,1.0,1.0,0.837820870536,13.5279017857,0.479910714286,1513.2000558,88756.4695783,5343679.7723,5.18973214286,0.103794642857,338.924107143,0.000153728846911,Class 4
0.390455596301,148.011160714,20193.4801134,389.620117188,0.84614224458,1.0,1362.49605652,0.43055092972,0.476570121864,0.0221299151985,0.186579692929,0.369414419395,1.0,1.0,0.850795200893,12.3515625,0.524553571429,1380.49860491,80934.6420637,4871509.25684,4.77455357143,0.2421875,308.892857143,0.000141430539158,Class 4
0.326620296556,214.508928571,25333.1852639,477.391462054,0.777017745768,1.0,1670.46107387,0.464417223013,0.531611418474,0.019436583227,0.230586994147,0.233999704695,1.0,1.0,0.783761160714,15.4308035714,0.390625,1695.05691964,98364.5031564,5887552.66086,6.91964285714,0.0,371.100446429,0.000204971795881,Class 4
0.324926259566,281.006696429,13986.8528543,361.790178571,0.707893246956,1.0,1135.29344874,0.455487777095,0.543478869986,0.0173417694715,0.262442465217,0.106981783015,1.0,1.0,0.716727120536,11.5904017857,0.479910714286,1153.3094308,62756.8694807,3618586.23604,9.06473214286,0.103794642857,218.799107143,0.000268513052604,Class 4
0.300312898597,272.426339286,26021.7983049,522.347516741,0.716812537125,1.0,1776.81554946,0.47255321487,0.557855490832,0.0175784364039,0.258931612294,0.137720228455,1.0,1.0,0.725376674107,16.7801339286,0.399553571429,1804.11914063,103331.354954,6139864.37797,8.78794642857,0.103794642857,383.970982143,0.000260314180769,Class 4
0.441336495536,122.270089286,16201.4051072,323.256417411,0.872900115088,1.0,1160.97752442,0.401538459802,0.439830647205,0.0233331797074,0.165505739634,0.41760412354,1.0,1.0,0.876743861607,10.4832589286,0.598214285714,1175.03710938,69003.6116682,4157118.91395,3.94419642857,-0.0345982142857,263.845982143,0.000116833923652,Class 4
0.353944116709,270.28125,30866.2963821,644.37109375,0.719042359667,1.0,2259.09250899,0.439178040354,0.52378116662,0.0176391601562,0.258027390402,0.104060406783,1.0,1.0,0.7275390625,20.6897321429,0.526785714286,2290.07700893,133496.630598,8010275.12384,8.71875,0.138392857143,506.241071429,0.00025826446281,Class 4
0.305335220026,291.732142857,27852.899571,567.303571429,0.696744134244,1.0,1948.12312387,0.465672233344,0.557056339171,0.0170599489796,0.266596038837,0.103405160737,1.0,1.0,0.705915178571,18.3370535714,0.439732142857,1977.48214286,113472.971383,6749569.85629,9.41071428571,0.0,422.582589286,0.000278761642398,Class 4
0.506895727041,85.8035714286,13558.1968199,286.863420759,0.910807098307,1.0,1016.77634367,0.361206492312,0.387303389923,0.0251913265306,0.130671437673,0.525872932896,1.0,1.0,0.913504464286,8.99553571429,0.665178571429,1027.39787946,60985.0989816,3695305.07452,2.76785714286,0.276785714286,235.959821429,8.19887183524e-05,Class 4
0.569186463648,152.301339286,33851.936056,774.957728795,0.841682599495,1.0,2959.49530534,0.325409110078,0.372562526589,0.0219380904217,0.189849371617,0.196249838774,1.0,1.0,0.846470424107,25.3604910714,0.738839285714,2986.06333705,180246.95003,11018567.3499,4.91294642857,-0.311383928571,710.024553571,0.000145529975075,Class 4
0.374691087372,285.296875,30953.7153962,676.482561384,0.703433601871,1.0,2385.22873821,0.420885591183,0.510250226723,0.0172271728516,0.264134949953,0.0652450962286,1.0,1.0,0.71240234375,21.8314732143,0.555803571429,2416.35184152,140854.179539,8451640.39758,9.203125,0.0345982142857,534.127232143,0.000272612488522,Class 4
0.338358976403,195.203125,25907.0854749,485.954520089,0.797086148649,1.0,1685.86586809,0.459061304699,0.519775876929,0.0201568603516,0.219190246469,0.272836132862,1.0,1.0,0.80322265625,15.3962053571,0.401785714286,1710.0811942,99891.1355765,6000549.34489,6.296875,0.311383928571,379.680803571,0.000186524334252,Class 4
0.337123325893,212.363839286,29437.4457099,545.895926339,0.77924756831,1.0,1939.23676603,0.458685101848,0.525202459274,0.0195141227878,0.229371857137,0.231688643422,1.0,1.0,0.785923549107,17.6104910714,0.457589285714,1966.93833705,115270.405108,6936710.94952,6.85044642857,0.0345982142857,439.743303571,0.000202922077922,Class 4
0.857102997449,21.4508928571,33525.0782683,894.840541295,0.977701774577,1.0,3557.89223012,0.136627989388,0.143152213791,0.0289094886001,0.0464439506035,0.641110361918,1.0,1.0,0.978376116071,28.9933035714,0.924107142857,3566.47433036,220236.191842,13620389.2571,0.691964285714,-0.0691964285714,888.066964286,2.04971795881e-05,Class 4
0.42874083227,135.140625,34829.3385442,635.808035714,0.859521179834,1.0,2358.56722242,0.409441594778,0.451581392762,0.0227203369141,0.17636543481,0.384299904774,1.0,1.0,0.86376953125,20.3783482143,0.587053571429,2386.68387277,143652.682591,8768401.81375,4.359375,0.172991071429,564.158482143,0.000129132231405,Class 4
0.486537388393,87.9486607143,15299.8766607,310.411830357,0.908577275765,1.0,1103.256731,0.372175353253,0.398759545633,0.0250770413146,0.132909570516,0.529893322792,1.0,1.0,0.911342075893,9.72209821429,0.640625,1115.16489955,66354.9448329,4025850.91398,2.83705357143,0.311383928571,257.410714286,8.40384363112e-05,Class 4
0.279306839923,328.198660714,18432.798677,434.576171875,0.658837151025,1.0,1391.41443191,0.474285110412,0.577089061447,0.0162182243503,0.27883318447,0.0712968260959,1.0,1.0,0.669154575893,14.0814732143,0.375,1414.3875558,77470.363412,4484825.53779,10.5870535714,-0.0345982142857,272.426339286,0.000313606847698,Class 4
0.315678810587,246.685267857,20366.0722962,426.013113839,0.743570407633,1.0,1431.05862973,0.467318231775,0.544587341687,0.0183482267419,0.24736243052,0.173869243557,1.0,1.0,0.751325334821,13.7354910714,0.428571428571,1453.08565848,82383.9504482,4867022.36418,7.95758928571,0.0345982142857,302.457589286,0.000235717565263,Class 4
0.397929288903,180.1875,14680.3486355,331.819475446,0.812694906445,1.0,1114.72375753,0.426590954775,0.482941719531,0.020751953125,0.209580773647,0.269099561613,1.0,1.0,0.818359375,10.5870535714,0.564732142857,1129.96428571,64423.7144078,3818128.86187,5.8125,0.138392857143,238.104910714,0.00017217630854,Class 4
0.264120296556,366.810267857,19763.8243786,470.969168527,0.618700345263,1.0,1496.40630493,0.474799579788,0.589698819485,0.0155231709383,0.288757409293,0.0407128646276,1.0,1.0,0.630231584821,15.2578125,0.316964285714,1521.34793527,82903.0977347,4784433.74234,11.8325892857,-0.0345982142857,289.587053571,0.000350501770956,Class 4
0.276715959821,326.053571429,20462.5808607,473.109933036,0.661066973567,1.0,1499.03288654,0.476667327155,0.578483389832,0.016262755102,0.278191916139,0.0759440333028,1.0,1.0,0.671316964286,14.9464285714,0.348214285714,1523.57087054,84299.1413574,4909831.95896,10.5178571429,0.345982142857,300.3125,0.000311557129739,Class 4
0.323710538903,223.089285714,23040.6638695,451.702287946,0.768098455598,1.0,1551.9528954,0.465365749153,0.535229068835,0.0191326530612,0.235323613258,0.21704203798,1.0,1.0,0.775111607143,14.53125,0.415178571429,1575.15680804,90673.2644392,5402980.61282,7.19642857143,0.0691964285714,338.924107143,0.000213170667716,Class 4
0.314134247449,261.700892857,28253.7695958,548.036690848,0.727961649837,1.0,1927.42142992,0.466013542728,0.547847376167,0.017888283243,0.254302931488,0.147535993681,1.0,1.0,0.736188616071,17.921875,0.441964285714,1956.13504464,113077.997088,6753791.96261,8.44196428571,-0.207589285714,424.727678571,0.000250065590975,Class 4
0.665228396046,49.3370535714,6636.55490019,171.262137277,0.948714081527,1.0,610.009365675,0.265812507271,0.280736090182,0.027229464784,0.0879185597575,0.60775704859,1.0,1.0,0.950265066964,5.36272321429,0.801339285714,614.303850446,36524.9629168,2215138.18815,1.59151785714,0.172991071429,141.575892857,4.71435130526e-05,Class 4
0.504015864158,83.6584821429,14046.1761589,289.004185268,0.913036920849,1.0,1040.09025989,0.362100044665,0.387994216613,0.0253062345544,0.128406691121,0.532808367962,1.0,1.0,0.915666852679,9.16852678571,0.660714285714,1050.95061384,62510.1274501,3791810.51282,2.69866071429,0.172991071429,242.395089286,7.99390003935e-05,Class 4
0.365314094388,154.446428571,28104.1002219,483.81375558,0.839452776953,1.0,1774.05085699,0.444027444606,0.492299497936,0.0218431122449,0.19145977865,0.364229879365,1.0,1.0,0.844308035714,15.7767857143,0.428571428571,1797.93470982,106590.928676,6454448.5444,4.98214285714,-0.138392857143,411.857142857,0.000147579693034,Class 4
0.431251992985,83.6584821429,24624.231032,400.323939732,0.913036920849,1.0,1538.5319588,0.398202633314,0.423392546232,0.0253062345544,0.128406691121,0.573792974036,1.0,1.0,0.915666852679,13.2511160714,0.529017857143,1556.17103795,93802.2493635,5729966.31183,2.69866071429,-0.311383928571,368.955357143,7.99390003935e-05,Class 4
0.384297273597,128.705357143,27659.6837309,473.109933036,0.866210647461,1.0,1724.41675484,0.431608107263,0.471795274315,0.023023955676,0.171019566334,0.432200585961,1.0,1.0,0.870256696429,15.1540178571,0.444196428571,1746.60825893,104206.647339,6331359.9707,4.15178571429,0.138392857143,405.421875,0.000122983077529,Class 4
0.748096699617,27.8861607143,35380.6944737,832.758370536,0.97101230695,1.0,3300.15159059,0.209424146324,0.217820783963,0.0285124486806,0.0570278123123,0.702863892938,1.0,1.0,0.971888950893,27.0212053571,0.857142857143,3315.99190848,204523.232535,12641020.8782,0.899553571429,-0.103794642857,823.714285714,2.66463334645e-05,Class 4
0.350695551658,195.203125,20394.099317,404.60546875,0.797086148649,1.0,1398.80639886,0.452183443562,0.51332483491,0.0201568603516,0.219190246469,0.263302755475,1.0,1.0,0.80322265625,13.0435267857,0.477678571429,1418.93722098,81858.3873553,4883646.00309,6.296875,0.0345982142857,306.747767857,0.000186524334252,Class 4
0.336226482781,199.493303571,27195.5046506,496.658342634,0.792626503564,1.0,1766.05173708,0.459958427124,0.522443816934,0.0199924391143,0.221813773931,0.262700119642,1.0,1.0,0.798897879464,16.0881696429,0.415178571429,1791.42159598,104796.702855,6300289.94263,6.43526785714,-0.0345982142857,398.986607143,0.000190623770169,Class 4
0.551737882653,77.2232142857,10860.4377045,222.640485491,0.919726388476,1.0,873.475589549,0.335937093415,0.356556698282,0.0256546954719,0.121446444727,0.557284987101,1.0,1.0,0.922154017857,7.75,0.709821428571,881.843191964,52234.7143206,3161524.07563,2.49107142857,-0.553571428571,201.638392857,7.37898465171e-05,Class 4
0.311583227041,244.540178571,22781.3399172,462.406110491,0.745800230175,1.0,1555.58477071,0.470051784519,0.546500032284,0.0184164241869,0.24632606541,0.181337605686,1.0,1.0,0.753487723214,14.7388392857,0.397321428571,1579.39508929,90273.4782889,5357728.98194,7.88839285714,0.207589285714,334.633928571,0.000233667847304,Class 4
0.336405851403,199.493303571,24554.2939606,458.124581473,0.792626503564,1.0,1613.90263811,0.459860036391,0.522345426202,0.0199924391143,0.221813773931,0.262580764148,1.0,1.0,0.798897879464,14.8426339286,0.417410714286,1637.28655134,95249.9537964,5708988.17344,6.43526785714,-0.0345982142857,360.375,0.000190623770169,Class 4
0.338358976403,195.203125,25907.0854749,485.954520089,0.797086148649,1.0,1685.86586809,0.459061304699,0.519775876929,0.0201568603516,0.219190246469,0.272836132862,1.0,1.0,0.80322265625,15.3962053571,0.401785714286,1710.0811942,99891.1355765,6000549.34489,6.296875,0.311383928571,379.680803571,0.000186524334252,Class 4
0.654695471939,90.09375,34697.5330221,822.054547991,0.906347453222,1.0,3132.76166618,0.278139234692,0.305195581627,0.0249633789062,0.135121675094,0.37924787582,1.0,1.0,0.9091796875,26.2254464286,0.799107142857,3155.30915179,192650.278756,11846219.1632,2.90625,0.345982142857,767.941964286,8.608815427e-05,Class 4
0.422323421556,250.975446429,32089.1712286,717.157087054,0.739110762548,1.0,2557.02473486,0.398311558433,0.476725650293,0.018213700275,0.249401202025,0.0853236760142,1.0,1.0,0.747000558036,22.9386160714,0.609375,2587.68219866,152525.636292,9207325.05139,8.09598214286,0.2421875,585.609375,0.000239817001181,Class 4
0.703483737245,30.03125,6256.3643216,166.980608259,0.968782484407,1.0,574.584763683,0.236376342705,0.236376342705,0.0283813476562,0.060393337418,0.800209291595,1.0,1.0,0.9697265625,4.91294642857,0.825892857143,577.949776786,34869.3456508,2131034.28245,0.96875,0.484375,137.285714286,2.86960514233e-05,Class 4
0.351114078444,250.975446429,13251.4702037,336.101004464,0.739110762548,1.0,1081.22258397,0.445164526087,0.523777591959,0.018213700275,0.249401202025,0.140135789695,1.0,1.0,0.747000558036,10.8984375,0.517857142857,1097.71010045,60240.3953945,3491407.94921,8.09598214286,-0.0345982142857,212.363839286,0.000239817001181,Class 4
0.42066924426,135.140625,17219.2142652,336.101004464,0.859521179834,1.0,1215.33366208,0.413701800992,0.455841598977,0.0227203369141,0.17636543481,0.389743679266,1.0,1.0,0.86376953125,11.0368303571,0.573660714286,1230.67103795,72052.0646537,4333638.54481,4.359375,-0.172991071429,274.571428571,0.000129132231405,Class 4
0.398786272321,124.415178571,23156.7327175,426.013113839,0.870670292545,1.0,1492.19862511,0.423980243689,0.460785499597,0.0232294822226,0.167362789965,0.446856461815,1.0,1.0,0.874581473214,13.2165178571,0.508928571429,1511.1328125,89754.3310024,5440317.60377,4.01339285714,0.553571428571,347.504464286,0.000118883641611,Class 4
0.324926259566,281.006696429,13986.8528543,361.790178571,0.707893246956,1.0,1135.29344874,0.455487777095,0.543478869986,0.0173417694715,0.262442465217,0.106981783015,1.0,1.0,0.716727120536,11.5904017857,0.479910714286,1153.3094308,62756.8694807,3618586.23604,9.06473214286,0.103794642857,218.799107143,0.000268513052604,Class 4
0.293726084184,338.924107143,13706.9238089,381.057059152,0.647688038313,1.0,1157.39211577,0.461720400008,0.567874957529,0.0160049127073,0.281895783798,0.0512518639777,1.0,1.0,0.658342633929,12.2477678571,0.428571428571,1176.74107143,62419.9718018,3542396.97027,10.9330357143,0.0691964285714,210.21875,0.000323855437492,Class 4
0.468879544005,165.171875,34448.7391644,717.157087054,0.828303664241,1.0,2626.93167661,0.386769432318,0.437744673517,0.0213775634766,0.199274651709,0.259788181208,1.0,1.0,0.83349609375,22.8002232143,0.649553571429,2656.35965402,159428.530369,9716832.5578,5.328125,0.380580357143,624.220982143,0.000157828282828,Class 4
0.732830436862,60.0625,34405.204925,841.321428571,0.937564968815,1.0,3304.37026259,0.22738435265,0.245920803995,0.026611328125,0.101534427291,0.453124146969,1.0,1.0,0.939453125,27.3325892857,0.850446428571,3322.34933036,203923.55331,12573143.4318,1.9375,-0.138392857143,817.279017857,5.73921028466e-05,Class 4
0.346948740434,205.928571429,30488.5796266,571.585100446,0.785937035937,1.0,2017.8823578,0.453726619011,0.517909535836,0.0197504783163,0.225650657043,0.24157226655,1.0,1.0,0.792410714286,18.1986607143,0.479910714286,2046.15959821,120375.865461,7259077.3627,6.64285714286,0.276785714286,461.194196429,0.000196772924046,Class 4
0.274842554209,332.488839286,19868.0027792,460.265345982,0.65437750594,1.0,1471.50165692,0.476235714483,0.580358571606,0.0161310312699,0.280086884578,0.068997479796,1.0,1.0,0.664829799107,14.7734375,0.350446428571,1495.72795759,82375.9306902,4784566.13552,10.7254464286,0.103794642857,291.732142857,0.000317706283615,Class 4
0.311712771046,257.410714286,27654.5695073,541.614397321,0.732421294921,1.0,1872.40737257,0.468115342179,0.548732219195,0.0180165816327,0.252375401804,0.15641711273,1.0,1.0,0.740513392857,17.4375,0.428571428571,1900.48381696,109763.554653,6552601.65974,8.30357142857,0.0691964285714,411.857142857,0.000245966155057,Class 4
0.274842554209,332.488839286,19868.0027792,460.265345982,0.65437750594,1.0,1471.50165692,0.476235714483,0.580358571606,0.0161310312699,0.280086884578,0.068997479796,1.0,1.0,0.664829799107,14.7734375,0.350446428571,1495.72795759,82375.9306902,4784566.13552,10.7254464286,0.103794642857,291.732142857,0.000317706283615,Class 4
0.542879065689,40.7566964286,38036.6444814,680.764090402,0.957633371696,1.0,2638.03448432,0.325417738042,0.337539294259,0.02773518465,0.0762322622898,0.725693200827,1.0,1.0,0.958914620536,21.8314732143,0.683035714286,2660.89202009,163550.564863,10090982.3511,1.31473214286,0.172991071429,656.397321429,3.89446412174e-05,Class 4
0.389479033801,186.622767857,15072.6698095,351.086356027,0.806005438818,1.0,1137.7074767,0.43127788914,0.488477009607,0.0204931765187,0.213781864744,0.264260574082,1.0,1.0,0.811872209821,10.8292410714,0.553571428571,1153.49972098,65682.7534267,3889963.62816,6.02008928571,0.518973214286,242.395089286,0.000178325462416,Class 4
0.389479033801,186.622767857,15072.6698095,351.086356027,0.806005438818,1.0,1137.7074767,0.43127788914,0.488477009607,0.0204931765187,0.213781864744,0.264260574082,1.0,1.0,0.811872209821,10.8292410714,0.553571428571,1153.49972098,65682.7534267,3889963.62816,6.02008928571,0.518973214286,242.395089286,0.000178325462416,Class 4
0.290607063138,296.022321429,25277.7057662,528.769810268,0.692284489159,1.0,1757.33355105,0.474224052697,0.566727126252,0.0169515804369,0.268185516204,0.107335365961,1.0,1.0,0.701590401786,16.8147321429,0.388392857143,1784.8046875,101406.540336,5998107.3088,9.54910714286,0.276785714286,373.245535714,0.000282861078316,Class 4
0.36988799426,156.591517857,23554.0183439,438.857700893,0.83722295441,1.0,1530.98275064,0.441920088053,0.490165369489,0.0217487568758,0.193054143046,0.358180462976,1.0,1.0,0.842145647321,13.8046875,0.473214285714,1551.74246652,91276.1515677,5503840.5506,5.05133928571,0.380580357143,349.649553571,0.000149629410993,Class 4
0.436792490434,77.2232142857,24912.9919057,396.042410714,0.919726388476,1.0,1549.45119929,0.393448159069,0.414928226645,0.0256546954719,0.121446444727,0.603929360958,1.0,1.0,0.922154017857,13.2857142857,0.53125,1566.88783482,94664.7101353,5789531.9387,2.49107142857,-0.484375,373.245535714,7.37898465171e-05,Class 4
0.41578643176,120.125,20291.7673346,383.197823661,0.87512993763,1.0,1353.06501983,0.414527829167,0.45128637664,0.0234375,0.163629201979,0.447262723165,1.0,1.0,0.87890625,12.0401785714,0.549107142857,1369.85100446,81136.1390904,4910626.31802,3.875,0.345982142857,313.183035714,0.000114784205693,Class 4
0.41578643176,120.125,20291.7673346,383.197823661,0.87512993763,1.0,1353.06501983,0.414527829167,0.45128637664,0.0234375,0.163629201979,0.447262723165,1.0,1.0,0.87890625,12.0401785714,0.549107142857,1369.85100446,81136.1390904,4910626.31802,3.875,0.345982142857,313.183035714,0.000114784205693,Class 4
0.410963408801,145.866071429,17145.9566801,353.227120536,0.848372067122,1.0,1217.04823037,0.419619151313,0.464853954329,0.0222267617985,0.184920039046,0.363432468568,1.0,1.0,0.852957589286,11.140625,0.564732142857,1232.79017857,71852.1715785,4311012.72937,4.70535714286,0.276785714286,272.426339286,0.000139380821199,Class 4
0.35621611926,201.638392857,18183.0109038,378.916294643,0.790396681022,1.0,1295.30249169,0.448728437781,0.511890981514,0.0199111627073,0.223105752847,0.243331100404,1.0,1.0,0.796735491071,12.2477678571,0.5,1314.02678571,75161.8021589,4462729.29505,6.50446428571,0.0,278.861607143,0.000192673488128,Class 4
0.816854671556,49.3370535714,33243.3949761,896.981305804,0.948714081527,1.0,3496.3951355,0.168991369082,0.183396841061,0.027229464784,0.0879185597575,0.405131719232,1.0,1.0,0.950265066964,28.7511160714,0.901785714286,3508.61746652,215791.695234,13318471.4096,1.59151785714,0.2421875,866.616071429,4.71435130526e-05,Class 4
0.363630022321,167.316964286,30561.1124747,545.895926339,0.826073841699,1.0,1955.59560415,0.445576225459,0.497589292128,0.021286322146,0.200791369099,0.330141328753,1.0,1.0,0.831333705357,17.3683035714,0.473214285714,1982.01450893,117595.005877,7123719.64958,5.39732142857,0.276785714286,454.758928571,0.000159878000787,Class 4
0.587880660077,107.254464286,35170.1954444,772.816964286,0.888508872884,1.0,2958.49653694,0.318852160943,0.352449258673,0.0240765007175,0.151943275377,0.351360349976,1.0,1.0,0.891880580357,24.9799107143,0.75,2984.01339286,181510.800903,11139875.8534,3.45982142857,0.0,720.75,0.00010248589794,Class 4
0.336226482781,199.493303571,27195.5046506,496.658342634,0.792626503564,1.0,1766.05173708,0.459958427124,0.522443816934,0.0199924391143,0.221813773931,0.262700119642,1.0,1.0,0.798897879464,16.0881696429,0.415178571429,1791.42159598,104796.702855,6300289.94263,6.43526785714,-0.0345982142857,398.986607143,0.000190623770169,Class 4
0.359962930485,190.912946429,19134.4504891,398.183175223,0.801545793733,1.0,1335.68874452,0.447418668932,0.506560835675,0.0203237728197,0.2165132425,0.271013663054,1.0,1.0,0.807547433036,12.4899553571,0.497767857143,1354.72293527,78013.5699724,4649605.60193,6.15848214286,0.380580357143,291.732142857,0.000182424898334,Class 4
0.36402861926,156.591517857,26481.3033267,466.687639509,0.83722295441,1.0,1683.05582663,0.444813892466,0.493859015168,0.0217487568758,0.193054143046,0.358466256034,1.0,1.0,0.842145647321,15.0502232143,0.433035714286,1705.87751116,100822.900626,6095142.31979,5.05133928571,0.0345982142857,388.261160714,0.000149629410993,Class 4
0.735301737883,42.9017857143,35025.954431,841.321428571,0.955403549154,1.0,3287.95138686,0.222836909157,0.235885357963,0.0276078204719,0.0792277170095,0.587686076876,1.0,1.0,0.956752232143,27.0558035714,0.850446428571,3305.2578125,203394.782314,12556784.5793,1.38392857143,0.138392857143,817.279017857,4.09943591762e-05,Class 4
0.353415975765,171.607142857,26499.5953696,470.969168527,0.821614196614,1.0,1697.26725419,0.451007028657,0.504738147317,0.0211057079082,0.203779808125,0.323082947947,1.0,1.0,0.827008928571,15.2924107143,0.417410714286,1720.83258929,101285.575248,6109456.31578,5.53571428571,-0.0691964285714,388.261160714,0.000163977436705,Class 4
0.337123325893,212.363839286,29437.4457099,545.895926339,0.77924756831,1.0,1939.23676603,0.458685101848,0.525202459274,0.0195141227878,0.229371857137,0.231688643422,1.0,1.0,0.785923549107,17.6104910714,0.457589285714,1966.93833705,115270.405108,6936710.94952,6.85044642857,0.0345982142857,439.743303571,0.000202922077922,Class 4
0.344776387117,203.783482143,20280.8747628,406.746233259,0.788166858479,1.0,1398.53603471,0.455000591068,0.518829974518,0.0198305091079,0.224384680283,0.246475802246,1.0,1.0,0.794573102679,13.1127232143,0.470982142857,1418.91992188,81592.3979056,4858975.33108,6.57366071429,0.0345982142857,304.602678571,0.000194723206087,Class 4
0.492018096301,115.834821429,11871.4431645,280.441127232,0.879589582715,1.0,943.907790312,0.374064253012,0.409045721372,0.0236480090083,0.159816463932,0.416841268937,1.0,1.0,0.883231026786,8.64955357143,0.660714285714,954.551339286,55545.9488525,3329731.88703,3.73660714286,0.415178571429,210.21875,0.000110684769776,Class 4
0.456004862883,102.964285714,16883.1318284,323.256417411,0.892968517969,1.0,1184.95485535,0.390953912645,0.423166722799,0.0242944834184,0.147877174879,0.479955967217,1.0,1.0,0.896205357143,10.5178571429,0.607142857143,1198.62444196,71060.619036,4302965.69627,3.32142857143,-0.0691964285714,274.571428571,9.83864620228e-05,Class 4
0.382463727679,139.430803571,23976.1116115,421.731584821,0.855061534749,1.0,1540.11948954,0.433891690245,0.477500780632,0.0225210384447,0.179839401025,0.399167777081,1.0,1.0,0.859444754464,13.7354910714,0.484375,1560.34012277,92338.5054147,5586031.99291,4.49776785714,-0.103794642857,356.084821429,0.000133231667323,Class 4
0.465282206633,90.09375,17458.5342271,329.678710938,0.906347453222,1.0,1206.61404575,0.383340774425,0.411516156803,0.0249633789062,0.135121675094,0.525322920923,1.0,1.0,0.9091796875,10.5870535714,0.611607142857,1220.05803571,72785.5405797,4422096.95001,2.90625,0.0691964285714,283.151785714,8.608815427e-05,Class 4
0.415148676658,105.109375,23389.0465136,402.464704241,0.890738695426,1.0,1490.96865174,0.411869650973,0.444784914151,0.0241851806641,0.149921332524,0.495329308283,1.0,1.0,0.89404296875,13.0435267857,0.524553571429,1509.03097098,90220.2135271,5487614.09122,3.390625,-0.0345982142857,351.794642857,0.000100436179982,Class 4
0.864805883291,23.5959821429,33302.6923456,907.685128348,0.975471952034,1.0,3577.67548353,0.131713839295,0.137962133663,0.0287765191526,0.050059916916,0.627212627099,1.0,1.0,0.976213727679,29.1662946429,0.928571428571,3585.73688616,221363.038112,13688134.3103,0.761160714286,0.172991071429,892.357142857,2.25468975469e-05,Class 4
0.872050382653,42.9017857143,32477.9837574,916.248186384,0.955403549154,1.0,3614.67220383,0.125223804857,0.138662643949,0.0276078204719,0.0792277170095,0.249821537423,1.0,1.0,0.956752232143,29.6160714286,0.933035714286,3622.09095982,223018.655378,13772238.216,1.38392857143,0.0,896.647321429,4.09943591762e-05,Class 4
0.938944913903,10.7254464286,32426.2985789,935.515066964,0.988850887288,1.0,3726.24002079,0.0692387836074,0.0725008958087,0.0295836779536,0.0266090391354,0.622143187583,1.0,1.0,0.989188058036,30.2042410714,0.96875,3727.05329241,230513.208923,14267166.94,0.345982142857,0.0345982142857,930.96875,1.0248589794e-05,Class 4
0.371641820791,150.15625,24856.6116462,451.702287946,0.843912422037,1.0,1592.47205205,0.440552435454,0.486893563817,0.0220336914062,0.188222739133,0.375384989297,1.0,1.0,0.8486328125,14.2544642857,0.462053571429,1613.83761161,95320.8620257,5760506.7672,4.84375,0.345982142857,366.810267857,0.000143480257117,Class 4
0.671426578444,79.3683035714,34803.4976827,815.632254464,0.917496565934,1.0,3165.87175697,0.267418308479,0.292267059105,0.025537919025,0.123794860914,0.399485430989,1.0,1.0,0.919991629464,26.3984375,0.810267857143,3187.4422433,194971.671622,12000245.3718,2.56026785714,-0.0345982142857,778.667410714,7.58395644759e-05,Class 4
0.938805404974,19.3058035714,32128.6961303,939.796595982,0.979931597119,1.0,3734.78204932,0.0692387836074,0.0752322938707,0.0290430808554,0.0427286680802,0.326252266671,1.0,1.0,0.980538504464,30.3426339286,0.96875,3735.59905134,230777.594421,14275346.3663,0.622767857143,0.0345982142857,930.96875,1.84474616293e-05,Class 4
0.503896285077,115.834821429,10913.7518629,250.470424107,0.879589582715,1.0,893.26160279,0.36739444275,0.403535560773,0.0236480090083,0.159816463932,0.397793977052,1.0,1.0,0.883231026786,8.234375,0.674107142857,903.172991071,52363.6991664,3132631.2973,3.73660714286,-0.138392857143,197.348214286,0.000110684769776,Class 4
0.45777861926,96.5290178571,17529.6713198,329.678710938,0.899657985595,1.0,1212.66605944,0.388677567869,0.418904183747,0.0246261285276,0.141607262403,0.503274530621,1.0,1.0,0.902692522321,10.6908482143,0.604910714286,1226.46735491,72983.8297032,4428231.51971,3.11383928571,-0.0345982142857,283.151785714,9.22373081464e-05,Class 4
0.375847018495,195.203125,15857.5212818,344.6640625,0.797086148649,1.0,1179.59187133,0.438105669051,0.499204440508,0.0201568603516,0.219190246469,0.24565778055,1.0,1.0,0.80322265625,11.2444196429,0.535714285714,1196.29771205,68068.6387155,4029543.44759,6.296875,-0.103794642857,250.975446429,0.000186524334252,Class 4
0.868313536352,40.7566964286,32623.8980256,924.81124442,0.957633371696,1.0,3603.51782568,0.129306522269,0.138785784695,0.02773518465,0.0762322622898,0.403787017867,1.0,1.0,0.958914620536,29.5122767857,0.930803571429,3611.39146205,222422.184056,13737343.2611,1.31473214286,0.380580357143,894.502232143,3.89446412174e-05,Class 4
0.343660315689,208.073660714,19793.3537096,404.60546875,0.783707213395,1.0,1377.31958516,0.455342482802,0.520475872721,0.0196710703324,0.226903781625,0.237425748334,1.0,1.0,0.790248325893,12.9743303571,0.473214285714,1397.50362723,80133.4658116,4764514.74935,6.71205357143,0.103794642857,298.167410714,0.000198822642004,Class 4
0.851981026786,42.9017857143,32835.7598427,903.40359933,0.955403549154,1.0,3569.95608871,0.142239308344,0.155581044486,0.0276078204719,0.0792277170095,0.345569205791,1.0,1.0,0.956752232143,29.2700892857,0.921875,3579.27566964,220366.78064,13607987.7245,1.38392857143,-0.0691964285714,885.921875,4.09943591762e-05,Class 4
0.585987324617,102.964285714,6860.24466283,194.810546875,0.892968517969,1.0,652.907921618,0.319963375754,0.352054834167,0.0242944834184,0.147877174879,0.37850393504,1.0,1.0,0.896205357143,6.15848214286,0.747767857143,659.151785714,37646.9973319,2233409.5041,3.32142857143,0.138392857143,139.430803571,9.83864620228e-05,Class 4
0.857511559311,17.1607142857,33679.0896529,896.981305804,0.982161419661,1.0,3553.86890397,0.134643710053,0.139774304049,0.0291772959184,0.0389032426815,0.706886982009,1.0,1.0,0.982700892857,28.9241071429,0.924107142857,3562.20145089,220103.999093,13616299.544,0.553571428571,0.0691964285714,888.066964286,1.63977436705e-05,Class 4
0.417420679209,139.430803571,17086.3654489,342.523297991,0.855061534749,1.0,1210.95624129,0.415715800018,0.459384569794,0.0225210384447,0.179839401025,0.375777245535,1.0,1.0,0.859444754464,11.0368303571,0.571428571429,1226.38085938,71653.882455,4304878.15966,4.49776785714,0.0345982142857,272.426339286,0.000133231667323,Class 4
0.290367904974,311.037946429,26134.700564,543.75516183,0.676675731363,1.0,1839.70411412,0.471036088227,0.568464328834,0.0165919089804,0.273430967658,0.0859559522884,1.0,1.0,0.686453683036,17.6104910714,0.40625,1868.26422991,106112.214539,6275222.09109,10.0334821429,-0.0345982142857,390.40625,0.000297209104027,Class 4
0.281519052934,311.037946429,23116.2673684,494.517578125,0.676675731363,1.0,1636.54487872,0.476758950634,0.574187191242,0.0165919089804,0.273430967658,0.0914336918237,1.0,1.0,0.686453683036,15.9497767857,0.352678571429,1662.75083705,93383.2157942,5486819.73217,10.0334821429,0.0345982142857,338.924107143,0.000297209104027,Class 4
0.394242267219,130.850446429,22708.8745961,404.60546875,0.863980824918,1.0,1472.9199238,0.426866389403,0.467846902316,0.0229221266143,0.172819836771,0.418886711852,1.0,1.0,0.868094308036,13.1127232143,0.508928571429,1491.85295759,88361.4952829,5347901.87861,4.22098214286,-0.0345982142857,341.069196429,0.000125032795487,Class 4
0.554727359694,115.834821429,35331.2024392,749.268554687,0.879589582715,1.0,2863.09884202,0.338504109671,0.374753063032,0.0236480090083,0.159816463932,0.350283687795,1.0,1.0,0.883231026786,24.2879464286,0.723214285714,2889.80245536,175410.687029,10753854.1002,3.73660714286,-0.0691964285714,695.008928571,0.000110684769776,Class 4
0.872678172832,36.4665178571,32701.4664045,929.092773438,0.962093016781,1.0,3608.12545498,0.126611538495,0.130298395506,0.0279917814294,0.0700786052867,0.566888849501,1.0,1.0,0.963239397321,29.5122767857,0.933035714286,3615.68164063,222820.366255,13766103.6462,1.17633928571,0.518973214286,896.647321429,3.48452052998e-05,Class 4
0.445023517219,100.819196429,18658.8559238,346.804827009,0.895198340511,1.0,1267.36136534,0.396054185652,0.427625143896,0.0244044089804,0.145810396267,0.494216247975,1.0,1.0,0.898367745536,11.1752232143,0.587053571429,1282.11858259,76298.2721383,4629421.82258,3.25223214286,0.0345982142857,296.022321429,9.6336744064e-05,Class 4
0.402592873087,135.140625,20082.6816663,376.775530134,0.859521179834,1.0,1350.33914073,0.423088815923,0.465413465031,0.0227203369141,0.17636543481,0.399657674218,1.0,1.0,0.86376953125,12.1439732143,0.537946428571,1367.67996652,80538.0638166,4859240.11743,4.359375,0.0345982142857,308.892857143,0.000129132231405,Class 4
