0.535404550556,6896.59090909,5101318.25029,15434.754395,0.893941024989,1.0,56727.7474026,0.34879933624,0.380255132462,0.00315027438357,0.146877951194,0.433470370487,1.0,1.0,0.894353693182,62.4621212121,0.70202020202,56812.820847,27215571.8357,13431319407.3,27.0454545455,-1.93181818182,12479.5454545,1.60578670473e-06,Class 1
0.375114784206,9523.86363636,14062348.0116,31854.7058628,0.853537605937,1.0,118335.990092,0.437776854841,0.48182928188,0.00291432907187,0.18089551845,0.399147269364,1.0,1.0,0.854107481061,125.568181818,0.434343434343,118551.757874,58032033.8972,28976651597.6,37.3484848485,-0.643939393939,27257.9545455,2.2175149732e-06,Class 1
0.49576573819,7225.0,6406249.00127,17733.5476005,0.888890597607,1.0,66231.7587606,0.370956090116,0.403601811394,0.00311938627267,0.151495854335,0.446075031509,1.0,1.0,0.889322916667,72.1212121212,0.661616161616,66336.3826368,31988774.7601,15844262769.7,28.3333333333,-2.57575757576,14778.4090909,1.68225273829e-06,Class 1
0.405570860116,9195.45454545,9965017.19303,24958.3262463,0.858588033318,1.0,90476.015304,0.421622386125,0.464192284502,0.00294242728889,0.176984677575,0.394919633423,1.0,1.0,0.859138257576,97.8787878788,0.545454545455,90637.8504398,43879898.3668,21780525879.1,36.0606060606,0.0,20361.3636364,2.14104893964e-06,Class 1
0.535404550556,6896.59090909,5101318.25029,15434.754395,0.893941024989,1.0,56727.7474026,0.34879933624,0.380255132462,0.00315027438357,0.146877951194,0.433470370487,1.0,1.0,0.894353693182,62.4621212121,0.70202020202,56812.820847,27215571.8357,13431319407.3,27.0454545455,-1.93181818182,12479.5454545,1.60578670473e-06,Class 1
0.49576573819,7225.0,6406249.00127,17733.5476005,0.888890597607,1.0,66231.7587606,0.370956090116,0.403601811394,0.00311938627267,0.151495854335,0.446075031509,1.0,1.0,0.889322916667,72.1212121212,0.661616161616,66336.3826368,31988774.7601,15844262769.7,28.3333333333,-2.57575757576,14778.4090909,1.68225273829e-06,Class 1
0.47903275176,6568.18181818,7724902.89635,20360.7398353,0.89899145237,1.0,74756.6907447,0.377981036387,0.408388106656,0.00318156105075,0.142143168422,0.48717219166,1.0,1.0,0.899384469697,79.8484848485,0.636363636364,74874.7775232,36510767.8204,18193149579.3,25.7575757576,0.0,17077.2727273,1.52932067117e-06,Class 1
0.611927354352,4597.72727273,18843621.8838,51558.6476242,0.929294016659,1.0,202712.079652,0.300795131894,0.321765662709,0.00337765073548,0.110946645144,0.534752354222,1.0,1.0,0.929569128788,203.484848485,0.762626262626,202950.459341,102330800.092,51888968849.5,18.0303030303,-1.28787878788,49589.7727273,1.07052446982e-06,Class 1
0.375114784206,9523.86363636,14062348.0116,31854.7058628,0.853537605937,1.0,118335.990092,0.437776854841,0.48182928188,0.00291432907187,0.18089551845,0.399147269364,1.0,1.0,0.854107481061,125.568181818,0.434343434343,118551.757874,58032033.8972,28976651597.6,37.3484848485,-0.643939393939,27257.9545455,2.2175149732e-06,Class 1
0.750025507601,1970.45454545,18430647.4138,56484.6330645,0.969697435711,1.0,225102.510359,0.2088948715,0.217271677287,0.00366142279955,0.0589745669616,0.698344921698,1.0,1.0,0.969815340909,222.803030303,0.858585858586,225281.67383,114389458.516,58209613144.6,7.72727272727,-1.28787878788,55829.5454545,4.58796201351e-07,Class 1
0.522956841139,7553.40909091,5140678.22801,15106.3553656,0.883840170226,1.0,57380.7199945,0.356855924604,0.389450123829,0.00308889671803,0.156001560219,0.417402474549,1.0,1.0,0.884292140152,63.75,0.691919191919,57469.5987826,27383045.0784,13474023775.8,29.6212121212,-4.50757575758,12479.5454545,1.75871877185e-06,Class 1
0.902509947964,1642.04545455,17120404.5292,62724.2146223,0.974747863093,1.0,248505.532022,0.102062282661,0.109443223399,0.00369868781077,0.0511732172303,0.458572671581,1.0,1.0,0.974846117424,245.340909091,0.949494949495,248598.014976,126364349.531,64338066846.9,6.43939393939,0.643939393939,61740.9090909,3.82330167792e-07,Class 1
0.602744617896,2955.68181818,5367670.74364,14449.5573069,0.954546153567,1.0,56745.2191873,0.297114409509,0.309679618189,0.0035520191035,0.0803042631216,0.688450053628,1.0,1.0,0.954723011364,58.5984848485,0.747474747475,56812.9415857,28220503.6525,14200060844.1,11.5909090909,-1.93181818182,13464.7727273,6.88194302026e-07,Class 1
0.321905927967,15763.6363636,14245493.9959,36780.6913031,0.757579485688,1.0,127161.470463,0.465657330355,0.537809616074,0.00245618863977,0.240537572825,0.199844372778,1.0,1.0,0.758522727273,140.378787879,0.429292929293,127418.340497,60962877.2176,30065654863.4,61.8181818182,3.86363636364,27914.7727273,3.67036961081e-06,Class 1
0.320936639118,15763.6363636,11082582.2174,28570.7155692,0.757579485688,1.0,102247.699029,0.466216002539,0.538368288258,0.00245618863977,0.240537572825,0.200433124001,1.0,1.0,0.758522727273,115.909090909,0.424242424242,102460.014266,48234325.8237,23574193094.3,61.8181818182,-3.86363636364,21675.0,3.67036961081e-06,Class 1
0.45020916233,8867.04545455,7303304.67812,20689.1388647,0.8636384607,1.0,73107.349803,0.397663529171,0.438672446104,0.00297092406218,0.172982581628,0.381274672998,1.0,1.0,0.864169034091,80.4924242424,0.616161616162,73232.7119455,35087152.897,17317647221.2,34.7727272727,0.643939393939,16092.0454545,2.06458290608e-06,Class 1
0.375114784206,9523.86363636,14062348.0116,31854.7058628,0.853537605937,1.0,118335.990092,0.437776854841,0.48182928188,0.00291432907187,0.18089551845,0.399147269364,1.0,1.0,0.854107481061,125.568181818,0.434343434343,118551.757874,58032033.8972,28976651597.6,37.3484848485,-0.643939393939,27257.9545455,2.2175149732e-06,Class 1
0.602744617896,2955.68181818,5367670.74364,14449.5573069,0.954546153567,1.0,56745.2191873,0.297114409509,0.309679618189,0.0035520191035,0.0803042631216,0.688450053628,1.0,1.0,0.954723011364,58.5984848485,0.747474747475,56812.9415857,28220503.6525,14200060844.1,11.5909090909,-1.93181818182,13464.7727273,6.88194302026e-07,Class 1
0.516171819202,7881.81818182,5163633.89965,15763.1534243,0.878789742844,1.0,57707.2186764,0.360714998287,0.396468924053,0.00305880571966,0.160399336715,0.391329050468,1.0,1.0,0.879261363636,64.3939393939,0.686868686869,57797.9877504,27466781.6997,13495375960.1,30.9090909091,-2.57575757576,12479.5454545,1.8351848054e-06,Class 1
0.591674318947,5254.54545455,4318299.79424,13135.9611895,0.919193161896,1.0,49850.3065261,0.314165509553,0.337382742988,0.00331069328215,0.121923208768,0.508841332337,1.0,1.0,0.919507575758,54.0909090909,0.747474747475,49916.4915383,24117193.6988,11957934955.8,20.6060606061,-2.57575757576,11165.9090909,1.22345653694e-06,Class 1
0.580399959188,6896.59090909,3758950.45499,12150.7641014,0.893941024989,1.0,46238.2812445,0.323554629459,0.35287344971,0.00315027438357,0.146877951194,0.412821281039,1.0,1.0,0.894353693182,52.1590909091,0.742424242424,46304.0519076,21856181.7751,10698072346.7,27.0454545455,-4.50757575758,9852.27272727,1.60578670473e-06,Class 1
0.428272625242,8210.22727273,9277035.5221,23644.7301289,0.873739315463,1.0,85564.5853431,0.408200937958,0.446165895959,0.00302911327756,0.164693088958,0.430197594783,1.0,1.0,0.874230587121,92.0833333333,0.575757575758,85711.8951841,41618917.2301,20691501678.6,32.196969697,0.643939393939,19376.1363636,1.91165083896e-06,Class 1
0.475971839608,8538.63636364,6311336.44673,19047.1437179,0.868688888081,1.0,66226.1996175,0.383412155274,0.42277245626,0.00299981939174,0.16888640281,0.38093871273,1.0,1.0,0.869199810606,73.4090909091,0.646464646465,66336.3423906,31653797.4878,15588015624.1,33.4848484848,1.28787878788,14450.0,1.98811687252e-06,Class 1
0.520865217835,5911.36363636,6310363.19714,17076.7495418,0.909092307133,1.0,64926.5604121,0.354319094511,0.380702424183,0.00324533005391,0.132301776067,0.511980156244,1.0,1.0,0.909446022727,69.5454545455,0.681818181818,65022.8267656,31653828.2748,15758854032.7,23.1818181818,-2.57575757576,14778.4090909,1.37638860405e-06,Class 1
0.503775124987,5254.54545455,7616040.84864,18718.7446886,0.919193161896,1.0,73452.2612139,0.360752415558,0.382549133558,0.00331069328215,0.121923208768,0.574570239227,1.0,1.0,0.919507575758,77.2727272727,0.656565656566,73561.2216519,36175821.3351,18107740842.3,20.6060606061,-3.86363636364,17077.2727273,1.22345653694e-06,Class 1
0.489898989899,11494.3181818,3994178.84281,15106.3553656,0.823235041648,1.0,50812.2055042,0.373290001158,0.426220018389,0.00275410945142,0.202579528291,0.221751184742,1.0,1.0,0.82392282197,61.1742424242,0.671717171717,50901.4974569,23028494.4738,10997002926.1,45.0757575758,-1.93181818182,9852.27272727,2.67631117455e-06,Class 1
0.563564942353,6568.18181818,4394665.04086,14121.1582776,0.89899145237,1.0,51156.5510844,0.332548614734,0.362735977318,0.00318156105075,0.142143168422,0.428114367112,1.0,1.0,0.899384469697,56.6666666667,0.727272727273,51230.0474095,24452140.1841,12043343692.8,25.7575757576,-1.28787878788,11165.9090909,1.52932067117e-06,Class 1
0.548872564024,2955.68181818,7430974.32946,18061.9466298,0.954546153567,1.0,71170.5203355,0.324185017765,0.336750226444,0.0035520191035,0.0803042631216,0.711188013794,1.0,1.0,0.954723011364,72.7651515152,0.691919191919,71262.4988773,35589664.9858,17958275552.6,11.5909090909,-1.93181818182,17077.2727273,6.88194302026e-07,Class 1
0.538363432303,6239.77272727,5413897.2667,15763.1534243,0.904041879752,1.0,58697.1504696,0.345868345279,0.37423339066,0.0032132462742,0.137286347012,0.474236764849,1.0,1.0,0.904415246212,63.75,0.70202020202,58783.2351463,28387946.1082,14071926804.0,24.4696969697,-1.93181818182,13136.3636364,1.45285463761e-06,Class 1
0.506019793899,6239.77272727,6712458.58958,17405.1485711,0.904041879752,1.0,67875.06323,0.363328439452,0.389319082562,0.0032132462742,0.137286347012,0.512801661732,1.0,1.0,0.904415246212,72.7651515152,0.666666666667,67978.4079682,33077412.4112,16463517982.1,24.4696969697,-4.50757575758,15435.2272727,1.45285463761e-06,Class 1
0.648199163351,3284.09090909,3886530.11705,11822.3650721,0.949495726185,1.0,45268.1159313,0.274987227385,0.289749108862,0.00351634831736,0.0868587475263,0.624207279912,1.0,1.0,0.949692234848,47.6515151515,0.787878787879,45318.9654966,22274926.4557,11146510085.1,12.8787878788,-1.28787878788,10509.0909091,7.64660335585e-07,Class 1
0.331088664422,17077.2727273,8232433.80406,25615.124305,0.737377776162,1.0,83891.5560951,0.45726117333,0.536235173431,0.0023780716109,0.250060691203,0.1526665831,1.0,1.0,0.738399621212,99.1666666667,0.479797979798,84069.6283754,38520415.9454,18534763592.6,66.9696969697,1.28787878788,16748.8636364,3.97623374504e-06,Class 1
0.578971533517,5582.95454545,4503444.63501,13464.3602189,0.914142734515,1.0,51488.1418851,0.322142310664,0.346351424929,0.0032778123899,0.127183100793,0.49919519895,1.0,1.0,0.914476799242,56.0227272727,0.737373737374,51558.4766235,24870854.0777,12320943022.6,21.8939393939,-3.2196969697,11494.3181818,1.29992257049e-06,Class 1
0.642077339047,3284.09090909,4044241.42561,11822.3650721,0.949495726185,1.0,46579.6654306,0.278420881007,0.291819618157,0.00351634831736,0.0868587475263,0.644093620742,1.0,1.0,0.949692234848,48.9393939394,0.782828282828,46632.5616141,22944850.2132,11488165967.7,12.8787878788,-2.57575757576,10837.5,7.64660335585e-07,Class 1
0.593561881441,10180.6818182,1980373.21671,10508.7689547,0.843436751174,1.0,32460.8662977,0.308970578996,0.356066154251,0.00285932830664,0.188453760006,0.165096346298,1.0,1.0,0.84404592803,41.8560606061,0.757575757576,32511.1920591,13984539.14,6470067715.56,39.9242424242,-0.643939393939,5582.95454545,2.37044704031e-06,Class 1
0.521936537088,9195.45454545,4207425.64785,14777.9563363,0.858588033318,1.0,51147.2696881,0.357329139215,0.399742232204,0.00294242728889,0.176984677575,0.305159251896,1.0,1.0,0.859138257576,59.2424242424,0.69696969697,51229.9669171,23782185.6396,11530849401.6,36.0606060606,-1.28787878788,10509.0909091,2.14104893964e-06,Class 1
0.545913682277,6896.59090909,4753090.33216,14777.9563363,0.893941024989,1.0,54105.4628259,0.34296119985,0.374416996072,0.00315027438357,0.146877951194,0.424828666419,1.0,1.0,0.894353693182,59.8863636364,0.712121212121,54185.6286122,25875724.3206,12748007642.2,27.0454545455,-1.93181818182,11822.7272727,1.60578670473e-06,Class 1
0.510917253341,12151.1363636,3062045.36638,13792.7592482,0.813134186885,1.0,43600.1829002,0.357881092827,0.414104528587,0.00270389136143,0.20917817091,0.167483297586,1.0,1.0,0.813861268939,54.7348484848,0.691919191919,43676.6986879,19176425.171,8989771999.13,47.6515151515,-0.643939393939,7881.81818182,2.82924324166e-06,Class 1
0.522956841139,7553.40909091,5140678.22801,15106.3553656,0.883840170226,1.0,57380.7199945,0.356855924604,0.389450123829,0.00308889671803,0.156001560219,0.417402474549,1.0,1.0,0.884292140152,63.75,0.691919191919,57469.5987826,27383045.0784,13474023775.8,29.6212121212,-4.50757575758,12479.5454545,1.75871877185e-06,Class 1
0.465768799102,13793.1818182,3609406.12439,15106.3553656,0.787882049977,1.0,49167.0335213,0.382072440476,0.445508862446,0.00258532087118,0.224423232989,0.150052508352,1.0,1.0,0.788707386364,61.8181818182,0.651515151515,49259.4318792,21604879.5503,10121500568.1,54.0909090909,-2.57575757576,8867.04545455,3.21157340946e-06,Class 1
0.475563717988,7881.81818182,6835801.16848,18390.3456592,0.878789742844,1.0,69506.4514453,0.383045282759,0.417871132912,0.00305880571966,0.160399336715,0.428143167322,1.0,1.0,0.879261363636,75.9848484848,0.641414141414,69620.3528072,33496095.5179,16570278903.3,30.9090909091,-3.86363636364,15435.2272727,1.8351848054e-06,Class 1
0.552239567391,5582.95454545,5367251.59476,14777.9563363,0.914142734515,1.0,58044.3567154,0.336867583186,0.359456505859,0.0032778123899,0.127183100793,0.530014881469,1.0,1.0,0.914476799242,62.4621212121,0.712121212121,58126.4572107,28220472.8656,14029222435.5,21.8939393939,-4.50757575758,13136.3636364,1.29992257049e-06,Class 1
0.412917049281,14450.0,5201712.79373,19047.1437179,0.777781195214,1.0,61617.4623284,0.413731429377,0.480626983969,0.00254068256896,0.230048479281,0.170024464684,1.0,1.0,0.778645833333,74.696969697,0.59595959596,61738.5748716,27801666.6112,13239107879.9,56.6666666667,0.0,11822.7272727,3.36450547657e-06,Class 1
0.504591368228,9852.27272727,4410461.89747,14777.9563363,0.848487178555,1.0,53111.5910238,0.367272986199,0.411558630629,0.00288662941112,0.184717730809,0.296322647858,1.0,1.0,0.849076704545,61.8181818182,0.681818181818,53200.3409701,24619582.6398,11915209652.7,38.6363636364,-3.86363636364,10837.5,2.29398100675e-06,Class 1
0.902509947964,1642.04545455,17120404.5292,62724.2146223,0.974747863093,1.0,248505.532022,0.102062282661,0.109443223399,0.00369868781077,0.0511732172303,0.458572671581,1.0,1.0,0.974846117424,245.340909091,0.949494949495,248598.014976,126364349.531,64338066846.9,6.43939393939,0.643939393939,61740.9090909,3.82330167792e-07,Class 1
0.673247627793,3612.5,3145131.9554,10180.3699253,0.944445298804,1.0,39036.7990207,0.262517016555,0.278332134188,0.00348107608748,0.0931818571349,0.579921892946,1.0,1.0,0.944661458333,41.8560606061,0.808080808081,39079.3738773,19009044.2891,9459582856.46,14.1666666667,-1.93181818182,8867.04545455,8.41126369143e-07,Class 1
0.911998775635,1313.63636364,17124666.3772,62724.2146223,0.979798290474,1.0,249498.560099,0.0938653368487,0.0999467509025,0.00373635137827,0.0429188489899,0.494714675076,1.0,1.0,0.979876893939,245.984848485,0.954545454545,249583.222125,126950536.667,64658370545.2,5.15151515152,0.0,62069.3181818,3.05864134234e-07,Class 1
0.456535047444,11165.9090909,5370621.70106,18061.9466298,0.828285469029,1.0,60972.642837,0.393893733011,0.445585752468,0.00277981633082,0.199166835417,0.263497375567,1.0,1.0,0.828953598485,70.8333333333,0.636363636364,61081.8774285,28304147.913,13708897802.6,43.7878787879,0.0,12479.5454545,2.59984514099e-06,Class 1
0.498673604734,8538.63636364,5385573.14591,16748.3505124,0.868688888081,1.0,59671.2515032,0.370841478292,0.410201779278,0.00299981939174,0.16888640281,0.362688277616,1.0,1.0,0.869199810606,66.9696969697,0.671717171717,59768.3618035,28304178.7,13879736211.2,33.4848484848,-1.28787878788,12807.9545455,1.98811687252e-06,Class 1
0.754259769411,3612.5,1676050.88183,6239.58157302,0.944445298804,1.0,24607.1346347,0.213010775432,0.227148330364,0.00348107608748,0.0931818571349,0.513797292283,1.0,1.0,0.944661458333,27.6893939394,0.863636363636,24629.8165857,11639882.9558,5701368148.05,14.1666666667,-3.2196969697,5254.54545455,8.41126369143e-07,Class 1
0.386593204775,8538.63636364,14893411.4547,34153.4990683,0.868688888081,1.0,123914.942826,0.430285179021,0.468282084701,0.00299981939174,0.16888640281,0.443302234703,1.0,1.0,0.869199810606,130.075757576,0.444444444444,124134.571557,61130442.8211,30620874457.7,33.4848484848,3.86363636364,28900.0,1.98811687252e-06,Class 2
0.715794306703,3612.5,18260498.586,56813.0320939,0.944445298804,1.0,221466.566515,0.237271920864,0.253087038497,0.00348107608748,0.0931818571349,0.537914059401,1.0,1.0,0.944661458333,220.871212121,0.838383838384,221669.234199,112128446.592,56949750535.5,14.1666666667,1.93181818182,54515.9090909,8.41126369143e-07,Class 2
0.368380777472,10180.6818182,13715040.1206,32183.1048922,0.843436751174,1.0,116365.601473,0.442188595085,0.489000657438,0.00285932830664,0.188453760006,0.374764905909,1.0,1.0,0.84404592803,124.28030303,0.434343434343,116581.343574,56859659.6247,28336044200.9,39.9242424242,1.93181818182,26601.1363636,2.37044704031e-06,Class 2
0.477247219671,6896.59090909,7547824.21527,21017.537894,0.893941024989,1.0,73771.798411,0.380001690993,0.410610891566,0.00315027438357,0.146877951194,0.480935242051,1.0,1.0,0.894353693182,79.2045454545,0.636363636364,73889.5703735,35924580.6842,17872845880.9,27.0454545455,3.2196969697,16748.8636364,1.60578670473e-06,Class 2
0.6975818794,2627.27272727,3100402.03439,11165.5670134,0.959596580948,1.0,38056.5724758,0.2438463971,0.250457677988,0.00358808844591,0.0734939575495,0.710196140855,1.0,1.0,0.959753787879,39.9242424242,0.823232323232,38094.2069739,18757834.4251,9395526303.72,10.303030303,3.86363636364,8867.04545455,6.11728268468e-07,Class 2
0.475767778798,6568.18181818,7920664.76276,21674.3359528,0.89899145237,1.0,76067.7609924,0.379892601231,0.408294874226,0.00318156105075,0.142143168422,0.505030080753,1.0,1.0,0.899384469697,81.1363636364,0.631313131313,76188.3736406,37180691.578,18534805461.9,25.7575757576,3.86363636364,17405.6818182,1.52932067117e-06,Class 2
0.481124375064,6896.59090909,7349713.91989,20689.1388647,0.893941024989,1.0,72460.7458539,0.377987523758,0.408596724332,0.00315027438357,0.146877951194,0.478568958314,1.0,1.0,0.894353693182,77.9166666667,0.641414141414,72575.9742561,35254656.9266,17531189998.3,27.0454545455,3.2196969697,16420.4545455,1.60578670473e-06,Class 2
0.778594021018,3284.09090909,1430848.45325,6567.98060238,0.949495726185,1.0,21655.8392325,0.19615326248,0.210915143957,0.00351634831736,0.0868587475263,0.480188569046,1.0,1.0,0.949692234848,24.4696969697,0.878787878788,21674.235383,10216298.8193,4996704198.63,12.8787878788,1.28787878788,4597.72727273,7.64660335585e-07,Class 2
0.720079583716,5582.95454545,17668324.6094,57798.2291819,0.914142734515,1.0,224747.580932,0.23526582236,0.261047282878,0.0032778123899,0.127183100793,0.306609919329,1.0,1.0,0.914476799242,226.022727273,0.843434343434,224953.164124,113300790.077,57419519523.6,21.8939393939,0.643939393939,54844.3181818,1.29992257049e-06,Class 2
0.57519640853,8867.04545455,17935798.5833,52872.2437416,0.8636384607,1.0,201702.888127,0.32511195975,0.366120876683,0.00297092406218,0.172982581628,0.264963768857,1.0,1.0,0.864169034091,206.704545455,0.742424242424,201965.131453,100739681.139,50799923714.4,34.7727272727,0.643939393939,48276.1363636,2.06458290608e-06,Class 2
0.540404040404,4926.13636364,6238140.81343,17733.5476005,0.924243589278,1.0,63947.824153,0.340406372438,0.362549194653,0.00334397273068,0.116514087703,0.563812155514,1.0,1.0,0.924538352273,67.6136363636,0.69696969697,64037.6598622,31402618.4108,15694797480.0,19.3181818182,1.93181818182,14778.4090909,1.14699050338e-06,Class 2
0.44112845628,6568.18181818,10190187.6698,24629.927217,0.89899145237,1.0,90489.6670103,0.397153719046,0.42734108163,0.00318156105075,0.142143168422,0.513072427499,1.0,1.0,0.899384469697,95.303030303,0.575757575758,90637.9309322,44549852.9113,22293020170.3,25.7575757576,1.28787878788,21018.1818182,1.52932067117e-06,Class 2
0.856800326497,1970.45454545,17439030.8978,61410.6185048,0.969697435711,1.0,242233.069787,0.138656909918,0.147033715705,0.00366142279955,0.0589745669616,0.551165424902,1.0,1.0,0.969815340909,239.545454545,0.924242424242,242358.423356,123098467.364,62651139618.2,7.72727272727,1.28787878788,60098.8636364,4.58796201351e-07,Class 2
0.605958575656,4597.72727273,4280857.46102,13792.7592482,0.929294016659,1.0,49197.2284822,0.304090621891,0.325061152706,0.00337765073548,0.110946645144,0.539483620072,1.0,1.0,0.929569128788,52.803030303,0.757575757576,49259.7136027,23949720.4561,11915230587.3,18.0303030303,1.28787878788,11165.9090909,1.07052446982e-06,Class 2
0.4334761759,6896.59090909,10421523.1361,25286.7252757,0.893941024989,1.0,92126.7128871,0.402127857381,0.433583653603,0.00315027438357,0.146877951194,0.500518443779,1.0,1.0,0.894353693182,97.2348484848,0.565656565657,92279.9160175,45303513.2902,22656028237.1,27.0454545455,1.93181818182,21346.5909091,1.60578670473e-06,Class 2
0.470054076115,5911.36363636,8886774.95418,22987.9320702,0.909092307133,1.0,81971.1028717,0.38045494753,0.405585364889,0.00324533005391,0.132301776067,0.548235744868,1.0,1.0,0.909446022727,86.2878787879,0.616161616162,82099.5762921,40362837.1232,20200380506.3,23.1818181818,3.86363636364,19047.7272727,1.37638860405e-06,Class 2
0.574125089277,2627.27272727,6627348.30147,17733.5476005,0.959596580948,1.0,65599.1276933,0.309042744846,0.318910181221,0.00358808844591,0.0734939575495,0.737449667344,1.0,1.0,0.959753787879,66.9696969697,0.717171717172,65679.7254398,32826233.3342,16570299838.0,10.303030303,2.57575757576,15763.6363636,6.11728268468e-07,Class 2
0.413121110091,9195.45454545,9348026.21646,24301.5281876,0.858588033318,1.0,86543.0872051,0.417717997283,0.460131090271,0.00294242728889,0.176984677575,0.391934068364,1.0,1.0,0.859138257576,94.0151515152,0.560606060606,86697.0620876,41870127.0941,20755558231.3,36.0606060606,1.28787878788,19376.1363636,2.14104893964e-06,Class 2
0.511937557392,5254.54545455,7220581.76532,20032.340806,0.919193161896,1.0,70829.9389343,0.356613781885,0.378410499886,0.00331069328215,0.121923208768,0.570501406384,1.0,1.0,0.919507575758,74.696969697,0.666666666667,70934.0294171,34835973.82,17424429077.1,20.6060606061,3.86363636364,16420.4545455,1.22345653694e-06,Class 2
0.522344658708,6568.18181818,5797399.51694,18061.9466298,0.89899145237,1.0,61645.8148898,0.355461343553,0.383863616549,0.00318156105075,0.142143168422,0.476294115981,1.0,1.0,0.899384469697,66.9696969697,0.686868686869,61738.8163489,29811530.2447,14776590753.4,25.7575757576,3.86363636364,13793.1818182,1.52932067117e-06,Class 2
0.576522803796,1642.04545455,7320556.44658,18390.3456592,0.974747863093,1.0,69867.6035725,0.297842368165,0.303330297743,0.00369868781077,0.0511732172303,0.822976395663,1.0,1.0,0.974846117424,70.1893939394,0.712121212121,69948.9430061,35254718.5005,17872866815.6,6.43939393939,1.93181818182,17077.2727273,3.82330167792e-07,Class 2
0.533108866442,3940.90909091,7315412.70068,19047.1437179,0.939394871422,1.0,70836.9559599,0.338931287835,0.356808250718,0.00344620241388,0.0992935610842,0.635953809832,1.0,1.0,0.939630681818,73.4090909091,0.681818181818,70934.0696633,35170951.0922,17680676222.7,15.4545454545,1.28787878788,16748.8636364,9.17592402702e-07,Class 2
0.502091623304,3940.90909091,8935730.29717,21674.3359528,0.939394871422,1.0,81326.9857971,0.354172684197,0.372049647079,0.00344620241388,0.0992935610842,0.650138048668,1.0,1.0,0.939630681818,83.7121212121,0.641414141414,81442.8386027,40530341.1528,20413923283.4,15.4545454545,1.28787878788,19376.1363636,9.17592402702e-07,Class 2
0.848127742067,1970.45454545,962558.30838,4925.9854556,0.969697435711,1.0,15097.1192361,0.145140442203,0.151070025438,0.00366142279955,0.0589745669616,0.629155945186,1.0,1.0,0.969815340909,16.7424242424,0.919191919192,15106.2950421,7201657.30372,3544671931.31,7.72727272727,2.57575757576,3284.09090909,4.58796201351e-07,Class 2
0.512141618202,5911.36363636,6689004.32707,19375.5427473,0.909092307133,1.0,67548.8327354,0.359009772769,0.384140190128,0.00324533005391,0.132301776067,0.525983271873,1.0,1.0,0.909446022727,72.1212121212,0.671717171717,67650.0190004,32993675.7899,16442165797.9,23.1818181818,3.86363636364,15435.2272727,1.37638860405e-06,Class 2
0.498010407101,3284.09090909,9926494.74288,22987.9320702,0.949495726185,1.0,87232.0659318,0.351312628165,0.366074509642,0.00351634831736,0.0868587475263,0.699496634312,1.0,1.0,0.949692234848,88.8636363636,0.626262626263,87354.0412542,43712486.698,22079498327.8,12.8787878788,1.28787878788,21018.1818182,7.64660335585e-07,Class 2
0.773288439955,1970.45454545,2000196.63837,7881.5767198,0.969697435711,1.0,26907.4934585,0.194911646011,0.200841229246,0.00366142279955,0.0589745669616,0.715484796208,1.0,1.0,0.969815340909,28.3333333333,0.873737373737,26928.6600989,13230971.1219,6619574874.56,7.72727272727,2.57575757576,6239.77272727,4.58796201351e-07,Class 2
0.630088766452,3284.09090909,4366475.52988,14121.1582776,0.949495726185,1.0,49202.7076906,0.285048167699,0.296024026854,0.00351634831736,0.0868587475263,0.671306103114,1.0,1.0,0.949692234848,51.5151515152,0.772727272727,49259.7538489,24284697.7284,12171477732.9,12.8787878788,3.86363636364,11494.3181818,7.64660335585e-07,Class 2
0.551882460973,8538.63636364,3683255.70598,14449.5573069,0.868688888081,1.0,46560.6343703,0.340039420848,0.378891030064,0.00299981939174,0.16888640281,0.318900541082,1.0,1.0,0.869199810606,54.0909090909,0.722222222222,46632.4006292,21604941.1242,10463177385.3,33.4848484848,2.57575757576,9523.86363636,1.98811687252e-06,Class 2
0.653861850832,3612.5,3592551.6228,12807.5621601,0.944445298804,1.0,42971.5917249,0.273810631642,0.285250414271,0.00348107608748,0.0931818571349,0.63683915049,1.0,1.0,0.944661458333,45.7196969697,0.792929292929,43020.1622296,21018815.5618,10484550504.2,14.1666666667,4.50757575758,9852.27272727,8.41126369143e-07,Class 2
0.583511886542,4597.72727273,4952342.60134,15763.1534243,0.929294016659,1.0,54442.6392505,0.316498088668,0.334869566114,0.00337765073548,0.110946645144,0.579669216809,1.0,1.0,0.929569128788,57.9545454545,0.737373737374,54514.0980724,26629415.4864,13281854117.6,18.0303030303,3.86363636364,12479.5454545,1.07052446982e-06,Class 2
0.545097439037,5911.36363636,5391416.88983,16748.3505124,0.909092307133,1.0,58370.7478461,0.341436757232,0.367820086903,0.00324533005391,0.132301776067,0.495594706117,1.0,1.0,0.909446022727,63.1060606061,0.707070707071,58454.8461785,28304209.4869,14050574619.8,23.1818181818,2.57575757576,13136.3636364,1.37638860405e-06,Class 2
0.44133251709,6896.59090909,9794357.61149,24629.927217,0.893941024989,1.0,88193.4428874,0.398305889358,0.428915089931,0.00315027438357,0.146877951194,0.501012903932,1.0,1.0,0.894353693182,93.3712121212,0.580808080808,88339.1276652,43293742.0175,21631060589.3,27.0454545455,3.2196969697,20361.3636364,1.60578670473e-06,Class 2
0.72762983369,6568.18181818,1032212.16098,6896.37963174,0.89899145237,1.0,19681.2499549,0.22660175974,0.256789122324,0.00318156105075,0.142143168422,0.199402027056,1.0,1.0,0.899384469697,25.7575757576,0.848484848485,19703.7405913,8373970.00233,3843602510.77,25.7575757576,1.28787878788,3284.09090909,1.52932067117e-06,Class 2
0.608560350985,5582.95454545,3692979.39597,13464.3602189,0.914142734515,1.0,44931.5540236,0.305469289523,0.329678403787,0.0032778123899,0.127183100793,0.474705122712,1.0,1.0,0.914476799242,49.5833333333,0.762626262626,44990.4960364,21521235.2898,10612663609.7,21.8939393939,3.2196969697,9852.27272727,1.29992257049e-06,Class 2
0.498673604734,7553.40909091,6052168.36747,18718.7446886,0.883840170226,1.0,63936.0221613,0.370025580476,0.403792071102,0.00308889671803,0.156001560219,0.427696832764,1.0,1.0,0.884292140152,70.1893939394,0.666666666667,64037.5793697,30732663.8663,15182303188.8,29.6212121212,3.2196969697,14121.5909091,1.75871877185e-06,Class 2
0.412457912458,6568.18181818,13637272.3496,29884.3116867,0.89899145237,1.0,112780.137015,0.411186681846,0.441593752115,0.00318156105075,0.142143168422,0.526107166463,1.0,1.0,0.899384469697,117.196969697,0.489898989899,112969.064928,55938556.7901,28101170174.2,25.7575757576,0.0,26601.1363636,1.52932067117e-06,Class 2
0.72762983369,6896.59090909,17255689.4126,58455.0272406,0.893941024989,1.0,227380.731993,0.22491394226,0.256789122324,0.00315027438357,0.146877951194,0.16491365385,1.0,1.0,0.894353693182,229.886363636,0.848484848485,227580.316112,114305660.32,57846584143.2,27.0454545455,-0.643939393939,55172.7272727,1.60578670473e-06,Class 2
0.410825425977,9523.86363636,9167026.17996,23644.7301289,0.853537605937,1.0,85558.3480527,0.419295411418,0.463347838457,0.00291432907187,0.18089551845,0.376573487896,1.0,1.0,0.854107481061,93.3712121212,0.560606060606,85711.8549379,41283939.9578,20435254533.0,37.3484848485,-0.643939393939,19047.7272727,2.2175149732e-06,Class 2
0.587542087542,9195.45454545,2504109.22858,11493.9660427,0.858588033318,1.0,36724.8697554,0.316403654603,0.35897355298,0.00294242728889,0.176984677575,0.227987023134,1.0,1.0,0.859138257576,45.0757575758,0.752525252525,36780.4096254,16413024.3063,7772634693.16,36.0606060606,0.0,6896.59090909,2.14104893964e-06,Class 2
0.79456177941,3940.90909091,17458399.5495,59440.2243287,0.939394871422,1.0,234967.731767,0.184743955474,0.202620918357,0.00344620241388,0.0992935610842,0.352543378651,1.0,1.0,0.939630681818,234.393939394,0.888888888889,235133.584341,118911420.789,60387661545.6,15.4545454545,-1.28787878788,57800.0,9.17592402702e-07,Class 2
0.680287725742,3612.5,2999930.35529,11165.5670134,0.944445298804,1.0,37725.1540625,0.258566237609,0.272703792542,0.00348107608748,0.0931818571349,0.593483809021,1.0,1.0,0.944661458333,40.5681818182,0.813131313131,37765.7777599,18339120.5315,9117926973.88,14.1666666667,3.2196969697,8538.63636364,8.41126369143e-07,Class 2
0.498418528722,3284.09090909,9920289.88199,23644.7301289,0.949495726185,1.0,87232.0659318,0.351312628165,0.36228848732,0.00351634831736,0.0868587475263,0.719223380613,1.0,1.0,0.949692234848,88.8636363636,0.626262626263,87354.0412542,43712486.698,22079498327.8,12.8787878788,3.86363636364,21018.1818182,7.64660335585e-07,Class 2
0.399449035813,10509.0909091,9025104.00112,24958.3262463,0.838386323792,1.0,85226.2247562,0.426315925842,0.473726114267,0.00283242575843,0.192105887631,0.345939567772,1.0,1.0,0.839015151515,94.0151515152,0.550505050505,85383.4257239,40865226.0643,20157655203.1,41.2121212121,3.86363636364,18719.3181818,2.44691307387e-06,Class 2
0.547342107948,6568.18181818,4905259.89184,16091.5524537,0.89899145237,1.0,55090.112251,0.341695702443,0.371219465396,0.00318156105075,0.142143168422,0.4491741164,1.0,1.0,0.899384469697,60.5303030303,0.712121212121,55170.8357618,26461911.4568,13068311340.5,25.7575757576,2.57575757576,12151.1363636,1.52932067117e-06,Class 2
0.753494541373,3940.90909091,17826109.5815,58455.0272406,0.939394871422,1.0,228377.948562,0.21366580281,0.231542765692,0.00344620241388,0.0992935610842,0.436857133228,1.0,1.0,0.939630681818,227.954545455,0.863636363636,228565.603754,115561802.001,58679382132.7,15.4545454545,1.28787878788,56157.9545455,9.17592402702e-07,Class 2
0.470717273748,8867.04545455,6330000.52868,20032.340806,0.8636384607,1.0,66552.6030674,0.386858059155,0.425894372129,0.00297092406218,0.172982581628,0.380322642365,1.0,1.0,0.864169034091,74.053030303,0.641414141414,66664.7313584,31737534.1091,15609367808.3,34.7727272727,4.50757575758,14450.0,2.06458290608e-06,Class 2
0.727782879298,7225.0,17170181.4913,58455.0272406,0.888890597607,1.0,227710.438767,0.222877421555,0.256125522694,0.00311938627267,0.151495854335,0.138466937785,1.0,1.0,0.889322916667,230.53030303,0.848484848485,227908.70508,114389396.942,57867936327.4,28.3333333333,-1.28787878788,55172.7272727,1.68225273829e-06,Class 2
0.611723293541,6568.18181818,18292520.1235,53529.0418003,0.89899145237,1.0,205986.888721,0.304492804766,0.33468016735,0.00318156105075,0.142143168422,0.380480359993,1.0,1.0,0.899384469697,208.636363636,0.767676767677,206234.389266,103503143.578,52358737837.6,25.7575757576,1.28787878788,49918.1818182,1.52932067117e-06,Class 2
0.417202326293,10509.0909091,7814233.1485,22987.9320702,0.838386323792,1.0,77360.8910178,0.416709988605,0.46412017703,0.00283242575843,0.192105887631,0.334052911907,1.0,1.0,0.839015151515,86.2878787879,0.580808080808,77501.8490194,36845683.5188,18107719907.6,41.2121212121,3.86363636364,16748.8636364,2.44691307387e-06,Class 2
0.45867768595,9523.86363636,6380345.56678,19375.5427473,0.853537605937,1.0,67205.4447968,0.393457052229,0.437509479268,0.00291432907187,0.18089551845,0.341451029499,1.0,1.0,0.854107481061,75.3409090909,0.631313131313,67321.509294,31905007.3518,15652072176.8,37.3484848485,0.643939393939,14450.0,2.2175149732e-06,Class 3
0.474492398735,4597.72727273,10033605.9265,23973.1291583,0.929294016659,1.0,88534.6405282,0.371700238947,0.3917141778,0.00337765073548,0.110946645144,0.623046032131,1.0,1.0,0.929569128788,91.4393939394,0.606060606061,88667.5971254,44047433.1833,22164907064.8,18.0303030303,2.57575757576,21018.1818182,1.07052446982e-06,Class 3
0.504591368228,7225.0,6030911.66045,18061.9466298,0.888890597607,1.0,63609.6452173,0.366136347753,0.399384448892,0.00311938627267,0.151495854335,0.434059265142,1.0,1.0,0.889322916667,69.5454545455,0.671717171717,63709.1904019,30648927.2449,15160951004.5,28.3333333333,1.28787878788,14121.5909091,1.68225273829e-06,Class 3
0.426640138761,6896.59090909,11046285.8758,25943.5233344,0.893941024989,1.0,96060.0585374,0.405469738095,0.437344918159,0.00315027438357,0.146877951194,0.501215425172,1.0,1.0,0.894353693182,101.098484848,0.550505050505,96220.7043697,47313284.5629,23680995884.8,27.0454545455,0.643939393939,22331.8181818,1.60578670473e-06,Class 3
0.39072543618,9523.86363636,11005467.6237,27257.1194518,0.853537605937,1.0,97357.2221336,0.429827961778,0.473577247821,0.00291432907187,0.18089551845,0.391621134699,1.0,1.0,0.854107481061,104.962121212,0.515151515152,97534.2199947,47313253.776,23510157476.2,37.3484848485,1.93181818182,22003.4090909,2.2175149732e-06,Class 3
0.402458932762,8538.63636364,11152346.0091,26600.3213931,0.868688888081,1.0,97689.9721576,0.422062258957,0.461591450307,0.00299981939174,0.16888640281,0.428953721518,1.0,1.0,0.869199810606,104.318181818,0.525252525253,97862.6492088,47731967.6696,23787756806.1,33.4848484848,0.0,22331.8181818,1.98811687252e-06,Class 3
0.535302520151,6896.59090909,5101804.10785,15763.1534243,0.893941024989,1.0,56727.7474026,0.34879933624,0.380674516304,0.00315027438357,0.146877951194,0.427666464182,1.0,1.0,0.894353693182,62.4621212121,0.70202020202,56812.820847,27215571.8357,13431319407.3,27.0454545455,-0.643939393939,12479.5454545,1.60578670473e-06,Class 3
0.474084277115,6239.77272727,8303041.63298,21674.3359528,0.904041879752,1.0,78363.822341,0.379490668542,0.407855713923,0.0032132462742,0.137286347012,0.516207036321,1.0,1.0,0.904415246212,83.0681818182,0.626262626263,78487.1769076,38436802.4718,19196765042.8,24.4696969697,1.93181818182,18062.5,1.45285463761e-06,Class 3
0.561269258239,7225.0,18452075.9039,50573.4505361,0.888890597607,1.0,196121.629242,0.334532376393,0.367780477532,0.00311938627267,0.151495854335,0.386284581963,1.0,1.0,0.889322916667,199.621212121,0.727272727273,196382.398262,98311226.7599,49668195145.4,28.3333333333,-1.28787878788,47290.9090909,1.68225273829e-06,Class 3
0.39434751556,11822.7272727,17152317.577,42691.8738315,0.818184614266,1.0,156040.079711,0.42892650711,0.483170802018,0.00272880112829,0.205916087314,0.289492938826,1.0,1.0,0.818892045455,164.848484848,0.555555555556,156317.575819,76706131.701,38350825717.0,46.3636363636,2.57575757576,36125.0,2.75277720811e-06,Class 3
0.371900826446,9852.27272727,13714331.5161,31526.3068334,0.848487178555,1.0,116039.46013,0.439902063248,0.485512668652,0.00288662941112,0.184717730809,0.386092618669,1.0,1.0,0.849076704545,123.636363636,0.439393939394,116252.954606,56775923.0034,28314692016.7,38.6363636364,0.0,26601.1363636,2.29398100675e-06,Class 3
0.441077441077,9195.45454545,7525476.87643,21017.537894,0.858588033318,1.0,74744.6087292,0.402873904301,0.445443802678,0.00294242728889,0.176984677575,0.370091026326,1.0,1.0,0.859138257576,82.4242424242,0.606060606061,74874.6970307,35840813.2759,17680655288.1,36.0606060606,0.0,16420.4545455,2.14104893964e-06,Class 3
0.405927966534,8867.04545455,10351794.2467,25943.5233344,0.8636384607,1.0,92771.8783576,0.420976280264,0.461659501445,0.00297092406218,0.172982581628,0.413720849715,1.0,1.0,0.864169034091,99.8106060606,0.540404040404,92936.6537069,45136009.2606,22442485460.0,34.7727272727,1.93181818182,21018.1818182,2.06458290608e-06,Class 3
0.561269258239,7225.0,18452075.9039,50573.4505361,0.888890597607,1.0,196121.629242,0.334532376393,0.367780477532,0.00311938627267,0.151495854335,0.386284581963,1.0,1.0,0.889322916667,199.621212121,0.727272727273,196382.398262,98311226.7599,49668195145.4,28.3333333333,-1.28787878788,47290.9090909,1.68225273829e-06,Class 3
0.447556371799,8210.22727273,8045363.28224,22659.5330408,0.873739315463,1.0,77698.6500645,0.398499175962,0.434329468433,0.00302911327756,0.164693088958,0.431167217369,1.0,1.0,0.874230587121,84.3560606061,0.606060606061,77830.3184796,37599374.6847,18641566383.1,32.196969697,4.50757575758,17405.6818182,1.91165083896e-06,Class 3
0.736200387716,7553.40909091,17016897.8958,59440.2243287,0.883840170226,1.0,229359.640797,0.213324277078,0.248244710103,0.00308889671803,0.156001560219,0.0883778323298,1.0,1.0,0.884292140152,232.462121212,0.853535353535,229550.690165,115143057.321,58230944394.3,29.6212121212,0.643939393939,55501.1363636,1.75871877185e-06,Class 3
0.405519844914,10837.5,8243943.27025,22659.5330408,0.833335896411,1.0,80309.0032053,0.422877313272,0.473015740697,0.00280592176649,0.19567624677,0.32011016827,1.0,1.0,0.833984375,89.5075757576,0.565656565657,80457.430222,38269267.6553,18812383857.1,42.5,-0.643939393939,17405.6818182,2.52337910743e-06,Class 3
0.393378226712,9195.45454545,11190273.8437,26600.3213931,0.858588033318,1.0,98342.139582,0.427936662679,0.470349755668,0.00294242728889,0.176984677575,0.404323667151,1.0,1.0,0.859138257576,105.606060606,0.515151515152,98519.4271444,47899440.9123,23830461174.6,36.0606060606,-1.28787878788,22331.8181818,2.14104893964e-06,Class 3
0.405519844914,6896.59090909,14564636.5509,31526.3068334,0.893941024989,1.0,119662.775366,0.41582560088,0.447700780944,0.00315027438357,0.146877951194,0.512152583253,1.0,1.0,0.894353693182,124.28030303,0.459595959596,119865.434483,59371912.1993,29830801771.3,27.0454545455,-0.643939393939,28243.1818182,1.60578670473e-06,Class 3
0.383175186205,11822.7272727,8916414.21013,23973.1291583,0.818184614266,1.0,85220.7220034,0.435009426332,0.489620234141,0.00272880112829,0.205916087314,0.295218465136,1.0,1.0,0.818892045455,95.303030303,0.535353535354,85383.3854777,40530248.792,19901408057.5,46.3636363636,-1.28787878788,18390.9090909,2.75277720811e-06,Class 3
0.457963473115,6239.77272727,18501228.6683,41378.2777141,0.904041879752,1.0,162306.005909,0.387698110227,0.415124661669,0.0032132462742,0.137286347012,0.530628194269,1.0,1.0,0.904415246212,165.492424242,0.60101010101,162557.328423,81311922.9566,41062741528.1,24.4696969697,-3.2196969697,39080.6818182,1.45285463761e-06,Class 3
0.425619834711,9523.86363636,8150099.00861,22002.7349821,0.853537605937,1.0,79003.6890089,0.411446555018,0.455498982057,0.00291432907187,0.18089551845,0.366305039403,1.0,1.0,0.854107481061,86.9318181818,0.585858585859,79143.8743508,37934321.17,18726975120.1,37.3484848485,-0.643939393939,17405.6818182,2.2175149732e-06,Class 3
0.495000510152,9523.86363636,4912527.39499,16419.9514831,0.853537605937,1.0,56717.9054643,0.372883876043,0.416936303082,0.00291432907187,0.18089551845,0.310687333612,1.0,1.0,0.854107481061,65.0378787879,0.671717171717,56812.7403546,26545617.2912,12918825116.2,37.3484848485,-0.643939393939,11822.7272727,2.2175149732e-06,Class 3
0.622538516478,7881.81818182,17855256.7878,54842.6379177,0.878789742844,1.0,209928.315487,0.296544681559,0.332850169863,0.00305880571966,0.160399336715,0.272108324671,1.0,1.0,0.879261363636,213.787878788,0.777777777778,210175.137372,105177937.578,53127458339.8,30.9090909091,1.28787878788,50575.0,1.8351848054e-06,Class 3
0.393531272319,7881.81818182,14742324.7847,32183.1048922,0.878789742844,1.0,121951.64256,0.424940848056,0.461246336361,0.00305880571966,0.160399336715,0.467660055392,1.0,1.0,0.879261363636,127.5,0.439393939394,122164.197504,60293045.8208,30236514206.7,30.9090909091,-1.28787878788,28571.5909091,1.8351848054e-06,Class 3
0.403326191205,9195.45454545,10169477.0538,24958.3262463,0.858588033318,1.0,91787.0088219,0.422811939224,0.465225032212,0.00294242728889,0.176984677575,0.398204881134,1.0,1.0,0.859138257576,99.1666666667,0.540404040404,91951.4465572,44549822.1244,22122181761.7,36.0606060606,-1.28787878788,20689.7727273,2.14104893964e-06,Class 3
0.902509947964,2627.27272727,16862491.8997,63381.012681,0.959596580948,1.0,249494.151342,0.0978346066816,0.109443223399,0.00358808844591,0.0734939575495,0.158817593294,1.0,1.0,0.959753787879,247.272727273,0.949494949495,249583.181879,126615559.395,64402123399.6,10.303030303,1.28787878788,61740.9090909,6.11728268468e-07,Class 3
0.378073665952,9852.27272727,12208340.292,29884.3116867,0.848487178555,1.0,105549.825837,0.43696847848,0.48125412291,0.00288662941112,0.184717730809,0.387730958398,1.0,1.0,0.849076704545,113.333333333,0.479797979798,105744.185667,51416532.9428,25581444956.0,38.6363636364,3.86363636364,23973.8636364,2.29398100675e-06,Class 3
0.348841954903,13136.3636364,10796832.0984,28242.3165399,0.79798290474,1.0,98324.451953,0.453277907179,0.513982331651,0.00263155339847,0.21853276909,0.267943799228,1.0,1.0,0.798768939394,109.46969697,0.469696969697,98519.3064057,46894509.0955,23061719737.8,51.5151515152,1.28787878788,21346.5909091,3.05864134234e-06,Class 3
0.374502601775,13464.7727273,8017823.15962,22987.9320702,0.792932477359,1.0,80298.8607204,0.438621559834,0.500715098871,0.00260823785669,0.22151173797,0.238485032001,1.0,1.0,0.793738162879,92.0833333333,0.535353535354,80457.3497296,37599313.1108,18299889565.9,52.803030303,-1.93181818182,16748.8636364,3.1351073759e-06,Class 3
0.403683297623,7881.81818182,12122152.2802,28570.7155692,0.878789742844,1.0,103593.549726,0.419977829949,0.455731755714,0.00305880571966,0.160399336715,0.465349557269,1.0,1.0,0.879261363636,109.46969697,0.510101010101,103773.85186,50914113.2148,25453331850.5,30.9090909091,2.57575757576,23973.8636364,1.8351848054e-06,Class 3
0.359249056219,13136.3636364,9602790.6009,26271.9223637,0.79798290474,1.0,90458.9818862,0.447520985185,0.508225409658,0.00263155339847,0.21853276909,0.260801138428,1.0,1.0,0.798768939394,101.742424242,0.5,90637.7297012,42874966.55,21011784442.3,51.5151515152,1.28787878788,19376.1363636,3.05864134234e-06,Class 3
0.413070094888,7553.40909091,11498249.7565,27257.1194518,0.883840170226,1.0,99334.1685123,0.414334486061,0.448872246911,0.00308889671803,0.156001560219,0.475943730207,1.0,1.0,0.884292140152,104.962121212,0.530303030303,99504.6745402,48820605.3208,24407012018.5,29.6212121212,1.93181818182,22988.6363636,1.75871877185e-06,Class 3
0.609988776655,2627.27272727,19425846.462,50245.0515067,0.959596580948,1.0,198129.941589,0.290838866954,0.303001695062,0.00358808844591,0.0734939575495,0.698247387092,1.0,1.0,0.959753787879,197.045454545,0.752525252525,198352.9333,100488532.849,51077543978.9,10.303030303,0.0,48932.9545455,6.11728268468e-07,Class 3
0.481430466279,3284.09090909,11199489.2857,24629.927217,0.949495726185,1.0,95100.0241446,0.359094787923,0.374298323057,0.00351634831736,0.0868587475263,0.700985972813,1.0,1.0,0.949692234848,96.5909090909,0.59595959596,95235.6179588,47732029.2435,24129433623.3,12.8787878788,0.0,22988.6363636,7.64660335585e-07,Class 3
0.536781961024,1970.45454545,8971769.42685,20360.7398353,0.969697435711,1.0,80684.7108698,0.320535182966,0.328911988752,0.00366142279955,0.0589745669616,0.793968188071,1.0,1.0,0.969815340909,81.1363636364,0.666666666667,80786.1009133,40697845.1824,20627466060.5,7.72727272727,-1.28787878788,19704.5454545,4.58796201351e-07,Class 3
0.440414243445,8210.22727273,8456363.95191,22659.5330408,0.873739315463,1.0,80320.614458,0.401965569044,0.439578640663,0.00302911327756,0.164693088958,0.425521706516,1.0,1.0,0.874230587121,86.9318181818,0.59595959596,80457.5107144,38939222.1998,19324878148.3,32.196969697,1.93181818182,18062.5,1.91165083896e-06,Class 3
0.322569125599,15763.6363636,10711685.0409,28570.7155692,0.757579485688,1.0,99625.7621693,0.465039106747,0.537924656993,0.00245618863977,0.240537572825,0.197150658004,1.0,1.0,0.758522727273,113.333333333,0.434343434343,99832.8220307,46894478.3085,22890881329.2,61.8181818182,-1.28787878788,21018.1818182,3.67036961081e-06,Class 3
0.495000510152,5911.36363636,7473455.78527,20032.340806,0.909092307133,1.0,72793.3192667,0.367639651365,0.394761798819,0.00324533005391,0.132301776067,0.521596344021,1.0,1.0,0.909446022727,77.2727272727,0.651515151515,72904.4034701,35673370.8202,17808789328.2,23.1818181818,1.28787878788,16748.8636364,1.37638860405e-06,Class 3
0.487246199367,4926.13636364,8812086.67691,21674.3359528,0.924243589278,1.0,80993.2778305,0.367200825926,0.389932960824,0.00334397273068,0.116514087703,0.587112371912,1.0,1.0,0.924538352273,84.3560606061,0.631313131313,81114.4093887,40111627.2592,20136323953.5,19.3181818182,0.643939393939,19047.7272727,1.14699050338e-06,Class 3
0.509590858076,4926.13636364,7593861.41166,19703.9417766,0.924243589278,1.0,73126.2104823,0.356078915081,0.378811049979,0.00334397273068,0.116514087703,0.575083868673,1.0,1.0,0.924538352273,76.6287878788,0.661616161616,73232.8326841,36092084.7138,18086388658.0,19.3181818182,0.643939393939,17077.2727273,1.14699050338e-06,Class 3
0.393990409142,12479.5454545,17118006.0736,43020.2728609,0.808083759503,1.0,158006.351391,0.428573093099,0.486231030808,0.00267938015084,0.2123673423,0.260756298794,1.0,1.0,0.808830492424,167.424242424,0.560606060606,158287.949872,77543528.7012,38735185968.1,48.9393939394,1.28787878788,36453.4090909,2.90570927522e-06,Class 3
0.47439036833,8867.04545455,18293807.9801,46632.6621838,0.8636384607,1.0,176732.371135,0.384499324922,0.425508241856,0.00297092406218,0.172982581628,0.362786292588,1.0,1.0,0.864169034091,182.234848485,0.646464646465,177006.805222,88011129.7454,44308461945.3,34.7727272727,0.643939393939,42036.3636364,2.06458290608e-06,Class 3
0.830578512397,1970.45454545,17677666.9875,60097.0223874,0.969697435711,1.0,238276.609163,0.157432193426,0.166554314507,0.00366142279955,0.0589745669616,0.570522090595,1.0,1.0,0.969815340909,235.681818182,0.909090909091,238417.635004,121088696.091,61626171970.5,7.72727272727,0.0,59113.6363636,4.58796201351e-07,Class 3
0.393276196306,8867.04545455,11770595.0132,28570.7155692,0.8636384607,1.0,101949.299238,0.427543147881,0.467571341684,0.00297092406218,0.172982581628,0.423820797229,1.0,1.0,0.864169034091,108.825757576,0.505050505051,102131.826529,49825475.5636,24834076638.1,34.7727272727,3.2196969697,23317.0454545,2.06458290608e-06,Class 3
0.354912764004,12151.1363636,11533935.0381,29227.5136279,0.813134186885,1.0,102589.25442,0.450339275276,0.506325296558,0.00270389136143,0.20917817091,0.301943508218,1.0,1.0,0.813861268939,112.689393939,0.464646464646,102788.523972,49322994.2618,24364286715.4,47.6515151515,1.93181818182,22660.2272727,2.82924324166e-06,Class 3
0.351137639016,12807.9545455,10978949.2749,28242.3165399,0.803033332122,1.0,99308.9993062,0.45216855574,0.511434219086,0.00265526749652,0.215485076923,0.278129696364,1.0,1.0,0.803799715909,110.113636364,0.469696969697,99504.5135554,47480696.2317,23382023436.1,50.2272727273,0.643939393939,21675.0,2.98217530878e-06,Class 3
0.393327211509,8538.63636364,12356528.2657,28242.3165399,0.868688888081,1.0,105556.669039,0.426702514882,0.466062815867,0.00299981939174,0.16888640281,0.435811041199,1.0,1.0,0.869199810606,112.045454545,0.494949494949,105744.225913,51751510.215,25837692101.6,33.4848484848,-1.28787878788,24302.2727273,1.98811687252e-06,Class 3
0.446740128558,9523.86363636,6958640.55085,20360.7398353,0.853537605937,1.0,71138.1964096,0.400028621553,0.444081048592,0.00291432907187,0.18089551845,0.350745694929,1.0,1.0,0.854107481061,79.2045454545,0.616161616162,71262.2976463,33914778.6245,16677039824.6,37.3484848485,0.643939393939,15435.2272727,2.2175149732e-06,Class 3
0.368992959902,10180.6818182,13359922.7885,31197.9078041,0.843436751174,1.0,113743.063447,0.441820605059,0.488916180315,0.00285932830664,0.188453760006,0.373524498128,1.0,1.0,0.84404592803,121.704545455,0.444444444444,113954.151339,55519812.1096,27652732435.7,39.9242424242,0.643939393939,25944.3181818,2.37044704031e-06,Class 3
0.518263442506,10837.5,3474930.84007,14449.5573069,0.833335896411,1.0,46225.8171474,0.356962687374,0.407101114799,0.00280592176649,0.19567624677,0.220953703384,1.0,1.0,0.833984375,56.0227272727,0.69696969697,46303.931169,20851249.9584,9929330909.89,42.5,0.643939393939,8867.04545455,2.52337910743e-06,Class 4
0.805377002347,1970.45454545,17911187.6665,59440.2243287,0.969697435711,1.0,234322.372363,0.174435167362,0.182811973148,0.00366142279955,0.0589745669616,0.642046578103,1.0,1.0,0.969815340909,231.818181818,0.893939393939,234476.846652,119078924.819,60601204322.7,7.72727272727,1.28787878788,58128.4090909,4.58796201351e-07,Class 4
0.56228956229,9195.45454545,3091946.11842,13135.9611895,0.858588033318,1.0,41969.6340735,0.332689001279,0.375102094268,0.00294242728889,0.176984677575,0.262742927033,1.0,1.0,0.859138257576,50.2272727273,0.732323232323,42034.7940951,19092719.3366,9139258223.49,36.0606060606,1.28787878788,8210.22727273,2.14104893964e-06,Class 4
0.392306907458,13793.1818182,6660077.5146,22331.1340115,0.787882049977,1.0,71450.0584515,0.427974248336,0.49088584078,0.00258532087118,0.224423232989,0.216485917215,1.0,1.0,0.788707386364,83.7121212121,0.565656565657,71590.5658754,32993583.4291,15929650572.0,54.0909090909,3.86363636364,14450.0,3.21157340946e-06,Class 4
0.321446791144,15763.6363636,14258278.6359,35795.4942151,0.757579485688,1.0,127161.470463,0.465657330355,0.538634299001,0.00245618863977,0.240537572825,0.197405955758,1.0,1.0,0.758522727273,140.378787879,0.429292929293,127418.340497,60962877.2176,30065654863.4,61.8181818182,0.0,27914.7727273,3.67036961081e-06,Class 4
0.553872053872,4269.31818182,6189217.34175,17405.1485711,0.934344444041,1.0,63295.4252901,0.330333110995,0.349331563835,0.00341172729654,0.105210476451,0.604611126655,1.0,1.0,0.934599905303,66.3257575758,0.707070707071,63380.8819266,31235145.1681,15652093111.5,16.7424242424,1.93181818182,14778.4090909,9.9405843626e-07,Class 4
0.79456177941,3940.90909091,17458399.5495,59440.2243287,0.939394871422,1.0,234967.731767,0.184743955474,0.202620918357,0.00344620241388,0.0992935610842,0.352543378651,1.0,1.0,0.939630681818,234.393939394,0.888888888889,235133.584341,118911420.789,60387661545.6,15.4545454545,-1.28787878788,57800.0,9.17592402702e-07,Class 4
0.838638914396,2955.68181818,17334704.2956,61739.0175342,0.954546153567,1.0,240577.713173,0.152964561311,0.163421310369,0.0035520191035,0.0803042631216,0.459959716187,1.0,1.0,0.954723011364,238.901515152,0.914141414141,240716.398025,122009829.713,62031884405.8,11.5909090909,3.2196969697,59442.0454545,6.88194302026e-07,Class 4
0.401234567901,10180.6818182,9211416.97079,24629.927217,0.843436751174,1.0,86210.8526379,0.424995875054,0.471807937407,0.00285932830664,0.188453760006,0.354809965955,1.0,1.0,0.84404592803,94.6590909091,0.550505050505,86368.6328735,41451413.2005,20477958901.5,39.9242424242,1.93181818182,19047.7272727,2.37044704031e-06,Class 4
0.456228956229,9195.45454545,6740764.04095,19375.5427473,0.858588033318,1.0,69500.8887194,0.394687543317,0.437100636306,0.00294242728889,0.176984677575,0.361553794841,1.0,1.0,0.859138257576,77.2727272727,0.626262626263,69620.312561,33161118.2456,16314031757.7,36.0606060606,-1.28787878788,15106.8181818,2.14104893964e-06,Class 4
0.282369146006,21346.5909091,9940941.60935,30212.710716,0.671722220203,1.0,98627.3527792,0.475236987591,0.574043092942,0.00216823173486,0.274889248694,0.085146750623,1.0,1.0,0.672999526515,117.840909091,0.373737373737,98847.4538963,44968382.0833,21545589048.5,83.7121212121,0.643939393939,19376.1363636,4.9702921813e-06,Class 4
0.293082338537,19376.1363636,10627960.9833,29884.3116867,0.702024784492,1.0,101909.326405,0.474541168465,0.564074659881,0.00225671122675,0.264547382574,0.120195051855,1.0,1.0,0.703184185606,119.128787879,0.383838383838,102131.504559,47145657.3856,22784099473.3,75.9848484848,-1.93181818182,20689.7727273,4.51149597995e-06,Class 4
0.390011223345,10180.6818182,16876009.5558,40393.0806261,0.843436751174,1.0,146533.600319,0.431199864951,0.476582284841,0.00285932830664,0.188453760006,0.368408054696,1.0,1.0,0.84404592803,153.901515152,0.525252525253,146794.054275,72267906.0489,36194129500.3,39.9242424242,4.50757575758,34154.5454545,2.37044704031e-06,Class 4
0.829405162738,3284.09090909,770065.016524,3940.78836753,0.949495726185,1.0,13782.5306623,0.159423923521,0.174185804998,0.00351634831736,0.0868587475263,0.363109156691,1.0,1.0,0.949692234848,16.7424242424,0.909090909091,13792.6586785,6196756.27389,2946768903.13,12.8787878788,-1.28787878788,2627.27272727,7.64660335585e-07,Class 4
0.31149882665,16420.4545455,12703676.8175,33496.7010096,0.747478630925,1.0,114701.076227,0.470399211676,0.54606556701,0.00241633301279,0.245416533215,0.185396179033,1.0,1.0,0.748461174242,128.787878788,0.378787878788,114939.157258,54431112.8845,26691800406.1,64.3939393939,2.57575757576,24630.6818182,3.82330167792e-06,Class 4
0.607335986124,9852.27272727,17458009.8714,54842.6379177,0.848487178555,1.0,209266.478385,0.300605681516,0.346216286919,0.00288662941112,0.184717730809,0.162858162621,1.0,1.0,0.849076704545,215.075757576,0.767676767677,209518.278944,104340509.791,52572259680.1,38.6363636364,0.0,49918.1818182,2.29398100675e-06,Class 4
0.470819304153,2298.86363636,17619650.8275,36452.2922738,0.96464700833,1.0,140032.547096,0.354708475669,0.361005338183,0.0036245563446,0.0663972133705,0.794978611367,1.0,1.0,0.964784564394,139.734848485,0.530303030303,140226.315165,70928150.8946,36023332961.0,9.01515151515,3.2196969697,34482.9545455,5.35262234909e-07,Class 4
0.633098663402,3940.90909091,3921688.65497,13135.9611895,0.939394871422,1.0,45921.2509996,0.286598699011,0.303352310583,0.00344620241388,0.0992935610842,0.588086862958,1.0,1.0,0.939630681818,48.9393939394,0.777777777778,45975.7434322,22442399.6983,11189214453.6,15.4545454545,2.57575757576,10509.0909091,9.17592402702e-07,Class 4
0.413529231711,11165.9090909,7465516.42675,22331.1340115,0.828285469029,1.0,75391.964806,0.418533156214,0.469707882857,0.00277981633082,0.199166835417,0.303563108548,1.0,1.0,0.828953598485,85.0,0.580808080808,75531.4347201,35673309.2463,17467112511.0,43.7878787879,2.57575757576,16092.0454545,2.59984514099e-06,Class 4
0.330935618814,18719.3181818,6953141.63917,23316.3310995,0.712125639255,1.0,76350.4625888,0.452656893481,0.539143800044,0.00228939284087,0.260681545525,0.110466687441,1.0,1.0,0.713245738636,93.3712121212,0.489898989899,76516.4003925,34249632.749,16249933335.7,73.4090909091,-1.93181818182,14450.0,4.35856391283e-06,Class 4
0.270329558208,23317.0454545,10330730.5745,31854.7058628,0.641419655914,1.0,103212.316814,0.47628962238,0.5842192748,0.00209410026869,0.283420668441,0.0583473189432,1.0,1.0,0.642814867424,124.28030303,0.333333333333,103444.979938,46810649.3264,22357013919.1,91.4393939394,0.643939393939,20032.9545455,5.42908838265e-06,Class 4
0.402254871952,20032.9545455,2887700.29863,17733.5476005,0.691923929729,1.0,47514.170719,0.396923514123,0.489215105245,0.00222562383771,0.268201363817,0.0340224240798,1.0,1.0,0.693122632576,66.3257575758,0.585858585859,47617.2455629,19176332.8102,8477256773.3,78.5606060606,3.2196969697,6896.59090909,4.66442804707e-06,Class 4
0.381746760535,10180.6818182,11213673.0219,25615.124305,0.843436751174,1.0,99320.5964023,0.436005074918,0.47876066744,0.00285932830664,0.188453760006,0.382007398508,1.0,1.0,0.84404592803,107.537878788,0.5,99504.5940478,48150650.7762,23894517727.3,39.9242424242,-7.08333333333,22331.8181818,2.37044704031e-06,Class 4
0.334761759004,15106.8181818,15189827.0126,38094.2874206,0.767680340451,1.0,135689.611881,0.459067132705,0.528907998757,0.00249763849183,0.235417283065,0.209483770392,1.0,1.0,0.768584280303,148.106060606,0.464646464646,135956.735383,65484870.278,32414541673.0,59.2424242424,1.28787878788,30213.6363636,3.51743754369e-06,Class 4
0.647127844098,5582.95454545,18289329.1636,54185.839859,0.914142734515,1.0,211583.066002,0.282529094844,0.308310555361,0.0032778123899,0.127183100793,0.413686326951,1.0,1.0,0.914476799242,213.143939394,0.792929292929,211817.202949,106601552.502,54002960697.8,21.8939393939,-0.643939393939,51560.2272727,1.29992257049e-06,Class 4
0.364554637282,15106.8181818,7331050.55018,22987.9320702,0.767680340451,1.0,76688.6739747,0.441612988329,0.511549249948,0.00249763849183,0.235417283065,0.186773932289,1.0,1.0,0.768584280303,90.1515151515,0.530303030303,76844.9100989,35338301.1871,17040026956.8,59.2424242424,0.0,15435.2272727,3.51743754369e-06,Class 4
0.379706152433,17734.0909091,4833256.68992,18718.7446886,0.727276921399,1.0,60953.0657018,0.424488050404,0.505854492767,0.00234140443408,0.254475988786,0.101558776293,1.0,1.0,0.728338068182,77.2727272727,0.560606060606,61081.6761974,26629261.5517,12427662074.6,69.5454545455,-3.86363636364,10837.5,4.12916581216e-06,Class 4
0.302061014182,19704.5454545,8748166.68495,26600.3213931,0.69697435711,1.0,89127.3875834,0.467996984213,0.558925523805,0.0022409682541,0.266400599623,0.107411969954,1.0,1.0,0.698153409091,106.893939394,0.429292929293,89323.9323527,40530156.4312,19388892831.7,77.2727272727,-2.57575757576,17405.6818182,4.58796201351e-06,Class 4
0.298642995613,18390.9090909,11151749.6596,30212.710716,0.717176066636,1.0,104861.706729,0.473785077779,0.558611263757,0.00230633148234,0.258667844733,0.140569039511,1.0,1.0,0.718276515152,121.060606061,0.383838383838,105087.126008,48904218.7943,23745010568.3,72.1212121212,-2.57575757576,21675.0,4.28209787928e-06,Class 4
0.614580144883,5582.95454545,3538124.29101,12807.5621601,0.914142734515,1.0,43620.1824284,0.301880346978,0.327142697399,0.0032778123899,0.127183100793,0.45775183507,1.0,1.0,0.914476799242,48.2954545455,0.767676767677,43676.899919,20851311.5322,10271007727.1,21.8939393939,1.93181818182,9523.86363636,1.29992257049e-06,Class 4
0.522497704316,12479.5454545,17346736.5882,51887.0466535,0.808083759503,1.0,194791.220141,0.34879933624,0.406572769752,0.00267938015084,0.2123673423,0.139534077913,1.0,1.0,0.808830492424,203.484848485,0.70202020202,195068.64116,96301393.9133,48301550680.5,48.9393939394,0.0,45648.8636364,2.90570927522e-06,Class 4
0.380879502092,9852.27272727,16132531.1971,35467.0951857,0.848487178555,1.0,137023.800445,0.43570640933,0.47894883199,0.00288662941112,0.184717730809,0.389956333871,1.0,1.0,0.849076704545,144.242424242,0.489898989899,137270.492485,67494703.1246,33781186138.0,38.6363636364,-5.15151515152,31855.6818182,2.29398100675e-06,Class 4
0.376543209877,9523.86363636,13346227.9265,30541.1097454,0.853537605937,1.0,113090.815203,0.437049493289,0.481101920328,0.00291432907187,0.18089551845,0.39837822594,1.0,1.0,0.854107481061,120.416666667,0.454545454545,113297.373404,55352338.8669,27610028067.2,37.3484848485,-0.643939393939,25944.3181818,2.2175149732e-06,Class 4
0.36572798694,10837.5,12257203.3532,29555.9126573,0.833335896411,1.0,106528.381046,0.444129791673,0.494268219097,0.00280592176649,0.19567624677,0.347294654655,1.0,1.0,0.833984375,115.265151515,0.464646464646,106729.352571,51667742.8068,25645501508.7,42.5,0.643939393939,23973.8636364,2.52337910743e-06,Class 4
0.386236098357,8867.04545455,12944773.017,28899.1145986,0.8636384607,1.0,109816.244243,0.43110647456,0.471134668363,0.00297092406218,0.172982581628,0.427161328581,1.0,1.0,0.864169034091,116.553030303,0.474747474747,110013.403233,53845018.1091,26884011933.6,34.7727272727,-3.2196969697,25287.5,2.06458290608e-06,Class 4
0.490103050709,5582.95454545,8041913.17833,19375.5427473,0.914142734515,1.0,76400.6025191,0.369140103114,0.391729025786,0.0032778123899,0.127183100793,0.564182288553,1.0,1.0,0.914476799242,80.4924242424,0.641414141414,76516.8028546,37599405.4716,18812404791.7,21.8939393939,-4.50757575758,17734.0909091,1.29992257049e-06,Class 4
0.698143046628,4926.13636364,18041211.1247,56156.2340351,0.924243589278,1.0,220141.389694,0.250341562061,0.273073696959,0.00334397273068,0.116514087703,0.407346514197,1.0,1.0,0.924538352273,220.871212121,0.828282828283,220355.597836,111123545.562,56351847507.4,19.3181818182,-0.643939393939,53859.0909091,1.14699050338e-06,Class 4
0.3649117437,10837.5,12445434.6697,29227.5136279,0.833335896411,1.0,107839.50589,0.444610271184,0.494482422893,0.00280592176649,0.19567624677,0.348955739295,1.0,1.0,0.833984375,116.553030303,0.459595959596,108042.948688,52337666.5643,25987157391.3,42.5,-1.93181818182,24302.2727273,2.52337910743e-06,Class 4
0.378073665952,9852.27272727,12208340.292,29884.3116867,0.848487178555,1.0,105549.825837,0.43696847848,0.48125412291,0.00288662941112,0.184717730809,0.387730958398,1.0,1.0,0.849076704545,113.333333333,0.479797979798,105744.185667,51416532.9428,25581444956.0,38.6363636364,3.86363636364,23973.8636364,2.29398100675e-06,Class 4
0.703142536476,2955.68181818,18568385.1953,54842.6379177,0.954546153567,1.0,218181.810068,0.242265827223,0.254831035903,0.0035520191035,0.0803042631216,0.624954675142,1.0,1.0,0.954723011364,217.007575758,0.828282828283,218385.264029,110621125.834,56223734401.9,11.5909090909,-1.93181818182,53859.0909091,6.88194302026e-07,Class 4
0.847209468422,2955.68181818,17256765.9681,61082.2194755,0.954546153567,1.0,241897.27571,0.145973970674,0.159535044401,0.0035520191035,0.0803042631216,0.353506302954,1.0,1.0,0.954723011364,240.189393939,0.919191919192,242029.994142,122679753.47,62373540288.4,11.5909090909,-0.643939393939,59770.4545455,6.88194302026e-07,Class 4
0.351086623814,12479.5454545,11549679.5907,28899.1145986,0.808083759503,1.0,102915.618335,0.452295843628,0.510069277139,0.00267938015084,0.2123673423,0.290329541062,1.0,1.0,0.808830492424,113.333333333,0.459595959596,103116.91294,49406730.8831,24385638899.6,48.9393939394,0.0,22660.2272727,2.90570927522e-06,Class 4
0.91189674523,2298.86363636,16866625.2567,63381.012681,0.96464700833,1.0,250486.139931,0.0907610121799,0.101246277587,0.0036245563446,0.0663972133705,0.173948543528,1.0,1.0,0.964784564394,247.916666667,0.954545454545,250568.389029,127201746.531,64722427098.0,9.01515151515,0.643939393939,62069.3181818,5.35262234909e-07,Class 4
0.921589633711,985.227272727,17128384.4808,63052.6136516,0.984848717856,1.0,250492.188627,0.0851025742672,0.0892909771603,0.00377441350203,0.0340989630906,0.611802765679,1.0,1.0,0.984907670455,246.628787879,0.959595959596,250568.429275,127536723.803,64978674243.6,3.86363636364,0.643939393939,62397.7272727,2.29398100675e-07,Class 4
0.351443730232,12807.9545455,10972548.2396,27257.1194518,0.803033332122,1.0,99308.9993062,0.45216855574,0.510757389237,0.00265526749652,0.215485076923,0.280765709827,1.0,1.0,0.803799715909,110.113636364,0.469696969697,99504.5135554,47480696.2317,23382023436.1,50.2272727273,-3.2196969697,21675.0,2.98217530878e-06,Class 4
0.317773696562,19047.7272727,7746112.54175,25943.5233344,0.707075211873,1.0,81919.9920279,0.46006477038,0.547942495055,0.00227285275568,0.262641207324,0.11211304488,1.0,1.0,0.708214962121,99.1666666667,0.464646464646,82099.17383,37013064.4007,17637909050.3,74.696969697,2.57575757576,15763.6363636,4.43502994639e-06,Class 4
0.838230792776,4269.31818182,375467.589747,3283.99030882,0.934344444041,1.0,9515.90552123,0.147527182198,0.167207332691,0.00341172729654,0.105210476451,0.147748756874,1.0,1.0,0.934599905303,13.5227272727,0.914141414141,9523.44111217,3768271.10758,1644201925.54,16.7424242424,-0.643939393939,1313.63636364,9.9405843626e-07,Class 4
0.285225997347,20689.7727273,12486170.9085,34481.8980976,0.681823074966,1.0,117640.65177,0.475520130608,0.571284993237,0.00219613067375,0.271647446007,0.0963194014462,1.0,1.0,0.683061079545,135.871212121,0.373737373737,117894.617722,54849765.2042,26627722918.7,81.1363636364,-0.643939393939,24302.2727273,4.81736011419e-06,Class 4
0.631874298541,12479.5454545,16641596.0152,57141.4311232,0.808083759503,1.0,215859.146702,0.261170039203,0.318943472715,0.00267938015084,0.2123673423,0.0115661370737,1.0,1.0,0.808830492424,224.090909091,0.782828282828,216086.179038,107020174.034,53768044801.8,48.9393939394,0.0,50903.4090909,2.90570927522e-06,Class 4
0.317824711764,17077.2727273,9606945.49593,27585.5184812,0.737377776162,1.0,93067.0833939,0.465223409227,0.544281791926,0.0023780716109,0.250060691203,0.161369988142,1.0,1.0,0.738399621212,108.181818182,0.444444444444,93264.8011974,43209882.2484,20926354770.7,66.9696969697,0.0,19047.7272727,3.97623374504e-06,Class 4
0.762626262626,4269.31818182,17659503.5476,60425.4214168,0.934344444041,1.0,230023.168552,0.20841559416,0.216148365006,0.00341172729654,0.105210476451,0.536216025453,1.0,1.0,0.934599905303,229.886363636,0.868686868687,230207.588839,116315462.38,59042390199.5,16.7424242424,7.08333333333,56486.3636364,9.9405843626e-07,Class 4
0.418885827977,7553.40909091,10881872.9056,26271.9223637,0.883840170226,1.0,95400.8348287,0.411430252878,0.445968013729,0.00308889671803,0.156001560219,0.472855719572,1.0,1.0,0.884292140152,101.098484848,0.545454545455,95563.8861879,46810834.048,23382044370.8,29.6212121212,1.93181818182,22003.4090909,1.75871877185e-06,Class 4
0.883889399041,1970.45454545,554739.260957,3283.99030882,0.969697435711,1.0,9846.83706244,0.117537803246,0.125914609032,0.00366142279955,0.0589745669616,0.468584046801,1.0,1.0,0.969815340909,11.5909090909,0.939393939394,9851.9105724,4521962.27342,2178048400.98,7.72727272727,1.28787878788,1970.45454545,4.58796201351e-07,Class 4
0.483522089583,7881.81818182,6454775.91158,18390.3456592,0.878789742844,1.0,66884.4401699,0.378555566274,0.414861054579,0.00305880571966,0.160399336715,0.411523889211,1.0,1.0,0.879261363636,73.4090909091,0.651515151515,66993.1605724,32156248.0027,15886967138.2,30.9090909091,-1.28787878788,14778.4090909,1.8351848054e-06,Class 4
0.440414243445,8210.22727273,8456363.95191,22659.5330408,0.873739315463,1.0,80320.614458,0.401965569044,0.439578640663,0.00302911327756,0.164693088958,0.425521706516,1.0,1.0,0.874230587121,86.9318181818,0.59595959596,80457.5107144,38939222.1998,19324878148.3,32.196969697,1.93181818182,18062.5,1.91165083896e-06,Class 4
0.316753392511,15763.6363636,12361103.7767,32511.5039215,0.757579485688,1.0,111425.215536,0.468473604296,0.541084580906,0.00245618863977,0.240537572825,0.201615503349,1.0,1.0,0.758522727273,124.924242424,0.388888888889,111655.187088,52923792.1267,25965784272.4,61.8181818182,2.57575757576,23973.8636364,3.67036961081e-06,Class 4
0.304917865524,17734.0909091,10775128.7684,29884.3116867,0.727276921399,1.0,101586.028919,0.471453168419,0.553552258146,0.00234140443408,0.254475988786,0.152426970804,1.0,1.0,0.728338068182,117.196969697,0.40404040404,101803.155838,47396898.0365,23018994434.7,69.5454545455,0.0,21018.1818182,4.12916581216e-06,Class 4
0.29012345679,22003.4090909,8076131.98475,27585.5184812,0.66162136544,1.0,86172.9605808,0.46788056603,0.56959688382,0.00214192702106,0.277930081616,0.0688888573969,1.0,1.0,0.662937973485,106.25,0.414141414141,86368.2706576,38436617.7502,18171734591.1,86.2878787879,1.93181818182,16092.0454545,5.12322424842e-06,Class 4
0.294306703398,21018.1818182,8421247.99784,27257.1194518,0.676772647584,1.0,87813.5115567,0.468558730751,0.565861355612,0.00218198192617,0.273293668464,0.0839900552344,1.0,1.0,0.67803030303,106.893939394,0.419191919192,88010.2959891,39525255.4014,18790989803.5,82.4242424242,0.0,16748.8636364,4.89382614774e-06,Class 4
0.389909192939,9852.27272727,10620243.9769,25943.5233344,0.848487178555,1.0,95061.3506138,0.430628624767,0.476092894562,0.00288662941112,0.184717730809,0.375976131656,1.0,1.0,0.849076704545,103.03030303,0.520202020202,95235.4167277,46057142.8822,22848197895.3,38.6363636364,-1.28787878788,21346.5909091,2.29398100675e-06,Class 4
0.28145087236,21018.1818182,11349783.5386,33168.3019802,0.676772647584,1.0,108788.765001,0.477021039267,0.57404930954,0.00218198192617,0.273293668464,0.0924878657461,1.0,1.0,0.67803030303,127.5,0.338383838384,109027.833868,50244035.5225,24257483924.9,82.4242424242,2.57575757576,22003.4090909,4.89382614774e-06,Class 4
0.279104173044,21675.0,12000251.3541,33825.1000389,0.666671792821,1.0,114688.232897,0.47628962238,0.576566477229,0.00215488009983,0.276434590944,0.0810734500548,1.0,1.0,0.66796875,133.939393939,0.358585858586,114938.996273,53091203.7955,25666811823.7,85.0,-1.28787878788,23317.0454545,5.04675821486e-06,Class 4
0.547444138353,4597.72727273,6211499.48289,18061.9466298,0.929294016659,1.0,63621.6146112,0.33545603443,0.353827511875,0.00337765073548,0.110946645144,0.599896027841,1.0,1.0,0.929569128788,66.9696969697,0.70202020202,63709.2708944,31318881.7894,15673445295.7,18.0303030303,3.86363636364,14778.4090909,1.07052446982e-06,Class 4
0.60845832058,8867.04545455,17701233.0986,53200.6427709,0.8636384607,1.0,208280.835544,0.303819910373,0.342856223347,0.00297092406218,0.172982581628,0.242987680369,1.0,1.0,0.864169034091,213.143939394,0.767676767677,208533.11204,104089299.927,52508203127.3,34.7727272727,-4.50757575758,49918.1818182,2.06458290608e-06,Class 4
0.285430058157,22003.4090909,13141469.5881,36780.6913031,0.66162136544,1.0,125507.967026,0.47094940308,0.572796719169,0.00214192702106,0.277930081616,0.0712941566838,1.0,1.0,0.662937973485,144.886363636,0.39898989899,125776.15418,58534330.4774,28421411068.6,86.2878787879,-0.643939393939,25944.3181818,5.12322424842e-06,Class 4
0.330935618814,14121.5909091,12516945.8221,32183.1048922,0.782831622596,1.0,111103.322216,0.462576415619,0.527312553855,0.00256280244193,0.227268438714,0.246233624947,1.0,1.0,0.783676609848,122.992424242,0.409090909091,111326.838366,53175032.7776,26200679233.8,55.3787878788,3.2196969697,24302.2727273,3.28803944302e-06,Class 4
0.347464544434,16748.8636364,7231762.06482,23973.1291583,0.742428203544,1.0,77011.2749103,0.448132877179,0.525477258732,0.00239700303371,0.247767578196,0.150713632165,1.0,1.0,0.743430397727,92.0833333333,0.510101010101,77173.2588205,35087060.5362,16805131995.4,65.6818181818,1.93181818182,15106.8181818,3.89976771148e-06,Class 4
0.865472910927,2298.86363636,17271509.3246,61410.6185048,0.96464700833,1.0,243880.248332,0.132231594332,0.14271685974,0.0036245563446,0.0663972133705,0.429706229764,1.0,1.0,0.964784564394,241.477272727,0.929292929293,244000.408442,123852127.743,63014147685.1,9.01515151515,-0.643939393939,60427.2727273,5.35262234909e-07,Class 4
0.691664115907,4597.72727273,18191131.1386,56484.6330645,0.929294016659,1.0,218497.861227,0.25424611346,0.274260052313,0.00337765073548,0.110946645144,0.469807397083,1.0,1.0,0.929569128788,218.939393939,0.823232323232,218713.61275,110369885.183,55988839440.5,18.0303030303,2.57575757576,53530.6818182,1.07052446982e-06,Class 4
0.401234567901,10180.6818182,9211416.97079,24629.927217,0.843436751174,1.0,86210.8526379,0.424995875054,0.471807937407,0.00285932830664,0.188453760006,0.354809965955,1.0,1.0,0.84404592803,94.6590909091,0.550505050505,86368.6328735,41451413.2005,20477958901.5,39.9242424242,1.93181818182,19047.7272727,2.37044704031e-06,Class 4
0.282369146006,21346.5909091,9940941.60935,30212.710716,0.671722220203,1.0,98627.3527792,0.475236987591,0.574043092942,0.00216823173486,0.274889248694,0.085146750623,1.0,1.0,0.672999526515,117.840909091,0.373737373737,98847.4538963,44968382.0833,21545589048.5,83.7121212121,0.643939393939,19376.1363636,4.9702921813e-06,Class 4
0.293082338537,19376.1363636,10627960.9833,29884.3116867,0.702024784492,1.0,101909.326405,0.474541168465,0.564074659881,0.00225671122675,0.264547382574,0.120195051855,1.0,1.0,0.703184185606,119.128787879,0.383838383838,102131.504559,47145657.3856,22784099473.3,75.9848484848,-1.93181818182,20689.7727273,4.51149597995e-06,Class 4
0.413529231711,11165.9090909,7465516.42675,22331.1340115,0.828285469029,1.0,75391.964806,0.418533156214,0.469707882857,0.00277981633082,0.199166835417,0.303563108548,1.0,1.0,0.828953598485,85.0,0.580808080808,75531.4347201,35673309.2463,17467112511.0,43.7878787879,2.57575757576,16092.0454545,2.59984514099e-06,Class 4
0.270329558208,23317.0454545,10330730.5745,31854.7058628,0.641419655914,1.0,103212.316814,0.47628962238,0.5842192748,0.00209410026869,0.283420668441,0.0583473189432,1.0,1.0,0.642814867424,124.28030303,0.333333333333,103444.979938,46810649.3264,22357013919.1,91.4393939394,0.643939393939,20032.9545455,5.42908838265e-06,Class 4
0.402254871952,20032.9545455,2887700.29863,17733.5476005,0.691923929729,1.0,47514.170719,0.396923514123,0.489215105245,0.00222562383771,0.268201363817,0.0340224240798,1.0,1.0,0.693122632576,66.3257575758,0.585858585859,47617.2455629,19176332.8102,8477256773.3,78.5606060606,3.2196969697,6896.59090909,4.66442804707e-06,Class 4
0.334761759004,15106.8181818,15189827.0126,38094.2874206,0.767680340451,1.0,135689.611881,0.459067132705,0.528907998757,0.00249763849183,0.235417283065,0.209483770392,1.0,1.0,0.768584280303,148.106060606,0.464646464646,135956.735383,65484870.278,32414541673.0,59.2424242424,1.28787878788,30213.6363636,3.51743754369e-06,Class 4
0.298642995613,18390.9090909,11151749.6596,30212.710716,0.717176066636,1.0,104861.706729,0.473785077779,0.558611263757,0.00230633148234,0.258667844733,0.140569039511,1.0,1.0,0.718276515152,121.060606061,0.383838383838,105087.126008,48904218.7943,23745010568.3,72.1212121212,-2.57575757576,21675.0,4.28209787928e-06,Class 4
0.614580144883,5582.95454545,3538124.29101,12807.5621601,0.914142734515,1.0,43620.1824284,0.301880346978,0.327142697399,0.0032778123899,0.127183100793,0.45775183507,1.0,1.0,0.914476799242,48.2954545455,0.767676767677,43676.899919,20851311.5322,10271007727.1,21.8939393939,1.93181818182,9523.86363636,1.29992257049e-06,Class 4
0.553872053872,4269.31818182,6189217.34175,17405.1485711,0.934344444041,1.0,63295.4252901,0.330333110995,0.349331563835,0.00341172729654,0.105210476451,0.604611126655,1.0,1.0,0.934599905303,66.3257575758,0.707070707071,63380.8819266,31235145.1681,15652093111.5,16.7424242424,1.93181818182,14778.4090909,9.9405843626e-07,Class 4
0.376543209877,9523.86363636,13346227.9265,30541.1097454,0.853537605937,1.0,113090.815203,0.437049493289,0.481101920328,0.00291432907187,0.18089551845,0.39837822594,1.0,1.0,0.854107481061,120.416666667,0.454545454545,113297.373404,55352338.8669,27610028067.2,37.3484848485,-0.643939393939,25944.3181818,2.2175149732e-06,Class 4
0.386236098357,8867.04545455,12944773.017,28899.1145986,0.8636384607,1.0,109816.244243,0.43110647456,0.471134668363,0.00297092406218,0.172982581628,0.427161328581,1.0,1.0,0.864169034091,116.553030303,0.474747474747,110013.403233,53845018.1091,26884011933.6,34.7727272727,-3.2196969697,25287.5,2.06458290608e-06,Class 4
0.378073665952,9852.27272727,12208340.292,29884.3116867,0.848487178555,1.0,105549.825837,0.43696847848,0.48125412291,0.00288662941112,0.184717730809,0.387730958398,1.0,1.0,0.849076704545,113.333333333,0.479797979798,105744.185667,51416532.9428,25581444956.0,38.6363636364,3.86363636364,23973.8636364,2.29398100675e-06,Class 4
0.703142536476,2955.68181818,18568385.1953,54842.6379177,0.954546153567,1.0,218181.810068,0.242265827223,0.254831035903,0.0035520191035,0.0803042631216,0.624954675142,1.0,1.0,0.954723011364,217.007575758,0.828282828283,218385.264029,110621125.834,56223734401.9,11.5909090909,-1.93181818182,53859.0909091,6.88194302026e-07,Class 4
0.321446791144,15763.6363636,14258278.6359,35795.4942151,0.757579485688,1.0,127161.470463,0.465657330355,0.538634299001,0.00245618863977,0.240537572825,0.197405955758,1.0,1.0,0.758522727273,140.378787879,0.429292929293,127418.340497,60962877.2176,30065654863.4,61.8181818182,0.0,27914.7727273,3.67036961081e-06,Class 4
0.376033057851,13136.3636364,16709629.9967,41049.8786848,0.79798290474,1.0,152097.646947,0.43809450723,0.498798931703,0.00263155339847,0.21853276909,0.248737787342,1.0,1.0,0.798768939394,162.272727273,0.535353535354,152376.74722,74361383.156,37069610923.7,51.5151515152,-1.28787878788,34811.3636364,3.05864134234e-06,Class 4
0.531731455974,6896.59090909,5271296.8137,14449.5573069,0.893941024989,1.0,58038.8728269,0.351607418611,0.376889415809,0.00315027438357,0.146877951194,0.477110698787,1.0,1.0,0.894353693182,63.75,0.69696969697,58126.4169644,27885495.5933,13772975289.9,27.0454545455,-7.08333333333,12807.9545455,1.60578670473e-06,Class 4
0.353535353535,15763.6363636,16080401.5666,41378.2777141,0.757579485688,1.0,149464.741312,0.446784501838,0.519761470484,0.00245618863977,0.240537572825,0.174174993873,1.0,1.0,0.758522727273,162.272727273,0.515151515152,149749.474493,72351581.0964,35873804867.3,61.8181818182,0.0,33497.7272727,3.67036961081e-06,Class 4
0.3487909397,13136.3636364,10797877.4406,27913.9175105,0.79798290474,1.0,98324.451953,0.453277907179,0.514092047717,0.00263155339847,0.21853276909,0.267141886463,1.0,1.0,0.798768939394,109.46969697,0.469696969697,98519.3064057,46894509.0955,23061719737.8,51.5151515152,0.0,21346.5909091,3.05864134234e-06,Class 4
0.330935618814,14121.5909091,12516945.8221,32183.1048922,0.782831622596,1.0,111103.322216,0.462576415619,0.527312553855,0.00256280244193,0.227268438714,0.246233624947,1.0,1.0,0.783676609848,122.992424242,0.409090909091,111326.838366,53175032.7776,26200679233.8,55.3787878788,3.2196969697,24302.2727273,3.28803944302e-06,Class 4
0.398428731762,15763.6363636,16725896.4858,46632.6621838,0.757579485688,1.0,166531.763888,0.419280278206,0.491432563925,0.00245618863977,0.240537572825,0.143757486957,1.0,1.0,0.758522727273,179.015151515,0.580808080808,166826.224019,81060589.9448,40315331340.9,61.8181818182,3.86363636364,37767.0454545,3.67036961081e-06,Class 4
0.607540046934,9523.86363636,17539833.3728,55171.0369471,0.853537605937,1.0,208937.751034,0.301880346978,0.345629633022,0.00291432907187,0.18089551845,0.188202531537,1.0,1.0,0.854107481061,214.431818182,0.767676767677,209189.889976,104256773.17,52550907495.8,37.3484848485,1.93181818182,49918.1818182,2.2175149732e-06,Class 4
0.711202938476,2955.68181818,2690374.17582,10837.167984,0.954546153567,1.0,34448.0554507,0.238088911568,0.238088911568,0.0035520191035,0.0803042631216,0.735580796864,1.0,1.0,0.954723011364,36.7045454545,0.833333333333,34481.8075894,16831799.7737,8391910840.22,11.5909090909,5.79545454545,7881.81818182,6.88194302026e-07,Class 4
0.26553412917,24959.0909091,9282664.18164,29884.3116867,0.616167519006,1.0,96982.5188984,0.47338845937,0.588704334787,0.00204328434429,0.289201895536,0.0386553994068,1.0,1.0,0.617660984848,119.772727273,0.338383838384,97205.3480724,43209789.8876,20413839544.8,97.8787878788,-2.57575757576,18062.5,5.81141855045e-06,Class 4
0.42378328742,8867.04545455,8913497.7982,22659.5330408,0.8636384607,1.0,83594.9579166,0.411721546534,0.452404767716,0.00297092406218,0.172982581628,0.40260399297,1.0,1.0,0.864169034091,90.7954545455,0.575757575758,83741.4808849,40446542.9576,20050894281.9,34.7727272727,-1.93181818182,18719.3181818,2.06458290608e-06,Class 4
0.417457402306,6896.59090909,12239639.9089,29555.9126573,0.893941024989,1.0,103927.051523,0.410746066049,0.436028063247,0.00315027438357,0.146877951194,0.531694187601,1.0,1.0,0.894353693182,108.825757576,0.520202020202,104102.281074,51332827.1084,25730931180.3,27.0454545455,7.08333333333,24302.2727273,1.60578670473e-06,Class 4
0.29012345679,22003.4090909,8076131.98475,27585.5184812,0.66162136544,1.0,86172.9605808,0.46788056603,0.56959688382,0.00214192702106,0.277930081616,0.0688888573969,1.0,1.0,0.662937973485,106.25,0.414141414141,86368.2706576,38436617.7502,18171734591.1,86.2878787879,1.93181818182,16092.0454545,5.12322424842e-06,Class 4
0.29757167636,26929.5454545,4703252.77416,23973.1291583,0.585864954717,1.0,66177.8847122,0.440032663272,0.564487575552,0.00199545759192,0.294595176899,0.00769691709793,1.0,1.0,0.587476325758,91.4393939394,0.434343434343,66335.7789436,26964115.6762,12000555585.7,105.606060606,2.57575757576,9852.27272727,6.2702147518e-06,Class 4
0.902458932762,2627.27272727,179388.779313,1970.3941914,0.959596580948,1.0,5251.5310474,0.0978346066816,0.109997434789,0.00358808844591,0.0734939575495,0.134832683709,1.0,1.0,0.959753787879,7.72727272727,0.949494949495,5254.30403831,2009740.48578,854129239.14,10.303030303,0.0,656.818181818,6.11728268468e-07,Class 4
0.689266401388,5911.36363636,17844288.7388,56156.2340351,0.909092307133,1.0,219807.536963,0.255760562619,0.282882710074,0.00324533005391,0.132301776067,0.332697387969,1.0,1.0,0.909446022727,221.515151515,0.823232323232,220027.168622,110704831.668,56074248177.5,23.1818181818,-1.28787878788,53530.6818182,1.37638860405e-06,Class 4
0.325221916131,15435.2272727,14393460.9433,37109.0903325,0.76262991307,1.0,128146.224389,0.464368047273,0.534677025947,0.00247671428766,0.238008026806,0.208779907326,1.0,1.0,0.763553503788,141.022727273,0.434343434343,128403.547646,61549064.3538,30385958561.8,60.5303030303,4.50757575758,28243.1818182,3.59390357725e-06,Class 4
0.278645036221,22331.8181818,12437142.5027,35467.0951857,0.656570938058,1.0,119277.26193,0.474279923411,0.577663962326,0.00212937249856,0.279376089939,0.0695172805642,1.0,1.0,0.65790719697,139.090909091,0.373737373737,119536.562561,55268448.3109,26734483839.9,87.5757575758,0.0,24302.2727273,5.19969028198e-06,Class 4
0.317875726967,17405.6818182,14671667.6708,37765.8883912,0.732327348781,1.0,134043.192907,0.464438618582,0.544996661053,0.00235953874435,0.252296597267,0.152520214951,1.0,1.0,0.733368844697,148.75,0.449494949495,134314.669805,64061255.3545,31539039315.0,68.2575757576,-0.643939393939,29228.4090909,4.0526997786e-06,Class 4
0.278645036221,22331.8181818,12437142.5027,35467.0951857,0.656570938058,1.0,119277.26193,0.474279923411,0.577663962326,0.00212937249856,0.279376089939,0.0695172805642,1.0,1.0,0.65790719697,139.090909091,0.373737373737,119536.562561,55268448.3109,26734483839.9,87.5757575758,0.0,24302.2727273,5.19969028198e-06,Class 4
0.537853280278,3284.09090909,19505216.8977,46304.2631545,0.949495726185,1.0,180385.587638,0.332111251698,0.346873133174,0.00351634831736,0.0868587475263,0.684190338696,1.0,1.0,0.949692234848,180.303030303,0.681818181818,180619.365591,91277073.4858,46337065991.2,12.8787878788,1.28787878788,44335.2272727,7.64660335585e-07,Class 4
0.399040914192,11165.9090909,8451483.95089,24958.3262463,0.828285469029,1.0,81946.237932,0.427105889366,0.475524117895,0.00277981633082,0.199166835417,0.325980798122,1.0,1.0,0.828953598485,91.4393939394,0.555555555556,82099.4153072,39022928.0342,19175391923.9,43.7878787879,6.43939393939,17734.0909091,2.59984514099e-06,Class 4
0.399040914192,11165.9090909,8451483.95089,24958.3262463,0.828285469029,1.0,81946.237932,0.427105889366,0.475524117895,0.00277981633082,0.199166835417,0.325980798122,1.0,1.0,0.828953598485,91.4393939394,0.555555555556,82099.4153072,39022928.0342,19175391923.9,43.7878787879,6.43939393939,17734.0909091,2.59984514099e-06,Class 4
0.322314049587,18390.9090909,15001443.7178,40721.4796554,0.717176066636,1.0,140272.969482,0.459356848599,0.543790266713,0.00230633148234,0.258667844733,0.126199961914,1.0,1.0,0.718276515152,155.833333333,0.469696969697,140554.221178,66992160.2488,32969719398.1,72.1212121212,3.86363636364,30542.0454545,4.28209787928e-06,Class 4
0.356137128864,11494.3181818,13005747.967,32183.1048922,0.823235041648,1.0,112425.524471,0.449851886234,0.501518471402,0.00275410945142,0.202579528291,0.330762308687,1.0,1.0,0.82392282197,121.704545455,0.434343434343,112640.514976,54514911.0797,27054829407.6,45.0757575758,4.50757575758,25287.5,2.67631117455e-06,Class 4
0.401438628711,8210.22727273,11920298.7389,26271.9223637,0.873739315463,1.0,102608.370288,0.42235762101,0.456732109178,0.00302911327756,0.164693088958,0.460985760403,1.0,1.0,0.874230587121,108.825757576,0.510101010101,102788.644711,50327926.0786,25133028152.2,32.196969697,-5.79545454545,23645.4545455,1.91165083896e-06,Class 4
0.392766044281,10837.5,9241759.18079,25943.5233344,0.833335896411,1.0,86863.4378316,0.430332625338,0.477777978237,0.00280592176649,0.19567624677,0.341872875057,1.0,1.0,0.833984375,95.946969697,0.540404040404,87025.4108091,41618886.4432,20520663270.0,42.5,5.79545454545,19047.7272727,2.52337910743e-06,Class 4
0.392766044281,10837.5,9241759.18079,25943.5233344,0.833335896411,1.0,86863.4378316,0.430332625338,0.477777978237,0.00280592176649,0.19567624677,0.341872875057,1.0,1.0,0.833984375,95.946969697,0.540404040404,87025.4108091,41618886.4432,20520663270.0,42.5,5.79545454545,19047.7272727,2.52337910743e-06,Class 4
0.380930517294,9523.86363636,12392453.3199,29884.3116867,0.853537605937,1.0,106534.838769,0.434966040253,0.478106117643,0.00291432907187,0.18089551845,0.399560296401,1.0,1.0,0.854107481061,113.977272727,0.479797979798,106729.392817,52002720.079,25901748654.3,37.3484848485,3.2196969697,24302.2727273,2.2175149732e-06,Class 4
0.313794510764,16092.0454545,12540093.3892,32511.5039215,0.752529058307,1.0,113063.104849,0.469532109777,0.544007048684,0.00243606154815,0.243006796752,0.192788289868,1.0,1.0,0.753491950758,126.856060606,0.378787878788,113297.172173,53677452.5056,26328792339.3,63.1060606061,0.643939393939,24302.2727273,3.74683564437e-06,Class 4
0.847923681257,2298.86363636,17430476.1426,61739.0175342,0.96464700833,1.0,241241.209516,0.145973970674,0.152270833188,0.0036245563446,0.0663972133705,0.588334548874,1.0,1.0,0.964784564394,238.901515152,0.919191919192,241373.216207,122512280.228,62330835919.9,9.01515151515,3.2196969697,59770.4545455,5.35262234909e-07,Class 4
0.328639934701,15106.8181818,10862912.6431,30212.710716,0.767680340451,1.0,100283.499874,0.463006587146,0.531409214453,0.00249763849183,0.235417283065,0.218089081557,1.0,1.0,0.768584280303,113.333333333,0.439393939394,100489.640213,47396928.8235,23189832843.3,59.2424242424,5.15151515152,21346.5909091,3.51743754369e-06,Class 4
0.583154780124,5911.36363636,18672451.6519,50901.8495654,0.909092307133,1.0,198758.530735,0.32039492099,0.347517068444,0.00324533005391,0.132301776067,0.457145563339,1.0,1.0,0.909446022727,200.909090909,0.742424242424,199009.630743,99986051.5473,50607754056.2,23.1818181818,-1.28787878788,48276.1363636,1.37638860405e-06,Class 4
0.376033057851,13136.3636364,16709629.9967,41049.8786848,0.79798290474,1.0,152097.646947,0.43809450723,0.498798931703,0.00263155339847,0.21853276909,0.248737787342,1.0,1.0,0.798768939394,162.272727273,0.535353535354,152376.74722,74361383.156,37069610923.7,51.5151515152,-1.28787878788,34811.3636364,3.05864134234e-06,Class 4
0.374706662585,14121.5909091,7462680.46694,23644.7301289,0.782831622596,1.0,77019.6319337,0.437661214523,0.502397352759,0.00256280244193,0.227268438714,0.216618675821,1.0,1.0,0.783676609848,89.5075757576,0.540404040404,77173.3393129,35757015.0807,17317626286.6,55.3787878788,3.2196969697,15763.6363636,3.28803944302e-06,Class 4
0.369299051117,11165.9090909,11096613.5561,27913.9175105,0.828285469029,1.0,98988.2800435,0.442452295392,0.494015216428,0.00277981633082,0.199166835417,0.331797744198,1.0,1.0,0.828953598485,108.181818182,0.489898989899,99176.1648338,47731936.8827,23616918397.5,43.7878787879,1.28787878788,22003.4090909,2.59984514099e-06,Class 4
0.704775022957,5582.95454545,17801224.0756,57469.8301526,0.914142734515,1.0,222113.308794,0.245814674195,0.271077024616,0.0032778123899,0.127183100793,0.344938463038,1.0,1.0,0.914476799242,223.446969697,0.833333333333,222325.971889,111960942.562,56736207758.4,21.8939393939,1.93181818182,54187.5,1.29992257049e-06,Class 4
0.364758698092,10509.0909091,14397500.3943,32839.9029509,0.838386323792,1.0,121937.167626,0.444378854296,0.492892989432,0.00283242575843,0.192105887631,0.36214875621,1.0,1.0,0.839015151515,130.075757576,0.429292929293,122164.117012,59623091.2763,29724019915.5,41.2121212121,-1.28787878788,27914.7727273,2.44691307387e-06,Class 4
0.347464544434,16748.8636364,7231762.06482,23973.1291583,0.742428203544,1.0,77011.2749103,0.448132877179,0.525477258732,0.00239700303371,0.247767578196,0.150713632165,1.0,1.0,0.743430397727,92.0833333333,0.510101010101,77173.2588205,35087060.5362,16805131995.4,65.6818181818,1.93181818182,15106.8181818,3.89976771148e-06,Class 4
0.351851851852,12151.1363636,12109071.5704,30212.710716,0.813134186885,1.0,106522.438976,0.451982795691,0.507968816973,0.00270389136143,0.20917817091,0.303822160367,1.0,1.0,0.813861268939,116.553030303,0.449494949495,106729.312324,51332765.5345,25389254363.1,47.6515151515,1.93181818182,23645.4545455,2.82924324166e-06,Class 4
0.481226405469,9523.86363636,5445543.39447,18718.7446886,0.853537605937,1.0,60650.782189,0.381141465953,0.423360240249,0.00291432907187,0.18089551845,0.337132292628,1.0,1.0,0.854107481061,68.9015151515,0.656565656566,60753.5287069,28555388.5639,13943792763.9,37.3484848485,4.50757575758,12807.9545455,2.2175149732e-06,Class 4
0.422456892154,9523.86363636,8352192.04037,22659.5330408,0.853537605937,1.0,80314.6115156,0.413134601321,0.45718702836,0.00291432907187,0.18089551845,0.368542741788,1.0,1.0,0.854107481061,88.2196969697,0.580808080808,80457.4704682,38604244.9275,19068631002.7,37.3484848485,0.643939393939,17734.0909091,2.2175149732e-06,Class 4
0.351086623814,12479.5454545,11549679.5907,28899.1145986,0.808083759503,1.0,102915.618335,0.452295843628,0.510069277139,0.00267938015084,0.2123673423,0.290329541062,1.0,1.0,0.808830492424,113.333333333,0.459595959596,103116.91294,49406730.8831,24385638899.6,48.9393939394,0.0,22660.2272727,2.90570927522e-06,Class 4
0.380114274054,9852.27272727,11825638.5856,27913.9175105,0.848487178555,1.0,102927.613243,0.43570640933,0.481170679126,0.00288662941112,0.184717730809,0.382016525579,1.0,1.0,0.849076704545,110.757575758,0.489898989899,103116.993432,50076685.4276,24898133190.8,38.6363636364,-1.28787878788,23317.0454545,2.29398100675e-06,Class 4
0.400418324661,8210.22727273,11943281.8582,27913.9175105,0.873739315463,1.0,102608.370288,0.42235762101,0.460322579011,0.00302911327756,0.164693088958,0.447177529216,1.0,1.0,0.874230587121,108.825757576,0.510101010101,102788.644711,50327926.0786,25133028152.2,32.196969697,0.643939393939,23645.4545455,1.91165083896e-06,Class 4
0.786960514233,3284.09090909,17708167.2333,59768.6233581,0.949495726185,1.0,232993.808935,0.190539321069,0.203938058219,0.00351634831736,0.0868587475263,0.493165489802,1.0,1.0,0.949692234848,231.818181818,0.883838383838,233163.210288,118074023.789,60003301294.6,12.8787878788,2.57575757576,57471.5909091,7.64660335585e-07,Class 4
0.856137128864,3284.09090909,17091271.4547,61739.0175342,0.949495726185,1.0,243546.440196,0.137456102169,0.152659637303,0.00351634831736,0.0868587475263,0.242437962197,1.0,1.0,0.949692234848,242.121212121,0.924242424242,243671.979228,123433413.849,62736548355.2,12.8787878788,0.0,60098.8636364,7.64660335585e-07,Class 4
0.856188144067,2955.68181818,17177642.4261,61739.0175342,0.954546153567,1.0,243217.22562,0.138656909918,0.152217983646,0.0035520191035,0.0803042631216,0.320320310942,1.0,1.0,0.954723011364,241.477272727,0.924242424242,243343.59026,123349677.228,62715196171.0,11.5909090909,0.643939393939,60098.8636364,6.88194302026e-07,Class 4
0.348484848485,12151.1363636,13376397.1545,32839.9029509,0.813134186885,1.0,115700.636645,0.453893776636,0.509403568952,0.00270389136143,0.20917817091,0.306907971526,1.0,1.0,0.813861268939,125.568181818,0.414141414141,115924.485146,56022231.8375,27780845541.2,47.6515151515,3.2196969697,25944.3181818,2.82924324166e-06,Class 4
0.675084175084,5582.95454545,18055889.2554,55499.4359764,0.914142734515,1.0,216846.942852,0.265164192192,0.29094565271,0.0032778123899,0.127183100793,0.378194000928,1.0,1.0,0.914476799242,218.295454545,0.813131313131,217071.587419,109281247.532,55369584228.1,21.8939393939,-0.643939393939,52873.8636364,1.29992257049e-06,Class 4
0.91189674523,2298.86363636,16866625.2567,63381.012681,0.96464700833,1.0,250486.139931,0.0907610121799,0.101246277587,0.0036245563446,0.0663972133705,0.173948543528,1.0,1.0,0.964784564394,247.916666667,0.954545454545,250568.389029,127201746.531,64722427098.0,9.01515151515,0.643939393939,62069.3181818,5.35262234909e-07,Class 4
0.471431486583,10837.5,4991046.89136,17076.7495418,0.833335896411,1.0,58024.2882325,0.385534267675,0.435672695099,0.00280592176649,0.19567624677,0.266673634509,1.0,1.0,0.833984375,67.6136363636,0.651515151515,58126.2962258,26880563.7765,13004233853.1,42.5,-0.643939393939,11822.7272727,2.52337910743e-06,Class 4
0.399704111825,8867.04545455,10968166.1635,26271.9223637,0.8636384607,1.0,96704.9832452,0.424113166523,0.465122083456,0.00297092406218,0.172982581628,0.415286248972,1.0,1.0,0.864169034091,103.674242424,0.525252525253,96877.4420591,47145780.5333,23467453107.7,34.7727272727,-0.643939393939,22003.4090909,2.06458290608e-06,Class 4
0.367156412611,14450.0,7684467.4918,23316.3310995,0.777781195214,1.0,78656.9568629,0.441329826175,0.508225380767,0.00254068256896,0.230048479281,0.206816095797,1.0,1.0,0.778645833333,91.4393939394,0.530303030303,78815.3243982,36510675.4596,17680634353.4,56.6666666667,0.0,16092.0454545,3.36450547657e-06,Class 4
0.803948576676,4926.13636364,17120693.5847,62067.4165636,0.924243589278,1.0,237274.010457,0.174435167362,0.190898956095,0.00334397273068,0.116514087703,0.270310469839,1.0,1.0,0.924538352273,237.613636364,0.893939393939,237432.347362,119832554.411,60793373981.0,19.3181818182,5.79545454545,58128.4090909,1.14699050338e-06,Class 4
0.332976226916,13793.1818182,13046463.49,31854.7058628,0.787882049977,1.0,114710.371819,0.461570259721,0.525320619849,0.00258532087118,0.224423232989,0.254703245656,1.0,1.0,0.788707386364,126.212121212,0.39898989899,114939.23775,55101067.429,27204294697.3,54.0909090909,-1.28787878788,25287.5,3.21157340946e-06,Class 4
0.847209468422,2955.68181818,17256765.9681,61082.2194755,0.954546153567,1.0,241897.27571,0.145973970674,0.159535044401,0.0035520191035,0.0803042631216,0.353506302954,1.0,1.0,0.954723011364,240.189393939,0.919191919192,242029.994142,122679753.47,62373540288.4,11.5909090909,-0.643939393939,59770.4545455,6.88194302026e-07,Class 4
0.411029486787,12479.5454545,6579754.18197,20689.1388647,0.808083759503,1.0,70143.8069558,0.418782254973,0.476555688484,0.00267938015084,0.2123673423,0.245683162168,1.0,1.0,0.808830492424,81.1363636364,0.585858585859,70277.0100042,32658636.9438,15844241835.0,48.9393939394,0.0,14450.0,2.90570927522e-06,Class 4
0.830629527599,1970.45454545,17677499.4355,60425.4214168,0.969697435711,1.0,238276.609163,0.157432193426,0.165808999212,0.00366142279955,0.0589745669616,0.604442384109,1.0,1.0,0.969815340909,235.681818182,0.909090909091,238417.635004,121088696.091,61626171970.5,7.72727272727,1.28787878788,59113.6363636,4.58796201351e-07,Class 4
0.483522089583,7881.81818182,6454775.91158,18390.3456592,0.878789742844,1.0,66884.4401699,0.378555566274,0.414861054579,0.00305880571966,0.160399336715,0.411523889211,1.0,1.0,0.879261363636,73.4090909091,0.651515151515,66993.1605724,32156248.0027,15886967138.2,30.9090909091,-1.28787878788,14778.4090909,1.8351848054e-06,Class 4
0.631874298541,12479.5454545,16641596.0152,57141.4311232,0.808083759503,1.0,215859.146702,0.261170039203,0.318943472715,0.00267938015084,0.2123673423,0.0115661370737,1.0,1.0,0.808830492424,224.090909091,0.782828282828,216086.179038,107020174.034,53768044801.8,48.9393939394,0.0,50903.4090909,2.90570927522e-06,Class 4
0.760381593715,5582.95454545,906225.327298,5582.78351431,0.914142734515,1.0,17387.1825019,0.205671719976,0.231453180494,0.0032778123899,0.127183100793,0.220404253328,1.0,1.0,0.914476799242,22.5378787879,0.868686868687,17404.9775705,7452836.38077,3437890075.44,21.8939393939,-0.643939393939,2955.68181818,1.29992257049e-06,Class 4
0.402101826344,7225.0,14210594.6915,30869.5087747,0.888890597607,1.0,117365.730807,0.418679134084,0.451927235223,0.00311938627267,0.151495854335,0.49714208011,1.0,1.0,0.889322916667,122.348484848,0.464646464646,117566.631216,58115801.3055,29168842190.4,28.3333333333,-1.28787878788,27586.3636364,1.68225273829e-06,Class 4
0.523160901949,11494.3181818,17579201.6344,51230.2485948,0.823235041648,1.0,193806.121359,0.351985853955,0.405166888283,0.00275410945142,0.202579528291,0.184044796221,1.0,1.0,0.82392282197,201.553030303,0.70202020202,194083.474256,96050184.0493,48237494127.7,45.0757575758,-0.643939393939,45648.8636364,2.67631117455e-06,Class 4
0.813131313131,4269.31818182,17215973.9395,62395.8155929,0.934344444041,1.0,237934.524305,0.170545441418,0.178278212263,0.00341172729654,0.105210476451,0.442241694167,1.0,1.0,0.934599905303,237.613636364,0.89898989899,238089.165544,120335004.925,61092325495.0,16.7424242424,7.08333333333,58456.8181818,9.9405843626e-07,Class 4
0.39980614223,8867.04545455,10966135.6195,26928.7204225,0.8636384607,1.0,96704.9832452,0.424113166523,0.464796387704,0.00297092406218,0.172982581628,0.417331575341,1.0,1.0,0.864169034091,103.674242424,0.525252525253,96877.4420591,47145780.5333,23467453107.7,34.7727272727,1.93181818182,22003.4090909,2.06458290608e-06,Class 4
0.411131517192,8210.22727273,10721395.1145,25943.5233344,0.873739315463,1.0,94741.7867363,0.416955775237,0.454920733238,0.00302911327756,0.164693088958,0.440855754911,1.0,1.0,0.874230587121,101.098484848,0.540404040404,94907.0680061,46308383.5331,23083092856.7,32.196969697,0.643939393939,21675.0,1.91165083896e-06,Class 4
