0.611075671488,225.511363636,72270.6174165,838.486394709,0.943196130066,1.0,3141.28525813,0.297285632571,0.314345166428,0.013706175749,0.0947289029582,0.605251544989,1.0,1.0,0.944069602273,13.4232954545,0.758522727273,3155.48215554,383298.924502,47389963.0625,3.57954545455,-0.107386363636,732.911931818,1.34480903712e-05,Class 1
0.42899535124,347.2875,200741.418103,1717.54445579,0.912522040302,1.0,6491.85287785,0.399330090802,0.42566701068,0.0128857421875,0.128861798631,0.567771113875,1.0,1.0,0.9138671875,27.3119318182,0.522727272727,6531.90630327,800958.595405,99519419.129,5.5125,-0.0357954545455,1547.00795455,2.07100591716e-05,Class 1
0.55752776343,236.786931818,98470.5718711,1032.32996715,0.94035593657,1.0,3895.72810275,0.326240116433,0.344169905219,0.0136277380068,0.0981629159521,0.622813832637,1.0,1.0,0.941273082386,16.4838068182,0.708522727273,3915.07288707,478273.96937,59309164.5787,3.75852272727,-0.0894886363636,920.086363636,1.41204948897e-05,Class 1
0.646196410124,245.807386364,55118.1735547,719.024658203,0.938083781772,1.0,2605.55846274,0.279510151279,0.298143297685,0.0135653509975,0.100864993818,0.547025551919,1.0,1.0,0.939035866477,11.3650568182,0.788636363636,2616.76727628,314160.299605,38600221.8073,3.90170454545,0.0536931818182,593.094886364,1.46584185046e-05,Class 1
0.611075671488,225.511363636,72270.6174165,838.486394709,0.943196130066,1.0,3141.28525813,0.297285632571,0.314345166428,0.013706175749,0.0947289029582,0.605251544989,1.0,1.0,0.944069602273,13.4232954545,0.758522727273,3155.48215554,383298.924502,47389963.0625,3.57954545455,-0.107386363636,732.911931818,1.34480903712e-05,Class 1
0.55752776343,236.786931818,98470.5718711,1032.32996715,0.94035593657,1.0,3895.72810275,0.326240116433,0.344169905219,0.0136277380068,0.0981629159521,0.622813832637,1.0,1.0,0.941273082386,16.4838068182,0.708522727273,3915.07288707,478273.96937,59309164.5787,3.75852272727,-0.0894886363636,920.086363636,1.41204948897e-05,Class 1
0.54950348657,232.276704545,104390.292275,1077.40986772,0.941492013968,1.0,4052.54721807,0.329854493655,0.347470392117,0.013659052573,0.0967969686122,0.631601648279,1.0,1.0,0.942391690341,17.0923295455,0.699431818182,4072.85477628,498433.420344,61866499.8852,3.68693181818,0.0178977272727,960.678409091,1.38515330823e-05,Class 1
0.659281379132,223.25625,290834.750054,3268.29303533,0.943764168766,1.0,12831.7291829,0.270612601732,0.287484421573,0.0137219238281,0.094034347492,0.57222684994,1.0,1.0,0.94462890625,52.0286931818,0.797727272727,12881.4718217,1608611.69188,201750017.959,3.54375,-0.125284090909,3166.17954545,1.33136094675e-05,Class 1
0.42899535124,347.2875,200741.418103,1717.54445579,0.912522040302,1.0,6491.85287785,0.399330090802,0.42566701068,0.0128857421875,0.128861798631,0.567771113875,1.0,1.0,0.9138671875,27.3119318182,0.522727272727,6531.90630327,800958.595405,99519419.129,5.5125,-0.0357954545455,1547.00795455,2.07100591716e-05,Class 1
0.74524018595,67.6534090909,290446.703225,3412.54871715,0.98295883902,1.0,13572.1345044,0.203875723709,0.208857858707,0.0148572685305,0.0374823291469,0.808282893256,1.0,1.0,0.983220880682,54.3017045455,0.853409090909,13609.5893999,1710125.01129,215154193.016,1.07386363636,-0.107386363636,3387.18068182,4.03442711135e-06,Class 1
0.570274405992,297.675,80720.7131253,917.376220703,0.925018891688,1.0,3426.63923523,0.324461952294,0.346799331858,0.013212890625,0.115689302462,0.543138908281,1.0,1.0,0.926171875,14.8551136364,0.726704545455,3443.95772372,415096.035165,51109413.8784,4.725,-0.286363636364,787.034659091,1.77514792899e-05,Class 1
0.920849690083,40.5920454545,266155.332595,3827.28380238,0.989775303412,1.0,15246.6728492,0.0841780935487,0.0872293351373,0.0150645257619,0.0247735862449,0.707198012516,1.0,1.0,0.989932528409,60.7448863636,0.959090909091,15259.5271839,1919668.79869,241657408.784,0.644318181818,0.0357954545455,3806.63181818,2.42065626681e-06,Class 1
0.633360666322,196.194886364,66874.4813258,784.390514027,0.950580633158,1.0,2960.35028862,0.282633199184,0.297444094639,0.0139124745771,0.0854860290597,0.633706867498,1.0,1.0,0.951340553977,12.5821022727,0.775568181818,2972.92310014,362147.292638,44841702.4699,3.11420454545,-0.125284090909,694.575,1.16998386229e-05,Class 1
0.386015625,615.646022727,167225.748818,1629.63864968,0.844925435081,1.0,5812.24549584,0.432889439032,0.479528596992,0.0112854407444,0.18738834234,0.367218081428,1.0,1.0,0.847310014205,25.6832386364,0.514772727273,5853.32068537,698588.195645,85560417.064,9.77215909091,0.196875,1310.22102273,3.67132867133e-05,Class 1
0.362189436983,663.003409091,204438.967943,1868.56212269,0.832996622395,1.0,6815.9523603,0.446002959232,0.496228204312,0.0110326946668,0.195940783946,0.348569144312,1.0,1.0,0.835564630682,29.8892045455,0.442045454545,6865.34096236,823090.577623,101056144.593,10.5238636364,-0.214772727273,1551.51818182,3.95373856912e-05,Class 1
0.474574509298,448.767613636,113555.455033,1214.90356445,0.886960298832,1.0,4388.37998501,0.382331513508,0.416367807793,0.0122469916225,0.153254887197,0.444555484597,1.0,1.0,0.888698508523,19.3116477273,0.636931818182,4415.35463423,527952.307069,64726982.7442,7.12329545455,-0.0178977272727,992.25,2.67616998386e-05,Class 1
0.42899535124,347.2875,200741.418103,1717.54445579,0.912522040302,1.0,6491.85287785,0.399330090802,0.42566701068,0.0128857421875,0.128861798631,0.567771113875,1.0,1.0,0.9138671875,27.3119318182,0.522727272727,6531.90630327,800958.595405,99519419.129,5.5125,-0.0357954545455,1547.00795455,2.07100591716e-05,Class 1
0.633360666322,196.194886364,66874.4813258,784.390514027,0.950580633158,1.0,2960.35028862,0.282633199184,0.297444094639,0.0139124745771,0.0854860290597,0.633706867498,1.0,1.0,0.951340553977,12.5821022727,0.775568181818,2972.92310014,362147.292638,44841702.4699,3.11420454545,-0.125284090909,694.575,1.16998386229e-05,Class 1
0.548458806818,200.705113636,111567.92347,1099.949818,0.949444555759,1.0,4227.89712196,0.32690168411,0.341956053826,0.0138805143498,0.0869391687441,0.676242415037,1.0,1.0,0.950221946023,17.6650568182,0.694318181818,4248.68204901,522569.200226,65031975.1743,3.18579545455,-0.196875,1012.54602273,1.19688004303e-05,Class 1
0.585910382231,189.429545455,90714.1623219,951.186146129,0.952284749256,1.0,3661.59664767,0.306762887155,0.320840995425,0.0139605662448,0.0832838564583,0.675139052587,1.0,1.0,0.953018465909,15.35625,0.732386363636,3678.42689986,451444.52347,56117174.7162,3.00681818182,-0.250568181818,872.728977273,1.12963959118e-05,Class 1
0.592524535124,221.001136364,81855.3520673,897.090265447,0.944332207465,1.0,3423.56858035,0.306697652868,0.323135806572,0.0137376920842,0.0933371509161,0.628610719306,1.0,1.0,0.945188210227,14.5329545455,0.741477272727,3439.48776634,419358.620883,51950232.4076,3.50795454545,-0.286363636364,805.075568182,1.31791285637e-05,Class 1
0.542129390496,243.552272727,106991.328472,1090.93383789,0.938651820472,1.0,4126.18331287,0.334690200847,0.353121348482,0.0135809174845,0.100193147017,0.623156683538,1.0,1.0,0.939595170455,17.4323863636,0.692613636364,4147.23101918,507092.847283,62912630.9056,3.86590909091,-0.107386363636,976.464204545,1.45239376009e-05,Class 1
0.547009943182,277.378977273,97285.516421,1036.83795721,0.930131239982,1.0,3881.46917403,0.335191136747,0.356179850894,0.0133495387558,0.110026294573,0.57950573017,1.0,1.0,0.931205610795,16.5911931818,0.701704545455,3901.52878196,474013.073728,58611554.6802,4.40284090909,-0.125284090909,906.555681818,1.65411511565e-05,Class 1
0.527087422521,295.419886364,106688.902402,1099.949818,0.925586930387,1.0,4140.75933601,0.346817092055,0.369063871204,0.013227993043,0.115068357547,0.572292516141,1.0,1.0,0.926731178977,17.7008522727,0.681818181818,4162.98325639,505812.719506,62545818.4422,4.68920454545,-0.232670454545,967.44375,1.76169983862e-05,Class 1
0.476586389463,263.848295455,159225.282212,1413.25512695,0.933539472178,1.0,5435.21595016,0.368941434737,0.388647249411,0.0134415454707,0.106154564094,0.634306035778,1.0,1.0,0.934561434659,22.7480113636,0.605681818182,5465.80804332,671914.976245,83594633.3627,4.18806818182,-0.304261363636,1301.20056818,1.57342657343e-05,Class 1
0.533758393595,315.715909091,98358.9543308,1052.61592241,0.920474582093,1.0,3927.72412015,0.34483397901,0.368652486763,0.0130927976498,0.120585253863,0.544636919654,1.0,1.0,0.921697443182,16.93125,0.691477272727,3948.84366122,477560.439943,58906479.0008,5.01136363636,-0.214772727273,908.810795455,1.88273265196e-05,Class 1
0.587043517562,234.531818182,82405.5746455,912.868230646,0.940923975269,1.0,3445.70569829,0.310801223698,0.328470542556,0.0136433852014,0.0974812031423,0.610416588421,1.0,1.0,0.941832386364,14.6761363636,0.7375,3462.02100497,421345.517781,52146895.926,3.72272727273,-0.178977272727,807.330681818,1.3986013986e-05,Class 1
0.528223786157,144.327272727,140996.633687,1268.99944513,0.963645523243,1.0,4943.69075753,0.328731418477,0.339554261335,0.0142858180527,0.0678412153093,0.75799059929,1.0,1.0,0.964204545455,20.2960227273,0.659659090909,4967.73442827,616695.615127,77112392.8353,2.29090909091,-0.143181818182,1206.48579545,8.60677783755e-06,Class 1
0.579439566116,148.8375,102007.214551,1023.31398704,0.962509445844,1.0,3953.66874395,0.30464690159,0.315868135724,0.0142529296875,0.0694506169614,0.732294451389,1.0,1.0,0.9630859375,16.3585227273,0.721590909091,3971.46638849,490913.105373,61249852.8432,2.3625,-0.107386363636,956.168181818,8.87573964497e-06,Class 1
0.538434271694,311.205681818,96289.5262666,1034.58396218,0.921610659492,1.0,3869.61670685,0.34210934181,0.365537294175,0.0131226998321,0.11937301303,0.547525911869,1.0,1.0,0.922816051136,16.6806818182,0.696022727273,3890.2420277,470462.32736,58030213.0981,4.93977272727,-0.250568181818,895.280113636,1.85583647122e-05,Class 1
0.613460743802,99.225,91857.189476,928.646195845,0.975006297229,1.0,3654.67418638,0.279514485664,0.286631288599,0.014619140625,0.0507719994771,0.801777191278,1.0,1.0,0.975390625,14.9625,0.75,3669.45566406,455991.675922,57047463.1611,1.575,-0.214772727273,893.025,5.91715976331e-06,Class 1
0.489434400826,599.860227273,76705.8836797,1027.8219771,0.848901705977,1.0,3462.16335799,0.375934909757,0.421414789306,0.0113716667743,0.184434083736,0.299480372332,1.0,1.0,0.851225142045,16.2153409091,0.667045454545,3484.37974077,401169.166039,48157474.3124,9.52159090909,0.107386363636,721.636363636,3.57719203873e-05,Class 1
0.538064953512,358.563068182,88084.6778537,996.266046697,0.909681846806,1.0,3665.07439721,0.345008540584,0.37207257875,0.0128127522114,0.131732744422,0.493909204047,1.0,1.0,0.911070667614,16.0542613636,0.7,3685.10498935,441640.914332,54211933.8252,5.69147727273,-0.232670454545,832.136931818,2.13824636902e-05,Class 1
0.620540418388,189.429545455,73455.9791406,827.216419567,0.952284749256,1.0,3159.86010777,0.288788805085,0.302943913384,0.0139605662448,0.0832838564583,0.655060376214,1.0,1.0,0.953018465909,13.3517045455,0.764204545455,3173.53201349,387843.541838,48105438.5614,3.00681818182,-0.214772727273,746.442613636,1.12963959118e-05,Class 1
0.667195893595,333.756818182,37835.7316799,588.292946555,0.915930272498,1.0,2046.48783936,0.270107956588,0.295368463445,0.0129739959969,0.125358591519,0.398425206676,1.0,1.0,0.917223011364,9.48579545455,0.807386363636,2055.47888849,237920.181971,28647797.3879,5.29772727273,-0.143181818182,430.726704545,1.99031737493e-05,Class 1
0.628571797521,302.185227273,54497.5336832,716.770663175,0.923882814289,1.0,2615.93927344,0.292446924439,0.315185458926,0.0131827463197,0.116925143345,0.488804971517,1.0,1.0,0.925053267045,11.6335227273,0.777272727273,2628.00928622,312028.161707,38108208.2273,4.79659090909,-0.250568181818,581.819318182,1.80204410974e-05,Class 1
0.586659994835,148.8375,97704.3693428,989.504061612,0.962509445844,1.0,3837.19564246,0.301061708345,0.312162673229,0.0142529296875,0.0694506169614,0.731360544586,1.0,1.0,0.9630859375,15.8931818182,0.728977272727,3854.25864702,476148.59178,59389985.5216,2.3625,-0.178977272727,926.851704545,8.87573964497e-06,Class 1
0.522173941116,642.707386364,54606.5129719,867.788330078,0.838108970689,1.0,2815.19864962,0.355191360069,0.403937261684,0.0111399248612,0.192331409254,0.230839772341,1.0,1.0,0.840598366477,13.7991477273,0.7,2832.95392401,316413.17239,37311060.3036,10.2017045455,-0.0178977272727,547.992613636,3.83270575578e-05,Class 1
0.570274405992,297.675,80720.7131253,917.376220703,0.925018891688,1.0,3426.63923523,0.324461952294,0.346799331858,0.013212890625,0.115689302462,0.543138908281,1.0,1.0,0.926171875,14.8551136364,0.726704545455,3443.95772372,415096.035165,51109413.8784,4.725,-0.286363636364,787.034659091,1.77514792899e-05,Class 1
0.537162319215,543.482386364,60689.3822612,872.296320135,0.86310267346,1.0,2950.67252822,0.348463243473,0.389671028524,0.0116876876453,0.173437459997,0.303459494176,1.0,1.0,0.865207741477,13.9423295455,0.710227272727,2968.24284446,339700.322306,40637751.7376,8.62670454545,-0.0894886363636,606.625568182,3.24098977945e-05,Class 1
0.580823863636,211.980681818,89540.4213929,946.678156072,0.946604362262,1.0,3638.73526405,0.311865103414,0.327514939809,0.0138009668776,0.0905214386333,0.648686635653,1.0,1.0,0.947425426136,15.35625,0.729545454545,3655.87576349,447184.472867,55491169.133,3.36477272727,-0.322159090909,861.453409091,1.26412049489e-05,Class 1
0.580951704545,270.613636364,79640.4994633,901.598255504,0.93183535608,1.0,3382.3423023,0.316937116707,0.337259910262,0.0133954513171,0.108100360812,0.568897090942,1.0,1.0,0.932883522727,14.56875,0.734659090909,3398.89124645,411122.24137,50716086.8418,4.29545454545,-0.250568181818,782.524431818,1.61377084454e-05,Class 1
0.498745480372,480.339204545,90587.5806487,1072.90187766,0.879007757041,1.0,3792.7845533,0.370238014289,0.406668906109,0.0120566022889,0.160236320754,0.396761931852,1.0,1.0,0.880868252841,17.0565340909,0.66875,3815.77629616,450437.131888,54837371.7537,7.62443181818,-0.0178977272727,834.392045455,2.86444324906e-05,Class 1
0.548841038223,345.032386364,84349.4013289,955.694136186,0.913090079002,1.0,3553.40419513,0.338606759869,0.364419097478,0.0129004007135,0.12828238209,0.504331497147,1.0,1.0,0.914426491477,15.553125,0.709659090909,3572.41194957,428296.699286,52584603.1364,5.47670454545,-0.375852272727,807.330681818,2.05755782679e-05,Class 1
0.920849690083,40.5920454545,266155.332595,3827.28380238,0.989775303412,1.0,15246.6728492,0.0841780935487,0.0872293351373,0.0150645257619,0.0247735862449,0.707198012516,1.0,1.0,0.989932528409,60.7448863636,0.959090909091,15259.5271839,1919668.79869,241657408.784,0.644318181818,0.0357954545455,3806.63181818,2.42065626681e-06,Class 1
0.674673941116,281.889204545,41206.6419954,599.562921697,0.928995162583,1.0,2138.98446596,0.264562955678,0.285894537038,0.0133190312661,0.11129943809,0.465900267986,1.0,1.0,0.930087002841,9.646875,0.811363636364,2147.91841264,252829.091526,30731410.4559,4.47443181818,-0.125284090909,466.808522727,1.6810112964e-05,Class 1
0.912384426653,45.1022727273,267039.189598,3811.50583718,0.988639226013,1.0,15177.3563001,0.0914051290438,0.0948012073345,0.0150297811209,0.0270034110386,0.702179925346,1.0,1.0,0.988813920455,60.4943181818,0.954545454545,15191.9050959,1910866.66586,240530740.648,0.715909090909,0.0357954545455,3788.59090909,2.68961807423e-06,Class 1
0.547724044421,358.563068182,82705.3862164,957.948131214,0.909681846806,1.0,3512.88320357,0.339824232677,0.366888270843,0.0128127522114,0.131732744422,0.486758125681,1.0,1.0,0.911070667614,15.4457386364,0.709659090909,3531.83332741,422333.47348,51779799.6353,5.69147727273,-0.232670454545,793.8,2.13824636902e-05,Class 1
0.571588326446,248.0625,88303.6658389,960.202126243,0.937515743073,1.0,3620.10495888,0.320052624444,0.338754681335,0.0135498046875,0.101534427291,0.602138516146,1.0,1.0,0.9384765625,15.4278409091,0.723863636364,3637.82590554,442639.85553,54775693.6341,3.9375,-0.178977272727,847.922727273,1.47928994083e-05,Class 1
0.706401084711,90.2045454545,53644.4690755,626.610862038,0.977278452027,1.0,2471.3130996,0.2294852749,0.235709317195,0.0146867736312,0.047108503988,0.78590663668,1.0,1.0,0.977627840909,10.2017045455,0.826704545455,2479.35076349,306643.364788,38269992.0267,1.43181818182,-0.250568181818,597.605113636,5.37923614847e-06,Class 1
0.464351110537,308.950568182,159437.757336,1462.84301758,0.922178698191,1.0,5460.92590999,0.379104512921,0.402427874185,0.0131376811887,0.118763988622,0.590226443823,1.0,1.0,0.923375355114,23.034375,0.595454545455,5492.83361151,672480.729557,83487155.9328,4.90397727273,0.196875,1296.69034091,1.84238838085e-05,Class 2
0.752703383264,175.898863636,280903.994997,3513.97849343,0.955692981452,1.0,13812.7468681,0.211976670167,0.22526077175,0.0140572943569,0.0787952265364,0.559314339048,1.0,1.0,0.956374289773,55.6977272727,0.861931818182,13852.9671697,1733970.30917,217728968.181,2.79204545455,0.107386363636,3421.00738636,1.04895104895e-05,Class 2
0.408776472107,403.665340909,231453.979459,1965.48390891,0.898321072819,1.0,7361.46989292,0.413158300003,0.443690964784,0.0125258365347,0.142801316162,0.525871455356,1.0,1.0,0.899884588068,31.0167613636,0.456818181818,7408.68240412,907856.711733,112761810.386,6.40738636364,0.196875,1752.22329545,2.40720817644e-05,Class 2
0.529836647727,227.766477273,119108.901204,1183.34763406,0.942628091367,1.0,4433.24431533,0.339195959835,0.356322872404,0.0136904478467,0.0954208421514,0.65056283335,1.0,1.0,0.943510298295,18.5957386364,0.676136363636,4456.03616832,546986.166688,68000503.1179,3.61534090909,0.196875,1057.64829545,1.35825712749e-05,Class 2
0.701516658058,198.45,42311.6563731,597.308926669,0.950012594458,1.0,2128.83976146,0.244518741132,0.259367717417,0.013896484375,0.0862140747588,0.57853429602,1.0,1.0,0.95078125,9.27102272727,0.827840909091,2136.68982599,256666.094704,31545430.5844,3.15,0.214772727273,484.849431818,1.18343195266e-05,Class 2
0.537004777893,223.25625,114816.688726,1154.04569869,0.943764168766,1.0,4321.41010302,0.335158191706,0.351940020443,0.0137219238281,0.094034347492,0.652757099337,1.0,1.0,0.94462890625,18.1303977273,0.684090909091,4343.33865412,533073.663216,66265836.9129,3.54375,0.196875,1030.58693182,1.33136094675e-05,Class 2
0.515568827479,290.909659091,115898.270061,1192.36361417,0.926723007786,1.0,4378.10524762,0.352303273412,0.374090190644,0.0132582584097,0.113820347879,0.585332319227,1.0,1.0,0.927849786932,18.6315340909,0.667613636364,4401.90896662,536193.756813,66390754.2022,4.61761363636,0.304261363636,1028.33181818,1.73480365788e-05,Class 2
0.693115315083,191.684659091,45685.2816783,619.848876953,0.951716710556,1.0,2247.7542986,0.248918187269,0.263385362698,0.013944515512,0.0840209531918,0.594337356415,1.0,1.0,0.952459161932,9.71846590909,0.821590909091,2256.15491832,272140.757571,33521566.2225,3.04261363636,0.125284090909,516.421022727,1.14308768155e-05,Class 2
0.474582257231,340.522159091,139120.173373,1350.14326616,0.9142261564,1.0,4981.25795258,0.376583612427,0.402311663399,0.0129297782961,0.127118239407,0.552467039918,1.0,1.0,0.915545099432,21.2446022727,0.619886363636,5010.46301491,609730.067969,75457412.2639,5.40511363636,0.196875,1168.14886364,2.03066164605e-05,Class 2
0.615034220041,405.920454545,283134.338725,3266.03904031,0.89775303412,1.0,12575.1238978,0.30247360757,0.333236085823,0.0125117026085,0.143338094913,0.365856792161,1.0,1.0,0.899325284091,51.7602272727,0.770454545455,12631.1877663,1565587.29338,195606372.358,6.44318181818,0.107386363636,3057.93409091,2.42065626681e-05,Class 2
0.563143078512,230.021590909,96360.7662048,1032.32996715,0.942060052668,1.0,3835.41611458,0.322724555344,0.340049457475,0.0136747401214,0.0961101894147,0.630340323828,1.0,1.0,0.942950994318,16.2153409091,0.713636363636,3854.21837713,471033.99594,58423965.8757,3.65113636364,0.178977272727,906.555681818,1.37170521786e-05,Class 2
0.48497740186,205.215340909,168442.864746,1469.60500266,0.94830847836,1.0,5629.36807881,0.358069110704,0.373621525256,0.0138486348302,0.0883806265534,0.694512905622,1.0,1.0,0.949103338068,23.2849431818,0.604545454545,5659.68069957,700027.085038,87368248.6346,3.25738636364,0.0536931818182,1364.34375,1.22377622378e-05,Class 2
0.442047391529,293.164772727,200669.843548,1715.29046076,0.926154969086,1.0,6457.51941453,0.388336854327,0.410328445372,0.0132431156379,0.114445377486,0.617162087523,1.0,1.0,0.927290482955,26.9539772727,0.535227272727,6495.8692294,799825.398705,99591165.358,4.65340909091,0.286363636364,1551.51818182,1.74825174825e-05,Class 2
0.662459323347,153.347727273,61193.6436517,737.05661843,0.961373368445,1.0,2757.17981441,0.262304292493,0.273869593496,0.01422012203,0.0710444786156,0.68306999838,1.0,1.0,0.961967329545,11.5977272727,0.796590909091,2767.83080611,339008.763877,42096778.3589,2.43409090909,0.107386363636,653.982954545,9.14470145239e-06,Class 2
0.484807592975,211.980681818,166337.775463,1465.09701261,0.946604362262,1.0,5582.15293376,0.359033053964,0.375026687866,0.0138009668776,0.0905214386333,0.68764762233,1.0,1.0,0.947425426136,23.1238636364,0.60625,5612.34344815,693638.27669,86536646.7329,3.36477272727,0.143181818182,1350.81306818,1.26412049489e-05,Class 2
0.476999612603,313.460795455,144027.072769,1370.42922141,0.921042620792,1.0,5089.29808764,0.373309884973,0.396976898692,0.0131077386525,0.119980097186,0.57926143164,1.0,1.0,0.922256747159,21.5667613636,0.618181818182,5118.66819957,625063.715027,77496219.4171,4.97556818182,0.196875,1201.97556818,1.86928456159e-05,Class 2
0.60677427686,117.265909091,92210.3754693,960.202126243,0.970461987635,1.0,3672.16362089,0.286053202435,0.294794814508,0.0144848431043,0.057830025996,0.771309297824,1.0,1.0,0.970916193182,15.1056818182,0.745454545455,3687.47867543,457126.562698,57118925.5628,1.86136363636,0.143181818182,893.025,6.99300699301e-06,Class 2
0.483210227273,329.246590909,133799.294929,1307.31736062,0.917066349897,1.0,4845.0049875,0.371462091811,0.396403467453,0.0130035753487,0.124176409298,0.558294849316,1.0,1.0,0.918341619318,20.6539772727,0.630681818182,4872.97491122,593120.518326,73409814.2242,5.22613636364,0.107386363636,1136.57727273,1.96342119419e-05,Class 2
0.484163868802,236.786931818,159010.14158,1444.81105735,0.94035593657,1.0,5418.02681301,0.362378872666,0.37981634516,0.0136277380068,0.0981629159521,0.662844968133,1.0,1.0,0.941273082386,22.5690340909,0.611931818182,5447.78950639,671348.377895,83630506.4772,3.75852272727,0.375852272727,1303.45568182,1.41204948897e-05,Class 2
0.514280733471,329.246590909,108738.422733,1158.55368874,0.917066349897,1.0,4209.45341812,0.355784312617,0.380539347977,0.0130035753487,0.124176409298,0.542989600849,1.0,1.0,0.918341619318,18.1125,0.671022727273,4232.84032315,512483.559471,63252077.3136,5.22613636364,0.286363636364,976.464204545,1.96342119419e-05,Class 2
0.54983793905,135.306818182,125206.095013,1187.85562411,0.96591767804,1.0,4549.78188458,0.316948598382,0.327004390003,0.014351836906,0.0645738943107,0.764526616604,1.0,1.0,0.966441761364,18.6852272727,0.686363636364,4571.0357777,567291.7037,70924792.8013,2.14772727273,0.178977272727,1109.51590909,8.0688542227e-06,Class 2
0.57868866219,155.602840909,101146.860596,1034.58396218,0.960805329746,1.0,3933.35042743,0.306004670529,0.317718646711,0.0142037484666,0.0718357202524,0.723211785656,1.0,1.0,0.961408025568,16.3048295455,0.721590909091,3951.17707741,487931.492469,60847451.0927,2.46988636364,0.125284090909,949.402840909,9.27918235611e-06,Class 2
0.521621255165,105.990340909,158710.433827,1383.95319158,0.973302181131,1.0,5354.75949824,0.324842528392,0.33256079674,0.0145686277279,0.0534587120852,0.814844857688,1.0,1.0,0.973712713068,21.7815340909,0.640909090909,5380.2345348,671070.57147,84113871.0842,1.68238636364,0.196875,1319.24147727,6.32060247445e-06,Class 2
0.828462680785,92.4596590909,21073.1882141,338.099498402,0.976710413327,1.0,1189.78277043,0.156684265234,0.163003838909,0.0146698351143,0.0480334802286,0.689719873926,1.0,1.0,0.977068536932,5.10085227273,0.907386363636,1192.31848366,144375.576111,17820384.2888,1.46761363636,0.268465909091,275.123863636,5.51371705218e-06,Class 2
0.504299457645,317.971022727,118569.790689,1214.90356445,0.919906543394,1.0,4458.09747111,0.360068813326,0.384037330776,0.013077876824,0.121188495646,0.560235988427,1.0,1.0,0.921138139205,19.0610795455,0.657386363636,4483.03936435,544710.477866,67356348.107,5.04715909091,0.232670454545,1041.8625,1.89618074233e-05,Class 2
0.527346332645,90.2045454545,157591.686539,1370.42922141,0.977278452027,1.0,5321.69924028,0.318883795412,0.325413642316,0.0146867736312,0.047108503988,0.836623822871,1.0,1.0,0.977627840909,21.5846590909,0.646022727273,5346.43243963,667806.081911,83765208.0487,1.43181818182,0.178977272727,1314.73125,5.37923614847e-06,Class 2
0.736536673554,76.6738636364,45648.792759,581.53096147,0.980686684223,1.0,2179.94162564,0.210438873534,0.215521381135,0.0147888284478,0.0414202308256,0.802458657054,1.0,1.0,0.980983664773,8.98465909091,0.847727272727,2186.33812145,270584.513445,33781326.9969,1.21704545455,0.250568181818,527.696590909,4.5723507262e-06,Class 2
0.669981275826,85.6943181818,67733.8681624,773.120538885,0.978414529425,1.0,2933.3015679,0.248153123295,0.254001017995,0.0147207111958,0.0452394541732,0.809799587549,1.0,1.0,0.978746448864,12.0272727273,0.798295454545,2943.67597656,365417.697466,45691595.7129,1.36022727273,0.250568181818,714.871022727,5.11027434104e-06,Class 2
0.543167613636,306.695454545,94236.6666163,1050.36192738,0.92274673689,1.0,3811.50660591,0.339342283085,0.362425565386,0.0131526827221,0.118153011005,0.549719987556,1.0,1.0,0.923934659091,16.4301136364,0.700568181818,3831.64039418,463364.214777,57153947.1954,4.86818181818,0.250568181818,881.749431818,1.82894029048e-05,Class 2
0.643554364669,162.368181818,67497.5963852,804.676469283,0.959101213648,1.0,2963.19426674,0.273556339335,0.285310063762,0.0141547488378,0.0741873142187,0.688493907414,1.0,1.0,0.959730113636,12.4568181818,0.781818181818,2975.19387429,364562.307192,45279977.3349,2.57727272727,0.322159090909,703.595454545,9.68262506724e-06,Class 2
0.574375645661,180.409090909,98994.9830416,1039.09195224,0.954556904053,1.0,3885.74917965,0.311505542047,0.324791235376,0.0140249709452,0.0803042631216,0.694409290618,1.0,1.0,0.955255681818,16.2153409091,0.719886363636,3903.83087713,480406.107268,59801178.1586,2.86363636364,0.286363636364,931.361931818,1.07584722969e-05,Class 2
0.557975206612,162.368181818,113162.353448,1117.98177823,0.959101213648,1.0,4253.45148637,0.317189770063,0.329394736417,0.0141547488378,0.0741873142187,0.722546671602,1.0,1.0,0.959730113636,17.6113636364,0.7,4273.49501065,528107.68853,65881584.5901,2.57727272727,0.143181818182,1028.33181818,9.68262506724e-06,Class 2
0.510131714876,302.185227273,117538.286915,1199.12559925,0.923882814289,1.0,4424.86389942,0.355926784094,0.37875395369,0.0131827463197,0.116925143345,0.573424888606,1.0,1.0,0.925053267045,18.8642045455,0.6625,4449.23726918,541445.988307,67007685.0714,4.79659090909,0.178977272727,1037.35227273,1.80204410974e-05,Class 2
0.71561918905,232.276704545,34596.7180087,536.451060902,0.941492013968,1.0,1857.11845792,0.237823167901,0.255295046943,0.013659052573,0.0967969686122,0.501520332544,1.0,1.0,0.942391690341,8.32244318182,0.838636363636,1863.93964844,220179.125705,26815154.2079,3.68693181818,0.196875,408.175568182,1.38515330823e-05,Class 2
0.529025697314,381.114204545,89454.1780879,1043.59994229,0.904001459812,1.0,3713.91348223,0.3508573588,0.379639578896,0.0126682855275,0.137347833213,0.475962885295,1.0,1.0,0.905477627841,16.340625,0.692613636364,3734.68169389,446466.718247,54730461.9784,6.04943181818,0.232670454545,838.902272727,2.27272727273e-05,Class 2
0.546978951446,313.460795455,90791.2689031,1034.58396218,0.921042620792,1.0,3719.6065047,0.337803801456,0.361256893502,0.0131077386525,0.119980097186,0.541310113935,1.0,1.0,0.922256747159,16.0900568182,0.705113636364,3739.22324219,451296.747354,55607011.7085,4.97556818182,0.340056818182,856.943181818,1.86928456159e-05,Class 2
0.468008135331,202.960227273,194489.943472,1620.62266957,0.94887651706,1.0,6254.20192201,0.365685487216,0.381073582572,0.0138645645015,0.0876613424357,0.703215631613,1.0,1.0,0.949662642045,25.7727272727,0.565340909091,6288.54643111,779386.45123,97373986.0279,3.22159090909,-0.0357954545455,1522.20170455,1.21032813341e-05,Class 2
0.481164127066,363.073295455,127321.097471,1278.01542525,0.908545769407,1.0,4698.82110382,0.374787896104,0.402306137788,0.0127836974593,0.13286911124,0.524457927291,1.0,1.0,0.909952059659,20.2065340909,0.633522727273,4726.44845526,572533.794734,70682471.8864,5.76306818182,0.0894886363636,1091.475,2.16514254976e-05,Class 2
0.443680914256,423.961363636,148887.171944,1440.30306729,0.893208724525,1.0,5259.11406305,0.397130989649,0.429220808288,0.0123993575671,0.147577968258,0.488948387847,1.0,1.0,0.894850852273,22.6943181818,0.586363636364,5292.17100497,639965.019237,78935393.6469,6.72954545455,0.178977272727,1217.76136364,2.52824098978e-05,Class 2
0.605754777893,279.634090909,66701.9248492,822.70842951,0.929563201282,1.0,2997.03084242,0.304114943629,0.325323875142,0.0133342749225,0.11066393675,0.532565501621,1.0,1.0,0.930646306818,13.0653409091,0.757386363636,3011.19962713,361717.484905,44456882.4925,4.43863636364,0.0,683.299431818,1.66756320602e-05,Class 2
0.798670583678,187.174431818,273322.874415,3622.17025479,0.952852787955,1.0,14289.3229192,0.182066310182,0.19622542622,0.0139766371546,0.0825436748269,0.458010469755,1.0,1.0,0.953577769886,57.6127840909,0.890909090909,14324.0465376,1792601.93596,225070034.752,2.97102272727,-0.0894886363636,3536.01818182,1.11619150081e-05,Class 2
0.686653538223,83.4392045455,61562.9886595,721.278653232,0.978982568125,1.0,2733.80509326,0.238937191264,0.244689912071,0.0147377102434,0.044295055977,0.807105691991,1.0,1.0,0.979305752841,11.221875,0.811363636364,2743.07153764,340289.736692,42535195.1376,1.32443181818,0.232670454545,665.258522727,4.97579343733e-06,Class 2
0.62860472624,94.7147727273,84836.6193494,903.852250533,0.976142374628,1.0,3453.10675752,0.271081379987,0.277836084349,0.0146529167743,0.0489522938315,0.804833291071,1.0,1.0,0.976509232955,14.1392045455,0.763636363636,3466.59834872,430721.854301,53882129.7856,1.50340909091,0.214772727273,843.4125,5.64819795589e-06,Class 2
0.457437370868,356.307954545,153007.514167,1453.82703746,0.910249885505,1.0,5327.74936961,0.386220280831,0.41286538755,0.0128273098528,0.131162006701,0.548214722754,1.0,1.0,0.911629971591,22.6943181818,0.594886363636,5359.82441406,652745.171048,80813410.3963,5.65568181818,0.39375,1251.58806818,2.12479827864e-05,Class 2
0.627270790289,196.194886364,69465.0038323,820.454434482,0.950580633158,1.0,3041.00339712,0.285900110936,0.300711006392,0.0139124745771,0.0854860290597,0.637722295041,1.0,1.0,0.951340553977,12.9042613636,0.770454545455,3054.06692116,372368.878972,46129302.9233,3.11420454545,0.125284090909,714.871022727,1.16998386229e-05,Class 2
0.837624612603,108.245454545,273336.607079,3676.26613548,0.972734142432,1.0,14568.69681,0.151767230453,0.159977139426,0.0145518304494,0.0543433399175,0.594476801322,1.0,1.0,0.973153409091,58.3823863636,0.913068181818,14596.8190874,1831930.3471,230336988.71,1.71818181818,0.0,3623.96761364,6.45508337816e-06,Class 2
0.527587809917,216.490909091,123449.665123,1217.15755948,0.945468284864,1.0,4538.73509672,0.339057799587,0.354959753038,0.0137692891271,0.0919347325275,0.669182942842,1.0,1.0,0.946306818182,18.9715909091,0.671590909091,4561.9795277,561041.376046,69815706.4385,3.43636363636,0.357954545455,1086.96477273,1.29101667563e-05,Class 2
0.705428073347,317.971022727,277313.081874,3466.64459783,0.919906543394,1.0,13496.9696268,0.245607498916,0.269723231487,0.013077876824,0.121188495646,0.364109692809,1.0,1.0,0.921138139205,55.0355113636,0.833522727273,13544.0993786,1686120.95179,211138398.742,5.04715909091,0.0178977272727,3308.25170455,1.89618074233e-05,Class 2
0.616771048554,381.114204545,284692.024475,3257.02306019,0.904001459812,1.0,12559.775204,0.301296635435,0.330166573731,0.0126682855275,0.137347833213,0.394702452264,1.0,1.0,0.905477627841,51.5991477273,0.771022727273,12615.4221058,1565162.55588,195651178.273,6.04943181818,0.125284090909,3060.18920455,2.27272727273e-05,Class 2
0.500951704545,243.552272727,139565.12792,1325.34932085,0.938651820472,1.0,4949.98239428,0.355051501186,0.373151926105,0.0135809174845,0.100193147017,0.647198181608,1.0,1.0,0.939595170455,20.7255681818,0.640340909091,4976.70118963,611580.174249,76074768.8742,3.86590909091,0.322159090909,1183.93465909,1.45239376009e-05,Class 2
0.439466038223,297.675,203959.532028,1724.30644087,0.925018891688,1.0,6542.47969964,0.38997791881,0.412540211151,0.013212890625,0.115689302462,0.612084139267,1.0,1.0,0.926171875,27.3119318182,0.528977272727,6581.51880327,810330.706733,100896631.412,4.725,0.0715909090909,1571.81420455,1.77514792899e-05,Class 3
0.505802556818,293.164772727,122989.446385,1228.42753462,0.926154969086,1.0,4559.34682897,0.357365481068,0.37953987232,0.0132431156379,0.114445377486,0.585302053602,1.0,1.0,0.927290482955,19.3653409091,0.655681818182,4584.48144531,559050.253957,69261021.3434,4.65340909091,0.143181818182,1073.43409091,1.74825174825e-05,Class 3
0.528099819215,299.930113636,105085.832973,1111.21979315,0.924450852988,1.0,4100.37898915,0.346629178534,0.36935427095,0.0131978083839,0.116308226407,0.563978841397,1.0,1.0,0.925612571023,17.5576704545,0.683522727273,4122.40910866,500417.782126,61848350.4574,4.76079545455,0.0894886363636,956.168181818,1.78859601937e-05,Class 3
0.46884491219,202.960227273,193014.973473,1611.60668945,0.94887651706,1.0,6218.36902616,0.365297577121,0.380685672477,0.0138645645015,0.0876613424357,0.702918531806,1.0,1.0,0.949662642045,25.6295454545,0.567613636364,6252.48251065,774843.523971,96801719.1597,3.22159090909,-0.0357954545455,1513.18125,1.21032813341e-05,Class 3
0.436179622934,286.399431818,221150.758602,1837.00619229,0.927859085184,1.0,6979.52470435,0.390410486161,0.412053780372,0.0132886044841,0.112564081316,0.625334457751,1.0,1.0,0.928968394886,29.0122159091,0.503409090909,7021.05342685,866407.993241,108005303.263,4.54602272727,0.161079545455,1684.56988636,1.70790747714e-05,Class 3
0.489473786157,263.848295455,145160.487807,1341.12728604,0.933539472178,1.0,5094.97504724,0.36270474322,0.382690025252,0.0134415454707,0.106154564094,0.625570470688,1.0,1.0,0.934561434659,21.3877840909,0.627272727273,5123.20079901,628757.167281,78158098.1148,4.18806818182,-0.0894886363636,1215.50625,1.57342657343e-05,Class 3
0.469568698347,342.777272727,143555.656774,1365.92123136,0.913658117701,1.0,5090.85748434,0.379223201648,0.405221246728,0.0129150794163,0.127701199188,0.550835657781,1.0,1.0,0.914985795455,21.6920454545,0.6125,5120.9076527,623500.710594,77183145.6687,5.44090909091,0.0,1195.21022727,2.04410973642e-05,Class 3
0.468514333678,374.348863636,136200.894351,1341.12728604,0.90570557591,1.0,4924.57238506,0.381860452655,0.410205468238,0.0127114136751,0.135680667809,0.521260623716,1.0,1.0,0.907155539773,21.1551136364,0.617045454545,4954.09636009,600500.662526,74160737.0966,5.94204545455,0.143181818182,1145.59772727,2.23238300161e-05,Class 3
0.581302944215,266.103409091,297052.125102,3038.38554244,0.932971433478,1.0,11868.4005053,0.316407529438,0.336523253486,0.0134261605759,0.106805398648,0.571765937782,1.0,1.0,0.934002130682,48.3954545455,0.734659090909,11923.5026811,1485240.81653,186039335.571,4.22386363636,-0.143181818182,2915.86193182,1.5868746638e-05,Class 3
0.479512525826,299.930113636,294742.051746,2614.6344771,0.924450852988,1.0,10070.9407412,0.370931223255,0.393634036227,0.0131978083839,0.116308226407,0.591431731151,1.0,1.0,0.925612571023,41.3974431818,0.619318181818,10127.0518643,1256815.17082,157130784.013,4.76079545455,0.125284090909,2458.07386364,1.78859601937e-05,Class 3
0.406359762397,446.5125,200937.306213,1758.1163663,0.887528337531,1.0,6560.98082276,0.416867628339,0.450723532144,0.0122607421875,0.152745920192,0.489360235279,1.0,1.0,0.8892578125,27.9920454545,0.499431818182,6603.98492543,803793.277231,99483262.1872,7.0875,-0.0715909090909,1540.24261364,2.66272189349e-05,Class 3
0.432487732438,315.715909091,210859.78943,1773.8943315,0.920474582093,1.0,6730.06687983,0.394971809793,0.418913852393,0.0130927976498,0.120585253863,0.596931670974,1.0,1.0,0.921697443182,28.1352272727,0.513636363636,6770.84543679,833044.497992,103686361.438,5.01136363636,0.0357954545455,1614.66136364,1.88273265196e-05,Class 3
0.459628744835,324.736363636,160138.835634,1462.84301758,0.918202427296,1.0,5485.15557157,0.382715950664,0.407342250274,0.0130332354081,0.122986854822,0.574784170666,1.0,1.0,0.919460227273,23.1954545455,0.590909090909,5517.61972656,674609.487301,83692752.2514,5.15454545455,0.0357954545455,1298.94545455,1.93652501345e-05,Class 3
0.429150955579,448.767613636,279211.186431,2459.10882013,0.886960298832,1.0,9351.75138559,0.405651632196,0.439673044958,0.0122469916225,0.153254887197,0.474486290494,1.0,1.0,0.888698508523,39.1423295455,0.564772727273,9410.20761719,1157147.7325,143985943.99,7.12329545455,-0.0894886363636,2241.58295455,2.67616998386e-05,Class 3
0.529314953512,232.276704545,118501.31288,1185.60162908,0.941492013968,1.0,4419.70689161,0.339947837458,0.357294455465,0.013659052573,0.0967969686122,0.646775412049,1.0,1.0,0.942391690341,18.5599431818,0.676136363636,4442.50996094,544998.424753,67732235.2842,3.68693181818,0.268465909091,1053.13806818,1.38515330823e-05,Class 3
0.401336518595,518.676136364,177188.232834,1654.43259499,0.869351099153,1.0,6004.34760302,0.422556216693,0.461818082716,0.0118307318569,0.168367615862,0.432661162418,1.0,1.0,0.871360085227,26.0590909091,0.521022727273,6044.95836293,728831.597297,89754441.6004,8.23295454545,0.214772727273,1382.38465909,3.09306078537e-05,Class 3
0.491160253099,290.909659091,136238.407347,1305.06336559,0.926723007786,1.0,4888.40225067,0.364425044348,0.386480566091,0.0132582584097,0.113820347879,0.594368745461,1.0,1.0,0.927849786932,20.671875,0.635227272727,4915.8198331,600930.470259,74545557.074,4.61761363636,0.0536931818182,1156.87329545,1.73480365788e-05,Class 3
0.433770015496,354.052840909,187564.839094,1636.40063477,0.910817924204,1.0,6167.07388398,0.397562552405,0.424408723218,0.0128418876711,0.130589553177,0.559007895088,1.0,1.0,0.912189275568,26.0411931818,0.542045454545,6205.07366832,759362.100797,94252748.9988,5.61988636364,-0.0536931818182,1463.56875,2.11135018827e-05,Class 3
0.445672133264,232.276704545,236209.487057,1902.37204812,0.941492013968,1.0,7348.676539,0.379855264533,0.397461578647,0.013659052573,0.0967969686122,0.678258062697,1.0,1.0,0.942391690341,30.2650568182,0.490340909091,7390.7354581,916382.728209,114515051.76,3.68693181818,-0.0536931818182,1790.56022727,1.38515330823e-05,Class 3
0.452111957645,381.114204545,151694.26332,1429.03309215,0.904001459812,1.0,5307.04309195,0.390468041836,0.419373032952,0.0126682855275,0.137347833213,0.522962059739,1.0,1.0,0.905477627841,22.7122159091,0.591477272727,5339.52615412,648626.981291,80196337.6134,6.04943181818,-0.0178977272727,1240.3125,2.27272727273e-05,Class 3
0.458797133264,214.235795455,279172.382502,2251.74127752,0.946036323563,1.0,8784.55398298,0.371473083574,0.387616506894,0.0137851179139,0.0912294584335,0.694454793761,1.0,1.0,0.946866122159,35.9207386364,0.543181818182,8833.30122514,1099236.39544,137620397.52,3.40056818182,-0.161079545455,2155.88863636,1.27756858526e-05,Class 3
0.499916709711,349.542613636,115031.62855,1192.36361417,0.911954001603,1.0,4381.35615917,0.364416510883,0.390920510878,0.0128711038385,0.129439459186,0.526506719434,1.0,1.0,0.913307883523,18.8821022727,0.65625,4406.38787287,533067.747947,65764606.7054,5.54829545455,0.0536931818182,1014.80113636,2.08445400753e-05,Class 3
0.510243414256,349.542613636,107442.719507,1142.77572354,0.911954001603,1.0,4184.4340866,0.359113097859,0.385617097854,0.0128711038385,0.129439459186,0.51991853213,1.0,1.0,0.913307883523,18.0946022727,0.66875,4208.03631037,508081.64802,62617138.9303,5.54829545455,0.0536931818182,965.188636364,2.08445400753e-05,Class 3
0.672677556818,211.980681818,289833.966441,3311.11894087,0.946604362262,1.0,12975.0063329,0.262185455517,0.278257943351,0.0138009668776,0.0905214386333,0.575273527442,1.0,1.0,0.947425426136,52.5477272727,0.807386363636,13023.4791016,1627209.8285,204137488.148,3.36477272727,0.0357954545455,3204.51647727,1.26412049489e-05,Class 3
0.421771048554,340.522159091,234399.683823,1936.18197354,0.9142261564,1.0,7390.1088884,0.402227288595,0.428014242621,0.0129297782961,0.127118239407,0.577811435785,1.0,1.0,0.915545099432,30.8735795455,0.467045454545,7435.76166548,915241.926164,113942359.15,5.40511363636,-0.125284090909,1774.77443182,2.03066164605e-05,Class 3
0.430936208678,360.818181818,189844.964509,1649.92460494,0.909113808106,1.0,6227.33849024,0.399444311132,0.426782907563,0.0127982147469,0.132301776067,0.554254803172,1.0,1.0,0.910511363636,26.3096590909,0.536931818182,6265.92817827,766602.074227,95137947.7017,5.72727272727,-0.107386363636,1477.09943182,2.15169445939e-05,Class 3
0.393697701446,480.339204545,227909.161897,1979.00787908,0.879007757041,1.0,7328.15812584,0.424811796043,0.461145313894,0.0120566022889,0.160236320754,0.46799319354,1.0,1.0,0.880868252841,31.1957386364,0.444318181818,7377.08844105,899051.198755,111348724.988,7.62443181818,0.232670454545,1725.16193182,2.86444324906e-05,Class 3
0.44168517562,387.879545455,162504.463179,1510.17691317,0.902297343714,1.0,5573.16790962,0.396064958724,0.4254120267,0.0126253389721,0.139000461089,0.523627599317,1.0,1.0,0.903799715909,23.8039772727,0.573295454545,5607.74820668,681988.786463,84372070.8084,6.15681818182,0.178977272727,1305.71079545,2.31307154384e-05,Class 3
0.419981921488,473.573863636,163751.42141,1532.71686346,0.880711873139,1.0,5647.33558024,0.4113808769,0.447278075071,0.0120970670842,0.158762563236,0.458472586865,1.0,1.0,0.882546164773,24.4482954545,0.552272727273,5684.34153054,686243.766836,84568450.4994,7.51704545455,-0.107386363636,1303.45568182,2.82409897795e-05,Class 3
0.436636751033,381.114204545,171948.962123,1546.24083363,0.904001459812,1.0,5799.34522827,0.398105001407,0.426974939703,0.0126682855275,0.137347833213,0.53226371317,1.0,1.0,0.905477627841,24.6809659091,0.560227272727,5835.40506037,711092.231108,88065007.0511,6.04943181818,-0.125284090909,1364.34375,2.27272727273e-05,Class 3
0.459915418388,308.950568182,165003.044267,1496.652943,0.922178698191,1.0,5595.21768551,0.381251851508,0.404575212772,0.0131376811887,0.118763988622,0.592332712833,1.0,1.0,0.923375355114,23.5713068182,0.586931818182,5628.07331321,689516.706779,85633156.6886,4.90397727273,0.196875,1330.51704545,1.84238838085e-05,Class 3
0.396515366736,599.860227273,156179.921792,1548.49482866,0.848901705977,1.0,5528.48178776,0.427127683404,0.472607562952,0.0113716667743,0.184434083736,0.371671357459,1.0,1.0,0.851225142045,24.4840909091,0.535795454545,5567.07114702,663523.21527,81205885.951,9.52159090909,0.107386363636,1242.56761364,3.57719203873e-05,Class 3
0.492529054752,286.399431818,136139.128784,1307.31736062,0.927859085184,1.0,4884.03174841,0.363355016533,0.385029440259,0.0132886044841,0.112564081316,0.599511002092,1.0,1.0,0.928968394886,20.6360795455,0.636363636364,4911.31408026,600646.748565,74527691.4736,4.54602272727,0.125284090909,1156.87329545,1.70790747714e-05,Class 3
0.643971461777,87.9494318182,303524.587303,3124.03735352,0.977846490726,1.0,12366.9681257,0.261993216766,0.268660603892,0.014703732325,0.0461772146847,0.803750773433,1.0,1.0,0.978187144886,49.6303977273,0.776704545455,12412.7079723,1558077.96391,195920581.416,1.39602272727,-0.0178977272727,3082.74034091,5.24475524476e-06,Class 3
0.522465779959,133.051704545,149616.152098,1329.8573109,0.966485716739,1.0,5147.82777544,0.329525076928,0.339597594712,0.0143683920616,0.063746584779,0.773604767857,1.0,1.0,0.967001065341,21.065625,0.648863636364,5172.85356889,643243.874448,80501330.0435,2.11193181818,0.0536931818182,1260.60852273,7.93437331899e-06,Class 3
0.504032153926,124.03125,173076.808259,1460.58902255,0.968757871537,1.0,5703.57899168,0.33644438047,0.345831368502,0.0144348144531,0.060393337418,0.791162667123,1.0,1.0,0.96923828125,23.2491477273,0.615340909091,5731.84881037,714227.535396,89478802.0168,1.96875,-0.0536931818182,1402.68068182,7.39644970414e-06,Class 3
0.42935240186,460.043181818,155454.890502,1489.89095792,0.884120105335,1.0,5437.32384438,0.40606599834,0.440936335549,0.0121785414514,0.155778872176,0.46456077966,1.0,1.0,0.885901988636,23.5534090909,0.568181818182,5472.47270952,660406.501827,81367385.9231,7.30227272727,0.107386363636,1253.84318182,2.74341043572e-05,Class 3
0.413514979339,455.532954545,180882.254401,1636.40063477,0.885256182734,1.0,6059.43601879,0.413789861262,0.448337451665,0.0122058609892,0.154773424106,0.4774216407,1.0,1.0,0.887020596591,26.0232954545,0.529545454545,6099.08556463,739624.007173,91364190.5162,7.23068181818,-0.0357954545455,1411.70113636,2.71651425498e-05,Class 3
0.533491089876,166.878409091,130585.464845,1228.42753462,0.957965136249,1.0,4696.72965661,0.329710155148,0.342307009937,0.0141221833032,0.0757370935148,0.725089448335,1.0,1.0,0.958611505682,19.4011363636,0.671022727273,4719.78378906,584042.269152,72909719.326,2.64886363636,0.107386363636,1138.83238636,9.95158687466e-06,Class 3
0.498067536157,148.8375,171733.484215,1471.85899769,0.962509445844,1.0,5682.59914576,0.343585305083,0.354806539218,0.0142529296875,0.0694506169614,0.760558204865,1.0,1.0,0.9630859375,23.2670454545,0.611931818182,5711.55055043,710109.345639,88861729.2339,2.3625,0.107386363636,1391.40511364,8.87573964497e-06,Class 3
0.522569731405,193.939772727,133003.851496,1253.22147994,0.951148671857,1.0,4767.66849229,0.338696232756,0.353353963947,0.0139284849561,0.0847549995021,0.694277198106,1.0,1.0,0.951899857955,19.7948863636,0.661363636364,4791.89820668,591423.258391,73732246.5138,3.07840909091,0.107386363636,1150.10795455,1.15653577192e-05,Class 3
0.407039643595,448.767613636,197837.871417,1742.3384011,0.886960298832,1.0,6482.58301909,0.416650859143,0.450687153427,0.0122469916225,0.153254887197,0.486872083534,1.0,1.0,0.888698508523,27.6877840909,0.503977272727,6525.09398082,793713.551744,98204594.5339,7.12329545455,-0.0178977272727,1519.94659091,2.67616998386e-05,Class 3
0.645699251033,295.419886364,287224.185416,3288.57899059,0.925586930387,1.0,12784.0917972,0.282242273877,0.304624932429,0.013227993043,0.115068357547,0.476584208337,1.0,1.0,0.926731178977,52.1360795455,0.790340909091,12836.3561257,1598386.72539,200176000.244,4.68920454545,0.0894886363636,3136.86306818,1.76169983862e-05,Class 3
0.882992639463,76.6738636364,269011.893866,3761.91794656,0.980686684223,1.0,14950.5682565,0.116793337445,0.122608689634,0.0147888284478,0.0414202308256,0.612719841267,1.0,1.0,0.980983664773,59.7426136364,0.938636363636,14970.9979226,1881052.22691,236649931.774,1.21704545455,0.0,3725.44772727,4.5723507262e-06,Class 3
0.420328641529,372.09375,208386.265011,1776.14832653,0.90627361461,1.0,6703.89328852,0.405390457609,0.433605289562,0.0127258300781,0.135121675094,0.548638313141,1.0,1.0,0.90771484375,28.2605113636,0.504545454545,6746.02352628,826369.432835,102622080.989,5.90625,-0.0536931818182,1594.36534091,2.21893491124e-05,Class 3
0.439405346074,435.236931818,150579.115172,1449.31904741,0.890368531028,1.0,5305.85542547,0.399841568177,0.432836260299,0.0123297976659,0.150179896164,0.480466461223,1.0,1.0,0.892054332386,22.9269886364,0.58125,5339.49930753,645217.250731,79552324.5161,6.90852272727,0.0894886363636,1226.78181818,2.59548144164e-05,Class 3
0.417173941116,453.277840909,175416.955773,1609.35269442,0.885824221433,1.0,5922.98738117,0.411860457134,0.446224103713,0.0122195510234,0.154268633086,0.477531157179,1.0,1.0,0.887579900568,25.4684659091,0.538636363636,5961.59298651,722446.169103,89209256.9602,7.19488636364,0.0894886363636,1377.87443182,2.7030661646e-05,Class 3
0.462730501033,340.522159091,151593.843033,1415.50912198,0.9142261564,1.0,5285.59917049,0.382431331717,0.40825751994,0.0129297782961,0.127118239407,0.557019515115,1.0,1.0,0.915545099432,22.4616477273,0.600568181818,5317.00633878,648344.949674,80321680.6436,5.40511363636,0.0178977272727,1244.82272727,2.03066164605e-05,Class 3
0.444179364669,412.685795455,151597.174975,1442.55706232,0.896048918022,1.0,5319.7669569,0.396276465484,0.427576069236,0.0124694218911,0.144939298609,0.497760934839,1.0,1.0,0.897647372159,22.8911931818,0.584659090909,5353.03446378,648341.56952,80035263.3822,6.55056818182,0.0178977272727,1235.80227273,2.46100053792e-05,Class 3
0.394441503099,489.359659091,210157.954412,1852.78415749,0.876735602244,1.0,6835.31365904,0.424846514847,0.461916077827,0.0120029317052,0.16218290295,0.460152650845,1.0,1.0,0.878631036932,29.2627840909,0.473863636364,6881.20506037,836017.660511,103372720.034,7.76761363636,0.161079545455,1598.87556818,2.91823561054e-05,Class 3
0.616129261364,363.073295455,51514.2645968,732.548628374,0.908545769407,1.0,2550.15024669,0.301421856065,0.328958492743,0.0127836974593,0.13286911124,0.415610282867,1.0,1.0,0.909952059659,11.615625,0.769886363636,2562.61322798,299958.15917,36346459.7943,5.76306818182,0.0178977272727,550.247727273,2.16514254976e-05,Class 4
0.832926782025,42.8471590909,278900.892646,3633.44022994,0.989207264713,1.0,14441.7911105,0.146689835114,0.149775322151,0.0150471433529,0.0258950661475,0.828548328436,1.0,1.0,0.989373224432,57.6127840909,0.909090909091,14468.3738104,1819866.25983,229076470.484,0.680113636364,0.0894886363636,3608.18181818,2.55513717052e-06,Class 4
0.441767820248,793.8,75593.5381241,1095.44182795,0.800050377834,1.0,3535.60944487,0.399522703608,0.459716083811,0.010380859375,0.217322011274,0.199136152478,1.0,1.0,0.803125,17.2892045455,0.625568181818,3560.91937145,398604.685293,47065827.809,12.6,0.107386363636,692.319886364,4.73372781065e-05,Class 4
0.45550232438,532.206818182,111363.667481,1244.20549982,0.865942866957,1.0,4371.2271473,0.39466614989,0.434979240731,0.0117524050878,0.171151120988,0.385221883598,1.0,1.0,0.868004261364,19.5801136364,0.622159090909,4399.53528054,520708.108447,63483762.4645,8.44772727273,0.178977272727,967.44375,3.1737493276e-05,Class 4
0.325293775826,904.300568182,214886.717125,2078.18366033,0.772216481566,1.0,7364.8426675,0.464821413316,0.533405592058,0.00988306471139,0.233066000132,0.224958624882,1.0,1.0,0.775719105114,33.0571022727,0.410795454545,7421.95804332,878020.301778,107019289.312,14.3539772727,-0.0536931818182,1630.44715909,5.39268423884e-05,Class 4
0.535269240702,372.09375,87369.7784453,1021.05999201,0.90627361461,1.0,3651.40984125,0.347115967748,0.375276931843,0.0127258300781,0.135121675094,0.479829613453,1.0,1.0,0.90771484375,16.0542613636,0.698295454545,3671.57430753,439084.88397,53836330.4753,5.90625,0.161079545455,825.371590909,2.21893491124e-05,Class 4
0.805573992769,133.051704545,276246.993969,3613.15427468,0.966485716739,1.0,14291.0531308,0.175200859202,0.185290114376,0.0143683920616,0.063746584779,0.579276207746,1.0,1.0,0.967001065341,57.3980113636,0.894318181818,14324.0733842,1796011.66652,225714047.849,2.11193181818,-0.0178977272727,3549.54886364,7.93437331899e-06,Class 4
0.892211389463,78.9289772727,267537.5151,3797.98186701,0.980118645523,1.0,15035.5028353,0.109903656798,0.115279788738,0.0147717688694,0.0423856348407,0.620089492416,1.0,1.0,0.980424360795,60.0826704545,0.94375,15054.39462,1891415.67409,237946465.028,1.25284090909,0.232670454545,3745.74375,4.70683162991e-06,Class 4
0.491711002066,351.797727273,121037.775764,1244.20549982,0.911385962904,1.0,4535.71071992,0.368752401384,0.395279382008,0.0128564856663,0.130015373998,0.531864561798,1.0,1.0,0.912748579545,19.5085227273,0.646022727273,4561.91241122,552517.049647,68205673.6954,5.58409090909,0.250568181818,1053.13806818,2.0979020979e-05,Class 4
0.483279313017,633.686931818,75062.7212826,1021.05999201,0.840381125487,1.0,3432.61961195,0.379056779554,0.427118515925,0.011188107325,0.190700505749,0.276580191421,1.0,1.0,0.842835582386,16.2332386364,0.6625,3455.06102628,395346.956041,47289999.2962,10.0585227273,-0.0178977272727,705.850568182,3.7789133943e-05,Class 4
0.278647985537,1330.51704545,159514.421395,1884.34008789,0.664857167392,1.0,6118.0060174,0.476144811717,0.577044892266,0.00841679848915,0.277001221728,0.0789730464461,1.0,1.0,0.670010653409,29.7818181818,0.359659090909,6170.77938565,693585.884309,82097179.181,21.1193181818,0.143181818182,1210.99602273,7.93437331899e-05,Class 4
0.326129261364,947.147727273,228721.717241,2224.69333718,0.761423746279,1.0,7917.6353025,0.463362788729,0.535188916528,0.00970307657541,0.238646115669,0.201931144234,1.0,1.0,0.765092329545,35.4375,0.443181818182,7978.67356179,945452.371318,115343815.388,15.0340909091,-0.107386363636,1758.98863636,5.64819795589e-05,Class 4
0.484661027893,286.399431818,295940.32201,2646.19040749,0.927859085184,1.0,10138.8859069,0.36724757248,0.388452858808,0.0132886044841,0.112564081316,0.607865567391,1.0,1.0,0.928968394886,41.6122159091,0.624431818182,10194.6784268,1266185.59207,158364787.665,4.54602272727,0.411647727273,2478.36988636,1.70790747714e-05,Class 4
0.417603951446,566.033522727,139302.247625,1431.28708718,0.857422286467,1.0,5092.99206755,0.415442723819,0.458349617069,0.0115597660285,0.177921663886,0.383769547928,1.0,1.0,0.859614701705,22.6048295455,0.569886363636,5127.5588956,610287.370896,74633891.6805,8.98465909091,0.125284090909,1141.0875,3.37547068316e-05,Class 4
0.338351627066,877.239204545,237095.842645,2285.55120295,0.779032945958,1.0,8145.00889018,0.458003638558,0.524484497486,0.0100004943343,0.229394062455,0.231108384548,1.0,1.0,0.782430752841,36.0639204545,0.461931818182,8206.36173651,978533.83495,119788100.244,13.9244318182,0.232670454545,1833.40738636,5.23130715438e-05,Class 4
0.635309917355,342.777272727,285105.220633,3281.8170055,0.913658117701,1.0,12730.7000901,0.289670332747,0.315668377828,0.0129150794163,0.127701199188,0.420517311404,1.0,1.0,0.914985795455,52.1181818182,0.784090909091,12784.4907493,1588872.75322,198789855.161,5.44090909091,0.0,3112.05681818,2.04410973642e-05,Class 4
0.479974819215,101.480113636,278469.651017,2199.89939187,0.97443825853,1.0,8569.46143463,0.342849570533,0.349524854757,0.0146022828157,0.0516731584792,0.831927967125,1.0,1.0,0.974831321023,34.5963068182,0.536363636364,8612.46564276,1078514.57131,135456956.905,1.61079545455,0.340056818182,2128.82727273,6.05164066703e-06,Class 4
0.68089294938,110.500568182,60038.8812219,716.770663175,0.972166103733,1.0,2697.41957,0.246572203487,0.254645869317,0.0145350533478,0.055222682447,0.753874043771,1.0,1.0,0.972594105114,11.1860795455,0.808522727273,2706.99419389,334041.944153,41640921.7208,1.75397727273,0.196875,649.472727273,6.58956428187e-06,Class 4
0.409617122934,656.238068182,125610.339401,1386.20718661,0.834700738493,1.0,4796.23645466,0.420643106882,0.470344003014,0.0110682564728,0.194746828149,0.321412687707,1.0,1.0,0.837242542614,21.7815340909,0.571590909091,4829.98680753,567125.33674,68839334.8559,10.4164772727,0.232670454545,1044.11761364,3.91339429801e-05,Class 4
0.316945377066,1064.41363636,145319.074509,1656.68659002,0.731885733913,1.0,5534.81732706,0.464915259643,0.545641848814,0.00924772404442,0.252517068422,0.152136908429,1.0,1.0,0.736008522727,26.38125,0.447159090909,5580.36468395,635959.959022,75892706.9421,16.8954545455,-0.0715909090909,1129.81193182,6.34749865519e-05,Class 4
0.342682722107,1116.28125,100635.209575,1386.20718661,0.718820843829,1.0,4405.61844937,0.44646137279,0.5311238158,0.00906372070312,0.258027390402,0.111705030678,1.0,1.0,0.72314453125,22.0678977273,0.509090909091,4442.07146662,489306.158943,57213354.6964,17.71875,-0.0536931818182,832.136931818,6.65680473373e-05,Class 4
0.272481275826,1404.93579545,156653.390155,1909.1340332,0.646111890314,1.0,6101.79901028,0.475960709495,0.582461245614,0.00823469177751,0.282236701099,0.0619052444977,1.0,1.0,0.651553622159,30.0144886364,0.346590909091,6154.96450639,686909.974113,80961294.4175,22.3005681818,0.304261363636,1188.44488636,8.37816030124e-05,Class 4
0.423580191116,367.583522727,202708.939288,1706.27448065,0.907409692008,1.0,6556.24273973,0.403567180684,0.430714806564,0.0127547234149,0.133998729978,0.555006132148,1.0,1.0,0.908833451705,27.6519886364,0.514772727273,6597.26209162,807914.002103,100315147.916,5.83465909091,-0.554829545455,1558.28352273,2.1920387305e-05,Class 4
0.314666193182,994.505113636,177286.939664,1852.78415749,0.749494933593,1.0,6334.03065703,0.468674001994,0.544088831314,0.00951261662255,0.244489768223,0.186234676738,1.0,1.0,0.753346946023,29.2985795455,0.409659090909,6385.07558594,741728.258803,89493261.6894,15.7857954545,0.125284090909,1348.55795455,5.93060785368e-05,Class 4
0.692838972107,155.602840909,291327.311837,3326.89690607,0.960805329746,1.0,13120.1836907,0.245782031522,0.257567677668,0.0142037484666,0.0718357202524,0.65578257385,1.0,1.0,0.961408025568,52.8877840909,0.819886363636,13165.5087536,1648649.40725,207061635.918,2.46988636364,-0.0536931818182,3254.12897727,9.27918235611e-06,Class 4
0.419422133264,687.809659091,109751.952365,1298.3013805,0.826748196703,1.0,4406.70200221,0.415104809602,0.467180885427,0.0109038550006,0.200241584698,0.29145772857,1.0,1.0,0.829412286932,20.3497159091,0.590340909091,4437.77601207,515731.993301,62240258.3575,10.9176136364,0.268465909091,938.127272727,4.10166756321e-05,Class 4
0.429159994835,1035.09715909,51418.1226733,984.996071555,0.739270237005,1.0,2958.56668781,0.393549429837,0.471978983472,0.00935644733019,0.24923608515,0.079559542097,1.0,1.0,0.743279474432,15.946875,0.616477272727,2981.5229581,310432.200777,35002566.1801,16.4301136364,-0.304261363636,487.104545455,6.17267348037e-05,Class 4
0.316231275826,1021.56647727,160545.082906,1724.30644087,0.742678469201,1.0,5904.26038294,0.466927506934,0.544329792316,0.00940777739217,0.247680464133,0.172588859609,1.0,1.0,0.746635298295,27.6877840909,0.431818181818,5952.29511719,685508.266411,82304052.7224,16.2153409091,-0.304261363636,1233.54715909,6.09198493814e-05,Class 4
0.316069860537,976.464204545,182658.839159,1855.03815252,0.754039243188,1.0,6468.49779709,0.468397207137,0.542375058769,0.00958412359569,0.242303023631,0.194338175954,1.0,1.0,0.757821377841,29.7639204545,0.404545454545,6520.32423651,759900.81288,91853933.4776,15.4994318182,-0.304261363636,1386.89488636,5.82302313072e-05,Class 4
0.666258393595,182.664204545,55900.0080333,710.008678089,0.953988865354,1.0,2597.56511969,0.263359486738,0.277028830329,0.0140088395048,0.0810539147772,0.634834807764,1.0,1.0,0.954696377841,11.0786931818,0.801136363636,2607.78261719,317002.586776,39208503.7036,2.89943181818,0.196875,606.625568182,1.08929532006e-05,Class 4
0.560553331612,466.808522727,285001.8173,3119.52936346,0.882415989237,1.0,11955.7003834,0.33507003224,0.370474668648,0.0121377134717,0.157276797214,0.354597024654,1.0,1.0,0.884224076705,49.5588068182,0.727840909091,12015.8169212,1484237.65014,185117554.185,7.40965909091,-0.0178977272727,2888.80056818,2.78375470683e-05,Class 4
0.376829158058,584.074431818,240195.995166,2098.46961559,0.852877976872,1.0,7832.04974465,0.43699173888,0.481153270224,0.0114588814728,0.181426271249,0.396617772144,1.0,1.0,0.855140269886,33.6298295455,0.460227272727,7886.43986151,956684.729388,118197636.065,9.27102272727,-0.304261363636,1826.64204545,3.48305540613e-05,Class 4
0.397990056818,457.788068182,230016.675364,1969.99189897,0.884688144035,1.0,7369.03093222,0.421572365484,0.456292831066,0.0121921911318,0.155276835164,0.484170946714,1.0,1.0,0.886461292614,31.2673295455,0.446022727273,7417.67153764,905582.712988,112260864.006,7.26647727273,0.0178977272727,1740.94772727,2.72996234535e-05,Class 4
0.369826317149,624.666477273,238066.324666,2121.00956587,0.842653280284,1.0,7808.77709055,0.441444747627,0.488822318577,0.0112366126194,0.189052882015,0.37044244554,1.0,1.0,0.845072798295,33.7014204545,0.45625,7863.87977628,951288.101931,117356959.45,9.91534090909,-0.0178977272727,1810.85625,3.72512103281e-05,Class 4
0.42580901343,333.756818182,219214.714224,1823.48222212,0.915930272498,1.0,6962.463322,0.399739610234,0.424970068419,0.0129739959969,0.125358591519,0.582850205906,1.0,1.0,0.917223011364,29.1375,0.495454545455,7005.25197088,861436.948325,107191425.048,5.29772727273,-0.178977272727,1668.78409091,1.99031737493e-05,Class 4
0.504092846074,293.164772727,124405.53584,1210.3955744,0.926154969086,1.0,4595.15684318,0.35823372114,0.380225312184,0.0132431156379,0.114445377486,0.588582101705,1.0,1.0,0.927290482955,19.5085227273,0.653409090909,4620.54536577,563593.181216,69833288.2116,4.65340909091,-0.286363636364,1082.45454545,1.74825174825e-05,Class 4
0.646130552686,437.492045455,276934.891093,3365.21482156,0.889800492329,1.0,12987.7207855,0.28238509931,0.315556638423,0.0123159462164,0.150695947247,0.286398630975,1.0,1.0,0.891495028409,53.5142045455,0.794318181818,13041.399201,1615274.08146,201740233.677,6.94431818182,-0.0715909090909,3152.64886364,2.60892953201e-05,Class 4
0.362094524793,681.044318182,191405.697253,1794.18028675,0.828452312801,1.0,6475.44813425,0.446231096298,0.497870398506,0.0109387509685,0.199080527622,0.33606525902,1.0,1.0,0.831090198864,28.6005681818,0.460227272727,6522.72476918,778796.191805,95404938.3125,10.8102272727,-0.107386363636,1461.31363636,4.06132329209e-05,Class 4
0.427978434917,430.726704545,166980.30546,1562.01879883,0.891504608427,1.0,5704.21069366,0.405355374659,0.437837039932,0.0123575610957,0.149143479387,0.492875144156,1.0,1.0,0.893172940341,24.5019886364,0.556818181818,5740.7126598,696041.460706,85972461.183,6.83693181818,0.304261363636,1328.26193182,2.56858526089e-05,Class 4
0.791554106405,87.9494318182,281744.280024,3547.78841886,0.977846490726,1.0,14092.2471271,0.179785803881,0.186377047649,0.014703732325,0.0461772146847,0.723019650697,1.0,1.0,0.978187144886,56.4315340909,0.884659090909,14125.7441939,1773867.00873,223103257.655,1.39602272727,-0.0894886363636,3511.21193182,5.24475524476e-06,Class 4
0.866362990702,103.735227273,269484.574751,3734.87000621,0.973870219831,1.0,14830.1358642,0.130842374076,0.138667234787,0.0145854451834,0.0525686896313,0.554734336005,1.0,1.0,0.974272017045,59.3846590909,0.929545454545,14853.7767578,1864582.84803,234468057.904,1.64659090909,-0.0715909090909,3689.36590909,6.18612157074e-06,Class 4
0.345484891529,759.973295455,205469.823074,1936.18197354,0.808570958324,1.0,6928.32553855,0.455320416329,0.512960452797,0.0105429304139,0.212091162466,0.295253670761,1.0,1.0,0.811514559659,30.7303977273,0.416477272727,6980.24660866,831462.057676,101726388.436,12.0630681818,0.0178977272727,1556.02840909,4.53200645508e-05,Class 4
0.381741993802,622.411363636,172320.725212,1663.44857511,0.843221318983,1.0,5944.09314193,0.435227345791,0.48238961002,0.0112487893853,0.188638340741,0.364935286359,1.0,1.0,0.845632102273,26.2380681818,0.505113636364,5986.30303622,714914.023595,87590149.5033,9.87954545455,0.178977272727,1341.79261364,3.71167294244e-05,Class 4
0.925258264463,27.0613636364,266478.674545,3831.79179244,0.993183535608,1.0,15270.5031063,0.0788637408878,0.0807485221897,0.0151692439308,0.0177214225766,0.800115712114,1.0,1.0,0.993288352273,60.7806818182,0.961363636364,15282.0738459,1923360.56086,242176078.851,0.429545454545,0.0715909090909,3815.65227273,1.61377084454e-06,Class 4
0.358762267562,782.524431818,156581.895699,1616.11467951,0.80289057133,1.0,5643.83070769,0.447973852517,0.507324297239,0.0104343786318,0.215600620971,0.271997432911,1.0,1.0,0.805921519886,25.6832386364,0.49375,5686.44227628,667063.821178,80927975.7488,12.4210227273,-0.0178977272727,1226.78181818,4.6664873588e-05,Class 4
0.328848140496,1037.35227273,132846.491966,1586.81274414,0.738702198305,1.0,5195.37165966,0.458814414415,0.537424031725,0.00934796293905,0.249492803853,0.156466609469,1.0,1.0,0.742720170455,24.9136363636,0.473863636364,5237.77086293,594507.015337,70778178.2428,16.4659090909,0.286363636364,1050.88295455,6.18612157074e-05,Class 4
0.531725852273,766.738636364,36728.4256909,759.596568714,0.806866842226,1.0,2292.65433946,0.342017410882,0.400147706324,0.0105101530217,0.213153417349,0.126593365586,1.0,1.0,0.809836647727,12.20625,0.709659090909,2307.71155895,242442.828309,27501560.6876,12.1704545455,-0.143181818182,385.624431818,4.5723507262e-05,Class 4
0.29243866219,1188.44488636,200213.0821,2118.75557085,0.70064360545,1.0,7213.70126428,0.474605779243,0.564741631117,0.00882547173618,0.265085583917,0.117980335738,1.0,1.0,0.705246803977,33.5940340909,0.383522727273,7273.05342685,841379.641394,101277619.721,18.8642045455,0.0536931818182,1522.20170455,7.08714362561e-05,Class 4
0.651173166322,593.094886364,265888.419295,3462.13660778,0.850605822075,1.0,13207.8433746,0.268466032855,0.313449023312,0.0114089234407,0.183151646811,0.103927092639,1.0,1.0,0.852903053977,54.9997159091,0.798295454545,13259.9595348,1633012.60261,203358063.911,9.41420454545,-0.0178977272727,3168.43465909,3.53684776762e-05,Class 4
0.346705191116,838.902272727,159471.553752,1665.70257013,0.788689603847,1.0,5752.5184651,0.453967247093,0.517582101199,0.0101718265754,0.223990762923,0.246798201169,1.0,1.0,0.791938920455,26.3454545455,0.476136363636,5796.86006747,677424.733244,82009696.0564,13.3159090909,0.107386363636,1240.3125,5.00268961807e-05,Class 4
0.804050232438,126.286363636,276985.777006,3640.20221502,0.968189832837,1.0,14266.1902754,0.175832165548,0.18331973506,0.0144181785899,0.0612383998561,0.654636080959,1.0,1.0,0.968678977273,57.2727272727,0.893181818182,14299.2827947,1793314.62035,225401116.015,2.00454545455,0.536931818182,3545.03863636,7.53093060785e-06,Class 4
0.471604467975,223.25625,180031.936527,1553.00281871,0.943764168766,1.0,5915.44293876,0.366668126916,0.383499978117,0.0137219238281,0.094034347492,0.679749581422,1.0,1.0,0.94462890625,24.5019886364,0.582954545455,5948.18311435,735233.92626,91731712.5478,3.54375,0.161079545455,1431.99715909,1.33136094675e-05,Class 4
0.90389527376,56.3778409091,10077.5753035,180.319846413,0.985799032517,1.0,623.604231022,0.0991728931206,0.10304002304,0.0149432726143,0.0323688629835,0.690278410303,1.0,1.0,0.986017400568,2.70255681818,0.95,624.329634233,75097.6254816,9236523.17945,0.894886363636,0.161079545455,142.072159091,3.36202259279e-06,Class 4
0.434059271694,489.359659091,141441.584393,1401.98515181,0.876735602244,1.0,5107.88041431,0.404818432667,0.441919847372,0.0120029317052,0.16218290295,0.436011893788,1.0,1.0,0.878631036932,22.3542613636,0.583522727273,5141.12089844,616821.420245,75760843.6438,7.76761363636,-0.0894886363636,1163.63863636,2.91823561054e-05,Class 4
0.417061596074,568.288636364,139339.497239,1440.30306729,0.856854247767,1.0,5095.18684562,0.415783943512,0.458789954661,0.0115470848399,0.178363713661,0.383234471846,1.0,1.0,0.859055397727,22.6227272727,0.569318181818,5129.81177202,610429.231743,74642824.4807,9.02045454545,0.250568181818,1141.0875,3.38891877353e-05,Class 4
0.362170067149,658.493181818,227088.605761,2057.89770508,0.834132699794,1.0,7483.25754229,0.445949404995,0.49586597253,0.0110563823605,0.195145825647,0.351528673323,1.0,1.0,0.836683238636,32.5380681818,0.433522727273,7537.03371804,907986.742043,111768282.771,10.4522727273,0.143181818182,1720.65170455,3.92684238838e-05,Class 4
0.414121255165,615.646022727,130550.247199,1392.9691717,0.844925435081,1.0,4899.78174308,0.417989184897,0.464671743094,0.0112854407444,0.18738834234,0.347449386481,1.0,1.0,0.847310014205,22.0321022727,0.572727272727,4933.69071378,582743.55053,70967611.9248,9.77215909091,0.0894886363636,1080.19943182,3.67132867133e-05,Class 4
0.308374870868,1332.77215909,101854.797575,1498.90693803,0.664289128692,1.0,4573.35942011,0.45607244705,0.557131689457,0.00841095727337,0.277169846934,0.0605505779093,1.0,1.0,0.669451349432,23.6071022727,0.457386363636,4613.26770241,497246.141187,57355569.9315,21.1551136364,0.196875,820.861363636,7.94782140936e-05,Class 4
0.335673424587,980.974431818,136593.711224,1575.542769,0.752903165789,1.0,5256.42842853,0.456774676432,0.531169885587,0.00956612579093,0.242854221515,0.178067994854,1.0,1.0,0.756702769886,24.9315340909,0.480681818182,5298.65669389,605725.007754,72414725.5592,15.5710227273,0.0894886363636,1080.19943182,5.84991931146e-05,Class 4
0.461950542355,430.726704545,128362.880472,1298.3013805,0.891504608427,1.0,4755.60509649,0.388163220359,0.420815665535,0.0123575610957,0.149143479387,0.47059678238,1.0,1.0,0.893172940341,20.7076704545,0.617045454545,4785.01876776,575653.888331,70807389.1757,6.83693181818,-0.0894886363636,1089.21988636,2.56858526089e-05,Class 4
0.318876549587,1105.00568182,231885.975608,2380.21899414,0.721661037325,1.0,8341.99524049,0.462025425156,0.545833905405,0.00910281346849,0.256861074162,0.133210746518,1.0,1.0,0.725941051136,37.7642045455,0.460227272727,8406.85431463,989454.585058,120261112.914,17.5397727273,0.0357954545455,1826.64204545,6.58956428187e-05,Class 4
0.297464488636,1125.30170455,196710.971468,2048.88172496,0.716548689031,1.0,7026.21857368,0.474264890987,0.55961151106,0.00903280967523,0.258947953931,0.139406215803,1.0,1.0,0.720907315341,32.5917613636,0.375568181818,7083.74916548,821507.292269,99024567.2759,17.8619318182,-0.0536931818182,1490.63011364,6.71059709521e-05,Class 4
0.519933496901,272.86875,116565.345412,1190.10961914,0.93126731738,1.0,4387.45083266,0.348575269467,0.368975422125,0.0133801269531,0.108744523092,0.603734133246,1.0,1.0,0.93232421875,18.5957386364,0.670454545455,4410.9338956,538466.065481,66748491.9516,4.33125,0.304261363636,1035.09715909,1.62721893491e-05,Class 4
0.658587293388,383.369318182,279092.563022,3353.94484641,0.903433421113,1.0,13061.2870753,0.275445810537,0.30428698405,0.0126539498321,0.137900313096,0.345488892297,1.0,1.0,0.904918323864,53.5857954545,0.802272727273,13113.5538885,1627769.66654,203528780.511,6.08522727273,-0.322159090909,3184.22045455,2.2861753631e-05,Class 4
0.316211905992,1062.15852273,227280.873247,2296.82117809,0.732453772613,1.0,8048.56113639,0.465444733989,0.546002108204,0.00925596631263,0.252268998652,0.153625645659,1.0,1.0,0.736567826705,36.421875,0.444318181818,8111.60221946,954958.738148,116085521.633,16.8596590909,0.0536931818182,1763.49886364,6.33405056482e-05,Class 4
0.36323669938,649.472727273,217174.038956,1990.27785423,0.836404854591,1.0,7169.92116285,0.445297842108,0.494385798066,0.0111039998709,0.193543728725,0.357504572928,1.0,1.0,0.838920454545,31.2494318182,0.422159090909,7221.47888849,868804.416949,106868283.191,10.3090909091,0.357954545455,1643.97784091,3.8730500269e-05,Class 4
0.362105501033,678.789204545,238547.949258,2154.8194913,0.8290203515,1.0,7897.3222,0.44620307116,0.497682352872,0.0109504233116,0.198691539379,0.337491356765,1.0,1.0,0.831649502841,34.2741477273,0.458522727273,7954.01273082,959235.68952,118143613.523,10.7744318182,-0.0536931818182,1819.87670455,4.04787520172e-05,Class 4
0.896377195248,74.41875,267258.057677,3786.71189187,0.981254722922,1.0,15067.8776076,0.106368377603,0.11197899467,0.0148059082031,0.0404474252034,0.594099801708,1.0,1.0,0.98154296875,60.1900568182,0.946022727273,15085.9527876,1895674.87965,238500866.295,1.18125,-0.0536931818182,3754.76420455,4.43786982249e-06,Class 4
0.592223011364,439.747159091,283478.034355,3220.95913974,0.889232453629,1.0,12336.5102245,0.316258940281,0.349535096506,0.0123021149438,0.151210568802,0.35373618976,1.0,1.0,0.890935724432,50.9548295455,0.753409090909,12394.5015092,1533643.25164,191448362.85,6.98011363636,0.196875,2990.28068182,2.62237762238e-05,Class 4
0.491711002066,351.797727273,121037.775764,1244.20549982,0.911385962904,1.0,4535.71071992,0.368752401384,0.395279382008,0.0128564856663,0.130015373998,0.531864561798,1.0,1.0,0.912748579545,19.5085227273,0.646022727273,4561.91241122,552517.049647,68205673.6954,5.58409090909,0.250568181818,1053.13806818,2.0979020979e-05,Class 4
0.278647985537,1330.51704545,159514.421395,1884.34008789,0.664857167392,1.0,6118.0060174,0.476144811717,0.577044892266,0.00841679848915,0.277001221728,0.0789730464461,1.0,1.0,0.670010653409,29.7818181818,0.359659090909,6170.77938565,693585.884309,82097179.181,21.1193181818,0.143181818182,1210.99602273,7.93437331899e-05,Class 4
0.326129261364,947.147727273,228721.717241,2224.69333718,0.761423746279,1.0,7917.6353025,0.463362788729,0.535188916528,0.00970307657541,0.238646115669,0.201931144234,1.0,1.0,0.765092329545,35.4375,0.443181818182,7978.67356179,945452.371318,115343815.388,15.0340909091,-0.107386363636,1758.98863636,5.64819795589e-05,Class 4
0.409617122934,656.238068182,125610.339401,1386.20718661,0.834700738493,1.0,4796.23645466,0.420643106882,0.470344003014,0.0110682564728,0.194746828149,0.321412687707,1.0,1.0,0.837242542614,21.7815340909,0.571590909091,4829.98680753,567125.33674,68839334.8559,10.4164772727,0.232670454545,1044.11761364,3.91339429801e-05,Class 4
0.342682722107,1116.28125,100635.209575,1386.20718661,0.718820843829,1.0,4405.61844937,0.44646137279,0.5311238158,0.00906372070312,0.258027390402,0.111705030678,1.0,1.0,0.72314453125,22.0678977273,0.509090909091,4442.07146662,489306.158943,57213354.6964,17.71875,-0.0536931818182,832.136931818,6.65680473373e-05,Class 4
0.272481275826,1404.93579545,156653.390155,1909.1340332,0.646111890314,1.0,6101.79901028,0.475960709495,0.582461245614,0.00823469177751,0.282236701099,0.0619052444977,1.0,1.0,0.651553622159,30.0144886364,0.346590909091,6154.96450639,686909.974113,80961294.4175,22.3005681818,0.304261363636,1188.44488636,8.37816030124e-05,Class 4
0.314666193182,994.505113636,177286.939664,1852.78415749,0.749494933593,1.0,6334.03065703,0.468674001994,0.544088831314,0.00951261662255,0.244489768223,0.186234676738,1.0,1.0,0.753346946023,29.2985795455,0.409659090909,6385.07558594,741728.258803,89493261.6894,15.7857954545,0.125284090909,1348.55795455,5.93060785368e-05,Class 4
0.316069860537,976.464204545,182658.839159,1855.03815252,0.754039243188,1.0,6468.49779709,0.468397207137,0.542375058769,0.00958412359569,0.242303023631,0.194338175954,1.0,1.0,0.757821377841,29.7639204545,0.404545454545,6520.32423651,759900.81288,91853933.4776,15.4994318182,-0.304261363636,1386.89488636,5.82302313072e-05,Class 4
0.666258393595,182.664204545,55900.0080333,710.008678089,0.953988865354,1.0,2597.56511969,0.263359486738,0.277028830329,0.0140088395048,0.0810539147772,0.634834807764,1.0,1.0,0.954696377841,11.0786931818,0.801136363636,2607.78261719,317002.586776,39208503.7036,2.89943181818,0.196875,606.625568182,1.08929532006e-05,Class 4
0.535269240702,372.09375,87369.7784453,1021.05999201,0.90627361461,1.0,3651.40984125,0.347115967748,0.375276931843,0.0127258300781,0.135121675094,0.479829613453,1.0,1.0,0.90771484375,16.0542613636,0.698295454545,3671.57430753,439084.88397,53836330.4753,5.90625,0.161079545455,825.371590909,2.21893491124e-05,Class 4
0.397990056818,457.788068182,230016.675364,1969.99189897,0.884688144035,1.0,7369.03093222,0.421572365484,0.456292831066,0.0121921911318,0.155276835164,0.484170946714,1.0,1.0,0.886461292614,31.2673295455,0.446022727273,7417.67153764,905582.712988,112260864.006,7.26647727273,0.0178977272727,1740.94772727,2.72996234535e-05,Class 4
0.42580901343,333.756818182,219214.714224,1823.48222212,0.915930272498,1.0,6962.463322,0.399739610234,0.424970068419,0.0129739959969,0.125358591519,0.582850205906,1.0,1.0,0.917223011364,29.1375,0.495454545455,7005.25197088,861436.948325,107191425.048,5.29772727273,-0.178977272727,1668.78409091,1.99031737493e-05,Class 4
0.427978434917,430.726704545,166980.30546,1562.01879883,0.891504608427,1.0,5704.21069366,0.405355374659,0.437837039932,0.0123575610957,0.149143479387,0.492875144156,1.0,1.0,0.893172940341,24.5019886364,0.556818181818,5740.7126598,696041.460706,85972461.183,6.83693181818,0.304261363636,1328.26193182,2.56858526089e-05,Class 4
0.791554106405,87.9494318182,281744.280024,3547.78841886,0.977846490726,1.0,14092.2471271,0.179785803881,0.186377047649,0.014703732325,0.0461772146847,0.723019650697,1.0,1.0,0.978187144886,56.4315340909,0.884659090909,14125.7441939,1773867.00873,223103257.655,1.39602272727,-0.0894886363636,3511.21193182,5.24475524476e-06,Class 4
0.325293775826,904.300568182,214886.717125,2078.18366033,0.772216481566,1.0,7364.8426675,0.464821413316,0.533405592058,0.00988306471139,0.233066000132,0.224958624882,1.0,1.0,0.775719105114,33.0571022727,0.410795454545,7421.95804332,878020.301778,107019289.312,14.3539772727,-0.0536931818182,1630.44715909,5.39268423884e-05,Class 4
0.356080191116,766.738636364,246013.473864,2287.80519798,0.806866842226,1.0,8332.84631126,0.449561767154,0.507713837516,0.0105101530217,0.213153417349,0.283794853472,1.0,1.0,0.809836647727,36.3681818182,0.480681818182,8393.49813565,1009061.80333,124071594.696,12.1704545455,-0.0357954545455,1907.82613636,4.5723507262e-05,Class 4
0.576694860537,279.634090909,80401.2100968,890.328280362,0.929563201282,1.0,3409.04900255,0.319911558249,0.340089995574,0.0133342749225,0.11066393675,0.569897962996,1.0,1.0,0.930646306818,14.7119318182,0.73125,3425.93471236,413961.148388,51037951.4768,4.43863636364,-0.572727272727,787.034659091,1.66756320602e-05,Class 4
0.370244705579,935.872159091,256910.236041,2616.88847212,0.764263939776,1.0,9450.86965369,0.437700959124,0.508679788068,0.00974973568246,0.237205035672,0.175226136708,1.0,1.0,0.767888849432,41.5048295455,0.540909090909,9518.15775923,1140088.93924,139906626.72,14.8551136364,0.0536931818182,2146.86818182,5.58095750403e-05,Class 4
0.365425490702,665.258522727,190245.891613,1789.6722967,0.832428583696,1.0,6433.23090135,0.444324673719,0.494777641773,0.0110208810854,0.196336750266,0.344640175872,1.0,1.0,0.835005326705,28.3678977273,0.465909090909,6479.90669389,774395.970431,94913208.5598,10.5596590909,0.0536931818182,1454.54829545,3.96718665949e-05,Class 4
0.36323669938,649.472727273,217174.038956,1990.27785423,0.836404854591,1.0,7169.92116285,0.445297842108,0.494385798066,0.0111039998709,0.193543728725,0.357504572928,1.0,1.0,0.838920454545,31.2494318182,0.422159090909,7221.47888849,868804.416949,106868283.191,10.3090909091,0.357954545455,1643.97784091,3.8730500269e-05,Class 4
0.642551652893,315.715909091,286137.484836,3308.86494585,0.920474582093,1.0,12776.7372935,0.284781010733,0.308372857899,0.0130927976498,0.120585253863,0.459602707466,1.0,1.0,0.921697443182,52.1897727273,0.788636363636,12829.5840732,1596256.27757,199827195.295,5.01136363636,0.357954545455,3130.09772727,1.88273265196e-05,Class 4
0.727070635331,317.971022727,274267.935868,3532.01045366,0.919906543394,1.0,13724.8557434,0.231031956697,0.255077638734,0.013077876824,0.121188495646,0.332106245975,1.0,1.0,0.921138139205,55.9303977273,0.847727272727,13769.4988814,1714514.24716,214715066.669,5.04715909091,0.161079545455,3364.62954545,1.89618074233e-05,Class 4
0.70696991219,105.990340909,51513.2227058,662.674782493,0.973302181131,1.0,2406.0067515,0.231729373853,0.237393373891,0.0145686277279,0.0534587120852,0.774723615004,1.0,1.0,0.973712713068,10.0048295455,0.827840909091,2413.97707741,297414.804383,37044921.1748,1.68238636364,0.519034090909,577.309090909,6.32060247445e-06,Class 4
0.282704674587,1353.06818182,138818.612063,1737.83041104,0.659176780398,1.0,5567.70695521,0.472166447269,0.574787019293,0.00835929429236,0.278659248647,0.0699856389918,1.0,1.0,0.664417613636,27.6698863636,0.390340909091,5616.28542259,622317.656629,73030237.2919,21.4772727273,-0.0715909090909,1066.66875,8.0688542227e-05,Class 4
0.459267820248,423.961363636,132532.947513,1325.34932085,0.893208724525,1.0,4856.41298332,0.38922428055,0.421377132222,0.0123993575671,0.147577968258,0.478150714632,1.0,1.0,0.894850852273,21.0835227273,0.611931818182,4886.45189986,588857.087568,72497391.3796,6.72954545455,-0.0357954545455,1116.28125,2.52824098978e-05,Class 4
0.432981017562,317.971022727,208387.282846,1791.92629173,0.919906543394,1.0,6669.54160876,0.395015086768,0.418283882311,0.013077876824,0.121188495646,0.598705932549,1.0,1.0,0.921138139205,27.9025568182,0.517045454545,6709.98645241,825236.236135,102693827.218,5.04715909091,0.554829545455,1598.87556818,1.89618074233e-05,Class 4
0.308374870868,1332.77215909,101854.797575,1498.90693803,0.664289128692,1.0,4573.35942011,0.45607244705,0.557131689457,0.00841095727337,0.277169846934,0.0605505779093,1.0,1.0,0.669451349432,23.6071022727,0.457386363636,4613.26770241,497246.141187,57355569.9315,21.1551136364,0.196875,820.861363636,7.94782140936e-05,Class 4
0.29738830062,1373.36420455,109086.119067,1555.25681374,0.654064432104,1.0,4791.99172864,0.460937005587,0.565098402334,0.00830926564114,0.280098106046,0.055863978472,1.0,1.0,0.659383877841,24.6451704545,0.435795454545,4834.13908026,522514.272731,60377694.6763,21.7994318182,0.0536931818182,865.963636364,8.18988703604e-05,Class 4
0.618139850207,367.583522727,285493.952758,3266.03904031,0.907409692008,1.0,12555.5475819,0.30034132382,0.327946933521,0.0127547234149,0.133998729978,0.415583526102,1.0,1.0,0.908833451705,51.5275568182,0.771590909091,12610.9208274,1565447.12261,195740648.189,5.83465909091,0.340056818182,3062.44431818,2.1920387305e-05,Class 4
0.757443827479,191.684659091,279025.58725,3522.99447354,0.951716710556,1.0,13882.8589325,0.20977812984,0.224280201382,0.013944515512,0.0840209531918,0.518618917865,1.0,1.0,0.952459161932,56.0377840909,0.865340909091,13922.8331854,1741777.72599,218649898.085,3.04261363636,-0.0894886363636,3434.53806818,1.14308768155e-05,Class 4
0.376575413223,658.493181818,256090.438131,2344.15507369,0.834132699794,1.0,8586.02726958,0.438408550041,0.488243940774,0.0110563823605,0.195145825647,0.342930065892,1.0,1.0,0.836683238636,36.9409090909,0.503409090909,8645.99927202,1047681.75527,129365488.968,10.4522727273,0.286363636364,1998.03068182,3.92684238838e-05,Class 4
0.326437887397,1111.77102273,119695.170963,1525.95487837,0.719956921227,1.0,4901.732401,0.45701743627,0.541309758808,0.00907929727854,0.25756295062,0.125387670459,1.0,1.0,0.724263139205,24.0366477273,0.478409090909,4942.46060014,552623.418881,65207225.2508,17.6471590909,0.196875,958.423295455,6.62990855299e-05,Class 4
0.312491606405,1105.00568182,225871.9406,2310.34514826,0.721661037325,1.0,8063.83968306,0.465953138625,0.549761618875,0.00910281346849,0.256861074162,0.137632206783,1.0,1.0,0.725941051136,36.6545454545,0.442613636364,8127.35893111,954246.898798,115826044.686,17.5397727273,0.0357954545455,1756.73352273,6.58956428187e-05,Class 4
0.326437887397,1111.77102273,119695.170963,1525.95487837,0.719956921227,1.0,4901.732401,0.45701743627,0.541309758808,0.00907929727854,0.25756295062,0.125387670459,1.0,1.0,0.724263139205,24.0366477273,0.478409090909,4942.46060014,552623.418881,65207225.2508,17.6471590909,0.196875,958.423295455,6.62990855299e-05,Class 4
0.550603693182,96.9698863636,309415.639581,2761.14415394,0.975574335929,1.0,10849.5303314,0.309488650575,0.316492288208,0.0146360186112,0.0498650880521,0.8217703845,1.0,1.0,0.975949928977,43.6525568182,0.680681818182,10898.0188388,1366706.73059,171778037.435,1.53920454545,0.196875,2701.62613636,5.7826788596e-06,Class 4
0.407680139463,615.646022727,137680.895537,1465.09701261,0.844925435081,1.0,5078.67644123,0.421510147268,0.467823206506,0.0112854407444,0.18738834234,0.355177207821,1.0,1.0,0.847310014205,22.7480113636,0.561363636364,5114.01031605,605458.186828,73828946.2659,9.77215909091,0.519034090909,1125.30170455,3.67132867133e-05,Class 4
0.407680139463,615.646022727,137680.895537,1465.09701261,0.844925435081,1.0,5078.67644123,0.421510147268,0.467823206506,0.0112854407444,0.18738834234,0.355177207821,1.0,1.0,0.847310014205,22.7480113636,0.561363636364,5114.01031605,605458.186828,73828946.2659,9.77215909091,0.519034090909,1125.30170455,3.67132867133e-05,Class 4
0.294863119835,1163.63863636,201153.448323,2132.27954102,0.706892031143,1.0,7216.17155071,0.474265464102,0.562426318872,0.00890503938533,0.262737781904,0.126139182388,1.0,1.0,0.711399147727,33.5045454545,0.385227272727,7275.31972656,843226.367521,101608559.069,18.4704545455,0.357954545455,1528.96704545,6.93921463152e-05,Class 4
0.390882618802,534.461931818,192228.51144,1769.38634144,0.865374828257,1.0,6395.59554034,0.428416911591,0.468677512723,0.0117394212455,0.171610786686,0.427212344916,1.0,1.0,0.867444957386,27.6877840909,0.493181818182,6439.39966264,777525.35945,95825773.318,8.48352272727,0.411647727273,1477.09943182,3.18719741797e-05,Class 4
0.435840005165,349.542613636,185989.281736,1595.82872425,0.911954001603,1.0,6126.89801948,0.396280955954,0.42211872782,0.0128711038385,0.129439459186,0.566598536965,1.0,1.0,0.913307883523,25.8622159091,0.545454545455,6164.50399503,754535.451843,93662616.5301,5.54829545455,-0.519034090909,1454.54829545,2.08445400753e-05,Class 4
0.428958548554,401.410227273,176318.087365,1616.11467951,0.898889111518,1.0,5917.47103231,0.403214722802,0.433259334064,0.0125399906379,0.142263002789,0.52009954409,1.0,1.0,0.900443892045,25.2357954545,0.548863636364,5954.8567294,724862.028695,89719136.1406,6.37159090909,0.429545454545,1389.15,2.39376008607e-05,Class 4
0.428958548554,401.410227273,176318.087365,1616.11467951,0.898889111518,1.0,5917.47103231,0.403214722802,0.433259334064,0.0125399906379,0.142263002789,0.52009954409,1.0,1.0,0.900443892045,25.2357954545,0.548863636364,5954.8567294,724862.028695,89719136.1406,6.37159090909,0.429545454545,1389.15,2.39376008607e-05,Class 4
0.415213713843,372.09375,232925.38597,1960.97591886,0.90627361461,1.0,7375.77088594,0.4078557671,0.435986784037,0.0127258300781,0.135121675094,0.551405807267,1.0,1.0,0.90771484375,30.9451704545,0.461931818182,7422.2220348,911549.318949,113352084.768,5.90625,0.196875,1763.49886364,2.21893491124e-05,Class 4
0.347548424587,753.207954545,198505.422234,1882.08609286,0.810275074422,1.0,6724.77254985,0.454222182179,0.511349465447,0.0105758893982,0.211020756848,0.298122240196,1.0,1.0,0.813192471591,29.8892045455,0.430681818182,6775.1364169,806050.375208,98552122.2602,11.9556818182,0.0,1506.41590909,4.49166218397e-05,Class 4
0.84594847624,135.306818182,270187.972032,3725.8540261,0.96591767804,1.0,14677.7099899,0.147120754714,0.156976363239,0.014351836906,0.0645738943107,0.515349781629,1.0,1.0,0.966441761364,58.9193181818,0.918181818182,14704.9974254,1843854.26359,231731782.766,2.14772727273,0.250568181818,3644.26363636,8.0688542227e-06,Class 4
0.402048682851,448.767613636,249092.144324,2136.78753107,0.886960298832,1.0,7969.74433843,0.419127617609,0.452985134605,0.0122469916225,0.153254887197,0.490595479667,1.0,1.0,0.888698508523,33.6298295455,0.477272727273,8021.74667969,982245.03301,121953669.564,7.12329545455,0.304261363636,1894.29545455,2.67616998386e-05,Class 4
0.637925490702,317.971022727,286582.893937,3270.54703036,0.919906543394,1.0,12724.5223775,0.287536890333,0.311645622083,0.013077876824,0.121188495646,0.45236759706,1.0,1.0,0.921138139205,51.9928977273,0.785227272727,12777.7410689,1589583.74753,198977727.793,5.04715909091,-0.0536931818182,3116.56704545,1.89618074233e-05,Class 4
0.356080191116,766.738636364,246013.473864,2287.80519798,0.806866842226,1.0,8332.84631126,0.449561767154,0.507713837516,0.0105101530217,0.213153417349,0.283794853472,1.0,1.0,0.809836647727,36.3681818182,0.480681818182,8393.49813565,1009061.80333,124071594.696,12.1704545455,-0.0357954545455,1907.82613636,4.5723507262e-05,Class 4
0.39667419938,577.309090909,163364.851221,1598.08271928,0.85458209297,1.0,5694.43126097,0.426628809915,0.47025871049,0.0114965618543,0.180120521878,0.389965366821,1.0,1.0,0.856818181818,25.0568181818,0.529545454545,5733.8779652,685954.974912,84120959.0069,9.16363636364,0.322159090909,1289.925,3.44271113502e-05,Class 4
0.402848657025,455.532954545,205496.967626,1798.68827681,0.885256182734,1.0,6686.12271691,0.419067059554,0.453614649956,0.0122058609892,0.154773424106,0.4834520592,1.0,1.0,0.887020596591,28.5289772727,0.489772727273,6730.20417259,819125.234212,101378860.71,7.23068181818,0.0357954545455,1569.55909091,2.71651425498e-05,Class 4
0.767069989669,121.776136364,282861.468972,3520.74047852,0.969325910236,1.0,13887.7918574,0.198763839116,0.207853219964,0.0144514704933,0.0595436434931,0.665625291537,1.0,1.0,0.969797585227,55.7693181818,0.869886363636,13925.1218572,1746465.89425,219517515.015,1.93295454545,0.143181818182,3452.57897727,7.26196880043e-06,Class 4
0.380756069215,554.757954545,213502.141126,1886.59408292,0.860262479963,1.0,6979.35395857,0.434152333023,0.476196012216,0.0116234746255,0.17569413864,0.415963405604,1.0,1.0,0.862411221591,30.1039772727,0.452272727273,7027.68229759,850353.21141,104919371.694,8.80568181818,-0.143181818182,1619.17159091,3.30823023131e-05,Class 4
0.362105501033,678.789204545,238547.949258,2154.8194913,0.8290203515,1.0,7897.3222,0.44620307116,0.497682352872,0.0109504233116,0.198691539379,0.337491356765,1.0,1.0,0.831649502841,34.2741477273,0.458522727273,7954.01273082,959235.68952,118143613.523,10.7744318182,-0.0536931818182,1819.87670455,4.04787520172e-05,Class 4
0.336532153926,1003.52556818,129940.596602,1541.73284357,0.747222778796,1.0,5099.67842548,0.455461662069,0.531567428279,0.00947734738184,0.245565184943,0.166436850973,1.0,1.0,0.751109730114,24.3946022727,0.486363636364,5140.86585582,584428.979927,69642719.2203,15.9289772727,0.0894886363636,1035.09715909,5.98440021517e-05,Class 4
0.498958548554,428.471590909,99850.8459039,1138.26773349,0.892072647126,1.0,4019.62176369,0.368751735343,0.401038581983,0.0123714730759,0.148623100505,0.450599767311,1.0,1.0,0.893732244318,17.7545454545,0.664204545455,4043.45552202,482382.018666,59066985.5773,6.80113636364,0.322159090909,904.300568182,2.55513717052e-05,Class 4
0.408022339876,442.002272727,199149.411512,1746.84639116,0.88866441493,1.0,6511.84342632,0.415806872348,0.449328149335,0.0122883038481,0.151723767252,0.492232241042,1.0,1.0,0.890376420455,27.7772727273,0.503409090909,6554.39927202,797830.896463,98750063.0015,7.01590909091,-0.0357954545455,1528.96704545,2.63582571275e-05,Class 4
0.345484891529,759.973295455,205469.823074,1936.18197354,0.808570958324,1.0,6928.32553855,0.455320416329,0.512960452797,0.0105429304139,0.212091162466,0.295253670761,1.0,1.0,0.811514559659,30.7303977273,0.416477272727,6980.24660866,831462.057676,101726388.436,12.0630681818,0.0178977272727,1556.02840909,4.53200645508e-05,Class 4
0.457631069215,392.389772727,142398.963384,1377.1912065,0.901161266316,1.0,5085.28053529,0.388393690334,0.41815461036,0.0125968088197,0.140094248831,0.508779705558,1.0,1.0,0.902681107955,21.8710227273,0.603409090909,5116.37505327,619807.25834,76521266.9711,6.22840909091,0.0,1181.67954545,2.33996772458e-05,Class 4
0.439251678719,340.522159091,183692.978054,1607.0986994,0.9142261564,1.0,6064.45454483,0.393859741881,0.419679392985,0.0129297782961,0.127118239407,0.569400330985,1.0,1.0,0.915545099432,25.5758522727,0.551136363636,6101.39660866,747153.617566,92768485.027,5.40511363636,-0.0536931818182,1441.01761364,2.03066164605e-05,Class 4
0.832937112603,69.9085227273,276859.204703,3653.72618519,0.982390800321,1.0,14476.7090079,0.151089025185,0.156064191696,0.0148401282444,0.0384787156099,0.744077552055,1.0,1.0,0.982661576705,57.8633522727,0.909659090909,14504.4243075,1822704.32181,229326730.804,1.10965909091,0.161079545455,3610.43693182,4.16890801506e-06,Class 4
0.878148243802,153.347727273,264377.122242,3791.21988192,0.961373368445,1.0,14989.8386342,0.121383121473,0.133013825851,0.01422012203,0.0710444786156,0.311905026514,1.0,1.0,0.961967329545,60.2079545455,0.936363636364,15011.5318004,1881332.56845,236381380.113,2.43409090909,0.0,3716.42727273,9.14470145239e-06,Class 4
0.947722753099,27.0613636364,263330.118223,3874.61769798,0.993183535608,1.0,15464.3241731,0.0600473727774,0.0620998500205,0.0151692439308,0.0177214225766,0.707154890194,1.0,1.0,0.993288352273,61.5323863636,0.973295454545,15471.4094283,1947210.92898,245180479.909,0.429545454545,0.0,3863.00965909,1.61377084454e-06,Class 4
0.380181430785,557.013068182,214764.911344,1927.16599343,0.859694441264,1.0,7017.3649536,0.434536757276,0.476603078955,0.0116106925523,0.176141960113,0.415121389222,1.0,1.0,0.861851917614,30.2650568182,0.449431818182,7065.99909446,855037.999516,105500571.362,8.84147727273,0.340056818182,1628.19204545,3.32167832168e-05,Class 4
0.725021306818,205.215340909,282782.924968,3453.12062766,0.94830847836,1.0,13559.0569116,0.230784675242,0.246347938494,0.0138486348302,0.0883806265534,0.531454612473,1.0,1.0,0.949103338068,54.8207386364,0.844318181818,13602.7591797,1700606.81392,213410026.356,3.25738636364,0.0178977272727,3351.09886364,1.22377622378e-05,Class 4
0.381741993802,622.411363636,172320.725212,1663.44857511,0.843221318983,1.0,5944.09314193,0.435227345791,0.48238961002,0.0112487893853,0.188638340741,0.364935286359,1.0,1.0,0.845632102273,26.2380681818,0.505113636364,5986.30303622,714914.023595,87590149.5033,9.87954545455,0.178977272727,1341.79261364,3.71167294244e-05,Class 4
0.425934917355,640.452272727,113740.756821,1280.26942028,0.838677009389,1.0,4485.70146751,0.411669493671,0.460216981003,0.0111519402118,0.191925240414,0.320316657488,1.0,1.0,0.841157670455,20.475,0.594318181818,4516.68932884,528653.16092,64055603.5917,10.1659090909,-0.143181818182,969.698863636,3.81925766541e-05,Class 4
0.46342071281,275.123863636,172130.428955,1514.68490323,0.930699278681,1.0,5750.54954468,0.376370665328,0.397237517301,0.013364822766,0.109386495471,0.62444238919,1.0,1.0,0.931764914773,24.0545454545,0.583522727273,5783.61574929,711239.162185,88503565.7434,4.36704545455,0.0,1377.87443182,1.64066702528e-05,Class 4
0.363239282025,766.738636364,154223.693123,1593.57472923,0.806866842226,1.0,5574.76552612,0.445645060888,0.503797131251,0.0105101530217,0.213153417349,0.278771927626,1.0,1.0,0.809836647727,25.3431818182,0.501136363636,5616.57626065,659256.40436,80007045.845,12.1704545455,-0.0357954545455,1213.25113636,4.5723507262e-05,Class 4
0.850187887397,121.776136364,270544.226151,3739.37799627,0.969325910236,1.0,14701.0645071,0.143620364748,0.151493304788,0.0144514704933,0.0595436434931,0.578772668611,1.0,1.0,0.969797585227,58.9551136364,0.920454545455,14727.5440874,1847546.02577,232250452.833,1.93295454545,0.429545454545,3653.28409091,7.26196880043e-06,Class 4
0.332463197314,890.769886364,171111.043736,1762.62435636,0.775624713762,1.0,6089.42924163,0.461048753308,0.528601653549,0.00994141633846,0.23124453037,0.227406226638,1.0,1.0,0.779074928977,27.9025568182,0.444886363636,6137.18758878,717030.950801,86793285.4069,14.1392045455,0.0894886363636,1312.47613636,5.31199569661e-05,Class 4
0.866362990702,103.735227273,269484.574751,3734.87000621,0.973870219831,1.0,14830.1358642,0.130842374076,0.138667234787,0.0145854451834,0.0525686896313,0.554734336005,1.0,1.0,0.974272017045,59.3846590909,0.929545454545,14853.7767578,1864582.84803,234468057.904,1.64659090909,-0.0715909090909,3689.36590909,6.18612157074e-06,Class 4
0.597317923554,374.348863636,57331.6176442,788.898504084,0.90570557591,1.0,2749.2892564,0.312636077541,0.341016786291,0.0127114136751,0.135680667809,0.422166991713,1.0,1.0,0.907155539773,12.4568181818,0.755113636364,2763.21319247,324517.831517,39395524.8535,5.94204545455,0.0715909090909,597.605113636,2.23238300161e-05,Class 4
0.880093620868,24.80625,273180.076128,3732.61601119,0.993751574307,1.0,14864.0729001,0.111741499621,0.113331974551,0.0151867675781,0.0164815903625,0.872108875038,1.0,1.0,0.99384765625,59.1877840909,0.936363636364,14883.1178445,1873246.50016,235872210.501,0.39375,0.0894886363636,3716.42727273,1.47928994083e-06,Class 4
0.434059271694,489.359659091,141441.584393,1401.98515181,0.876735602244,1.0,5107.88041431,0.404818432667,0.441919847372,0.0120029317052,0.16218290295,0.436011893788,1.0,1.0,0.878631036932,22.3542613636,0.583522727273,5141.12089844,616821.420245,75760843.6438,7.76761363636,-0.0894886363636,1163.63863636,2.91823561054e-05,Class 4
0.651173166322,593.094886364,265888.419295,3462.13660778,0.850605822075,1.0,13207.8433746,0.268466032855,0.313449023312,0.0114089234407,0.183151646811,0.103927092639,1.0,1.0,0.852903053977,54.9997159091,0.798295454545,13259.9595348,1633012.60261,203358063.911,9.41420454545,-0.0178977272727,3168.43465909,3.53684776762e-05,Class 4
0.811451446281,297.675,263898.922975,3714.58405096,0.925018891688,1.0,14528.5710352,0.167360810308,0.189938059983,0.013212890625,0.115689302462,0.153541411588,1.0,1.0,0.926171875,58.9909090909,0.898863636364,14560.6612038,1815453.36288,227510676.001,4.725,0.0,3567.58977273,1.77514792899e-05,Class 4
0.424794679752,333.756818182,223531.081536,1861.80013761,0.915930272498,1.0,7078.92936486,0.400214100377,0.425524651704,0.0129739959969,0.125358591519,0.582783513124,1.0,1.0,0.917223011364,29.6028409091,0.488068181818,7122.45971236,876201.461918,109051292.37,5.29772727273,-0.0357954545455,1698.10056818,1.99031737493e-05,Class 4
0.487051911157,487.104545455,287861.814438,2840.03397994,0.877303640943,1.0,10837.7397421,0.376754374094,0.41367839864,0.0120163190857,0.161698215955,0.400679915742,1.0,1.0,0.879190340909,45.2096590909,0.65625,10900.0793146,1342412.18909,167171543.039,7.73181818182,-0.107386363636,2604.65625,2.90478752017e-05,Class 4
0.87892303719,85.6943181818,268973.927925,3791.21988192,0.978414529425,1.0,14922.6399824,0.120569257779,0.123724515464,0.0147207111958,0.0452394541732,0.701360482336,1.0,1.0,0.978746448864,59.6710227273,0.936363636364,14943.9455078,1877076.74303,236113396.107,1.36022727273,0.536931818182,3716.42727273,5.11027434104e-06,Class 4
0.443222494835,347.2875,174634.938981,1562.01879883,0.912522040302,1.0,5847.17006849,0.392471105504,0.418798410073,0.0128857421875,0.128861798631,0.560918583778,1.0,1.0,0.9138671875,24.7346590909,0.563636363636,5882.75573509,719185.904736,89218615.5014,5.5125,0.0715909090909,1384.63977273,2.07100591716e-05,Class 4
0.433028796488,426.216477273,161407.736854,1510.17691317,0.892640685826,1.0,5565.58591992,0.402577565506,0.434898206643,0.0123854052331,0.14810126572,0.49214452501,1.0,1.0,0.894291548295,23.9292613636,0.566477272727,5600.96720526,678721.761789,83808594.8268,6.76534090909,0.0536931818182,1294.43522727,2.54168908015e-05,Class 4
