0.595392585886,4253.0141844,4783876.98841,14244.5990475,0.934595174478,1.0,52965.3835123,0.308407956812,0.328078515066,0.0034134294251,0.104921099751,0.568766987349,1.0,1.0,0.934849660165,56.1643026005,0.747044917258,53032.8193947,25961871.3844,12963824749.2,16.6784869976,-0.301418439716,12195.3900709,9.90262250197e-07,Class 1
0.426069061533,6046.45390071,12534947.4307,27669.3650419,0.907014826366,1.0,105073.820898,0.402406332008,0.430345861244,0.00323208421741,0.134368025278,0.549100860065,1.0,1.0,0.907376625296,109.113475177,0.5256107171,105245.881045,52132825.8129,26194199347.9,23.7115839243,-0.602836879433,24800.7092199,1.40784271715e-06,Class 1
0.555509603126,3381.91489362,6789104.36882,17523.9311988,0.947991343561,1.0,67036.3892563,0.32405750008,0.339672398177,0.00350580001778,0.0887654444465,0.663256283415,1.0,1.0,0.948193705674,69.1252955083,0.702915681639,67123.7264204,33370240.5921,16798673192.6,13.2624113475,-0.401891252955,15935.9929078,7.87437451964e-07,Class 1
0.499977955254,5739.0070922,7371822.13731,19573.5137933,0.911742886043,1.0,72036.3388432,0.364433814358,0.390977811113,0.00326232782428,0.129632532381,0.526262992883,1.0,1.0,0.912086288416,76.3593380615,0.656422379827,72145.1315622,35330096.3046,17644928461.3,22.5059101655,0.401891252955,16602.1276596,1.33625749424e-06,Class 1
0.595392585886,4253.0141844,4783876.98841,14244.5990475,0.934595174478,1.0,52965.3835123,0.308407956812,0.328078515066,0.0034134294251,0.104921099751,0.568766987349,1.0,1.0,0.934849660165,56.1643026005,0.747044917258,53032.8193947,25961871.3844,12963824749.2,16.6784869976,-0.301418439716,12195.3900709,9.90262250197e-07,Class 1
0.555509603126,3381.91489362,6789104.36882,17523.9311988,0.947991343561,1.0,67036.3892563,0.32405750008,0.339672398177,0.00350580001778,0.0887654444465,0.663256283415,1.0,1.0,0.948193705674,69.1252955083,0.702915681639,67123.7264204,33370240.5921,16798673192.6,13.2624113475,-0.401891252955,15935.9929078,7.87437451964e-07,Class 1
0.55502151381,4150.53191489,6227409.31258,16960.2959853,0.93617119437,1.0,63502.9436002,0.329052751924,0.348265319891,0.00342415101175,0.103091867945,0.602199973271,1.0,1.0,0.936419547872,66.4125295508,0.707643814027,63588.1728964,31371150.5853,15729178178.8,16.2765957447,0.100472813239,14859.929078,9.66400509229e-07,Class 1
0.639217541905,4355.4964539,18704646.6109,53032.9496496,0.933019154586,1.0,208057.926358,0.284639041309,0.304752237458,0.00340274664962,0.106732682527,0.526099031835,1.0,1.0,0.933279772459,208.48108747,0.784081954295,208288.697793,105115025.072,53324651448.9,17.0803782506,-0.502364066194,50984.929078,1.01412399117e-06,Class 1
0.426069061533,6046.45390071,12534947.4307,27669.3650419,0.907014826366,1.0,105073.820898,0.402406332008,0.430345861244,0.00323208421741,0.134368025278,0.549100860065,1.0,1.0,0.907376625296,109.113475177,0.5256107171,105245.881045,52132825.8129,26194199347.9,23.7115839243,-0.602836879433,24800.7092199,1.40784271715e-06,Class 1
0.753801787301,973.581560284,18699463.0765,56209.8026711,0.985027811025,1.0,224210.484947,0.197432939354,0.201712259437,0.00377577053992,0.0337738091095,0.826211509975,1.0,1.0,0.985086066785,220.939716312,0.858944050433,224378.024773,114182791.591,58169030335.9,3.81796690307,-0.502364066194,55852.8368794,2.26686539202e-07,Class 1
0.550015182931,5175.35460993,5697379.09151,16089.2233826,0.920410995449,1.0,60224.5522284,0.336345952323,0.360099589927,0.00331868164805,0.120632859987,0.534919637759,1.0,1.0,0.920720670804,64.2021276596,0.708431836091,60308.8093474,29437387.0207,14676340897.3,20.2955082742,-1.10520094563,13783.8652482,1.20501791891e-06,Class 1
0.929513941284,717.375886525,17130476.3649,63075.9043629,0.988967860755,1.0,251312.538859,0.0773519698007,0.0806239675164,0.00380575217137,0.0263586525124,0.660693992384,1.0,1.0,0.989010786052,247.163120567,0.963750985028,251381.283306,128019570.927,65242337940.0,2.81323877069,0.200945626478,62667.9078014,1.6703218678e-07,Class 1
0.615581847797,3791.84397163,4467147.63202,13373.5264448,0.941687263992,1.0,50256.2044904,0.295369925706,0.312840740858,0.00346198220302,0.0965445266852,0.594910039167,1.0,1.0,0.941914154846,53.0496453901,0.76280535855,50317.1365859,24694485.5663,12347452720.4,14.8699763593,-0.602836879433,11631.7375887,8.82884415839e-07,Class 1
0.374874329421,10504.4326241,11423290.1863,28130.5211256,0.83845796106,1.0,100702.163109,0.439101486129,0.48763018408,0.00283280456832,0.192054660972,0.356205655289,1.0,1.0,0.839086510047,109.213947991,0.490937746257,100890.381451,48774840.1289,24191799459.4,41.1938534279,1.10520094563,22597.3404255,2.44582844928e-06,Class 1
0.362221265915,10863.1205674,13079070.6904,30487.5411094,0.832941891438,1.0,112309.918416,0.446006713331,0.496138670887,0.00280387083855,0.195951406097,0.348876139204,1.0,1.0,0.833591903073,120.969267139,0.442080378251,112521.751686,54615288.2591,27147060837.4,42.6004728132,-1.40661938534,25415.6028369,2.52934454267e-06,Class 1
0.466402874883,7788.65248227,7345001.11437,20188.3885717,0.880222488201,1.0,72844.8064644,0.387506597513,0.423563775874,0.00306730167797,0.159162473365,0.425640570798,1.0,1.0,0.880688534279,79.1725768322,0.62962962963,72964.9018045,35225545.1753,17458342260.1,30.5437352246,0.0,16294.6808511,1.81349231361e-06,Class 1
0.426069061533,6046.45390071,12534947.4307,27669.3650419,0.907014826366,1.0,105073.820898,0.402406332008,0.430345861244,0.00323208421741,0.134368025278,0.549100860065,1.0,1.0,0.907376625296,109.113475177,0.5256107171,105245.881045,52132825.8129,26194199347.9,23.7115839243,-0.602836879433,24800.7092199,1.40784271715e-06,Class 1
0.615581847797,3791.84397163,4467147.63202,13373.5264448,0.941687263992,1.0,50256.2044904,0.295369925706,0.312840740858,0.00346198220302,0.0965445266852,0.594910039167,1.0,1.0,0.941914154846,53.0496453901,0.76280535855,50317.1365859,24694485.5663,12347452720.4,14.8699763593,-0.602836879433,11631.7375887,8.82884415839e-07,Class 1
0.54494427026,3484.39716312,7160215.9621,18087.5664123,0.946415323669,1.0,69593.3469059,0.330040656183,0.346010074426,0.00349478734733,0.0907415606645,0.662414951503,1.0,1.0,0.946623817967,71.7375886525,0.691883372734,69685.7015238,34650696.5023,17445032406.2,13.6643026005,-0.80378250591,16550.8865248,8.11299192933e-07,Class 1
0.591362433641,3535.63829787,5359206.12376,14808.234261,0.945627313723,1.0,56958.6053869,0.306805396079,0.322751829694,0.0034892955663,0.09172160435,0.637633568606,1.0,1.0,0.945838874113,59.3794326241,0.739952718676,57029.5274325,28183080.9019,14143267329.6,13.865248227,-1.3061465721,13373.9361702,8.23230063417e-07,Class 1
0.591649325834,3638.12056738,5283638.35863,14705.7551312,0.944051293831,1.0,56446.5798283,0.30726192999,0.323694814642,0.00347834111261,0.093666026518,0.628818951987,1.0,1.0,0.944268986407,58.9775413712,0.740740740741,56517.1286441,27895630.1454,13990006392.5,14.2671394799,-1.3061465721,13220.212766,8.47091804386e-07,Class 1
0.523303159975,4765.42553191,7080285.7912,18497.4829312,0.926715075017,1.0,69637.5192954,0.348375075153,0.370390353741,0.00336040365945,0.113809987278,0.577767904289,1.0,1.0,0.927000221631,73.0437352246,0.676910953507,69736.9018415,34350166.0465,17208473007.8,18.6879432624,-0.502364066194,16243.4397163,1.10957095504e-06,Class 1
0.538301039332,4714.18439716,6475652.73734,17421.452069,0.927503084964,1.0,65494.8985722,0.340481403769,0.362238479108,0.00336566257345,0.112939654496,0.57293820391,1.0,1.0,0.927785165485,68.9243498818,0.693459416864,65586.4986574,32246558.5359,16138981260.4,18.4869976359,-0.602836879433,15218.6170213,1.09764008456e-06,Class 1
0.529429736562,4560.46099291,6972713.03913,18087.5664123,0.929867114802,1.0,68820.2430871,0.34426373827,0.365142927159,0.00338149753219,0.110304428074,0.591564321758,1.0,1.0,0.930139997045,72.0390070922,0.682427107959,68917.0750832,33984323.5595,17035222791.8,17.8841607565,-1.10520094563,16089.7163121,1.0618474731e-06,Class 1
0.48942131609,4099.29078014,9562948.55441,22084.2524717,0.936959204316,1.0,85343.4229807,0.361336031895,0.380004318359,0.00342952635927,0.102170507752,0.644022621443,1.0,1.0,0.937204491726,87.8132387707,0.624113475177,85467.4686633,42542486.1857,21429803707.5,16.0756501182,-1.20567375887,20342.7304965,9.54469638744e-07,Class 1
0.544887140213,5124.11347518,5922214.42682,16447.9003366,0.921199005395,1.0,61810.3433637,0.338849844211,0.362324669051,0.0033238629397,0.119793250504,0.542541764965,1.0,1.0,0.921505614657,65.7092198582,0.702915681639,61897.2374281,30260538.6211,15099473431.2,20.0945626478,-1.20567375887,14193.7943262,1.19308704843e-06,Class 1
0.592470259774,3638.12056738,5256321.80128,14756.9946961,0.944051293831,1.0,56241.9662178,0.306818603103,0.323465356923,0.00347834111261,0.093666026518,0.625271581744,1.0,1.0,0.944268986407,58.7765957447,0.741528762805,56312.1703846,27791103.0343,13936698382.4,14.2671394799,-0.904255319149,13168.9716312,8.47091804386e-07,Class 1
0.524209788985,2562.05673759,9071869.79591,20854.5029149,0.960599502698,1.0,81568.6151877,0.332564470013,0.344205410193,0.00359529858363,0.0721085745253,0.74417637643,1.0,1.0,0.960752807329,82.5886524823,0.656422379827,81675.78796,41000729.3105,20743469202.6,10.0472813239,-0.80378250591,19779.0780142,5.96543524215e-07,Class 1
0.583112109645,1947.16312057,6793400.57203,16960.2959853,0.97005562205,1.0,66431.0722554,0.298027536204,0.306879039727,0.0036640525773,0.0584344827489,0.777291062088,1.0,1.0,0.97017213357,67.1158392435,0.72182821119,66508.8955989,33422520.9604,16918621931.4,7.63593380615,-0.602836879433,16140.9574468,4.53373078404e-07,Class 1
0.553965849893,5021.63120567,5658295.11619,15986.7442528,0.922775025287,1.0,59867.220345,0.333669408737,0.356741886769,0.00333425463138,0.118102851766,0.542768167723,1.0,1.0,0.923075502364,63.6997635934,0.71158392435,59950.137103,29293664.0443,14613038247.9,19.6926713948,-1.00472813239,13732.6241135,1.16922530746e-06,Class 1
0.617205086313,1998.40425532,5527972.83463,14654.5155664,0.969267612104,1.0,57478.1217974,0.281593819275,0.290486712094,0.00365826971247,0.0596201668193,0.762697534269,1.0,1.0,0.969387189716,58.3747044917,0.755713159968,57541.9701778,28836393.36,14576401035.8,7.83687943262,-0.904255319149,13886.3475177,4.65303948888e-07,Class 1
0.517787626501,9992.0212766,3911325.75062,15013.1925204,0.84633806052,1.0,49261.8282736,0.358895919011,0.405110475532,0.00287496320542,0.18631792832,0.264557940407,1.0,1.0,0.846935948582,58.1737588652,0.695035460993,49343.394897,22616936.578,10884789492.6,39.1843971631,0.703309692671,9838.29787234,2.32651974444e-06,Class 1
0.567699416466,5380.31914894,4962639.41708,14859.4738258,0.917258955665,1.0,54904.3014587,0.327582895396,0.352358648142,0.00329805350939,0.12395480926,0.506299241125,1.0,1.0,0.91758089539,59.1784869976,0.726556343578,54979.888322,26667416.1744,13250350811.9,21.0992907801,-0.904255319149,12400.3546099,1.25274140085e-06,Class 1
0.628467157364,2664.53900709,4762228.28674,13424.7660096,0.959023482805,1.0,52000.647986,0.28155358177,0.293557802551,0.00358397542379,0.074280528655,0.693088429642,1.0,1.0,0.959182919622,53.6524822695,0.769109535067,52059.3163288,25870428.7763,13020470838.5,10.4491725768,-1.00472813239,12349.1134752,6.20405265184e-07,Class 1
0.669012103497,5943.97163121,2209219.31524,9274.36125565,0.908590846258,1.0,31729.8005813,0.268941006642,0.296405198047,0.00324212660853,0.13280258501,0.354680256586,1.0,1.0,0.908946513002,36.9739952719,0.809298660362,31768.3481698,14685989.4584,7103268657.58,23.3096926714,-0.602836879433,6456.38297872,1.38398097618e-06,Class 1
0.631897444113,5380.31914894,3224151.27381,11272.7042854,0.917258955665,1.0,40786.4535732,0.291392399212,0.316102764423,0.00329805350939,0.12395480926,0.450561234597,1.0,1.0,0.91758089539,45.3132387707,0.780929866036,40837.7684195,19455045.5078,9572098118.6,21.0992907801,-1.10520094563,8864.71631206,1.25274140085e-06,Class 1
0.580680356765,2869.5035461,6188527.78745,16191.7025123,0.955871443021,1.0,62640.1104778,0.307659067684,0.320747058547,0.00356144553764,0.0785430397752,0.696314394141,1.0,1.0,0.956043144208,64.3026004728,0.725768321513,62717.1395409,31253572.5967,15752505536.9,11.2529550827,-0.80378250591,14962.4113475,6.68128747121e-07,Class 1
0.547985824297,9633.33333333,3248710.75854,13271.0473151,0.851854130143,1.0,43586.335208,0.340829691955,0.385423087498,0.00290505156759,0.18217931254,0.250438142112,1.0,1.0,0.852430555556,52.2458628842,0.721040189125,43655.8141863,19807774.6701,9475460405.95,37.7777777778,-0.200945626478,8506.02836879,2.24300365105e-06,Class 1
0.550015182931,5175.35460993,5697379.09151,16089.2233826,0.920410995449,1.0,60224.5522284,0.336345952323,0.360099589927,0.00331868164805,0.120632859987,0.534919637759,1.0,1.0,0.920720670804,64.2021276596,0.708431836091,60308.8093474,29437387.0207,14676340897.3,20.2955082742,-1.10520094563,13783.8652482,1.20501791891e-06,Class 1
0.505687234105,9274.64539007,4687396.48458,15986.7442528,0.857370199765,1.0,54889.4451476,0.366794372711,0.409722372194,0.00293561536664,0.177935963934,0.313230437424,1.0,1.0,0.85792516253,62.9964539007,0.681639085894,54979.7690105,25674362.9843,12490696153.4,36.3711583924,-0.301418439716,11426.7730496,2.15948755766e-06,Class 1
0.563331451768,3791.84397163,6171078.61409,16396.6607718,0.941687263992,1.0,62942.1200219,0.322783315624,0.34000300921,0.00346198220302,0.0965445266852,0.631420966834,1.0,1.0,0.941914154846,65.5082742317,0.713947990544,63024.5486721,31175166.4552,15652549343.4,14.8699763593,-1.20567375887,14808.6879433,8.82884415839e-07,Class 1
0.594800172135,4201.77304965,4833691.0625,14090.8803529,0.935383184424,1.0,53323.6754343,0.308515314748,0.327665633913,0.00341878536703,0.104008714849,0.579342895367,1.0,1.0,0.935634604019,56.4657210402,0.746256895193,53391.4979186,26157860.3182,13067109222.8,16.4775413712,-1.20567375887,12297.8723404,9.78331379713e-07,Class 1
0.499083745818,8352.30496454,5487991.74966,17165.2542447,0.871554378794,1.0,60313.527128,0.37048378263,0.409149312254,0.00301639112127,0.166519344754,0.369166919062,1.0,1.0,0.872054151891,67.4172576832,0.671394799054,60411.1911441,28679528.237,14083276628.3,32.7541371158,-0.100472813239,13015.248227,1.94473188894e-06,Class 1
0.534253499681,6456.38297872,5418493.59726,15986.7442528,0.900710746798,1.0,58838.0522011,0.348564560948,0.378187331926,0.00319230276468,0.140503757614,0.460282657352,1.0,1.0,0.901097074468,64.1016548463,0.698975571316,58925.3018489,28405166.7871,14066625428.7,25.3191489362,-1.40661938534,13117.7304965,1.50328968102e-06,Class 1
0.929513941284,717.375886525,17130476.3649,63075.9043629,0.988967860755,1.0,251312.538859,0.0773519698007,0.0806239675164,0.00380575217137,0.0263586525124,0.660693992384,1.0,1.0,0.989010786052,247.163120567,0.963750985028,251381.283306,128019570.927,65242337940.0,2.81323877069,0.200945626478,62667.9078014,1.6703218678e-07,Class 1
0.674959838198,3894.32624113,2975794.06025,10196.6734232,0.9401112441,1.0,37670.7093585,0.26251945844,0.280403681952,0.00345112477726,0.0984388621955,0.537599674092,1.0,1.0,0.940344267139,40.7919621749,0.810086682427,37712.2004895,18239935.2543,9049019190.34,15.2718676123,-0.80378250591,8454.78723404,9.06746156807e-07,Class 1
0.910541797771,666.134751773,17313365.6007,62358.5504548,0.989755870701,1.0,248582.964618,0.0923202336627,0.0953908954417,0.00381177760604,0.0248073662493,0.730282631881,1.0,1.0,0.989795729905,244.45035461,0.953506698188,248665.587938,126647653.194,64546002262.9,2.61229314421,0.100472813239,62001.7730496,1.55101316296e-07,Class 1
0.532585550693,6815.07092199,5247163.58998,15935.504688,0.895194677176,1.0,57762.5643722,0.350164414478,0.381610151862,0.00315800339019,0.145713747634,0.436147675913,1.0,1.0,0.895602467494,63.3983451537,0.698975571316,57849.2599975,27764934.0284,13716790183.7,26.7257683215,-0.904255319149,12759.0425532,1.58680577441e-06,Class 1
0.562419854927,4201.77304965,5913011.1391,16191.7025123,0.935383184424,1.0,61303.256313,0.325527611798,0.344845743386,0.00341878536703,0.104008714849,0.597447162495,1.0,1.0,0.935634604019,64.3026004728,0.715524034673,61384.8700374,30234417.6515,15146121614.7,16.4775413712,-0.80378250591,14296.2765957,9.78331379713e-07,Class 1
0.707550046232,1690.95744681,3329116.48207,10094.1942935,0.97399567178,1.0,39572.0485102,0.230930349978,0.238333170998,0.00369311244338,0.0523617088824,0.756157819544,1.0,1.0,0.974096852837,40.4905437352,0.828211189913,39608.1318947,19768670.0738,9971922892.75,6.63120567376,-0.904255319149,9479.60992908,3.93718725982e-07,Class 1
0.454560809657,5534.04255319,10399589.5209,24492.5120203,0.914894925827,1.0,91267.490198,0.386237714346,0.411698619771,0.00328268428473,0.126408846122,0.566225545236,1.0,1.0,0.91522606383,95.0472813239,0.584712371946,91411.2142307,45207910.7063,22695863230.0,21.7021276596,1.00472813239,21470.035461,1.2885340123e-06,Class 2
0.743138339788,2971.9858156,18197654.0797,57285.8335333,0.954295423129,1.0,225367.902319,0.21827346963,0.231925729105,0.00355023881132,0.0806354747559,0.562199750065,1.0,1.0,0.954473256501,224.054373522,0.855791962175,225556.473539,114274229.396,58085728608.4,11.6548463357,0.602836879433,55647.8723404,6.9199048809e-07,Class 2
0.422426400043,5585.28368794,14594710.7461,31409.8532769,0.914106915881,1.0,118734.557759,0.401962787288,0.427629300551,0.00327758061543,0.127219891773,0.577818459281,1.0,1.0,0.914441119976,122.074468085,0.478329393223,118926.858993,59227608.8836,29842468122.9,21.9030732861,1.10520094563,28336.3475177,1.30046488279e-06,Class 2
0.538786644734,3586.87943262,7352317.39414,18907.3994501,0.944839303777,1.0,70922.6609985,0.333803574022,0.3501635626,0.00348381348805,0.0926964027594,0.658481709614,1.0,1.0,0.94505393026,73.1442080378,0.685579196217,71017.9270705,35303989.7459,17771543559.4,14.0661938534,1.00472813239,16858.3333333,8.35160933901e-07,Class 2
0.694112065555,3689.36170213,2681034.61479,9889.23603402,0.943263283884,1.0,34806.1734987,0.250550125934,0.267391409708,0.00347287843995,0.0946305442543,0.540936613631,1.0,1.0,0.943484042553,37.7777777778,0.823483057526,34842.7911367,16828821.6561,8342688873.8,14.4680851064,1.00472813239,7788.65248227,8.5902267487e-07,Class 2
0.538073761101,3689.36170213,7299135.83068,18907.3994501,0.943263283884,1.0,70615.177568,0.334851058942,0.351586939087,0.00347287843995,0.0946305442543,0.652119913533,1.0,1.0,0.943484042553,72.9432624113,0.685579196217,70710.4865415,35121066.1005,17671590632.3,14.4680851064,1.20567375887,16755.8510638,8.5902267487e-07,Class 2
0.514060511898,4970.39007092,7341157.96034,19471.0346636,0.923563035233,1.0,71477.6985825,0.354055633842,0.376766776557,0.0033394650314,0.117251993162,0.572455381913,1.0,1.0,0.923860446217,75.0531914894,0.667454688731,71581.519897,35238644.0892,17648263274.1,19.4917257683,1.3061465721,16653.3687943,1.15729443698e-06,Class 2
0.652451841544,4048.04964539,3395805.135,11580.1416745,0.937747214262,1.0,41507.2681632,0.276044942441,0.294678911389,0.00343491140958,0.101244581694,0.543353763356,1.0,1.0,0.937989435579,44.7104018913,0.79353821907,41555.1631447,20160619.1196,10018558010.6,15.8747044917,0.703309692671,9377.12765957,9.4253876826e-07,Class 2
0.460802888296,6763.82978723,8584692.67459,21981.7733419,0.895982687122,1.0,80418.3913441,0.387904655346,0.419170783828,0.00316287419246,0.144978243632,0.488722897042,1.0,1.0,0.896387411348,85.6028368794,0.612293144208,80548.3888022,39354378.0732,19630647752.6,26.524822695,0.602836879433,18446.8085106,1.57487490393e-06,Class 2
0.584757703397,6456.38297872,18513687.8168,51803.2000928,0.900710746798,1.0,200093.182016,0.320286247568,0.350154017912,0.00319230276468,0.140503757614,0.411774100824,1.0,1.0,0.901097074468,202.754137116,0.745468873128,200346.500874,100528873.454,50849152362.1,25.3191489362,0.401891252955,48474.1134752,1.50328968102e-06,Class 2
0.556929160604,3843.08510638,6379695.6453,17267.7333744,0.940899254046,1.0,64425.2173946,0.326334678395,0.344014090097,0.00345654863874,0.0974941193795,0.627772956471,1.0,1.0,0.941129210993,67.0153664303,0.707643814027,64510.4944833,31919921.5214,16029036960.2,15.0709219858,0.703309692671,15167.3758865,8.94815286323e-07,Class 2
0.474998463078,3689.36170213,11177125.6074,24902.4285392,0.943263283884,1.0,95166.8199686,0.365312410017,0.382306468372,0.00347287843995,0.0946305442543,0.676132026694,1.0,1.0,0.943484042553,97.0567375887,0.591016548463,95305.4776763,47664319.4338,24068551838.1,14.4680851064,0.602836879433,22904.787234,8.5902267487e-07,Class 2
0.810231370482,2664.53900709,17668825.3484,59796.5722116,0.959023482805,1.0,235956.767648,0.173441074731,0.185723721847,0.00358397542379,0.074280528655,0.498246517766,1.0,1.0,0.959182919622,234.101654846,0.8975571316,236111.83332,119735774.554,60891063862.1,10.4491725768,0.401891252955,58363.6524823,6.20405265184e-07,Class 2
0.638907052518,2613.29787234,4498766.17681,13373.5264448,0.959811492752,1.0,49903.3480675,0.275666920739,0.287491850723,0.00358963215232,0.0731980475269,0.691418053867,1.0,1.0,0.959967863475,51.5425531915,0.777777777778,49958.4957392,24812092.3768,12484059191.6,10.2482269504,0.904255319149,11836.7021277,6.084743947e-07,Class 2
0.47033118661,4048.04964539,11073052.8484,24902.4285392,0.937747214262,1.0,94703.9445598,0.370096862059,0.388730831007,0.00343491140958,0.101244581694,0.653621887351,1.0,1.0,0.937989435579,96.9562647754,0.58865248227,94844.3106033,47337668.0084,23878640623.2,15.8747044917,0.703309692671,22699.822695,9.4253876826e-07,Class 2
0.492084073074,5072.87234043,8384445.77756,21059.4611744,0.921987015341,1.0,78330.580155,0.365543967605,0.388943812301,0.00332905393414,0.118949925871,0.575116681537,1.0,1.0,0.922290558511,81.8853427896,0.63987391647,78447.618449,38714169.3327,19414090698.7,19.8936170213,0.703309692671,18344.3262411,1.18115617795e-06,Class 2
0.599681065302,1895.92198582,6200743.18705,16242.9420772,0.970843631996,1.0,62287.6392191,0.289323753564,0.297872844128,0.00366984514493,0.0572395134776,0.777400371682,1.0,1.0,0.970957077423,62.9964539007,0.738376674547,62358.4924148,31318913.4498,15849130184.0,7.43498817967,0.703309692671,15116.1347518,4.41442207919e-07,Class 2
0.434265981354,6251.41843972,11234606.0785,25978.4594013,0.903862786582,1.0,96889.1105749,0.399297790656,0.428187906796,0.0032121158687,0.137460724006,0.53324697588,1.0,1.0,0.904236849882,101.276595745,0.554767533491,97047.5443873,47899475.4111,24021897121.8,24.5153664303,0.602836879433,22699.822695,1.45556619909e-06,Class 2
0.505852414459,2664.53900709,10131001.1425,23160.2833338,0.959023482805,1.0,88217.7030223,0.342217543038,0.353696649104,0.00358397542379,0.074280528655,0.74630155827,1.0,1.0,0.959182919622,89.219858156,0.62962962963,88336.9282525,44371727.4429,22455988617.1,10.4491725768,1.60756501182,21418.7943262,6.20405265184e-07,Class 2
0.528617496325,5021.63120567,6647426.31864,18343.7642366,0.922775025287,1.0,66823.1797229,0.34687341254,0.36977739655,0.00333425463138,0.118102851766,0.561023419412,1.0,1.0,0.923075502364,70.5319148936,0.684791174153,66918.7179245,32847585.822,16425510589.5,19.6926713948,1.40661938534,15474.822695,1.16922530746e-06,Class 2
0.542267851743,2767.0212766,7905545.14217,19471.0346636,0.957447462913,1.0,74201.2954334,0.325773811593,0.338380045079,0.00357269107513,0.0764250257821,0.721043713669,1.0,1.0,0.957613031915,75.5555555556,0.682427107959,74297.28434,37185487.3531,18784399016.7,10.8510638298,0.80378250591,17883.1560284,6.44267006152e-07,Class 2
0.548132375287,2767.0212766,7624409.77288,18907.3994501,0.957447462913,1.0,72359.8116561,0.322918563608,0.33567760291,0.00357269107513,0.0764250257821,0.716544185291,1.0,1.0,0.957613031915,73.7470449173,0.689519306541,72452.6600049,36244743.3531,18304626926.3,10.8510638298,0.401891252955,17421.9858156,6.44267006152e-07,Class 2
0.518926501573,1947.16312057,10102340.9848,22647.8876852,0.97005562205,1.0,87711.7269738,0.328600354925,0.33732428523,0.0036640525773,0.0584344827489,0.797111388052,1.0,1.0,0.97017213357,88.0141843972,0.63987391647,87824.5545823,44293340.5159,22462654976.5,7.63593380615,0.80378250591,21470.035461,4.53373078404e-07,Class 2
0.852402039046,1229.78723404,1149849.87114,4765.27954762,0.981087761295,1.0,16797.3040958,0.138653059161,0.14361109845,0.00374603147831,0.0407264665915,0.715966462013,1.0,1.0,0.981161347518,17.68321513,0.921197793538,16806.5396591,8257627.36685,4131365879.16,4.82269503546,1.00472813239,3894.32624113,2.86340891623e-07,Class 2
0.484237385282,6456.38297872,7551691.26683,20290.8677014,0.900710746798,1.0,73567.0449437,0.374977177221,0.404730730407,0.00319230276468,0.140503757614,0.493473377999,1.0,1.0,0.901097074468,78.5697399527,0.642237982664,73682.2965297,35931118.7871,17904802152.2,25.3191489362,1.00472813239,16807.0921986,1.50328968102e-06,Class 2
0.517992549497,2254.60992908,9798447.24741,22340.450296,0.965327562374,1.0,85970.0549319,0.332424647876,0.342469931146,0.00362950093019,0.0654169992235,0.772485538008,1.0,1.0,0.965462470449,86.6075650118,0.643026004728,86082.3999576,43326461.1354,21949564154.9,8.84160756501,1.00472813239,20957.6241135,5.24958301309e-07,Class 2
0.771776638903,871.09929078,2468832.93717,8249.56995837,0.986603830917,1.0,30977.6899937,0.18586619492,0.188577365448,0.00378773408412,0.0308704074263,0.851871957809,1.0,1.0,0.986655954492,31.2470449173,0.870764381403,30999.9101157,15587595.2367,7892913767.25,3.41607565012,1.10520094563,7532.44680851,2.02824798233e-07,Class 2
0.649888441163,1434.75177305,4893145.18225,13834.6825286,0.977935721511,1.0,52416.2530759,0.258927625971,0.264316225977,0.0037224148793,0.0460217436727,0.818987908604,1.0,1.0,0.978021572104,52.8486997636,0.781717888101,52469.270525,26393078.7428,13366977803.5,5.62647754137,1.40661938534,12759.0425532,3.34064373561e-07,Class 2
0.562782506531,4560.46099291,5654183.90598,16294.181642,0.929867114802,1.0,59613.6078694,0.327086275101,0.348042699859,0.00338149753219,0.110304428074,0.570485989914,1.0,1.0,0.930139997045,62.9964539007,0.717888100867,59693.9534077,29280603.5595,14636362339.6,17.8841607565,0.904255319149,13783.8652482,1.0618474731e-06,Class 2
0.640007426906,2408.33333333,4589216.73895,13680.963834,0.962963532536,1.0,50518.2409301,0.273532089674,0.283604927445,0.00361235609434,0.0687968364834,0.720819467303,1.0,1.0,0.963107638889,51.9444444444,0.777777777778,50573.3767971,25177939.6675,12683965045.9,9.44444444444,1.70803782506,12041.6666667,5.60750912762e-07,Class 2
0.567496977386,3023.22695035,6581489.31744,17472.6916339,0.953507413183,1.0,65452.6913815,0.3154721155,0.328973800631,0.00354465000235,0.0816723653809,0.692864580735,1.0,1.0,0.953688312648,67.2163120567,0.713159968479,65535.3108988,32651620.9064,16455504307.0,11.8557919622,1.3061465721,15628.5460993,7.03921358574e-07,Class 2
0.553036865647,2562.05673759,7575969.14786,18804.9203204,0.960599502698,1.0,71951.8855363,0.318724861338,0.330462273758,0.00359529858363,0.0721085745253,0.732923000984,1.0,1.0,0.960752807329,73.1442080378,0.693459416864,72042.7497655,36087955.0883,18237992730.3,10.0472813239,0.602836879433,17370.7446809,5.96543524215e-07,Class 2
0.530073070572,4457.9787234,7025504.58598,18548.7224961,0.931443134694,1.0,69127.6648068,0.343390867507,0.36397965915,0.00339210268532,0.108527002509,0.595695182745,1.0,1.0,0.931709884752,72.2399527187,0.682427107959,69224.5156122,34167247.2048,17135175718.9,17.4822695035,0.502364066194,16192.1985816,1.03798573213e-06,Class 2
0.749715746966,3279.43262411,1867623.19465,7634.69518,0.949567363453,1.0,26415.4023723,0.215098735139,0.230109139733,0.00351685149941,0.086767445686,0.518098892997,1.0,1.0,0.949763593381,29.1371158392,0.860520094563,26439.5150581,12647742.0153,6237024110.08,12.8605200946,0.80378250591,5790.24822695,7.63575710995e-07,Class 2
0.560211654405,4457.9787234,5817014.51673,16652.8585961,0.931443134694,1.0,60739.3737722,0.327965581792,0.348269924558,0.00339210268532,0.108527002509,0.582289717999,1.0,1.0,0.931709884752,64.0011820331,0.714736012608,60821.2269745,29881635.6493,14949547306.9,17.4822695035,1.3061465721,14091.3120567,1.03798573213e-06,Class 2
0.553716216426,5072.87234043,5633488.40759,16550.3794664,0.921987015341,1.0,59713.5442859,0.334011322975,0.357202978738,0.00332905393414,0.118949925871,0.540926344332,1.0,1.0,0.922290558511,63.5992907801,0.71158392435,59796.4168385,29202202.2216,14563061784.3,19.8936170213,1.3061465721,13681.3829787,1.18115617795e-06,Class 2
0.47238290048,2971.9858156,12603030.9618,26695.8133094,0.954295423129,1.0,103663.667686,0.360582405094,0.374341065259,0.00355023881132,0.0806354747559,0.726921986173,1.0,1.0,0.954473256501,104.692671395,0.56658786446,103811.267422,52185125.3957,26420770639.6,11.6548463357,0.0,25210.6382979,6.9199048809e-07,Class 2
0.493519776001,5687.76595745,7740267.63728,20137.1490068,0.912530895989,1.0,74440.3335308,0.367523496117,0.393840849026,0.0032674023852,0.12883170687,0.533188836094,1.0,1.0,0.91287123227,78.670212766,0.647754137116,74553.3926807,36571356.3495,18281293035.4,22.304964539,0.301418439716,17217.0212766,1.32432662376e-06,Class 2
0.475932415154,5841.4893617,8574821.05571,21674.3359528,0.91016686615,1.0,79911.8223447,0.377013006548,0.403959745735,0.00325220781082,0.131224155715,0.535423908471,1.0,1.0,0.910516400709,84.1962174941,0.624901497242,80036.0214115,39328257.1036,19677295936.1,22.9078014184,0.80378250591,18549.2907801,1.36011923521e-06,Class 2
0.589849729346,6046.45390071,3933669.39411,13424.7660096,0.907014826366,1.0,47178.2187268,0.316809211198,0.344777761358,0.00323208421741,0.134368025278,0.436289652559,1.0,1.0,0.907376625296,52.2458628842,0.748620961387,47242.693619,22551653.3685,11108032504.2,23.7115839243,0.401891252955,10299.4680851,1.40784271715e-06,Class 2
0.798119800467,2920.74468085,17707457.7131,59232.9369981,0.955083433075,1.0,234360.983421,0.182266788521,0.195713082624,0.00355583732308,0.0795924006545,0.483556109987,1.0,1.0,0.955258200355,232.795508274,0.890464933018,234523.39896,118860356.996,60427949504.0,11.4539007092,-0.502364066194,57902.4822695,6.80059617605e-07,Class 2
0.686731111844,1434.75177305,3929492.72879,11836.3394989,0.977935721511,1.0,44638.9844738,0.239658340462,0.245391283778,0.0037224148793,0.0460217436727,0.803082581648,1.0,1.0,0.978021572104,45.2127659574,0.811662726556,44680.8566656,22421048.5205,11341273421.6,5.62647754137,1.20567375887,10811.8794326,3.34064373561e-07,Class 2
0.5696381122,2100.88652482,7229174.49346,18138.8059771,0.967691592212,1.0,69448.2923342,0.306210596548,0.315595717262,0.00364673309117,0.0619645909188,0.769755534273,1.0,1.0,0.967817302009,70.2304964539,0.708431836091,69532.0252162,34925096.3813,17674928711.6,8.23877068558,0.904255319149,16858.3333333,4.89165689856e-07,Class 2
0.44889996715,6917.55319149,9205885.11237,23262.7624635,0.893618657283,1.0,84457.7091588,0.394439346441,0.426178029632,0.00314829089405,0.147176151161,0.489544927085,1.0,1.0,0.894032579787,89.7222222222,0.594956658786,84596.3097168,41379589.0496,20653494582.9,27.1276595745,1.50709219858,19420.3900709,1.61066751538e-06,Class 2
0.621441403511,3330.67375887,4568680.98621,13732.2033988,0.948779353507,1.0,50820.9371517,0.28971521533,0.305005157186,0.0035113209072,0.0877692198602,0.632461385833,1.0,1.0,0.948978649527,53.1501182033,0.765957446809,50880.7859284,25099533.5259,12584008852.3,13.061465721,0.703309692671,11887.9432624,7.7550658148e-07,Class 2
0.811814866356,2459.57446809,17711925.6508,59694.0930819,0.96217552259,1.0,235958.353295,0.171894721821,0.183266935335,0.00360666055464,0.0699081114007,0.524967686098,1.0,1.0,0.962322695035,233.90070922,0.898345153664,236111.8396,119788040.511,60931045686.2,9.64539007092,0.200945626478,58414.893617,5.72681783247e-07,Class 2
0.537789352822,3638.12056738,7356186.99337,19061.1181447,0.944051293831,1.0,70973.5166527,0.334663372356,0.350959490789,0.00347834111261,0.093666026518,0.658075863555,1.0,1.0,0.944268986407,73.2446808511,0.684791174153,71069.1650655,35317055.0343,17774875105.9,14.2671394799,1.50709219858,16858.3333333,8.47091804386e-07,Class 2
0.670122413546,5943.97163121,17997553.7072,55697.4070225,0.908590846258,1.0,216413.457092,0.268221432776,0.295732852232,0.00324212660853,0.13280258501,0.3505117569,1.0,1.0,0.908946513002,218.226950355,0.810086682427,216640.698199,108969443.68,55187093721.3,23.3096926714,0.200945626478,52675.8865248,1.38398097618e-06,Class 2
0.613040802652,5995.21276596,18441325.666,53032.9496496,0.907802836312,1.0,205379.057935,0.30329698046,0.331014944507,0.00323710056157,0.133586916238,0.417595400324,1.0,1.0,0.908161569149,207.476359338,0.767533490938,205624.190184,103338044.969,52311792725.2,23.5106382979,0.502364066194,49908.8652482,1.39591184666e-06,Class 2
0.47237296482,5380.31914894,9277712.52084,22801.6063798,0.917258955665,1.0,84159.3054689,0.376798945349,0.401338928217,0.00329805350939,0.12395480926,0.568530470868,1.0,1.0,0.91758089539,87.9137115839,0.613869188337,84288.9194242,41614793.0633,20873396248.9,21.0992907801,1.50709219858,19727.8368794,1.25274140085e-06,Class 2
0.430341395501,5636.5248227,12764787.166,28079.2815608,0.913318905935,1.0,106304.06179,0.398424618823,0.424512406707,0.00327248664892,0.128027502592,0.57030213275,1.0,1.0,0.913656176123,109.917257683,0.5256107171,106475.643161,52864520.3943,26594011056.4,22.1040189125,0.200945626478,25210.6382979,1.31239575327e-06,Class 3
0.460846356811,5534.04255319,9909420.30928,23672.6789825,0.914894925827,1.0,88198.8097089,0.383159480346,0.408677558951,0.00328268428473,0.126408846122,0.562514431376,1.0,1.0,0.91522606383,92.0330969267,0.596532702916,88336.8403388,43640004.0397,21896243079.2,21.7021276596,0.80378250591,20701.4184397,1.2885340123e-06,Class 3
0.530814519229,6046.45390071,5815810.99873,16909.0564204,0.907014826366,1.0,61499.3002685,0.349354840234,0.37734659712,0.00323208421741,0.134368025278,0.483924275116,1.0,1.0,0.907376625296,66.3120567376,0.693459416864,61589.7717809,29868551.1463,14839593207.6,23.7115839243,0.0,13886.3475177,1.40784271715e-06,Class 3
0.466772978233,2510.81560284,14534769.9575,29616.4685067,0.961387512644,1.0,115894.527871,0.358656378432,0.370276581665,0.00360097471774,0.0710119756451,0.763084777893,1.0,1.0,0.961537751182,116.247044917,0.524822695035,116057.537554,58548218.6887,29695883344.3,9.8463356974,-0.100472813239,28387.5886525,5.84612653731e-07,Class 3
0.440228619546,4714.18439716,13311433.8904,28694.1563391,0.927503084964,1.0,109277.216937,0.388642554552,0.41039962989,0.00336566257345,0.112939654496,0.622317060644,1.0,1.0,0.927785165485,111.926713948,0.524822695035,109447.566181,54615360.3136,27546895410.8,18.4869976359,0.602836879433,26184.2198582,1.09764008456e-06,Class 3
0.477313471948,4355.4964539,10109386.0766,23160.2833338,0.933019154586,1.0,88870.9670751,0.368783209567,0.38884800764,0.00340274664962,0.106732682527,0.629964241742,1.0,1.0,0.933279772459,91.5307328605,0.60756501182,89002.9907895,44280246.4057,22299389600.7,17.0803782506,-0.703309692671,21162.5886525,1.01412399117e-06,Class 3
0.470990666068,5482.80141844,9254587.59907,22442.9294257,0.915682935773,1.0,84056.4290089,0.377922314902,0.403303071477,0.00328779765682,0.125594336822,0.558549857992,1.0,1.0,0.916011007683,87.9137115839,0.613081166273,84186.4371547,41536396.529,20826751331.8,21.5011820331,0.100472813239,19676.5957447,1.27660314182e-06,Class 3
0.487842788046,4457.9787234,9267326.4187,22237.9711663,0.931443134694,1.0,83653.3239364,0.364317267704,0.384858777555,0.00339210268532,0.108527002509,0.61824834509,1.0,1.0,0.931709884752,86.5070921986,0.626477541371,83776.5520336,41588672.0937,20920044432.4,17.4822695035,0.703309692671,19830.3191489,1.03798573213e-06,Class 3
0.540623499948,5482.80141844,18995404.7497,48113.9514226,0.915682935773,1.0,187437.005323,0.342397688007,0.367701625929,0.00328779765682,0.125594336822,0.517754453825,1.0,1.0,0.916011007683,189.391252955,0.700551615445,187690.35818,94322587.64,47747296406.3,21.5011820331,-0.703309692671,45553.3687943,1.27660314182e-06,Class 3
0.474183738926,5790.24822695,18770435.2241,43451.15102,0.910954876096,1.0,167250.745377,0.377674336652,0.404442132079,0.00325726296615,0.130430006401,0.53869259893,1.0,1.0,0.911301344563,169.899527187,0.621749408983,167501.960204,83948268.2595,42436484680.3,22.706855792,0.502364066194,40429.2553191,1.34818836473e-06,Class 3
0.415321160907,6661.34751773,12847663.6813,28540.4376445,0.897558707014,1.0,107525.071162,0.410162667305,0.440995778195,0.00317264490536,0.143498534998,0.519623334128,1.0,1.0,0.897957299054,112.127659574,0.509062253743,107705.36132,53230353.2741,26713949996.1,26.1229314421,-0.200945626478,25261.8794326,1.55101316296e-06,Class 3
0.42924226307,5943.97163121,12307775.1061,27361.9276527,0.908590846258,1.0,103540.031926,0.400408540921,0.427919960378,0.00324212660853,0.13280258501,0.552900529512,1.0,1.0,0.908946513002,107.505910165,0.532702915682,103708.697239,51375005.4583,25814380184.6,23.3096926714,-0.200945626478,24442.0212766,1.38398097618e-06,Class 3
0.46171324318,5534.04255319,9844367.1055,23467.720723,0.914894925827,1.0,87789.6547426,0.38272706982,0.40832128748,0.00328268428473,0.126408846122,0.561043469035,1.0,1.0,0.91522606383,91.6312056738,0.598108747045,87926.9238199,43430949.8175,21789627059.1,21.7021276596,0.401891252955,20598.9361702,1.2885340123e-06,Class 3
0.433642518665,8044.85815603,18038012.4254,41811.4849443,0.87628243847,1.0,159452.272018,0.405093070743,0.44230908799,0.00304401497393,0.162543758544,0.435092393093,1.0,1.0,0.876763815012,164.473995272,0.583136327817,159713.47727,79401312.5062,39970980232.9,31.548463357,-0.502364066194,37918.4397163,1.87314666604e-06,Class 3
0.472846150646,5380.31914894,9245526.90537,22699.12725,0.917258955665,1.0,83954.7284688,0.376557085721,0.401188880408,0.00329805350939,0.12395480926,0.567545018265,1.0,1.0,0.91758089539,87.7127659574,0.614657210402,84083.9611648,41510265.9522,20820088238.8,21.0992907801,1.3061465721,19676.5957447,1.25274140085e-06,Class 3
0.421480028391,8352.30496454,9636657.31013,24338.7933257,0.871554378794,1.0,87927.8761307,0.411984704012,0.450566206669,0.00301639112127,0.166519344754,0.427709915138,1.0,1.0,0.872054151891,94.5449172577,0.565011820331,88080.5561707,42790688.2369,21279857984.8,32.7541371158,0.904255319149,19932.8014184,1.94473188894e-06,Class 3
0.485967432147,4560.46099291,9276056.47999,22186.7316014,0.929867114802,1.0,83754.9922589,0.365822936833,0.386918056411,0.00338149753219,0.110304428074,0.610984676586,1.0,1.0,0.930139997045,86.7080378251,0.624901497242,83879.0280235,41614802.6705,20926707525.3,17.8841607565,0.301418439716,19830.3191489,1.0618474731e-06,Class 3
0.404014379384,7481.20567376,12884540.2144,28950.3541635,0.884950547877,1.0,108338.483342,0.418549412241,0.453178592652,0.00309556591499,0.155020342957,0.481901109854,1.0,1.0,0.8853981974,113.735224586,0.496453900709,108525.16924,53439397.8891,26767254739.7,29.3380614657,-0.200945626478,25261.8794326,1.74190709071e-06,Class 3
0.451802421941,3638.12056738,14094512.1761,29360.2706824,0.944051293831,1.0,113735.986564,0.375723872272,0.392563959883,0.00347834111261,0.093666026518,0.687239587533,1.0,1.0,0.944268986407,115.242316785,0.520094562648,113905.441292,57163221.2565,28916249206.0,14.2671394799,-0.100472813239,27567.7304965,8.47091804386e-07,Class 3
0.444129608206,7173.75886525,9258866.7211,22955.3250744,0.889678607553,1.0,84916.6358831,0.397580949781,0.430771949929,0.00312417945258,0.150782831371,0.475289433657,1.0,1.0,0.89010786052,90.4255319149,0.590228526399,85057.4579511,41549442.6029,20723460325.4,28.1323877069,-0.401891252955,19471.6312057,1.6703218678e-06,Class 3
0.463346417356,3228.19148936,17995377.1833,37046.205412,0.950355373399,1.0,145464.358628,0.367022714471,0.38183409996,0.00352239179441,0.0857600398824,0.712783770077,1.0,1.0,0.950548537234,145.986997636,0.547675334909,145673.984067,73469455.3934,37258954411.8,12.6595744681,-0.703309692671,35612.5886525,7.51644840511e-07,Class 3
0.477823916501,6353.90070922,7981496.14062,20598.3050906,0.90228676669,1.0,76329.1934639,0.377923560558,0.407316543696,0.0032021899111,0.138988358735,0.501844940643,1.0,1.0,0.902666962175,81.1820330969,0.632781717888,76449.2361721,37368367.7658,18644451199.9,24.9172576832,-0.401891252955,17524.4680851,1.47942794005e-06,Class 3
0.464864089481,6558.86524823,8536685.77146,21725.5755176,0.899134726906,1.0,80010.3192651,0.385187812759,0.415546404814,0.00318245442943,0.142007093808,0.497187442315,1.0,1.0,0.899527186761,85.0,0.616233254531,80138.4785628,39197589.8084,19564013556.6,25.7210401891,0.200945626478,18395.5673759,1.52715142199e-06,Class 3
0.679716535609,3740.60283688,18543884.861,54826.3344198,0.942475273938,1.0,215041.466867,0.259194949539,0.276490781348,0.00346742547009,0.0955900226833,0.54337774548,1.0,1.0,0.9426990987,214.710401891,0.813238770686,215257.297453,108825744.722,55257069262.9,14.6690307329,0.301418439716,52880.8510638,8.70953545354e-07,Class 3
0.420636739216,5687.76595745,14793940.9299,31409.8532769,0.912530895989,1.0,120268.538172,0.403317056457,0.429609732525,0.0032674023852,0.12883170687,0.572024960851,1.0,1.0,0.91287123227,123.682033097,0.471237194641,120464.042799,59985429.2383,30222287286.2,22.304964539,-0.502364066194,28695.035461,1.32432662376e-06,Class 3
0.425492793231,6661.34751773,11520342.1684,26388.3759203,0.897558707014,1.0,98932.4656527,0.405189674346,0.436022785236,0.00317264490536,0.143498534998,0.514177498356,1.0,1.0,0.897957299054,103.687943262,0.542159180457,99097.1144227,48840214.6075,24475013574.0,26.1229314421,-0.200945626478,23109.751773,1.55101316296e-06,Class 3
0.384593889196,8762.23404255,13690652.4314,31358.6137121,0.865250299226,1.0,114929.312289,0.431590005075,0.471928887385,0.00298010267414,0.171685653362,0.429941701774,1.0,1.0,0.865774601064,121.471631206,0.456264775414,115135.03386,56483734.9888,28236551662.9,34.3617021277,1.50709219858,26594.1489362,2.04017885282e-06,Class 3
0.479280732705,5534.04255319,8678170.31125,21571.856823,0.914894925827,1.0,80424.931989,0.374040258715,0.399653494792,0.00328268428473,0.126408846122,0.550974413889,1.0,1.0,0.91522606383,84.3971631206,0.626477541371,80548.4264795,39667973.8175,19870538697.4,21.7021276596,0.200945626478,18754.2553191,1.2885340123e-06,Class 3
0.428166727833,7686.17021277,9878796.78457,24133.8350662,0.881798508093,1.0,89107.4640907,0.407056202547,0.442620689727,0.00307668427914,0.157792153471,0.45727948238,1.0,1.0,0.882258421986,95.0472813239,0.568163908589,89259.0865711,43561583.4873,21716319971.0,30.1418439716,-0.401891252955,20393.9716312,1.78963057265e-06,Class 3
0.426347260024,7481.20567376,10283958.9338,24543.7515851,0.884950547877,1.0,91563.2901711,0.407440927686,0.441957501264,0.00309556591499,0.155020342957,0.470396538906,1.0,1.0,0.8853981974,97.2576832151,0.561071710008,91718.5919641,44868174.778,22395997915.7,29.3380614657,-1.00472813239,21060.106383,1.74190709071e-06,Class 3
0.469392266703,5329.07801418,9534103.8548,23057.8042041,0.918046965611,1.0,85745.0797686,0.378001972415,0.402507883519,0.00330319598987,0.123129730579,0.571497562699,1.0,1.0,0.918365839243,89.4208037825,0.608353033885,85877.3475049,42437944.6637,21296528782.8,20.8983451537,1.00472813239,20137.7659574,1.24081053037e-06,Class 3
0.387645378893,10350.7092199,10188425.3757,25927.2198365,0.840821990898,1.0,92571.8773479,0.432258908072,0.480146499816,0.00284535028012,0.190354914329,0.354100589962,1.0,1.0,0.841441341608,101.075650118,0.524034672971,92743.2953477,44659086.9303,22102792428.1,40.5910165485,0.602836879433,20598.9361702,2.41003583783e-06,Class 3
0.452357576966,5739.0070922,10317275.0643,24441.2724554,0.911742886043,1.0,90857.1058156,0.388260253937,0.414675714632,0.00326232782428,0.129632532381,0.554920356727,1.0,1.0,0.912086288416,94.8463356974,0.583924349882,91001.2914322,44946590.5268,22549265385.7,22.5059101655,1.00472813239,21316.3120567,1.33625749424e-06,Class 3
0.648755775879,2152.12765957,19283625.1292,52059.3979172,0.966903582266,1.0,205874.086275,0.266736919153,0.276700086858,0.00364097933472,0.0631237586883,0.724543029683,1.0,1.0,0.967032358156,204.160756501,0.784081954295,206085.464009,104553217.67,53181394950.3,8.43971631206,0.0,50984.929078,5.01096560341e-07,Class 3
0.525914996699,1844.68085106,9762422.14018,21981.7733419,0.971631641942,1.0,85564.029004,0.324150553977,0.332614202828,0.00367564741535,0.0560350157352,0.802178440756,1.0,1.0,0.971742021277,85.8037825059,0.649330181245,85672.4959978,43221938.828,21922911783.0,7.23404255319,0.401891252955,20957.6241135,4.29511337435e-07,Class 3
0.510987908922,1690.95744681,11013362.7087,23723.9185473,0.97399567178,1.0,93187.586123,0.329157305004,0.336980322049,0.00369311244338,0.0523617088824,0.818138499743,1.0,1.0,0.974096852837,93.1382978723,0.621749408983,93307.1958722,47154773.1849,23938621525.4,6.63120567376,-0.100472813239,22904.787234,3.93718725982e-07,Class 3
0.435490551497,7020.03546099,10088877.1902,24287.5537608,0.892042637391,1.0,90082.6823773,0.40146613434,0.433963789482,0.00313861720908,0.148627206888,0.488458530778,1.0,1.0,0.89246269208,95.3486997636,0.572104018913,90232.658712,44227951.6265,22099473947.2,27.5295508274,-0.100472813239,20803.9007092,1.63452925635e-06,Class 3
0.388456377173,9274.64539007,11672556.2935,27669.3650419,0.857370199765,1.0,101526.436738,0.430561495352,0.473489494836,0.00293561536664,0.177935963934,0.402451408674,1.0,1.0,0.85792516253,108.812056738,0.501970055162,101710.252167,49506544.3176,24644922444.4,36.3711583924,-0.301418439716,23109.751773,2.15948755766e-06,Class 3
0.527853692433,3484.39716312,7966623.81361,19778.4720528,0.946415323669,1.0,74912.9423669,0.338456724684,0.354496858462,0.00349478734733,0.0907415606645,0.66923524401,1.0,1.0,0.946623817967,76.9621749409,0.671394799054,75014.6162697,37368401.3912,18831040667.4,13.6643026005,0.602836879433,17883.1560284,8.11299192933e-07,Class 3
0.494278612063,2920.74468085,10651202.746,23775.1581122,0.955083433075,1.0,91540.6959,0.349961381416,0.363407675519,0.00355583732308,0.0795924006545,0.724657857199,1.0,1.0,0.955258200355,92.7364066194,0.613869188337,91667.4921193,46004960.5517,23272266500.2,11.4539007092,0.502364066194,22187.4113475,6.80059617605e-07,Class 3
0.51814779419,3638.12056738,8327917.81742,20495.8259609,0.944051293831,1.0,77316.0242238,0.344291621585,0.360938375404,0.00347834111261,0.093666026518,0.66338875418,1.0,1.0,0.944268986407,79.4739952719,0.66036249015,77422.8711086,38557395.4787,19427423417.4,14.2671394799,0.904255319149,18446.8085106,8.47091804386e-07,Class 3
0.391663111563,8044.85815603,14514454.1324,32332.1654445,0.87628243847,1.0,120355.557207,0.426300322778,0.463490168939,0.00304401497393,0.162543758544,0.460190396807,1.0,1.0,0.876763815012,126.093380615,0.44365642238,120566.449714,59436634.284,29789150313.7,31.548463357,0.703309692671,28131.3829787,1.87314666604e-06,Class 3
0.573596230907,6507.62411348,18570633.99,51239.5648793,0.899922736852,1.0,197682.629188,0.326752222069,0.356845250343,0.00318737374566,0.141256922941,0.419291960259,1.0,1.0,0.900312130615,200.443262411,0.736012608353,197938.239755,99287613.4087,50212787788.0,25.5200945626,0.502364066194,47859.2198582,1.51522055151e-06,Class 3
0.874531238648,1127.30496454,17511766.3492,61282.5195927,0.982663781187,1.0,243892.670972,0.122360102089,0.12757890422,0.00375789799457,0.0379937210184,0.665353342963,1.0,1.0,0.982731235225,240.330969267,0.933806146572,244002.773406,124152063.012,63243285930.0,4.42080378251,0.0,60720.7446809,2.62479150655e-07,Class 3
0.411436317695,7122.5177305,12466679.1366,28181.7606905,0.890466617499,1.0,105322.931675,0.41373070563,0.446702815302,0.00312898233529,0.15006706073,0.496640389039,1.0,1.0,0.890892804374,110.419621749,0.512214342002,105502.045902,51989088.4256,26050929783.7,27.9314420804,0.100472813239,24595.7446809,1.65839099732e-06,Class 3
0.449436492811,7225.0,8844846.07831,22494.1689906,0.888890597607,1.0,82308.2294021,0.395025007227,0.428461861349,0.00311938627267,0.151495854335,0.468942518636,1.0,1.0,0.889322916667,87.9137115839,0.599684791174,82444.2385732,40203655.4469,20033787741.2,28.3333333333,0.301418439716,18805.4964539,1.68225273829e-06,Class 3
0.40286681061,8198.58156028,11645392.6784,27361.9276527,0.873918408632,1.0,100662.664769,0.421095808414,0.459033619541,0.00303015938503,0.16454256622,0.446061400318,1.0,1.0,0.874408983452,106.903073286,0.517730496454,100839.212531,49336700.3716,24628267978.4,32.1513002364,0.401891252955,23160.9929078,1.90893927749e-06,Class 3
0.450057471586,6200.17730496,9929273.31386,23775.1581122,0.904650796528,1.0,88655.2532159,0.391317109407,0.420019106924,0.00321709340169,0.136692262518,0.526740305665,1.0,1.0,0.905021793735,93.1382978723,0.58707643814,88797.976014,43705325.6782,21886245173.4,24.3144208038,0.100472813239,20650.177305,1.4436353286e-06,Class 3
0.442491466199,6610.10638298,10025698.3083,24082.5955014,0.89834671696,1.0,89471.2344444,0.396600667597,0.427200499049,0.003177544816,0.142754291006,0.507367955476,1.0,1.0,0.898742242908,94.3439716312,0.579196217494,89617.7964928,44018902.2079,22019513565.3,25.9219858156,0.100472813239,20752.6595745,1.53908229248e-06,Class 3
0.402593579949,8506.02836879,11187740.5103,26798.2924392,0.869190348956,1.0,97899.3566841,0.421931151489,0.461272267997,0.00300271018265,0.168474440979,0.431141183478,1.0,1.0,0.869699320331,104.491725768,0.524822695035,98072.2666095,47847185.4355,23848637106.6,33.3569739953,0.602836879433,22392.3758865,1.98052450039e-06,Class 3
0.608070488543,6353.90070922,3315760.06247,12143.776888,0.90228676669,1.0,42164.3928713,0.30654709907,0.335962165628,0.0032021899111,0.138988358735,0.393367501874,1.0,1.0,0.902666962175,47.6241134752,0.764381402679,42221.206843,19912340.2103,9742013521.78,24.9172576832,0.0,8967.19858156,1.47942794005e-06,Class 4
0.823904081135,871.09929078,18057863.0279,59284.176563,0.986603830917,1.0,235822.122208,0.154319188369,0.158260831697,0.00378773408412,0.0308704074263,0.797536740356,1.0,1.0,0.986655954492,232.192671395,0.903861308117,235958.169572,120114706.347,61200923815.7,3.41607565012,0.301418439716,58773.5815603,2.02824798233e-07,Class 4
0.507111759413,11016.8439716,3707634.07421,14961.9529556,0.830577861599,1.0,48235.9240927,0.363558047346,0.414540078167,0.00279161621055,0.197592218828,0.223502337924,1.0,1.0,0.831237071513,58.1737588652,0.687155240347,48318.572202,21832971.2356,10418340321.6,43.2033096927,0.502364066194,9325.88652482,2.56513715413e-06,Class 4
0.424372547522,9787.05673759,7990484.5597,22289.2107311,0.849490100305,1.0,78103.0398371,0.412319811925,0.457520039303,0.00289209833847,0.183965643102,0.355459470925,1.0,1.0,0.850075723995,86.3061465721,0.586288416076,78242.5157599,37407525.202,18441200733.5,38.3806146572,1.10520094563,17114.5390071,2.2787962625e-06,Class 4
0.329120613328,14245.035461,13427169.392,33254.477612,0.780933234998,1.0,118126.299894,0.46329638706,0.529233219748,0.00255444112993,0.228321003608,0.2414419594,1.0,1.0,0.781785608747,130.011820331,0.400315208826,118362.958468,56731922.6291,28006639025.6,55.8628841608,0.401891252955,26030.4964539,3.31678199464e-06,Class 4
0.512794957156,6405.14184397,6276992.78461,17985.0872825,0.901498756744,1.0,64924.3120873,0.359910376961,0.389528429302,0.0031972414865,0.139747576701,0.475640382669,1.0,1.0,0.901882018322,70.0295508274,0.676122931442,65022.8116376,31527914.832,15662534183.6,25.1182033097,0.502364066194,14654.964539,1.49135881054e-06,Class 4
0.794513155746,1998.40425532,18004210.5542,58669.3017846,0.969267612104,1.0,232621.312364,0.181589900518,0.190837025295,0.00365826971247,0.0596201668193,0.624899542478,1.0,1.0,0.969387189716,230.18321513,0.88731284476,232781.282013,118207073.36,60154749627.2,7.83687943262,-0.100472813239,57697.5177305,4.65303948888e-07,Class 4
0.890126499586,1076.06382979,17384727.4064,62153.5921954,0.983451791133,1.0,246106.4271,0.110581188743,0.114080584772,0.00376384580689,0.0366039328104,0.715328302974,1.0,1.0,0.983516179078,242.440898345,0.942474389283,246206.076265,125288795.946,63826342494.0,4.21985815603,1.3061465721,61284.3971631,2.5054828017e-07,Class 4
0.490127989935,6302.65957447,7384880.07699,19983.4303122,0.903074776636,1.0,72391.541043,0.371464137619,0.400473426361,0.00320714803851,0.138226081896,0.499483138913,1.0,1.0,0.903451906028,77.2635933806,0.64854215918,72503.7912475,35369287.3662,17628267462.5,24.7163120567,1.10520094563,16550.8865248,1.46749706957e-06,Class 4
0.492274092579,10606.9148936,4387454.84603,15833.0255583,0.836881941168,1.0,53350.8452401,0.373425405473,0.422489075526,0.00282448927442,0.193177856694,0.258544662809,1.0,1.0,0.83751662234,62.7955082742,0.672182821119,53442.5412475,24550680.9281,11831004221.1,41.5957446809,-0.703309692671,10709.3971631,2.46969019025e-06,Class 4
0.280315407539,21213.8297872,11552300.9416,33151.9984823,0.673763882336,1.0,110536.648691,0.47699967177,0.575193158906,0.0021737423301,0.274250298756,0.0889188961082,1.0,1.0,0.675033244681,129.408983452,0.344365642238,110779.289364,51087376.9673,24674860633.2,83.1914893617,0.602836879433,22392.3758865,4.9393803805e-06,Class 4
0.308819575238,16807.0921986,12943986.248,33356.9567418,0.741532737696,1.0,116992.280695,0.471124096217,0.548912909468,0.00239361733017,0.248178362534,0.175314707447,1.0,1.0,0.742538416076,131.418439716,0.386130811663,117235.609547,55503699.0508,27213672168.6,65.9101654846,-0.602836879433,25108.1560284,3.91332551885e-06,Class 4
0.467356698281,5585.28368794,18685955.3181,42785.0366768,0.914106915881,1.0,163565.458656,0.380225409593,0.405626649468,0.00327758061543,0.127219891773,0.559019640446,1.0,1.0,0.914441119976,166.081560284,0.608353033885,163812.717814,82119046.2169,41516922323.5,21.9030732861,1.70803782506,39558.1560284,1.30046488279e-06,Class 4
0.841061724669,2869.5035461,760805.023907,4047.92563952,0.955871443021,1.0,13313.1335155,0.150936697514,0.164220921121,0.00356144553764,0.0785430397752,0.377978175481,1.0,1.0,0.956043144208,15.8747044917,0.915681639086,13322.199012,6062538.81898,2905275115.25,11.2529550827,0.0,2613.29787234,6.68128747121e-07,Class 4
0.32591263698,14757.4468085,13791481.4797,34484.2271688,0.773053135538,1.0,121705.051735,0.464566579795,0.532799860877,0.00252033581131,0.232592959593,0.226763681535,1.0,1.0,0.773936170213,134.030732861,0.412135539795,121949.71231,58430482.1801,28839574641.1,57.8723404255,1.20567375887,26799.1134752,3.43609069948e-06,Class 4
0.626404265876,6763.82978723,18126994.4704,54057.7409468,0.895982687122,1.0,209223.305264,0.295452461191,0.326765273978,0.00316287419246,0.144978243632,0.34169040758,1.0,1.0,0.896387411348,211.997635934,0.779353821907,209467.134,105101930.962,53161386073.1,26.524822695,0.0,50677.4822695,1.57487490393e-06,Class 4
0.480487915443,1639.71631206,17851124.3307,36123.8932444,0.974783681726,1.0,141233.593657,0.342320291555,0.348826892416,0.00369895352498,0.0511163756428,0.834013544622,1.0,1.0,0.97488179669,140.260047281,0.537431048069,141421.148849,71705579.0075,36462672340.4,6.43026004728,1.40661938534,34946.4539007,3.81787855498e-07,Class 4
0.686308846277,1742.19858156,3777236.87988,11580.1416745,0.973207661834,1.0,43511.8550858,0.2430167669,0.250571384118,0.00368728106458,0.0535963929299,0.7622382132,1.0,1.0,0.973311908983,44.4089834515,0.812450748621,43553.5768193,21767750.4734,10988106630.1,6.83215130024,1.00472813239,10453.1914894,4.05649596466e-07,Class 4
0.379218696926,11580.4964539,9504756.83684,25363.584623,0.821909752193,1.0,88884.7425624,0.437191486782,0.490754349782,0.00274742968964,0.203462377858,0.307344873962,1.0,1.0,0.822602689125,98.6643026005,0.524034672971,89054.0090002,42464003.1861,20903357302.4,45.4137115839,0.80378250591,19369.1489362,2.69637672945e-06,Class 4
0.306382854528,18293.0851064,9695521.02553,28130.5211256,0.718680449261,1.0,94537.0878942,0.469201344827,0.553876286959,0.0023114540761,0.258057488361,0.137083194781,1.0,1.0,0.719775044326,110.821513002,0.424743892829,94741.3950448,43652920.4154,21073249840.8,71.7375886525,-0.502364066194,19112.9432624,4.2593207629e-06,Class 4
0.29737369447,20291.4893617,8725453.13778,27515.6463473,0.687948061365,1.0,89367.6649759,0.469001092779,0.562937802682,0.00221382456942,0.269582403512,0.0967718227562,1.0,1.0,0.689162234043,107.706855792,0.421591804571,89566.1377679,40504017.7755,19337399801.8,79.5744680851,0.200945626478,17319.5035461,4.72462471178e-06,Class 4
0.314155024867,22289.893617,5854374.79228,23826.397677,0.657215673469,1.0,71111.4389397,0.450177524608,0.553253762379,0.00213095301143,0.279194235958,0.0499289581272,1.0,1.0,0.658549423759,91.731678487,0.468873128448,71273.5518858,30665380.0245,14189837119.6,87.4113475177,1.70803782506,12246.6312057,5.18992866067e-06,Class 4
0.434946574091,5021.63120567,13475575.0952,28284.2398202,0.922775025287,1.0,110604.986765,0.393055433795,0.415108216018,0.00333425463138,0.118102851766,0.610550110909,1.0,1.0,0.923075502364,113.53427896,0.516154452325,110779.785448,55216387.5998,27833424739.9,19.6926713948,-2.61229314421,26440.4255319,1.16922530746e-06,Class 4
0.302430945608,17626.9503546,12347775.5202,32793.3215283,0.728924578559,1.0,113102.579092,0.473183074896,0.554784173026,0.00234727678914,0.253771151623,0.156979226707,1.0,1.0,0.729979314421,128.404255319,0.368006304177,113341.377499,53308620.1102,26040892681.1,69.1252955083,0.200945626478,23929.6099291,4.1042194466e-06,Class 4
0.681624182404,2869.5035461,18786556.9179,54160.2200766,0.955871443021,1.0,213971.757566,0.254051688263,0.267286979692,0.00356144553764,0.0785430397752,0.631790714437,1.0,1.0,0.956043144208,212.80141844,0.812450748621,214181.293279,108499107.708,55147124962.7,11.2529550827,-0.401891252955,52829.6099291,6.68128747121e-07,Class 4
0.484239869197,10145.7446809,4929762.10076,17011.5355501,0.843974030682,1.0,57187.5803149,0.378725182046,0.425663284316,0.00286221373496,0.188060336884,0.288541420166,1.0,1.0,0.844581117021,66.1111111111,0.662726556344,57285.5227413,26628162.6655,12920488513.8,39.7872340426,0.602836879433,11785.4609929,2.36231235589e-06,Class 4
0.399602946172,17319.5035461,4194403.42239,17985.0872825,0.733652638235,1.0,55939.2807994,0.412472793569,0.492553315872,0.00236436340823,0.251715367022,0.0942457342377,1.0,1.0,0.734688977541,71.938534279,0.584712371946,56055.5534003,24171691.4908,11201276608.8,67.9196217494,-1.40661938534,9684.57446809,4.03263422369e-06,Class 4
0.306556728584,17729.4326241,10447792.3552,29104.072858,0.727348558667,1.0,99294.189835,0.470492268319,0.552538138262,0.00234165887179,0.254445467462,0.151632932948,1.0,1.0,0.728409426714,114.940898345,0.41292356186,99506.6918459,46226907.1315,22422611090.8,69.5271867612,-0.80378250591,20445.212766,4.12808118757e-06,Class 4
0.317868477938,15577.3049645,12691186.0649,32127.207185,0.760444976401,1.0,113722.752472,0.468021033774,0.540079091915,0.00246778548253,0.239109827931,0.20580484626,1.0,1.0,0.761377068558,126.997635934,0.38219070134,113956.315073,54144861.0173,26600634952.6,61.0874704492,-1.00472813239,24595.7446809,3.62698462723e-06,Class 4
0.665486186017,3023.22695035,3605116.51311,11682.6208043,0.953507413183,1.0,42738.9966197,0.263967680748,0.277727716438,0.00354465000235,0.0816723653809,0.633436383832,1.0,1.0,0.953688312648,44.9113475177,0.800630417652,42784.9440992,21049111.5731,10538315191.6,11.8557919622,0.904255319149,9940.78014184,7.03921358574e-07,Class 4
0.540191298721,8352.30496454,18273209.7548,50470.9714064,0.871554378794,1.0,193160.842446,0.346964920954,0.385630450578,0.00301639112127,0.166519344754,0.331741598088,1.0,1.0,0.872054151891,197.830969267,0.71158392435,193429.101531,96517623.3479,48680175149.7,32.7541371158,0.100472813239,46270.7446809,1.94473188894e-06,Class 4
0.38143062332,9325.88652482,15781924.9326,35252.8206417,0.856582189819,1.0,132472.843403,0.434245843078,0.477325502207,0.00293122000125,0.178548692989,0.404917843116,1.0,1.0,0.857140218676,139.255319149,0.4743892829,132710.187339,65303203.3838,32697763508.2,36.5721040189,-1.00472813239,30847.1631206,2.17141842814e-06,Class 4
0.39438548251,7891.13475177,13959314.1125,30948.6971932,0.878646468308,1.0,116110.774699,0.424522107121,0.46103594167,0.00305795788797,0.160522561305,0.466323248758,1.0,1.0,0.879118646572,121.773049645,0.461780929866,116313.57054,57306896.1965,28712995473.3,30.9456264775,-0.401891252955,27106.5602837,1.83735405458e-06,Class 4
0.366527132736,10401.9503546,14780557.8601,33920.5919553,0.840033980952,1.0,124946.569288,0.443329902362,0.491484369994,0.00284115867339,0.190923500821,0.36520519831,1.0,1.0,0.840656397754,132.925531915,0.441292356186,125177.938337,61187435.7742,30528789562.2,40.7919621749,0.100472813239,28695.035461,2.42196670831e-06,Class 4
0.432904795881,5380.31914894,12938635.16,27925.5628662,0.917258955665,1.0,107277.631743,0.395913217269,0.42062358248,0.00329805350939,0.12395480926,0.585682688268,1.0,1.0,0.91758089539,110.620567376,0.524822695035,107449.202743,53426356.6188,26897201384.3,21.0992907801,-1.10520094563,25518.0851064,1.25274140085e-06,Class 4
0.489624997128,4560.46099291,9048023.58379,21366.8985636,0.929867114802,1.0,82322.8949417,0.364071971268,0.384749727715,0.00338149753219,0.110304428074,0.613697264936,1.0,1.0,0.930139997045,85.3014184397,0.630417651694,82444.3202073,40883112.8928,20553551455.0,17.8841607565,-1.50709219858,19471.6312057,1.0618474731e-06,Class 4
0.73284747954,4662.94326241,17808959.9959,57593.2709225,0.92829109491,1.0,225818.827265,0.227566761539,0.249136698192,0.00337093119023,0.112065310942,0.377056097329,1.0,1.0,0.928570109338,226.1643026,0.851063829787,226017.577817,114078221.247,57875821581.9,18.2860520095,-0.301418439716,55340.4255319,1.08570921407e-06,Class 4
0.366826444505,11529.2553191,10854377.3662,27105.7298283,0.822697762139,1.0,97629.1865668,0.443863606342,0.497176100556,0.00275139813212,0.202938070335,0.318002120305,1.0,1.0,0.823387632979,107.204491726,0.490937746257,97815.9761618,46945603.6754,23192270188.0,45.2127659574,-0.904255319149,21572.5177305,2.68444585897e-06,Class 4
0.416104836121,6456.38297872,13205863.8564,29411.5102472,0.900710746798,1.0,109776.918672,0.408990047895,0.438683692222,0.00319230276468,0.140503757614,0.531736292023,1.0,1.0,0.901097074468,114.137115839,0.502758077226,109959.908453,54432417.4537,27340319930.7,25.3191489362,1.20567375887,25876.7730496,1.50328968102e-06,Class 4
0.791903802936,1485.9929078,18179455.3564,58156.906136,0.977147711565,1.0,231496.693652,0.179928324975,0.18665940088,0.00371653498653,0.0473131338833,0.718306024765,1.0,1.0,0.977236628251,228.575650118,0.884948778566,231654.027285,117762839.142,59961510132.3,5.82742316785,-0.502364066194,57543.7943262,3.45995244045e-07,Class 4
0.845695468283,2203.36879433,17474836.2913,60718.8843792,0.96611557232,1.0,240846.63391,0.14726464292,0.157429184645,0.00363523528106,0.0642744983488,0.499474468947,1.0,1.0,0.966247414303,238.421985816,0.91804570528,240979.606112,122335891.847,62247088205.0,8.64066193853,-0.301418439716,59695.9219858,5.13027430825e-07,Class 4
0.372170587837,10453.1914894,11913879.9357,28540.4376445,0.839245971006,1.0,103924.278528,0.440451666394,0.48883077346,0.00283697676946,0.191490080381,0.359528118772,1.0,1.0,0.839871453901,112.328605201,0.479117415288,104118.475608,50434208.6183,25041396073.7,40.9929078014,-0.401891252955,23417.1985816,2.4338975788e-06,Class 4
0.358071885745,11170.5673759,14321502.0035,33510.6754364,0.828213831761,1.0,122026.941294,0.448354860772,0.500040184135,0.00277944890769,0.199215782732,0.338124870624,1.0,1.0,0.828882239953,130.815602837,0.427107959023,122257.259591,59501927.1008,29619218578.5,43.8061465721,0.602836879433,27772.6950355,2.60092976558e-06,Class 4
0.922231102219,614.893617021,17222828.8986,62819.7065386,0.990543880647,1.0,250180.325774,0.0827208090355,0.0853348477205,0.0038178127435,0.023229455819,0.742697155762,1.0,1.0,0.990580673759,245.957446809,0.959810874704,250254.016018,127470804.794,64969134796.8,2.41134751773,0.401891252955,62411.7021277,1.43170445812e-07,Class 4
0.333344510951,14450.0,11047279.8009,28745.395904,0.777781195214,1.0,100941.350576,0.460724318239,0.527598026483,0.00254068256896,0.230048479281,0.231724797007,1.0,1.0,0.778645833333,113.333333333,0.444444444444,101146.458394,47899379.3384,23488784357.4,56.6666666667,-0.602836879433,21675.0,3.36450547657e-06,Class 4
0.316874911899,17934.3971631,8801380.23338,26900.7715689,0.724196518883,1.0,88248.9591298,0.463738272635,0.546694254032,0.00233053947061,0.255777799804,0.139425529143,1.0,1.0,0.7252696513,104.290780142,0.453112687155,88438.9395557,40530177.1742,19503996724.0,70.3309692671,1.20567375887,17626.9503546,4.17580466951e-06,Class 4
0.383774197214,18241.8439716,4374874.75824,18804.9203204,0.719468459207,1.0,57879.7518066,0.419349874995,0.503751509365,0.00231415145265,0.257735838669,0.0829352366275,1.0,1.0,0.72055998818,74.7517730496,0.56658786446,58002.6286071,24929502.2381,11527784495.6,71.536643026,-1.00472813239,9940.78014184,4.24738989241e-06,Class 4
0.27651004961,22187.4113475,11867895.1397,34381.748039,0.658791693361,1.0,114166.558758,0.476221598515,0.578905100579,0.00213484383156,0.278746328903,0.073350225558,1.0,1.0,0.660119311466,133.930260047,0.354609929078,114417.268641,52694469.892,25431164146.9,87.0094562648,0.904255319149,23058.5106383,5.1660669197e-06,Class 4
0.710992752557,8249.82269504,17049523.5202,58566.8226549,0.873130398686,1.0,225916.126036,0.229625223868,0.267816303894,0.00302556026098,0.165203922681,0.0889820826515,1.0,1.0,0.873624039598,229.781323877,0.837667454689,226119.947054,113215830.549,57202793664.5,32.3522458629,-0.100472813239,54469.3262411,1.92087014797e-06,Class 4
0.353249364583,13168.9716312,10194267.6946,26952.0111338,0.797481443865,1.0,94349.6855361,0.450797445512,0.511761877311,0.00262922055827,0.21883160527,0.262850426192,1.0,1.0,0.798269429669,105.596926714,0.48463356974,94536.5937741,44855042.2386,22019487434.1,51.6430260047,0.100472813239,20342.7304965,3.06623371447e-06,Class 4
0.802099032453,2152.12765957,17890139.163,59745.3326468,0.966903582266,1.0,234007.494623,0.17752437395,0.184523166008,0.00364097933472,0.0631237586883,0.658474975745,1.0,1.0,0.967032358156,231.690307329,0.892040977147,234164.745555,118873431.892,60484592326.9,8.43971631206,2.61229314421,58004.964539,5.01096560341e-07,Class 4
0.470372171209,3894.32624113,11291801.1219,25209.8659284,0.9401112441,1.0,95983.7663413,0.368999720726,0.386883944239,0.00345112477726,0.0984388621955,0.66435042121,1.0,1.0,0.940344267139,98.061465721,0.585500394011,96125.3044346,48030161.9209,24241802054.2,15.2718676123,0.80378250591,23058.5106383,9.06746156807e-07,Class 4
0.910295890176,973.581560284,569640.247884,2715.69695305,0.985027811025,1.0,9168.41767157,0.0943607425406,0.098416020189,0.00377577053992,0.0337738091095,0.659270757904,1.0,1.0,0.985086066785,9.94680851064,0.953506698188,9171.85234384,4429324.92469,2195619785.02,3.81796690307,0.703309692671,2049.64539007,2.26686539202e-07,Class 4
0.495782622654,6302.65957447,7108930.08228,19163.5972744,0.903074776636,1.0,70550.432835,0.368523209427,0.397688535722,0.00320714803851,0.138226081896,0.493112549417,1.0,1.0,0.903451906028,75.4550827423,0.655634357762,70659.1669124,34428543.3662,17148495372.0,24.7163120567,-0.301418439716,16089.7163121,1.46749706957e-06,Class 4
0.41902343636,9120.92198582,8986702.22219,23672.6789825,0.859734229603,1.0,84191.1451679,0.414527084728,0.456613401703,0.00294885967956,0.176084503653,0.391515549694,1.0,1.0,0.86027999409,91.6312056738,0.570527974783,84340.0443873,40687071.119,20157054960.9,35.768321513,1.20567375887,18805.4964539,2.12369494621e-06,Class 4
0.364332593748,10863.1205674,12498655.3512,30180.1037202,0.832941891438,1.0,108218.312655,0.444903351858,0.495035309413,0.00280387083855,0.195951406097,0.347671708643,1.0,1.0,0.833591903073,116.95035461,0.457840819543,108422.586497,52524746.0368,26080900636.4,42.6004728132,1.40661938534,24390.7801418,2.52934454267e-06,Class 4
0.363614742284,12554.0780142,9847847.53225,26132.1780959,0.806937563218,1.0,91693.1323395,0.445442195358,0.5035599752,0.00267387281326,0.213081128581,0.278767567856,1.0,1.0,0.80768875591,102.38179669,0.501970055162,91872.1552398,43652987.6663,21446428775.9,49.231678487,0.100472813239,19830.3191489,2.92306326865e-06,Class 4
0.312746645007,21111.3475177,6657022.66458,24441.2724554,0.675339902228,1.0,75868.3331852,0.455963051224,0.553682029563,0.00217804066755,0.273751442903,0.0707791467177,1.0,1.0,0.676603132388,95.2482269504,0.46414499606,76038.8675256,33396164.6127,15659143842.0,82.7895981087,0.602836879433,13732.6241135,4.91551863953e-06,Class 4
0.34204442358,15884.751773,8356218.07182,25004.9076689,0.755716916725,1.0,83960.3117725,0.453381568954,0.526919235349,0.0024487194936,0.241455184455,0.178947125298,1.0,1.0,0.756667405437,98.061465721,0.493301812451,84134.8789026,38857767.4146,18784346754.4,62.293144208,0.0,17063.2978723,3.69856985013e-06,Class 4
0.437702477892,6661.34751773,10354579.8078,24492.5120203,0.897558707014,1.0,91567.7867277,0.399164287294,0.429981599669,0.00317264490536,0.143498534998,0.507723737022,1.0,1.0,0.897957299054,96.4539007092,0.570527974783,91718.6170823,45077238.6075,22555925212.3,26.1229314421,-0.401891252955,21265.070922,1.55101316296e-06,Class 4
0.3523390097,16397.1631206,16024315.7308,41913.9640741,0.747836817264,1.0,150561.579565,0.44599186287,0.521893155988,0.00241771906885,0.24524757272,0.156134122306,1.0,1.0,0.748817966903,163.971631206,0.516942474389,150848.776657,72750677.1877,36036149464.8,64.3026004728,0.401891252955,33614.1843972,3.81787855498e-06,Class 4
0.303307767637,18344.3262411,13694624.9877,35918.934985,0.717892439315,1.0,125479.854831,0.470944788856,0.55586128479,0.00230876640234,0.258377804159,0.137836679833,1.0,1.0,0.718990100473,141.264775414,0.41292356186,125741.330218,59449579.4816,29126090904.6,71.938534279,-0.401891252955,26850.3546099,4.27125163338e-06,Class 4
0.537722287115,3843.08510638,7188757.33065,18907.3994501,0.940899254046,1.0,69949.3719214,0.336040170181,0.353166405451,0.00345654863874,0.0974941193795,0.64376070693,1.0,1.0,0.941129210993,72.4408983452,0.686367218282,70044.3674886,34742153.5214,17468353231.5,15.0709219858,1.70803782506,16550.8865248,8.94815286323e-07,Class 4
0.684989887361,5943.97163121,17871835.0698,55902.365282,0.908590846258,1.0,219083.705834,0.258579230676,0.285717707262,0.00324212660853,0.13280258501,0.339012882067,1.0,1.0,0.908946513002,220.839243499,0.820330969267,219305.155572,110328296.125,55880097851.9,23.3096926714,-1.60756501182,53342.0212766,1.38398097618e-06,Class 4
0.339854852421,17319.5035461,15651707.4559,41196.610166,0.733652638235,1.0,146975.996973,0.451210164539,0.531387917675,0.00236436340823,0.251715367022,0.139032957853,1.0,1.0,0.734688977541,161.359338061,0.499605988968,147261.978858,70686255.9351,34923341080.4,67.9196217494,0.200945626478,32486.8794326,4.03263422369e-06,Class 4
0.370220714486,10863.1205674,11470745.542,28489.1980797,0.832941891438,1.0,101263.030522,0.441824079328,0.491907526173,0.00280387083855,0.195951406097,0.344318272384,1.0,1.0,0.833591903073,110.11820331,0.48463356974,101454.005676,48970824.2591,24268428294.8,42.6004728132,1.60756501182,22648.5815603,2.52934454267e-06,Class 4
0.35263832147,11682.9787234,13854891.6067,32537.1237039,0.820333732301,1.0,118853.09571,0.451441645519,0.505500391497,0.00273952191306,0.204505471948,0.320712175145,1.0,1.0,0.821032801418,128.203309693,0.41292356186,119080.390871,57751091.9851,28692989862.4,45.8156028369,-0.602836879433,26850.3546099,2.72023847042e-06,Class 4
0.879640652003,1639.71631206,17323933.2506,61692.4361116,0.974783681726,1.0,245225.76286,0.120596686049,0.128166267418,0.00369895352498,0.0511163756428,0.528952556306,1.0,1.0,0.97488179669,242.139479905,0.936958234831,245334.986394,124700824.341,63489833434.9,6.43026004728,-0.200945626478,60925.7092199,3.81787855498e-07,Class 4
0.569932456139,7071.27659574,18441906.9535,51547.0022685,0.891254627445,1.0,197833.296184,0.32941063199,0.362022648009,0.00313379492079,0.149348525094,0.386793324518,1.0,1.0,0.891677748227,201.146572104,0.734436564224,198091.941181,99222277.3592,50142818779.2,27.7304964539,1.00472813239,47756.7375887,1.64646012683e-06,Class 4
0.490127989935,6302.65957447,7384880.07699,19983.4303122,0.903074776636,1.0,72391.541043,0.371464137619,0.400473426361,0.00320714803851,0.138226081896,0.499483138913,1.0,1.0,0.903451906028,77.2635933806,0.64854215918,72503.7912475,35369287.3662,17628267462.5,24.7163120567,1.10520094563,16550.8865248,1.46749706957e-06,Class 4
0.280315407539,21213.8297872,11552300.9416,33151.9984823,0.673763882336,1.0,110536.648691,0.47699967177,0.575193158906,0.0021737423301,0.274250298756,0.0889188961082,1.0,1.0,0.675033244681,129.408983452,0.344365642238,110779.289364,51087376.9673,24674860633.2,83.1914893617,0.602836879433,22392.3758865,4.9393803805e-06,Class 4
0.308819575238,16807.0921986,12943986.248,33356.9567418,0.741532737696,1.0,116992.280695,0.471124096217,0.548912909468,0.00239361733017,0.248178362534,0.175314707447,1.0,1.0,0.742538416076,131.418439716,0.386130811663,117235.609547,55503699.0508,27213672168.6,65.9101654846,-0.602836879433,25108.1560284,3.91332551885e-06,Class 4
0.379218696926,11580.4964539,9504756.83684,25363.584623,0.821909752193,1.0,88884.7425624,0.437191486782,0.490754349782,0.00274742968964,0.203462377858,0.307344873962,1.0,1.0,0.822602689125,98.6643026005,0.524034672971,89054.0090002,42464003.1861,20903357302.4,45.4137115839,0.80378250591,19369.1489362,2.69637672945e-06,Class 4
0.29737369447,20291.4893617,8725453.13778,27515.6463473,0.687948061365,1.0,89367.6649759,0.469001092779,0.562937802682,0.00221382456942,0.269582403512,0.0967718227562,1.0,1.0,0.689162234043,107.706855792,0.421591804571,89566.1377679,40504017.7755,19337399801.8,79.5744680851,0.200945626478,17319.5035461,4.72462471178e-06,Class 4
0.314155024867,22289.893617,5854374.79228,23826.397677,0.657215673469,1.0,71111.4389397,0.450177524608,0.553253762379,0.00213095301143,0.279194235958,0.0499289581272,1.0,1.0,0.658549423759,91.731678487,0.468873128448,71273.5518858,30665380.0245,14189837119.6,87.4113475177,1.70803782506,12246.6312057,5.18992866067e-06,Class 4
0.302430945608,17626.9503546,12347775.5202,32793.3215283,0.728924578559,1.0,113102.579092,0.473183074896,0.554784173026,0.00234727678914,0.253771151623,0.156979226707,1.0,1.0,0.729979314421,128.404255319,0.368006304177,113341.377499,53308620.1102,26040892681.1,69.1252955083,0.200945626478,23929.6099291,4.1042194466e-06,Class 4
0.317868477938,15577.3049645,12691186.0649,32127.207185,0.760444976401,1.0,113722.752472,0.468021033774,0.540079091915,0.00246778548253,0.239109827931,0.20580484626,1.0,1.0,0.761377068558,126.997635934,0.38219070134,113956.315073,54144861.0173,26600634952.6,61.0874704492,-1.00472813239,24595.7446809,3.62698462723e-06,Class 4
0.665486186017,3023.22695035,3605116.51311,11682.6208043,0.953507413183,1.0,42738.9966197,0.263967680748,0.277727716438,0.00354465000235,0.0816723653809,0.633436383832,1.0,1.0,0.953688312648,44.9113475177,0.800630417652,42784.9440992,21049111.5731,10538315191.6,11.8557919622,0.904255319149,9940.78014184,7.03921358574e-07,Class 4
0.512794957156,6405.14184397,6276992.78461,17985.0872825,0.901498756744,1.0,64924.3120873,0.359910376961,0.389528429302,0.0031972414865,0.139747576701,0.475640382669,1.0,1.0,0.901882018322,70.0295508274,0.676122931442,65022.8116376,31527914.832,15662534183.6,25.1182033097,0.502364066194,14654.964539,1.49135881054e-06,Class 4
0.39438548251,7891.13475177,13959314.1125,30948.6971932,0.878646468308,1.0,116110.774699,0.424522107121,0.46103594167,0.00305795788797,0.160522561305,0.466323248758,1.0,1.0,0.879118646572,121.773049645,0.461780929866,116313.57054,57306896.1965,28712995473.3,30.9456264775,-0.401891252955,27106.5602837,1.83735405458e-06,Class 4
0.432904795881,5380.31914894,12938635.16,27925.5628662,0.917258955665,1.0,107277.631743,0.395913217269,0.42062358248,0.00329805350939,0.12395480926,0.585682688268,1.0,1.0,0.91758089539,110.620567376,0.524822695035,107449.202743,53426356.6188,26897201384.3,21.0992907801,-1.10520094563,25518.0851064,1.25274140085e-06,Class 4
0.416104836121,6456.38297872,13205863.8564,29411.5102472,0.900710746798,1.0,109776.918672,0.408990047895,0.438683692222,0.00319230276468,0.140503757614,0.531736292023,1.0,1.0,0.901097074468,114.137115839,0.502758077226,109959.908453,54432417.4537,27340319930.7,25.3191489362,1.20567375887,25876.7730496,1.50328968102e-06,Class 4
0.791903802936,1485.9929078,18179455.3564,58156.906136,0.977147711565,1.0,231496.693652,0.179928324975,0.18665940088,0.00371653498653,0.0473131338833,0.718306024765,1.0,1.0,0.977236628251,228.575650118,0.884948778566,231654.027285,117762839.142,59961510132.3,5.82742316785,-0.502364066194,57543.7943262,3.45995244045e-07,Class 4
0.329120613328,14245.035461,13427169.392,33254.477612,0.780933234998,1.0,118126.299894,0.46329638706,0.529233219748,0.00255444112993,0.228321003608,0.2414419594,1.0,1.0,0.781785608747,130.011820331,0.400315208826,118362.958468,56731922.6291,28006639025.6,55.8628841608,0.401891252955,26030.4964539,3.31678199464e-06,Class 4
0.342927455397,14091.3120567,15418500.414,37609.8406255,0.783297264837,1.0,136390.894529,0.455730264762,0.520959691106,0.00256486192999,0.227008858585,0.23717388196,1.0,1.0,0.784140440307,147.795508274,0.471237194641,136655.487834,66100166.7637,32794365290.5,55.2600472813,-0.301418439716,30642.1985816,3.28098938318e-06,Class 4
0.574916431781,4457.9787234,5310996.80376,14705.7551312,0.931443134694,1.0,57056.5922622,0.320347287613,0.339527485062,0.00339210268532,0.108527002509,0.584197575686,1.0,1.0,0.931709884752,60.3841607565,0.728920409771,57131.9783042,28000147.6493,13990003126.1,17.4822695035,-2.71276595745,13168.9716312,1.03798573213e-06,Class 4
0.359871482233,15782.2695035,16234162.6021,42272.6410281,0.757292936617,1.0,152406.130791,0.442928516989,0.515971744895,0.00245503601207,0.240679276759,0.169235150251,1.0,1.0,0.758237293144,165.177304965,0.526398739165,152693.419831,73848219.0598,36635867027.7,61.8912529551,0.602836879433,34229.0780142,3.67470810917e-06,Class 4
0.366799121439,10299.4680851,13879178.1051,32127.207185,0.841610000844,1.0,117683.28108,0.443081520206,0.490754731992,0.00284955158964,0.189784312861,0.369522727358,1.0,1.0,0.842226285461,125.691489362,0.427895981087,117901.923266,57502856.3085,28656346117.6,40.390070922,0.301418439716,26901.5957447,2.39810496735e-06,Class 4
0.370220714486,10863.1205674,11470745.542,28489.1980797,0.832941891438,1.0,101263.030522,0.441824079328,0.491907526173,0.00280387083855,0.195951406097,0.344318272384,1.0,1.0,0.833591903073,110.11820331,0.48463356974,101454.005676,48970824.2591,24268428294.8,42.6004728132,1.60756501182,22648.5815603,2.52934454267e-06,Class 4
0.696253200369,3740.60283688,18398131.8279,55953.6048468,0.942475273938,1.0,218121.271748,0.249473049597,0.266106288991,0.00346742547009,0.0955900226833,0.541935626504,1.0,1.0,0.9426990987,217.724586288,0.825059101655,218331.671345,110393651.389,56056689413.7,14.6690307329,1.70803782506,53649.4680851,8.70953545354e-07,Class 4
0.726334654155,5021.63120567,17767260.5284,57746.9896171,0.922775025287,1.0,225149.189627,0.23174980739,0.254934300134,0.00333425463138,0.118102851766,0.352701460782,1.0,1.0,0.923075502364,225.862884161,0.847123719464,225351.452484,113647042.711,57632602357.0,19.6926713948,0.602836879433,55084.2198582,1.16922530746e-06,Class 4
0.726385574415,1383.5106383,3088833.75477,10247.9129881,0.978723731457,1.0,37219.3915993,0.217543642837,0.219983565157,0.00372830447486,0.0447178524601,0.824624588011,1.0,1.0,0.978806515957,37.878250591,0.840819542947,37251.1213302,18645007.2321,9418853513.39,5.42553191489,2.31087470449,8967.19858156,3.22133503076e-07,Class 4
0.288124836605,23365.9574468,7267335.44182,26183.4176608,0.640667464602,1.0,81589.8028651,0.463848174927,0.572013705837,0.00209244262463,0.283610099776,0.0478845936318,1.0,1.0,0.642065602837,103.085106383,0.416075650118,81777.6297153,35747998.1927,16711968057.9,91.6312056738,-0.401891252955,14603.7234043,5.44047694084e-06,Class 4
0.462393835916,7583.68794326,7732640.67508,20649.5446555,0.883374527985,1.0,75300.402047,0.389208507881,0.424298311759,0.00308610569148,0.15641148372,0.440714444049,1.0,1.0,0.883828309693,81.3829787234,0.622537431048,75424.4071976,36532136.466,18138020204.8,29.7399527187,-0.401891252955,16960.8156028,1.76576883168e-06,Class 4
0.429380120358,5687.76595745,12824754.9096,28847.8750337,0.912530895989,1.0,106764.06993,0.399244468341,0.424440522862,0.0032674023852,0.12883170687,0.573413739674,1.0,1.0,0.91287123227,110.419621749,0.523246650906,106936.797675,53086639.905,26703958623.0,22.304964539,2.71276595745,25313.1205674,1.32432662376e-06,Class 4
0.312746645007,21111.3475177,6657022.66458,24441.2724554,0.675339902228,1.0,75868.3331852,0.455963051224,0.553682029563,0.00217804066755,0.273751442903,0.0707791467177,1.0,1.0,0.676603132388,95.2482269504,0.46414499606,76038.8675256,33396164.6127,15659143842.0,82.7895981087,0.602836879433,13732.6241135,4.91551863953e-06,Class 4
0.295433756779,22084.929078,7451357.93509,26080.9385311,0.660367713253,1.0,81950.1423815,0.46391236288,0.566153043974,0.00213877346287,0.278293622842,0.0638503244677,1.0,1.0,0.661689199173,102.180851064,0.429472025217,82136.3459165,36257582.8707,17055143476.3,86.6075650118,0.100472813239,15013.6524823,5.14220517874e-06,Class 4
0.651565083854,5021.63120567,18411890.6481,54621.3761604,0.922775025287,1.0,211593.510052,0.279184416022,0.301982800985,0.00333425463138,0.118102851766,0.464551874838,1.0,1.0,0.923075502364,212.600472813,0.795114263199,211824.20736,106748253.377,54114273693.8,19.6926713948,1.60756501182,51702.3049645,1.16922530746e-06,Class 4
0.760926897758,3176.95035461,17974924.5183,57900.7083117,0.951143383345,1.0,228654.038043,0.20762352544,0.222286868855,0.0035279417922,0.0847469177949,0.509296801452,1.0,1.0,0.951333481087,227.470449173,0.867612293144,228835.799411,115894397.216,58898674945.0,12.4586288416,-0.401891252955,56416.4893617,7.39713970027e-07,Class 4
0.355347030883,12297.8723404,15539743.3177,37097.4449768,0.810877612948,1.0,134607.137484,0.450051291539,0.506880965514,0.00269289028823,0.210612040817,0.295240293323,1.0,1.0,0.811613475177,144.278959811,0.471237194641,134862.15801,65642881.6685,32677761163.8,48.2269503546,1.20567375887,30642.1985816,2.86340891623e-06,Class 4
0.295842360812,20137.7659574,9078571.79308,28130.5211256,0.690312091203,1.0,91668.9112538,0.470476130176,0.563692028116,0.00222081058063,0.268765113583,0.101080679477,1.0,1.0,0.691517065603,109.81678487,0.414499605989,91871.9228964,41719147.2435,19967101282.9,78.9716312057,0.502364066194,17934.3971631,4.68883210033e-06,Class 4
0.313249637814,17063.2978723,14137761.8803,36277.611939,0.737592687966,1.0,127887.792206,0.467979309675,0.546972482615,0.00237886908428,0.249964282318,0.164972080162,1.0,1.0,0.738613696809,142.369976359,0.427107959023,128149.629013,61004435.2707,30002346423.5,66.914893617,-0.100472813239,27772.6950355,3.97297987127e-06,Class 4
0.295842360812,20137.7659574,9078571.79308,28130.5211256,0.690312091203,1.0,91668.9112538,0.470476130176,0.563692028116,0.00222081058063,0.268765113583,0.101080679477,1.0,1.0,0.691517065603,109.81678487,0.414499605989,91871.9228964,41719147.2435,19967101282.9,78.9716312057,0.502364066194,17934.3971631,4.68883210033e-06,Class 4
0.55381557303,1588.4751773,19868613.3801,45551.9731794,0.975571691672,1.0,179483.801282,0.3079745241,0.314874676234,0.00370480430937,0.0498600691965,0.8218844567,1.0,1.0,0.975666740544,177.736406619,0.684791174153,179697.105373,91239083.4968,46427938672.9,6.2293144208,0.904255319149,44528.5460993,3.69856985013e-07,Class 4
0.415343516143,9633.33333333,8735230.62722,23775.1581122,0.851854130143,1.0,82859.2746234,0.417103239002,0.461174569222,0.00290505156759,0.18217931254,0.372019022125,1.0,1.0,0.852430555556,90.8274231678,0.569739952719,83007.8000019,39876980.0033,19710598335.3,37.7777777778,2.41134751773,18344.3262411,2.24300365105e-06,Class 4
0.415343516143,9633.33333333,8735230.62722,23775.1581122,0.851854130143,1.0,82859.2746234,0.417103239002,0.461174569222,0.00290505156759,0.18217931254,0.372019022125,1.0,1.0,0.852430555556,90.8274231678,0.569739952719,83007.8000019,39876980.0033,19710598335.3,37.7777777778,2.41134751773,18344.3262411,2.24300365105e-06,Class 4
0.310199390075,17575.7092199,14067966.0216,36841.2471525,0.729712588505,1.0,127988.738454,0.468693132668,0.549946717813,0.002350100302,0.253431947672,0.153583478262,1.0,1.0,0.730764258274,142.972813239,0.425531914894,128252.092444,60926033.9328,29929045868.2,68.9243498818,1.50709219858,27670.212766,4.09228857612e-06,Class 4
0.403030749006,8403.54609929,11306382.0252,27310.6880878,0.870766368848,1.0,98615.8768942,0.421545614423,0.460031013336,0.0030118211056,0.16717343589,0.438322482984,1.0,1.0,0.871269208038,105.094562648,0.523246650906,98789.6236574,48239163.3031,24055206053.8,32.9550827423,2.00945626478,22597.3404255,1.95666275943e-06,Class 4
0.455930688833,4765.42553191,11353585.4073,24799.9494095,0.926715075017,1.0,96847.329342,0.381590438452,0.402487493101,0.00336040365945,0.113809987278,0.618944668961,1.0,1.0,0.927000221631,99.7695035461,0.572104018913,96996.3503492,48252271.8243,24298438344.3,18.6879432624,-2.51182033097,23058.5106383,1.10957095504e-06,Class 4
0.411668563757,7839.89361702,11208341.6446,26900.7715689,0.879434478255,1.0,97647.2012545,0.41582707363,0.451716679877,0.00306262493158,0.159843789084,0.461804234995,1.0,1.0,0.879903590426,103.587470449,0.533490937746,97816.0891937,47886390.9081,23911943022.4,30.7446808511,1.90898345154,22494.858156,1.8254231841e-06,Class 4
0.411668563757,7839.89361702,11208341.6446,26900.7715689,0.879434478255,1.0,97647.2012545,0.41582707363,0.451716679877,0.00306262493158,0.159843789084,0.461804234995,1.0,1.0,0.879903590426,103.587470449,0.533490937746,97816.0891937,47886390.9081,23911943022.4,30.7446808511,1.90898345154,22494.858156,1.8254231841e-06,Class 4
0.413189961754,6353.90070922,14239770.5529,31153.6554526,0.90228676669,1.0,116836.544025,0.40997153468,0.439187573595,0.0032021899111,0.138988358735,0.538565575124,1.0,1.0,0.902666962175,120.969267139,0.476753349094,117030.971544,58064735.7657,29199437189.5,24.9172576832,1.20567375887,27670.212766,1.47942794005e-06,Class 4
0.349591799603,13220.212766,15555427.3328,37507.3614958,0.796693433919,1.0,136343.03018,0.452784076901,0.513983739804,0.00262556260518,0.219299839241,0.263586201258,1.0,1.0,0.797484485816,146.891252955,0.4743892829,136604.274958,66296165.3048,32950961040.6,51.8439716312,0.200945626478,30847.1631206,3.07816458495e-06,Class 4
0.845892939533,2049.64539007,17515858.2895,61026.3217684,0.968479602158,1.0,240693.488484,0.146844111429,0.15570723208,0.00365249655042,0.0607967964678,0.5561905598,1.0,1.0,0.968602245863,238.120567376,0.91804570528,240825.892127,122296695.981,62237093565.6,8.0378250591,1.20567375887,59695.9219858,4.77234819372e-07,Class 4
0.38021474688,9069.68085106,14139651.9231,32383.4050093,0.860522239549,1.0,118508.180007,0.434429403624,0.476137213682,0.00295329385612,0.175462891405,0.417898555042,1.0,1.0,0.861064937943,125.289598109,0.438928289992,118721.793981,58234560.4972,29109469102.6,35.5673758865,1.70803782506,27414.0070922,2.11176407572e-06,Class 4
0.622909397334,6046.45390071,18352149.3586,53391.6266036,0.907014826366,1.0,207482.25273,0.297486126113,0.325472082152,0.00323208421741,0.134368025278,0.40135806452,1.0,1.0,0.907376625296,209.586288416,0.775413711584,207725.010773,104396381.368,52848204372.1,23.7115839243,-0.200945626478,50421.2765957,1.40784271715e-06,Class 4
0.342927455397,14091.3120567,15418500.414,37609.8406255,0.783297264837,1.0,136390.894529,0.455730264762,0.520959691106,0.00256486192999,0.227008858585,0.23717388196,1.0,1.0,0.784140440307,147.795508274,0.471237194641,136655.487834,66100166.7637,32794365290.5,55.2600472813,-0.301418439716,30642.1985816,3.28098938318e-06,Class 4
0.414480355647,9223.40425532,9216930.40061,24236.314196,0.858158209711,1.0,85724.7676735,0.417069305287,0.459460069766,0.00294002043482,0.177321029524,0.390800641849,1.0,1.0,0.858710106383,93.2387706856,0.563435776202,85877.2281934,41444891.4736,20536874124.2,36.170212766,1.8085106383,19164.1843972,2.14755668717e-06,Class 4
0.398750963293,7839.89361702,12990044.3998,29462.7498121,0.879434478255,1.0,109308.193586,0.422216903463,0.458483334861,0.00306262493158,0.159843789084,0.466615874453,1.0,1.0,0.879903590426,115.041371158,0.488573680063,109498.709983,53844436.2414,26950499595.2,30.7446808511,0.502364066194,25415.6028369,1.8254231841e-06,Class 4
0.758903748911,2408.33333333,18216962.6495,57644.5104873,0.962963532536,1.0,227273.654103,0.206098140827,0.217068336081,0.00361235609434,0.0687968364834,0.618602605132,1.0,1.0,0.963107638889,225.360520095,0.86524822695,227452.354708,115384836.556,58688777717.7,9.44444444444,0.703309692671,56262.7659574,5.60750912762e-07,Class 4
0.362650983227,10760.6382979,14626764.0188,33664.394131,0.83451791133,1.0,124075.121329,0.445673909326,0.495476709592,0.00281208910452,0.194847852475,0.35233955903,1.0,1.0,0.83516179078,132.423167849,0.436564223798,124306.854745,60651730.1266,30232262327.3,42.1985815603,-0.401891252955,28387.5886525,2.5054828017e-06,Class 4
0.35263832147,11682.9787234,13854891.6067,32537.1237039,0.820333732301,1.0,118853.09571,0.451441645519,0.505500391497,0.00273952191306,0.204505471948,0.320712175145,1.0,1.0,0.821032801418,128.203309693,0.41292356186,119080.390871,57751091.9851,28692989862.4,45.8156028369,-0.602836879433,26850.3546099,2.72023847042e-06,Class 4
0.319610944378,18651.7730496,7891811.63282,25466.0637527,0.713164379638,1.0,82622.8665638,0.45999374843,0.546333680105,0.00229284411845,0.260271812931,0.119103335789,1.0,1.0,0.714280437352,99.4680851064,0.466509062254,82802.5654422,37472750.7678,17898090063.2,73.1442080378,0.401891252955,16038.4751773,4.34283685629e-06,Class 4
0.501284494595,6507.62411348,6699570.07788,19163.5972744,0.899922736852,1.0,67890.0903694,0.366320384884,0.395850175438,0.00318737374566,0.141256922941,0.483854771608,1.0,1.0,0.900312130615,73.0437352246,0.663514578408,67994.7032599,33017424.9644,16415509417.3,25.5200945626,2.10992907801,15372.3404255,1.51522055151e-06,Class 4
0.424548905494,7429.96453901,10507265.6775,25056.1472338,0.885738557823,1.0,92944.3793923,0.408184896288,0.442570924897,0.00310031058094,0.154320807162,0.472943571887,1.0,1.0,0.886183141253,98.5638297872,0.55634357762,93102.0617853,45586799.2673,22765822439.6,29.1371158392,-0.301418439716,21418.7943262,1.72997622022e-06,Class 4
0.372170587837,10453.1914894,11913879.9357,28540.4376445,0.839245971006,1.0,103924.278528,0.440451666394,0.48883077346,0.00283697676946,0.191490080381,0.359528118772,1.0,1.0,0.839871453901,112.328605201,0.479117415288,104118.475608,50434208.6183,25041396073.7,40.9929078014,-0.401891252955,23417.1985816,2.4338975788e-06,Class 4
0.427113547832,7429.96453901,10280782.0359,24697.4702797,0.885738557823,1.0,91512.4236281,0.40689725338,0.441283281989,0.00310031058094,0.154320807162,0.471420327768,1.0,1.0,0.886183141253,97.1572104019,0.561859732072,91667.3539691,44855109.4895,22392666369.3,29.1371158392,-0.301418439716,21060.106383,1.72997622022e-06,Class 4
0.423434869573,6610.10638298,11837676.0899,26900.7715689,0.89834671696,1.0,100927.431959,0.40600553386,0.436605365312,0.003177544816,0.142754291006,0.518024587131,1.0,1.0,0.898742242908,105.596926714,0.535066981875,101095.459022,49872420.4301,25004762128.0,25.9219858156,-0.100472813239,23622.1631206,1.53908229248e-06,Class 4
0.840274323583,1229.78723404,17799106.7003,60257.7282954,0.981087761295,1.0,238850.304426,0.146884044482,0.152112121852,0.00374603147831,0.0407264665915,0.723405101622,1.0,1.0,0.981161347518,235.508274232,0.914105594957,238981.29291,121565015.811,61917248771.7,4.82269503546,0.80378250591,59439.7163121,2.86340891623e-07,Class 4
0.874912519615,3074.46808511,16983345.0259,62307.31089,0.952719403237,1.0,246043.49031,0.121686006304,0.135919103025,0.00353907089618,0.0827031723203,0.196310335832,1.0,1.0,0.952903368794,244.349881797,0.934594168637,246154.775475,124753071.083,63423192706.2,12.0567375887,0.0,60771.9858156,7.15852229058e-07,Class 4
0.94000351474,563.65248227,17079472.8858,63332.1021872,0.991331890593,1.0,252602.947895,0.0675601000421,0.0701539235352,0.00382385758376,0.0216227205563,0.683785518871,1.0,1.0,0.991365617612,248.268321513,0.96926713948,252662.277137,128712064.839,65605499370.9,2.21040189125,0.100472813239,63026.5957447,1.31239575327e-07,Class 4
0.392621902791,7993.61702128,14239597.805,31973.4884904,0.877070448416,1.0,118258.561731,0.42570810908,0.46249887811,0.00304865290915,0.161872532065,0.462836564763,1.0,1.0,0.877548758865,123.983451537,0.452324665091,118465.629124,58378297.8845,29252738666.7,31.3475177305,1.40661938534,27618.9716312,1.86121579555e-06,Class 4
0.71874256766,3843.08510638,18166975.1789,56517.2400603,0.940899254046,1.0,222330.827037,0.23595641891,0.253727250315,0.00345654863874,0.0974941193795,0.488030598116,1.0,1.0,0.941129210993,221.944444444,0.840819542947,222533.312524,112510324.188,57129512707.6,15.0709219858,-0.301418439716,54674.2907801,8.94815286323e-07,Class 4
0.358071885745,11170.5673759,14321502.0035,33510.6754364,0.828213831761,1.0,122026.941294,0.448354860772,0.500040184135,0.00277944890769,0.199215782732,0.338124870624,1.0,1.0,0.828882239953,130.815602837,0.427107959023,122257.259591,59501927.1008,29619218578.5,43.8061465721,0.602836879433,27772.6950355,2.60092976558e-06,Class 4
0.417166709825,10248.2269504,8024034.57736,22135.4920365,0.84239801079,1.0,78561.2925011,0.416417876409,0.46384784189,0.00285376260195,0.189211688288,0.337817510352,1.0,1.0,0.843011229314,87.2104018913,0.579196217494,78703.6577147,37525112.7979,18471184651.8,40.1891252955,-0.401891252955,17114.5390071,2.38617409686e-06,Class 4
0.455881010531,4970.39007092,11045033.7947,24953.6681041,0.923563035233,1.0,95004.6709951,0.382690820509,0.405685114192,0.0033394650314,0.117251993162,0.598817465266,1.0,1.0,0.923860446217,98.1619385343,0.5768321513,95151.7197345,47259261.8669,23778684429.7,19.4917257683,-0.301418439716,22546.0992908,1.15729443698e-06,Class 4
0.364184800799,14245.035461,8072726.08172,23928.8768068,0.780933234998,1.0,81102.5561178,0.443397655912,0.509341875256,0.00255444112993,0.228321003608,0.216294284701,1.0,1.0,0.781785608747,93.6406619385,0.523246650906,81265.5135067,37812515.518,18357889206.8,55.8628841608,0.200945626478,16755.8510638,3.31678199464e-06,Class 4
0.849929301567,2203.36879433,17437314.3126,61436.2382873,0.96611557232,1.0,241464.09275,0.144209291457,0.152922259249,0.00363523528106,0.0642744983488,0.540242879908,1.0,1.0,0.966247414303,239.024822695,0.920409771474,241594.48089,122649473.18,62407012235.2,8.64066193853,1.90898345154,59849.6453901,5.13027430825e-07,Class 4
0.324984894691,15321.0992908,11019099.4822,29257.7915526,0.764385026131,1.0,101398.469255,0.464317678234,0.535245371266,0.00248394063346,0.237114681553,0.208808511153,1.0,1.0,0.765301787825,114.639479905,0.432624113475,101607.58779,47912435.0195,23438804627.4,60.0827423168,0.100472813239,21572.5177305,3.56733027481e-06,Class 4
0.845695468283,2203.36879433,17474836.2913,60718.8843792,0.96611557232,1.0,240846.63391,0.14726464292,0.157429184645,0.00363523528106,0.0642744983488,0.499474468947,1.0,1.0,0.966247414303,238.421985816,0.91804570528,240979.606112,122335891.847,62247088205.0,8.64066193853,-0.301418439716,59695.9219858,5.13027430825e-07,Class 4
0.580884037803,6507.62411348,3933120.1881,13578.4847042,0.899922736852,1.0,47432.3156353,0.322575079837,0.352689673715,0.00318737374566,0.141256922941,0.411463176514,1.0,1.0,0.900312130615,52.9491725768,0.74231678487,47498.8773143,22564713.8533,11084708412.4,25.5200945626,0.301418439716,10248.2269504,1.51522055151e-06,Class 4
0.876811472707,512.411347518,17664690.1583,61128.8008981,0.99211990054,1.0,243489.922697,0.115370991696,0.117461574797,0.00382991212681,0.0199845581027,0.844664325611,1.0,1.0,0.992150561466,239.326241135,0.934594168637,243592.875726,124099806.662,63256615382.3,2.00945626478,0.401891252955,60771.9858156,1.19308704843e-07,Class 4
0.495782622654,6302.65957447,7108930.08228,19163.5972744,0.903074776636,1.0,70550.432835,0.368523209427,0.397688535722,0.00320714803851,0.138226081896,0.493112549417,1.0,1.0,0.903451906028,75.4550827423,0.655634357762,70659.1669124,34428543.3662,17148495372.0,24.7163120567,-0.301418439716,16089.7163121,1.46749706957e-06,Class 4
0.710992752557,8249.82269504,17049523.5202,58566.8226549,0.873130398686,1.0,225916.126036,0.229625223868,0.267816303894,0.00302556026098,0.165203922681,0.0889820826515,1.0,1.0,0.873624039598,229.781323877,0.837667454689,226119.947054,113215830.549,57202793664.5,32.3522458629,-0.100472813239,54469.3262411,1.92087014797e-06,Class 4
0.745916598825,6866.31205674,17109639.8326,59335.4161278,0.894406667229,1.0,230287.063594,0.21015132766,0.241938577005,0.00315314229073,0.146446377164,0.122057194744,1.0,1.0,0.894817523641,232.695035461,0.859732072498,230475.352455,115789826.872,58605466191.0,26.926713948,0.0,55904.0780142,1.5987366449e-06,Class 4
0.424229722404,5585.28368794,14016017.9221,30026.3850256,0.914106915881,1.0,114642.141077,0.401088226675,0.426930888357,0.00327758061543,0.127219891773,0.576266051271,1.0,1.0,0.914441119976,118.055555556,0.494089834515,114827.693804,57137066.6614,28776307922.0,21.9030732861,-0.301418439716,27311.5248227,1.30046488279e-06,Class 4
0.527124663352,8198.58156028,18369713.8256,49446.1801091,0.873918408632,1.0,189726.669898,0.354558699838,0.392496510965,0.00303015938503,0.16454256622,0.354206722118,1.0,1.0,0.874408983452,194.314420804,0.698975571316,189996.055395,94805993.7048,47817252349.5,32.1513002364,-0.401891252955,45450.8865248,1.90893927749e-06,Class 4
0.86999064185,1639.71631206,17412147.5288,62051.1130656,0.974783681726,1.0,243784.454708,0.128112051957,0.131519375521,0.00369895352498,0.0511163756428,0.681401977172,1.0,1.0,0.97488179669,240.73286052,0.931442080378,243900.278578,123969134.563,63116677364.6,6.43026004728,2.61229314421,60567.0212766,3.81787855498e-07,Class 4
0.445936656439,5687.76595745,10934594.6647,25209.8659284,0.912530895989,1.0,94693.2826938,0.391144312115,0.417461665024,0.0032674023852,0.12883170687,0.55967405729,1.0,1.0,0.91287123227,98.5638297872,0.569739952719,94844.2603669,46919540.3494,23558786030.2,22.304964539,0.301418439716,22289.893617,1.32432662376e-06,Class 4
0.416872365886,7020.03546099,11925912.6774,27208.2089581,0.892042637391,1.0,101743.327121,0.410707650993,0.443205306135,0.00313861720908,0.148627206888,0.499139830532,1.0,1.0,0.89246269208,106.802600473,0.527186761229,101915.279501,50185996.9598,25138030520.0,27.5295508274,-0.100472813239,23724.6453901,1.63452925635e-06,Class 4
