0.577039930556,1680.10416667,486963.225036,3191.80523682,0.895839791279,1.0,11726.4199742,0.325180486739,0.355626867284,0.00629340277778,0.145116370467,0.409971087403,1.0,1.0,0.896647135417,26.4583333333,0.739583333333,11759.075765,2773300.73374,677286654.082,13.2291666667,-1.32291666667,2520.15625,6.25963984536e-06,Class 1
0.355685763889,3024.1875,1418755.43999,6887.57965088,0.812511624303,1.0,25101.7580104,0.449975105667,0.505914534792,0.00537109375,0.209580773647,0.300781788753,1.0,1.0,0.81396484375,55.5625,0.46875,25198.0900879,6015943.82064,1479196612.29,23.8125,-1.32291666667,5544.34375,1.12673517217e-05,Class 1
0.468967013889,2520.15625,689244.161241,4199.74371338,0.843759686919,1.0,15234.7126899,0.387834024156,0.433503594974,0.00569152832031,0.188222739133,0.312036668251,1.0,1.0,0.844970703125,35.0572916667,0.645833333333,15286.7570801,3562616.309,864216277.41,19.84375,-1.984375,3192.19791667,9.38945976804e-06,Class 1
0.361979166667,2688.16666667,1831890.91373,8399.48736572,0.833343666047,1.0,30796.0897939,0.44608199772,0.496253663664,0.00558132595486,0.19567624677,0.349413319141,1.0,1.0,0.834635416667,66.1458333333,0.4375,30909.7827962,7509288.67371,1863900551.34,21.1666666667,0.0,7056.4375,1.00154237526e-05,Class 1
0.577039930556,1680.10416667,486963.225036,3191.80523682,0.895839791279,1.0,11726.4199742,0.325180486739,0.355626867284,0.00629340277778,0.145116370467,0.409971087403,1.0,1.0,0.896647135417,26.4583333333,0.739583333333,11759.075765,2773300.73374,677286654.082,13.2291666667,-1.32291666667,2520.15625,6.25963984536e-06,Class 1
0.468967013889,2520.15625,689244.161241,4199.74371338,0.843759686919,1.0,15234.7126899,0.387834024156,0.433503594974,0.00569152832031,0.188222739133,0.312036668251,1.0,1.0,0.844970703125,35.0572916667,0.645833333333,15286.7570801,3562616.309,864216277.41,19.84375,-1.984375,3192.19791667,9.38945976804e-06,Class 1
0.505425347222,2016.125,673162.283876,4199.74371338,0.875007749535,1.0,14736.5274796,0.366793508535,0.404422257993,0.00604248046875,0.163629201979,0.376235069418,1.0,1.0,0.8759765625,33.0729166667,0.677083333333,14782.8498535,3498627.96381,856090757.388,15.875,0.0,3192.19791667,7.51156781443e-06,Class 1
0.557942708333,2352.14583333,2231186.96816,12935.2105103,0.854175707791,1.0,49258.7388622,0.334845917903,0.378746125604,0.00580512152778,0.180411562259,0.247047365221,1.0,1.0,0.855305989583,101.864583333,0.729166666667,49388.6962077,12245308.1098,3072193167.71,18.5208333333,0.0,11760.7291667,8.76349578351e-06,Class 1
0.355685763889,3024.1875,1418755.43999,6887.57965088,0.812511624303,1.0,25101.7580104,0.449975105667,0.505914534792,0.00537109375,0.209580773647,0.300781788753,1.0,1.0,0.81396484375,55.5625,0.46875,25198.0900879,6015943.82064,1479196612.29,23.8125,-1.32291666667,5544.34375,1.12673517217e-05,Class 1
0.668836805556,672.041666667,2362799.51114,13103.2002563,0.958335916512,1.0,52310.5021901,0.260298371691,0.270474165453,0.00712754991319,0.0752220655281,0.688805397631,1.0,1.0,0.958658854167,104.510416667,0.802083333333,52412.7183431,13226683.2091,3348535508.39,5.29166666667,-1.32291666667,12936.8020833,2.50385593814e-06,Class 1
0.484592013889,2184.13541667,724817.295092,4031.75396729,0.864591728663,1.0,15571.887491,0.379559586072,0.415860013465,0.00592210557726,0.172221803381,0.386604437699,1.0,1.0,0.865641276042,35.0572916667,0.65625,15622.7779134,3690624.49552,902146036.552,17.1979166667,-3.30729166667,3360.20833333,8.13753179897e-06,Class 1
0.374348958333,2856.17708333,1259527.19935,6215.6206665,0.822927645175,1.0,22927.9647184,0.440074595264,0.492178193007,0.00547451443142,0.202790276004,0.318853386939,1.0,1.0,0.824300130208,50.9322916667,0.510416666667,23014.2440592,5482613.12229,1346447788.14,22.4895833333,-1.984375,5040.3125,1.06413877371e-05,Class 1
0.573567708333,1176.07291667,645162.508611,3695.7744751,0.927087853895,1.0,13906.6089616,0.322178863256,0.343804723159,0.00669521755642,0.113402515628,0.552192018784,1.0,1.0,0.927652994792,29.765625,0.729166666667,13943.0044759,3391980.72182,842548224.019,9.26041666667,-0.661458333333,3192.19791667,4.38174789175e-06,Class 1
0.286024305556,5712.35416667,975785.570567,7055.56939697,0.645855290349,1.0,21070.6284853,0.46725515927,0.572803032973,0.00417751736111,0.282286150453,0.056119893818,1.0,1.0,0.648600260417,52.9166666667,0.40625,21166.0054525,4650544.16182,1089064994.17,44.9791666667,2.64583333333,3864.23958333,2.12827754742e-05,Class 1
0.315321180556,4032.25,1433683.57154,7223.55914307,0.75001549907,1.0,26098.1977179,0.468859259174,0.542601731066,0.00482177734375,0.244219050288,0.190858203181,1.0,1.0,0.751953125,59.53125,0.40625,26205.904541,6143920.51103,1495447652.33,31.75,-2.64583333333,5544.34375,1.50231356289e-05,Class 1
0.444227430556,1848.11458333,1119528.57654,5543.66168213,0.885423770407,1.0,20594.831767,0.398306533168,0.432593637468,0.00616624620226,0.154605314056,0.462159561626,1.0,1.0,0.886311848958,44.3177083333,0.59375,20662.5116374,5013302.26527,1243503203.12,14.5520833333,-0.661458333333,4704.29166667,6.8856038299e-06,Class 1
0.355685763889,3024.1875,1418755.43999,6887.57965088,0.812511624303,1.0,25101.7580104,0.449975105667,0.505914534792,0.00537109375,0.209580773647,0.300781788753,1.0,1.0,0.81396484375,55.5625,0.46875,25198.0900879,6015943.82064,1479196612.29,23.8125,-1.32291666667,5544.34375,1.12673517217e-05,Class 1
0.573567708333,1176.07291667,645162.508611,3695.7744751,0.927087853895,1.0,13906.6089616,0.322178863256,0.343804723159,0.00669521755642,0.113402515628,0.552192018784,1.0,1.0,0.927652994792,29.765625,0.729166666667,13943.0044759,3391980.72182,842548224.019,9.26041666667,-0.661458333333,3192.19791667,4.38174789175e-06,Class 1
0.556640625,1512.09375,610974.349649,3527.784729,0.906255812151,1.0,13568.978329,0.335774619105,0.361690362006,0.00642395019531,0.135121675094,0.485100487705,1.0,1.0,0.906982421875,29.765625,0.71875,13606.9836426,3263972.5353,804618464.877,11.90625,-1.984375,3024.1875,5.63367586083e-06,Class 1
0.571180555556,1344.08333333,605444.146303,3359.79498291,0.916671833023,1.0,13402.9569651,0.326266151906,0.34661773943,0.00655788845486,0.124571284653,0.539254970622,1.0,1.0,0.917317708333,29.1041666667,0.729166666667,13439.0145671,3242643.0869,801909958.203,10.5833333333,-2.64583333333,3024.1875,5.00771187629e-06,Class 1
0.919270833333,336.020833333,2123634.87158,15455.0567017,0.979167958256,1.0,62120.6705276,0.0877649820141,0.0877649820141,0.00743272569444,0.0439787514802,0.714795985246,1.0,1.0,0.979329427083,123.03125,0.958333333333,62156.1649577,15744030.5621,3993320082.39,2.64583333333,-1.32291666667,15456.9583333,1.25192796907e-06,Class 1
0.424479166667,2352.14583333,1033158.52553,5711.65142822,0.854175707791,1.0,19753.4309445,0.412129263674,0.455380983479,0.00580512152778,0.180411562259,0.373830776984,1.0,1.0,0.855305989583,43.65625,0.583333333333,19822.5008952,4735956.44383,1164935178.16,18.5208333333,1.32291666667,4368.27083333,8.76349578351e-06,Class 1
0.383680555556,2688.16666667,1253507.60633,6047.63092041,0.833343666047,1.0,22762.1138262,0.435103966572,0.482989510532,0.00558132595486,0.19567624677,0.345593654451,1.0,1.0,0.834635416667,50.2708333333,0.520833333333,22846.2749837,5461283.6739,1343739281.47,21.1666666667,-2.64583333333,5040.3125,1.00154237526e-05,Class 1
0.648220486111,1176.07291667,395033.322982,2519.84625244,0.927087853895,1.0,9888.17386305,0.280825578108,0.299771164224,0.00669521755642,0.113402515628,0.520831590316,1.0,1.0,0.927652994792,21.828125,0.791666666667,9911.25056966,2367978.22191,582467589.082,9.26041666667,-1.984375,2184.13541667,4.38174789175e-06,Class 1
0.485026041667,2856.17708333,518005.965768,3695.7744751,0.822927645175,1.0,12890.1251105,0.376494994662,0.428598592405,0.00547451443142,0.202790276004,0.231994353505,1.0,1.0,0.824300130208,31.0885416667,0.666666666667,12934.8592936,2922606.87252,696246200.799,22.4895833333,-1.984375,2520.15625,1.06413877371e-05,Class 1
0.470920138889,3696.22916667,369993.640211,3359.79498291,0.770847540814,1.0,11045.2309553,0.374489221265,0.441821021401,0.00499131944444,0.233766584725,0.110885825311,1.0,1.0,0.772623697917,29.1041666667,0.65625,11086.8687337,2346585.78124,536401644.21,29.1041666667,-2.64583333333,1848.11458333,1.37712076598e-05,Class 1
0.525390625,1512.09375,749736.470924,4031.75396729,0.906255812151,1.0,15577.5088696,0.352639071372,0.378554814273,0.00642395019531,0.135121675094,0.506478205825,1.0,1.0,0.906982421875,33.734375,0.6875,15622.8605957,3775973.78525,934658782.346,11.90625,-1.984375,3528.21875,5.63367586083e-06,Class 1
0.528211805556,1008.0625,928566.103448,4703.71295166,0.937503874768,1.0,17758.5339009,0.342096484072,0.360910858801,0.0068359375,0.101534427291,0.623299073559,1.0,1.0,0.93798828125,37.0416666667,0.677083333333,17806.7893066,4394653.77333,1099920352.28,7.9375,0.0,4200.26041667,3.75578390722e-06,Class 1
0.515842013889,1512.09375,798072.188781,4199.74371338,0.906255812151,1.0,16246.9813161,0.357679048198,0.383594791099,0.00642395019531,0.135121675094,0.512421696175,1.0,1.0,0.906982421875,35.0572916667,0.677083333333,16294.8195801,3946640.86857,978005554.836,11.90625,-1.984375,3696.22916667,5.63367586083e-06,Class 1
0.644314236111,1512.09375,327903.261079,2519.84625244,0.906255812151,1.0,8881.29749983,0.284507325383,0.312477039945,0.00642395019531,0.135121675094,0.379454396888,1.0,1.0,0.906982421875,20.5052083333,0.791666666667,8903.27075195,2069302.95207,501191057.45,11.90625,-0.661458333333,1848.11458333,5.63367586083e-06,Class 1
0.512586805556,1680.10416667,755475.226424,4031.75396729,0.895839791279,1.0,15743.3904888,0.36137567709,0.389010572462,0.00629340277778,0.145116370467,0.480571868106,1.0,1.0,0.896647135417,34.3958333333,0.677083333333,15790.8296712,3797303.23365,937367289.02,13.2291666667,-2.64583333333,3528.21875,6.25963984536e-06,Class 1
0.3046875,4368.27083333,1392055.04635,7727.52838135,0.729183457326,1.0,25761.4315669,0.472001618197,0.55318223898,0.00466579861111,0.25366529712,0.156887321737,1.0,1.0,0.731282552083,59.53125,0.395833333333,25869.8837077,6015912.3245,1457517893.19,34.3958333333,1.32291666667,5376.33333333,1.62750635979e-05,Class 1
0.557074652778,2520.15625,347334.859309,3023.81549072,0.843759686919,1.0,9880.04869346,0.333796741127,0.380681769354,0.00569152832031,0.188222739133,0.214527397777,1.0,1.0,0.844970703125,24.4739583333,0.729166666667,9911.08520508,2197279.64245,517442097.493,19.84375,-0.661458333333,1848.11458333,9.38945976804e-06,Class 1
0.690755208333,1176.07291667,286544.754291,2183.86676025,0.927087853895,1.0,7878.34557311,0.254893873747,0.27651973365,0.00669521755642,0.113402515628,0.441951196049,1.0,1.0,0.927652994792,17.859375,0.822916666667,7895.37361654,1855976.97196,452427271.613,9.26041666667,-0.661458333333,1680.10416667,4.38174789175e-06,Class 1
0.465494791667,4872.30208333,160851.826241,3191.80523682,0.69793539471,1.0,8196.87455639,0.346514183981,0.437372314749,0.00445726182726,0.266057131789,0.00432926573755,1.0,1.0,0.700276692708,25.796875,0.645833333333,8230.89835612,1471889.42011,295280555.989,38.3645833333,-0.661458333333,840.052083333,1.81529555515e-05,Class 1
0.600043402778,2016.125,337415.701242,2519.84625244,0.875007749535,1.0,9380.69000765,0.311145573893,0.345699897761,0.00604248046875,0.163629201979,0.311251740064,1.0,1.0,0.8759765625,22.4895833333,0.760416666667,9407.17797852,2133291.29726,509316577.472,15.875,-2.64583333333,1848.11458333,7.51156781443e-06,Class 1
0.646701388889,1344.08333333,361060.86426,2351.85650635,0.916671833023,1.0,9384.69109503,0.283138651145,0.303490238669,0.00655788845486,0.124571284653,0.479470917235,1.0,1.0,0.917317708333,21.1666666667,0.791666666667,9407.26066081,2218640.58699,541829323.266,10.5833333333,-2.64583333333,2016.125,5.00771187629e-06,Class 1
0.462456597222,3024.1875,566873.500179,4199.74371338,0.812511624303,1.0,13725.5920747,0.388634675089,0.445077799276,0.00537109375,0.209580773647,0.213002109646,1.0,1.0,0.81396484375,33.0729166667,0.645833333333,13774.7873535,3114603.40424,742301479.962,23.8125,0.0,2688.16666667,1.12673517217e-05,Class 1
0.484592013889,2184.13541667,724817.295092,4031.75396729,0.864591728663,1.0,15571.887491,0.379559586072,0.415860013465,0.00592210557726,0.172221803381,0.386604437699,1.0,1.0,0.865641276042,35.0572916667,0.65625,15622.7779134,3690624.49552,902146036.552,17.1979166667,-3.30729166667,3360.20833333,8.13753179897e-06,Class 1
0.537977430556,4200.26041667,89369.2208822,2183.86676025,0.739599478198,1.0,6191.43870883,0.305287170071,0.381403121435,0.00474209255642,0.249064535374,0.00231942521117,1.0,1.0,0.741617838542,20.5052083333,0.708333333333,6215.10408529,1045237.45988,197752984.314,33.0729166667,-3.30729166667,504.03125,1.56490996134e-05,Class 1
0.500217013889,1848.11458333,761058.160505,4031.75396729,0.885423770407,1.0,15909.2989473,0.369589534486,0.398748241535,0.00616624620226,0.154605314056,0.456671747807,1.0,1.0,0.886311848958,35.0572916667,0.666666666667,15958.7987467,3818632.68205,940075795.694,14.5520833333,-3.30729166667,3528.21875,6.8856038299e-06,Class 1
0.476779513889,2184.13541667,771698.713281,4031.75396729,0.864591728663,1.0,16241.1905918,0.384602967224,0.416372756972,0.00592210557726,0.172221803381,0.413721045548,1.0,1.0,0.865641276042,36.3802083333,0.645833333333,16294.7368978,3861291.57884,945492809.041,17.1979166667,-4.63020833333,3528.21875,8.13753179897e-06,Class 1
0.328776041667,4872.30208333,808798.841239,5879.64117432,0.69793539471,1.0,18231.0347369,0.450826012463,0.541684143231,0.00445726182726,0.266057131789,0.0903460302758,1.0,1.0,0.700276692708,45.640625,0.489583333333,18310.2831217,4031895.66988,945482143.333,38.3645833333,0.661458333333,3360.20833333,1.81529555515e-05,Class 1
0.445529513889,1848.11458333,1117281.63156,5207.68218994,0.885423770407,1.0,20594.831767,0.398306533168,0.427465240217,0.00616624620226,0.154605314056,0.486984101963,1.0,1.0,0.886311848958,44.3177083333,0.59375,20662.5116374,5013302.26527,1243503203.12,14.5520833333,-3.30729166667,4704.29166667,6.8856038299e-06,Class 1
0.374348958333,2856.17708333,1259527.19935,6215.6206665,0.822927645175,1.0,22927.9647184,0.440074595264,0.492178193007,0.00547451443142,0.202790276004,0.318853386939,1.0,1.0,0.824300130208,50.9322916667,0.510416666667,23014.2440592,5482613.12229,1346447788.14,22.4895833333,-1.984375,5040.3125,1.06413877371e-05,Class 1
0.720920138889,1344.08333333,190714.553266,1679.89752197,0.916671833023,1.0,6034.74504437,0.23510776736,0.259050539341,0.00655788845486,0.124571284653,0.342449531684,1.0,1.0,0.917317708333,14.5520833333,0.84375,6047.46573893,1365305.1704,325095460.818,10.5833333333,-1.32291666667,1176.07291667,5.00771187629e-06,Class 1
0.842881944444,672.041666667,2162822.08631,15119.0772095,0.958335916512,1.0,59740.4565283,0.149657117625,0.162200034111,0.00712754991319,0.0752220655281,0.402511951485,1.0,1.0,0.958658854167,119.0625,0.916666666667,59804.2671712,15104021.1256,3825350005.78,5.29166666667,0.0,14784.9166667,2.50385593814e-06,Class 1
0.470269097222,3864.23958333,333615.606627,3527.784729,0.760431519942,1.0,10542.5803865,0.371040036748,0.443063429864,0.00490485297309,0.239122180777,0.0826113890239,1.0,1.0,0.762288411458,28.4427083333,0.65625,10582.8788249,2197248.14632,495763378.394,30.4270833333,-0.661458333333,1680.10416667,1.43971716443e-05,Class 1
0.483723958333,2184.13541667,725520.170421,4199.74371338,0.864591728663,1.0,15571.887491,0.379559586072,0.418743895055,0.00592210557726,0.172221803381,0.371297212498,1.0,1.0,0.865641276042,35.0572916667,0.65625,15622.7779134,3690624.49552,902146036.552,17.1979166667,-1.984375,3360.20833333,8.13753179897e-06,Class 1
0.438368055556,2352.14583333,929838.898207,5039.69244385,0.854175707791,1.0,18414.9267947,0.404670337964,0.447922057769,0.00580512152778,0.180411562259,0.364235795657,1.0,1.0,0.855305989583,41.0104166667,0.604166666667,18478.5829264,4394622.27719,1078241633.18,18.5208333333,-1.32291666667,4032.25,8.76349578351e-06,Class 1
0.807291666667,672.041666667,2203284.77249,14783.0977173,0.958335916512,1.0,58385.9021012,0.175562751013,0.188105667499,0.00712754991319,0.0752220655281,0.489975695254,1.0,1.0,0.958658854167,116.416666667,0.895833333333,58460.3492025,14762686.9589,3738656460.8,5.29166666667,0.0,14448.8958333,2.50385593814e-06,Class 2
0.738715277778,1008.0625,2234084.87288,14447.1182251,0.937503874768,1.0,56014.9273115,0.223663282064,0.240940443997,0.0068359375,0.101534427291,0.467246584454,1.0,1.0,0.93798828125,112.447916667,0.854166666667,56108.451416,14122677.5225,3570686384.19,7.9375,1.32291666667,13776.8541667,3.75578390722e-06,Class 2
0.391710069444,2016.125,1787490.48448,8231.49761963,0.875007749535,1.0,29463.8363567,0.426922726081,0.461477049949,0.00604248046875,0.163629201979,0.46518535114,1.0,1.0,0.8759765625,62.1770833333,0.447916666667,29565.9475098,7253303.79681,1809719752.16,15.875,2.64583333333,6888.42708333,7.51156781443e-06,Class 2
0.496527777778,2016.125,719500.21502,4703.71295166,0.875007749535,1.0,15405.8875724,0.372205678864,0.406760002732,0.00604248046875,0.163629201979,0.407893548174,1.0,1.0,0.8759765625,34.3958333333,0.666666666667,15454.8088379,3669295.04713,899437529.878,15.875,2.64583333333,3360.20833333,7.51156781443e-06,Class 2
0.617404513889,1512.09375,402681.534411,3191.80523682,0.906255812151,1.0,10220.8431119,0.301098384862,0.327014127763,0.00642395019531,0.135121675094,0.432980160381,1.0,1.0,0.906982421875,23.1510416667,0.770833333333,10247.1887207,2410637.11871,587884602.429,11.90625,1.984375,2184.13541667,5.63367586083e-06,Class 2
0.373914930556,2520.15625,1554869.57266,7727.52838135,0.843759686919,1.0,26612.5787764,0.439950170192,0.483143075027,0.00569152832031,0.188222739133,0.38430144588,1.0,1.0,0.844970703125,57.546875,0.46875,26710.0598145,6463956.72541,1601111409.73,19.84375,3.30729166667,6048.375,9.38945976804e-06,Class 2
0.449869791667,2184.13541667,923272.533157,5375.67193604,0.864591728663,1.0,18249.0525304,0.398035794832,0.437220103815,0.00592210557726,0.172221803381,0.395672982755,1.0,1.0,0.865641276042,40.3489583333,0.614583333333,18310.6138509,4373292.8288,1075533126.51,17.1979166667,1.984375,4032.25,8.13753179897e-06,Class 2
0.656467013889,2016.125,198590.322359,2183.86676025,0.875007749535,1.0,6701.73638476,0.27262907605,0.310257825508,0.00604248046875,0.163629201979,0.198498567445,1.0,1.0,0.8759765625,17.1979166667,0.802083333333,6719.34204102,1450622.96399,335929487.513,15.875,0.0,1176.07291667,7.51156781443e-06,Class 2
0.687934027778,1680.10416667,2196585.14815,14111.1387329,0.895839791279,1.0,54658.1604773,0.254893873747,0.286251164962,0.00629340277778,0.145116370467,0.250610762018,1.0,1.0,0.896647135417,111.125,0.822916666667,54764.450765,13695994.0661,3451480093.42,13.2291666667,0.0,13272.8229167,6.25963984536e-06,Class 2
0.562717013889,1848.11458333,2293617.80114,12599.2310181,0.885423770407,1.0,48757.7839181,0.333796741127,0.368083845427,0.00616624620226,0.154605314056,0.37033843415,1.0,1.0,0.886311848958,99.8802083333,0.729166666667,48884.7889811,12181319.7646,3064067647.68,14.5520833333,-0.661458333333,11760.7291667,6.8856038299e-06,Class 2
0.393446180556,3192.19791667,908616.592986,5543.66168213,0.80209560343,1.0,18575.6526419,0.428465798905,0.487925547167,0.00527106391059,0.216061813702,0.245894966229,1.0,1.0,0.803629557292,42.9947916667,0.5625,18646.4693197,4330602.43586,1048437394.06,25.1354166667,0.661458333333,3864.23958333,1.18933157062e-05,Class 2
0.428602430556,2184.13541667,1079545.41257,5711.65142822,0.864591728663,1.0,20256.9102818,0.409077329658,0.44966764005,0.00592210557726,0.172221803381,0.401064208255,1.0,1.0,0.865641276042,44.3177083333,0.583333333333,20326.490804,4885294.07875,1205573443.98,17.1979166667,0.661458333333,4536.28125,8.13753179897e-06,Class 2
0.464192708333,1680.10416667,1057059.29541,5879.64117432,0.895839791279,1.0,19759.8136662,0.387197375548,0.409835085056,0.00629340277778,0.145116370467,0.53042544531,1.0,1.0,0.896647135417,42.3333333333,0.614583333333,19822.5835775,4821305.73356,1197447923.96,13.2291666667,3.96875,4536.28125,6.25963984536e-06,Class 2
0.528862847222,1344.08333333,792009.857412,4535.72320557,0.916671833023,1.0,16081.1820452,0.348438747417,0.372381519397,0.00655788845486,0.124571284653,0.540865467568,1.0,1.0,0.917317708333,34.3958333333,0.6875,16126.8505046,3925311.42017,975297048.162,10.5833333333,1.32291666667,3696.22916667,5.00771187629e-06,Class 2
0.397352430556,2520.15625,1196294.28437,6383.6104126,0.843759686919,1.0,21927.0276644,0.427239100811,0.47290867163,0.00569152832031,0.188222739133,0.363383816681,1.0,1.0,0.844970703125,48.2864583333,0.541666666667,22006.3469238,5269287.14218,1297684002.31,19.84375,1.984375,4872.30208333,9.38945976804e-06,Class 2
0.473307291667,1848.11458333,910566.372081,5207.68218994,0.885423770407,1.0,17917.4013239,0.383463844774,0.416082524892,0.00616624620226,0.154605314056,0.454942557372,1.0,1.0,0.886311848958,39.0260416667,0.635416666667,17974.6756999,4330633.932,1070116113.16,14.5520833333,1.984375,4032.25,6.8856038299e-06,Class 2
0.585286458333,1176.07291667,600294.913997,3863.76422119,0.927087853895,1.0,13236.9569241,0.316126085842,0.335071671957,0.00669521755642,0.113402515628,0.56827327085,1.0,1.0,0.927652994792,28.4427083333,0.739583333333,13271.0454915,3221313.6385,799201451.53,9.26041666667,1.984375,3024.1875,4.38174789175e-06,Class 2
0.448133680556,2688.16666667,742657.961451,4871.70269775,0.833343666047,1.0,16070.0123883,0.39919212201,0.448796818442,0.00558132595486,0.19567624677,0.291781828403,1.0,1.0,0.834635416667,37.0416666667,0.625,16126.68514,3754612.84071,910271556.573,21.1666666667,1.32291666667,3360.20833333,1.00154237526e-05,Class 2
0.388237847222,2184.13541667,1642697.89035,8063.50787354,0.864591728663,1.0,27620.3777121,0.431150364588,0.462920154337,0.00592210557726,0.172221803381,0.453803286955,1.0,1.0,0.865641276042,58.8697916667,0.46875,27718.0396322,6762631.99525,1682387941.36,17.1979166667,4.63020833333,6384.39583333,8.13753179897e-06,Class 2
0.438151041667,2856.17708333,747134.95912,5207.68218994,0.822927645175,1.0,16236.0961009,0.404995188627,0.454926486798,0.00547451443142,0.202790276004,0.283566883808,1.0,1.0,0.824300130208,37.703125,0.614583333333,16294.6542155,3775942.28911,912980063.247,22.4895833333,3.30729166667,3360.20833333,1.06413877371e-05,Class 2
0.535373263889,336.020833333,1216728.93022,5543.66168213,0.979167958256,1.0,21116.3084191,0.31359699225,0.31359699225,0.00743272569444,0.0439787514802,0.87506175803,1.0,1.0,0.979329427083,42.3333333333,0.65625,21166.6669108,5333338.47965,1349166960.53,2.64583333333,1.32291666667,5208.32291667,1.25192796907e-06,Class 2
0.538628472222,1344.08333333,743856.094087,4367.73345947,0.916671833023,1.0,15411.6564814,0.343330224016,0.367272995996,0.00655788845486,0.124571284653,0.534812297643,1.0,1.0,0.917317708333,33.0729166667,0.697916666667,15454.8915202,3754644.33685,931950275.672,10.5833333333,1.32291666667,3528.21875,5.00771187629e-06,Class 2
0.434244791667,1176.07291667,2002401.58081,8735.46685791,0.927087853895,1.0,31987.3975117,0.392253627546,0.405240906481,0.00669521755642,0.113402515628,0.651759252869,1.0,1.0,0.927652994792,65.484375,0.479166666667,32085.897054,7999991.97141,2012911081.24,9.26041666667,3.30729166667,7728.47916667,4.38174789175e-06,Class 2
0.428602430556,2520.15625,934446.064447,5711.65142822,0.843759686919,1.0,18580.8326199,0.410903467829,0.454096372664,0.00569152832031,0.188222739133,0.354235607009,1.0,1.0,0.844970703125,41.671875,0.59375,18646.552002,4415951.72559,1080950139.86,19.84375,3.30729166667,4032.25,9.38945976804e-06,Class 2
0.507161458333,1176.07291667,986446.904236,5207.68218994,0.927087853895,1.0,18593.6150646,0.356610316968,0.375555903083,0.00669521755642,0.113402515628,0.609532081155,1.0,1.0,0.927652994792,39.0260416667,0.65625,18646.7173665,4586650.30505,1145975631.45,9.26041666667,1.984375,4368.27083333,4.38174789175e-06,Class 2
0.529296875,504.03125,1169502.78551,5543.66168213,0.968751937384,1.0,20611.2228076,0.324943566151,0.324943566151,0.00727844238281,0.060393337418,0.831394371614,1.0,1.0,0.968994140625,41.671875,0.65625,20662.677002,5184000.84473,1308528694.71,3.96875,1.984375,5040.3125,1.87789195361e-06,Class 2
0.653862847222,840.052083333,464389.040814,3359.79498291,0.94791989564,1.0,10895.4591806,0.273124858864,0.273124858864,0.00698004828559,0.0888585588427,0.729687448794,1.0,1.0,0.948323567708,23.1510416667,0.791666666667,10919.2303874,2666653.49175,663744120.713,6.61458333333,3.30729166667,2520.15625,3.12981992268e-06,Class 2
0.535373263889,1512.09375,702409.222444,4367.73345947,0.906255812151,1.0,14908.0197629,0.347315042631,0.373230785532,0.00642395019531,0.135121675094,0.499981607631,1.0,1.0,0.906982421875,32.4114583333,0.697916666667,14950.9016113,3605306.70193,891312009.856,11.90625,1.984375,3360.20833333,5.63367586083e-06,Class 2
0.599826388889,1008.0625,595072.632991,3695.7744751,0.937503874768,1.0,13070.9821396,0.30527381286,0.322550974794,0.0068359375,0.101534427291,0.600512792171,1.0,1.0,0.93798828125,27.78125,0.75,13103.076416,3199984.19011,796492944.856,7.9375,1.32291666667,3024.1875,3.75578390722e-06,Class 2
0.577690972222,1680.10416667,486730.328397,3695.7744751,0.895839791279,1.0,11726.4199742,0.325180486739,0.352815382111,0.00629340277778,0.145116370467,0.431966991464,1.0,1.0,0.896647135417,26.4583333333,0.739583333333,11759.075765,2773300.73374,677286654.082,13.2291666667,2.64583333333,2520.15625,6.25963984536e-06,Class 2
0.481553819444,1848.11458333,860130.755628,5039.69244385,0.885423770407,1.0,17248.041905,0.379111394352,0.41173007447,0.00616624620226,0.154605314056,0.449687535135,1.0,1.0,0.886311848958,37.703125,0.645833333333,17302.7167155,4159966.84868,1026769340.67,14.5520833333,1.984375,3864.23958333,6.8856038299e-06,Class 2
0.539279513889,1344.08333333,743360.049117,4535.72320557,0.916671833023,1.0,15411.6564814,0.343330224016,0.36368181154,0.00655788845486,0.124571284653,0.558157169721,1.0,1.0,0.917317708333,33.0729166667,0.697916666667,15454.8915202,3754644.33685,931950275.672,10.5833333333,2.64583333333,3528.21875,5.00771187629e-06,Class 2
0.569661458333,2688.16666667,276205.991948,2855.82574463,0.833343666047,1.0,8707.59262337,0.322964513597,0.373136179541,0.00558132595486,0.19567624677,0.159989784063,1.0,1.0,0.834635416667,22.4895833333,0.739583333333,8735.13631185,1877274.92422,433457059.188,21.1666666667,0.0,1512.09375,1.00154237526e-05,Class 2
0.720269097222,1680.10416667,133473.383114,1847.88726807,0.895839791279,1.0,5028.12030871,0.231415643968,0.261862024514,0.00629340277778,0.145116370467,0.206221278832,1.0,1.0,0.896647135417,13.2291666667,0.84375,5039.48592122,1066629.90056,243818929.186,13.2291666667,1.32291666667,840.052083333,6.25963984536e-06,Class 2
0.497612847222,2688.16666667,513405.235141,4199.74371338,0.833343666047,1.0,12723.8569399,0.370326891476,0.418212435436,0.00558132595486,0.19567624677,0.25859199175,1.0,1.0,0.834635416667,30.4270833333,0.677083333333,12766.8902181,2901277.42412,693537694.125,21.1666666667,2.64583333333,2520.15625,1.00154237526e-05,Class 2
0.503255208333,1680.10416667,803969.912843,4871.70269775,0.895839791279,1.0,16412.8133505,0.366346052695,0.393980948068,0.00629340277778,0.145116370467,0.486382852196,1.0,1.0,0.896647135417,35.71875,0.666666666667,16462.7886556,3967970.31697,980714061.51,13.2291666667,2.64583333333,3696.22916667,6.25963984536e-06,Class 2
0.493489583333,336.020833333,1657275.4837,6719.58990479,0.979167958256,1.0,26475.3673085,0.332546987336,0.338818445579,0.00743272569444,0.0439787514802,0.851345646246,1.0,1.0,0.979329427083,52.9166666667,0.572916666667,26542.3387858,6698675.1462,1695941140.44,2.64583333333,0.0,6552.40625,1.25192796907e-06,Class 2
0.362196180556,3360.20833333,1118286.63431,6551.60015869,0.791679582558,1.0,21418.2192989,0.445948009425,0.506840770517,0.00517442491319,0.222245890054,0.250652294974,1.0,1.0,0.793294270833,48.9479166667,0.510416666667,21502.2743327,5034600.21753,1224532990.7,26.4583333333,2.64583333333,4536.28125,1.25192796907e-05,Class 2
0.347005208333,3864.23958333,1031288.17411,6383.6104126,0.760431519942,1.0,20578.3073563,0.451356443048,0.522590574802,0.00490485297309,0.239122180777,0.189001034918,1.0,1.0,0.762288411458,48.2864583333,0.5,20662.2635905,4757254.39609,1145964965.74,30.4270833333,1.984375,4200.26041667,1.43971716443e-05,Class 2
0.570746527778,2352.14583333,344085.32197,3023.81549072,0.854175707791,1.0,9713.59825888,0.326641495589,0.37054170329,0.00580512152778,0.180411562259,0.231986184409,1.0,1.0,0.855305989583,23.8125,0.739583333333,9743.11612956,2175950.19406,514733590.819,18.5208333333,0.0,1848.11458333,8.76349578351e-06,Class 2
0.720703125,1344.08333333,2206989.99725,14279.128479,0.916671833023,1.0,55673.7640945,0.23510776736,0.260193600332,0.00655788845486,0.124571284653,0.317046202961,1.0,1.0,0.917317708333,112.447916667,0.84375,55772.4305827,13994669.3359,3532756625.05,10.5833333333,0.0,13608.84375,5.00771187629e-06,Class 2
0.664496527778,1008.0625,391149.270526,3023.81549072,0.937503874768,1.0,9721.84503762,0.269667515117,0.28189728054,0.0068359375,0.101534427291,0.599158136053,1.0,1.0,0.93798828125,21.1666666667,0.802083333333,9743.28149414,2346648.77352,579759082.408,7.9375,2.64583333333,2184.13541667,3.75578390722e-06,Class 2
0.427951388889,1344.08333333,1732499.96865,7727.52838135,0.916671833023,1.0,28133.0393021,0.398868119049,0.419219706573,0.00655788845486,0.124571284653,0.601627734418,1.0,1.0,0.917317708333,58.2083333333,0.5,28222.1122233,6997318.9199,1755538952.97,10.5833333333,2.64583333333,6720.41666667,5.00771187629e-06,Class 2
0.526475694444,2016.125,582202.226775,4031.75396729,0.875007749535,1.0,13397.7488415,0.355033541405,0.39190477735,0.00604248046875,0.163629201979,0.368234227164,1.0,1.0,0.8759765625,30.4270833333,0.697916666667,13438.9318848,3157293.79717,769397212.409,15.875,1.32291666667,2856.17708333,7.51156781443e-06,Class 2
0.473307291667,1848.11458333,910566.372081,5207.68218994,0.885423770407,1.0,17917.4013239,0.383463844774,0.416082524892,0.00616624620226,0.154605314056,0.454942557372,1.0,1.0,0.886311848958,39.0260416667,0.635416666667,17974.6756999,4330633.932,1070116113.16,14.5520833333,1.984375,4032.25,6.8856038299e-06,Class 2
0.824435763889,840.052083333,2160598.50452,15119.0772095,0.94791989564,1.0,59230.4629204,0.163091389656,0.178314579929,0.00698004828559,0.0888585588427,0.360689117646,1.0,1.0,0.948323567708,118.401041667,0.90625,59300.2772624,14954683.4907,3784711739.96,6.61458333333,0.661458333333,14616.90625,3.12981992268e-06,Class 2
0.513671875,1008.0625,1029572.10051,5543.66168213,0.937503874768,1.0,19097.7082269,0.350248485642,0.350248485642,0.0068359375,0.101534427291,0.725673871662,1.0,1.0,0.93798828125,39.6875,0.65625,19150.7072754,4735987.93997,1186613897.26,7.9375,3.96875,4536.28125,3.75578390722e-06,Class 2
0.601996527778,1680.10416667,2283475.38258,13103.2002563,0.895839791279,1.0,50611.1425864,0.310356312531,0.341713603746,0.00629340277778,0.145116370467,0.369537444678,1.0,1.0,0.896647135417,103.1875,0.760416666667,50732.6968587,12671991.5662,3191399458.48,13.2291666667,0.0,12264.7604167,6.25963984536e-06,Class 2
0.584852430556,2184.13541667,2230820.02458,13271.1900024,0.864591728663,1.0,50438.6847961,0.319099119917,0.359689430308,0.00592210557726,0.172221803381,0.259783754826,1.0,1.0,0.865641276042,103.848958333,0.75,50564.6451009,12565312.8281,3156178206.01,17.1979166667,0.661458333333,12096.75,8.13753179897e-06,Class 2
0.398654513889,2688.16666667,1096360.02758,6215.6206665,0.833343666047,1.0,20754.3772172,0.427069540918,0.474955084879,0.00558132595486,0.19567624677,0.336477993568,1.0,1.0,0.834635416667,46.3020833333,0.552083333333,20830.3980306,4949282.42394,1213698964.0,21.1666666667,2.64583333333,4536.28125,1.00154237526e-05,Class 2
0.435112847222,2184.13541667,2251788.96905,10751.343811,0.864591728663,1.0,40354.3674158,0.40565209345,0.446242403842,0.00592210557726,0.172221803381,0.396683415614,1.0,1.0,0.865641276042,84.0052083333,0.59375,40485.2603353,10005306.5783,2505976618.67,17.1979166667,0.661458333333,9576.59375,8.13753179897e-06,Class 3
0.358506944444,3024.1875,1368053.59571,7055.56939697,0.812511624303,1.0,24432.4263601,0.448452851212,0.504392280336,0.00537109375,0.209580773647,0.299033187922,1.0,1.0,0.81396484375,54.2395833333,0.479166666667,24526.1311035,5845276.73733,1435849839.8,23.8125,1.32291666667,5376.33333333,1.12673517217e-05,Class 3
0.571831597222,2184.13541667,378910.756652,3191.80523682,0.864591728663,1.0,10216.6946951,0.327367261252,0.367957571643,0.00592210557726,0.172221803381,0.275240017019,1.0,1.0,0.865641276042,24.4739583333,0.739583333333,10247.1060384,2325287.82898,555371856.635,17.1979166667,0.661458333333,2016.125,8.13753179897e-06,Class 3
0.414713541667,1680.10416667,1590725.79824,6887.57965088,0.895839791279,1.0,26454.4723878,0.410989236041,0.441435616587,0.00629340277778,0.145116370467,0.518325421257,1.0,1.0,0.896647135417,55.5625,0.510416666667,26542.1734212,6527976.56674,1630915648.85,13.2291666667,-1.32291666667,6216.38541667,6.25963984536e-06,Class 3
0.413845486111,2520.15625,1039562.24861,5711.65142822,0.843759686919,1.0,19919.2794178,0.418202234547,0.465087262774,0.00569152832031,0.188222739133,0.345888669029,1.0,1.0,0.844970703125,44.3177083333,0.572916666667,19990.4699707,4757285.89223,1167643684.84,19.84375,0.661458333333,4368.27083333,9.38945976804e-06,Class 3
0.426215277778,3024.1875,753664.788749,4703.71295166,0.812511624303,1.0,16402.2015191,0.410455309792,0.466394738916,0.00537109375,0.209580773647,0.249835563332,1.0,1.0,0.81396484375,38.3645833333,0.604166666667,16462.623291,3797271.73751,915688569.921,23.8125,-1.32291666667,3360.20833333,1.12673517217e-05,Class 3
0.537326388889,2016.125,538568.335598,3695.7744751,0.875007749535,1.0,12728.3234224,0.348659767007,0.386288516465,0.00604248046875,0.163629201979,0.347546049323,1.0,1.0,0.8759765625,29.1041666667,0.708333333333,12766.9729004,2986626.71385,726050439.92,15.875,0.0,2688.16666667,7.51156781443e-06,Class 3
0.880859375,336.020833333,2166308.42944,15287.0669556,0.979167958256,1.0,60762.5722188,0.118811589225,0.125083047468,0.00743272569444,0.0439787514802,0.592335402495,1.0,1.0,0.979329427083,120.385416667,0.9375,60812.2469889,15402696.3954,3906626537.41,2.64583333333,0.0,15120.9375,1.25192796907e-06,Class 3
0.618923611111,1344.08333333,2314755.86742,13103.2002563,0.916671833023,1.0,50951.8421917,0.299003944961,0.324089777933,0.00655788845486,0.124571284653,0.453628296651,1.0,1.0,0.917317708333,103.1875,0.770833333333,51068.7176921,12799999.7527,3229329217.62,10.5833333333,0.0,12432.7708333,5.00771187629e-06,Class 3
0.442925347222,2520.15625,2238475.6848,11423.3027954,0.843759686919,1.0,42029.1271727,0.402532310635,0.448201881454,0.00569152832031,0.188222739133,0.332422697255,1.0,1.0,0.844970703125,87.9739583333,0.614583333333,42165.1164551,10389299.6417,2598087176.99,19.84375,1.984375,9912.61458333,9.38945976804e-06,Class 3
0.384548611111,3024.1875,1056873.44841,5711.65142822,0.812511624303,1.0,20417.0448764,0.434183878788,0.490123307913,0.00537109375,0.209580773647,0.281544475968,1.0,1.0,0.81396484375,46.3020833333,0.541666666667,20494.3771973,4821274.23742,1175769204.86,23.8125,-1.32291666667,4368.27083333,1.12673517217e-05,Class 3
0.432291666667,1344.08333333,2146922.30131,9407.42584229,0.916671833023,1.0,34832.9377998,0.396802516538,0.417154104062,0.00655788845486,0.124571284653,0.601200561461,1.0,1.0,0.917317708333,71.4375,0.520833333333,34941.7020671,8703989.75308,2189006677.87,10.5833333333,2.64583333333,8400.52083333,5.00771187629e-06,Class 3
0.491536458333,1176.07291667,1092211.22434,5375.67193604,0.927087853895,1.0,19932.6756888,0.364133409151,0.385759269053,0.00669521755642,0.113402515628,0.599825137421,1.0,1.0,0.927652994792,41.671875,0.635416666667,19990.6353353,4927984.47168,1232669176.43,9.26041666667,0.661458333333,4704.29166667,4.38174789175e-06,Class 3
0.370008680556,3192.19791667,2064105.65419,9911.39508057,0.80209560343,1.0,36655.394804,0.44173331359,0.501193061852,0.00527106391059,0.216061813702,0.263281341953,1.0,1.0,0.803629557292,78.7135416667,0.520833333333,36789.3618978,8938613.68545,2218800251.28,25.1354166667,-0.661458333333,8400.52083333,1.18933157062e-05,Class 3
0.474175347222,1512.09375,1053203.68011,5375.67193604,0.906255812151,1.0,19594.2051835,0.37889540762,0.406865122182,0.00642395019531,0.135121675094,0.522568729978,1.0,1.0,0.906982421875,41.671875,0.625,19654.614502,4799976.28516,1194739417.28,11.90625,0.661458333333,4536.28125,5.63367586083e-06,Class 3
0.519748263889,3864.23958333,185901.658397,2855.82574463,0.760431519942,1.0,7865.76866814,0.33294144646,0.404964839575,0.00490485297309,0.239122180777,0.0365215247087,1.0,1.0,0.762288411458,23.1510416667,0.697916666667,7895.04288737,1514579.81304,322376288.436,30.4270833333,-0.661458333333,1008.0625,1.43971716443e-05,Class 3
0.360026041667,3696.22916667,975920.306935,5879.64117432,0.770847540814,1.0,19743.0648377,0.444699680998,0.513685721671,0.00499131944444,0.233766584725,0.196970337738,1.0,1.0,0.772623697917,46.3020833333,0.520833333333,19822.3355306,4565257.86437,1099909686.57,29.1041666667,0.0,4032.25,1.37712076598e-05,Class 3
0.372612847222,2520.15625,1558874.19573,7223.55914307,0.843759686919,1.0,26612.5787764,0.439950170192,0.486835198419,0.00569152832031,0.188222739133,0.372835495944,1.0,1.0,0.844970703125,57.546875,0.46875,26710.0598145,6463956.72541,1601111409.73,19.84375,-0.661458333333,6048.375,9.38945976804e-06,Class 3
0.374782986111,2520.15625,1508979.79277,7055.56939697,0.843759686919,1.0,25943.1167054,0.438827371629,0.485712399856,0.00569152832031,0.188222739133,0.371555196467,1.0,1.0,0.844970703125,56.2239583333,0.479166666667,26038.1008301,6293289.64209,1557764637.24,19.84375,-0.661458333333,5880.36458333,9.38945976804e-06,Class 3
0.452690972222,3024.1875,612151.800872,4367.73345947,0.812511624303,1.0,14394.7628952,0.394587309176,0.451030433363,0.00537109375,0.209580773647,0.221946641962,1.0,1.0,0.81396484375,34.3958333333,0.635416666667,14446.7463379,3285270.48756,785648252.452,23.8125,0.0,2856.17708333,1.12673517217e-05,Class 3
0.433376736111,1176.07291667,2005919.20672,8063.50787354,0.927087853895,1.0,31987.3975117,0.392253627546,0.411199213662,0.00669521755642,0.113402515628,0.632990960448,1.0,1.0,0.927652994792,65.484375,0.479166666667,32085.897054,7999991.97141,2012911081.24,9.26041666667,-1.984375,7728.47916667,4.38174789175e-06,Class 3
0.357421875,3864.23958333,930118.669628,5879.64117432,0.760431519942,1.0,19240.1744442,0.444896434356,0.516919827472,0.00490485297309,0.239122180777,0.178073733955,1.0,1.0,0.762288411458,45.640625,0.520833333333,19318.3456217,4415920.22945,1059271420.76,30.4270833333,0.661458333333,3864.23958333,1.43971716443e-05,Class 3
0.533637152778,2352.14583333,462913.58959,3527.784729,0.854175707791,1.0,11721.9626933,0.3499567428,0.393856950501,0.00580512152778,0.180411562259,0.273648699749,1.0,1.0,0.855305989583,27.78125,0.708333333333,11758.9930827,2687951.44401,644773908.288,18.5208333333,0.0,2352.14583333,8.76349578351e-06,Class 3
0.584201388889,2352.14583333,2209370.97073,13439.1797485,0.854175707791,1.0,50606.3257682,0.31796152218,0.361213241984,0.00580512152778,0.180411562259,0.225084951084,1.0,1.0,0.855305989583,104.510416667,0.75,50732.6141764,12586642.2765,3158886712.69,18.5208333333,1.32291666667,12096.75,8.76349578351e-06,Class 3
0.349826388889,3024.1875,1566061.92911,7391.54888916,0.812511624303,1.0,27109.9929924,0.453122635996,0.50906206512,0.00537109375,0.209580773647,0.304190115652,1.0,1.0,0.81396484375,59.53125,0.4375,27213.967041,6527945.0706,1609236929.75,23.8125,-1.32291666667,6048.375,1.12673517217e-05,Class 3
0.353515625,3192.19791667,1321578.75256,6719.58990479,0.80209560343,1.0,23929.0677305,0.450860908203,0.510320656465,0.00527106391059,0.216061813702,0.274755394455,1.0,1.0,0.803629557292,53.578125,0.479166666667,24022.1411947,5695939.10241,1395211573.98,25.1354166667,-0.661458333333,5208.32291667,1.18933157062e-05,Class 3
0.346571180556,3360.20833333,1921443.5216,9575.41558838,0.791679582558,1.0,33469.955063,0.454694404477,0.515587165568,0.00517442491319,0.222245890054,0.260551396012,1.0,1.0,0.793294270833,72.7604166667,0.46875,33597.5360514,8106607.71726,2004774895.51,26.4583333333,2.64583333333,7560.46875,1.25192796907e-05,Class 3
0.371310763889,2856.17708333,1309396.04686,7055.56939697,0.822927645175,1.0,23597.2408833,0.44217307089,0.492104369061,0.00547451443142,0.202790276004,0.3282899614,1.0,1.0,0.824300130208,52.2552083333,0.5,23686.2030436,5653280.20561,1389794560.63,22.4895833333,3.30729166667,5208.32291667,1.06413877371e-05,Class 3
0.364366319444,4536.28125,654371.985591,5207.68218994,0.718767436454,1.0,15891.4040258,0.43230636674,0.516887257915,0.00459289550781,0.258027390402,0.096537172399,1.0,1.0,0.720947265625,40.3489583333,0.541666666667,15958.4680176,3477235.52313,810024812.516,35.71875,0.661458333333,2856.17708333,1.69010275825e-05,Class 3
0.345920138889,4368.27083333,843421.386466,5375.67193604,0.729183457326,1.0,18400.9032778,0.447109564727,0.527241008733,0.00466579861111,0.25366529712,0.132063233648,1.0,1.0,0.731282552083,44.9791666667,0.510416666667,18478.3348796,4138574.40801,980703395.801,34.3958333333,-2.64583333333,3528.21875,1.62750635979e-05,Class 3
0.350911458333,3192.19791667,1928434.35044,9407.42584229,0.80209560343,1.0,33303.7714983,0.452524557579,0.511027463677,0.00527106391059,0.216061813702,0.280069068088,1.0,1.0,0.803629557292,72.0989583333,0.46875,33429.5669759,8085278.26886,2002066388.83,25.1354166667,1.984375,7560.46875,1.18933157062e-05,Class 3
0.349175347222,3528.21875,1175558.71838,6719.58990479,0.781263561686,1.0,22253.4398905,0.452316760227,0.517194339935,0.00508117675781,0.228144150292,0.232448994826,1.0,1.0,0.782958984375,50.9322916667,0.489583333333,22342.2023926,5226596.74925,1270588269.86,27.78125,1.984375,4704.29166667,1.31452436753e-05,Class 3
0.393229166667,2352.14583333,1349439.75429,6719.58990479,0.854175707791,1.0,23769.2247838,0.428530691138,0.471782410943,0.00580512152778,0.180411562259,0.393513539914,1.0,1.0,0.855305989583,51.59375,0.520833333333,23854.2548014,5759958.94374,1425015813.1,18.5208333333,1.32291666667,5376.33333333,8.76349578351e-06,Class 3
0.573567708333,1176.07291667,2376914.53852,12263.2515259,0.927087853895,1.0,48093.7859409,0.322178863256,0.343804723159,0.00669521755642,0.113402515628,0.552192018784,1.0,1.0,0.927652994792,97.234375,0.729166666667,48212.912679,12096001.971,3053233620.99,9.26041666667,-0.661458333333,11760.7291667,4.38174789175e-06,Class 3
0.443359375,1680.10416667,1219900.38736,5879.64117432,0.895839791279,1.0,21768.0342603,0.396727825186,0.428085116401,0.00629340277778,0.145116370467,0.497427258961,1.0,1.0,0.896647135417,46.3020833333,0.583333333333,21838.4605306,5333306.98351,1327488241.43,13.2291666667,0.0,5040.3125,6.25963984536e-06,Class 3
0.508897569444,672.041666667,1232247.8219,5543.66168213,0.958335916512,1.0,21445.8726546,0.341171520437,0.353714436923,0.00712754991319,0.0752220655281,0.73431502587,1.0,1.0,0.958658854167,43.65625,0.635416666667,21502.6050618,5375997.37645,1354583973.87,5.29166666667,0.0,5208.32291667,2.50385593814e-06,Class 3
0.393880208333,3192.19791667,908031.181549,5207.68218994,0.80209560343,1.0,18575.6526419,0.428465798905,0.486968705003,0.00527106391059,0.216061813702,0.250774714767,1.0,1.0,0.803629557292,42.9947916667,0.5625,18646.4693197,4330602.43586,1048437394.06,25.1354166667,-1.984375,3864.23958333,1.18933157062e-05,Class 3
0.347005208333,4200.26041667,889678.726832,5711.65142822,0.739599478198,1.0,18903.6113011,0.447881575578,0.526184301456,0.00474209255642,0.249064535374,0.145254291807,1.0,1.0,0.741617838542,45.640625,0.510416666667,18982.3247884,4287912.04293,1021341661.62,33.0729166667,-0.661458333333,3696.22916667,1.56490996134e-05,Class 3
0.480685763889,2352.14583333,684008.511436,4535.72320557,0.854175707791,1.0,15068.6328075,0.381223675402,0.424475395207,0.00580512152778,0.180411562259,0.33170732415,1.0,1.0,0.855305989583,34.3958333333,0.65625,15118.7880046,3541286.8606,861507770.736,18.5208333333,1.32291666667,3192.19791667,8.76349578351e-06,Class 3
0.389539930556,2352.14583333,1401741.91146,6887.57965088,0.854175707791,1.0,24438.5975462,0.430434145156,0.47368586496,0.00580512152778,0.180411562259,0.395635925131,1.0,1.0,0.855305989583,52.9166666667,0.510416666667,24526.2137858,5930626.02706,1468362585.59,18.5208333333,1.32291666667,5544.34375,8.76349578351e-06,Class 3
0.478515625,2520.15625,642631.258939,4535.72320557,0.843759686919,1.0,14565.4622893,0.382326143526,0.427995714345,0.00569152832031,0.188222739133,0.304033310498,1.0,1.0,0.844970703125,33.734375,0.65625,14614.7980957,3391949.22568,820869504.92,19.84375,1.984375,3024.1875,9.38945976804e-06,Class 3
0.720703125,1344.08333333,2206989.99725,14279.128479,0.916671833023,1.0,55673.7640945,0.23510776736,0.260193600332,0.00655788845486,0.124571284653,0.317046202961,1.0,1.0,0.917317708333,112.447916667,0.84375,55772.4305827,13994669.3359,3532756625.05,10.5833333333,0.0,13608.84375,5.00771187629e-06,Class 3
0.611979166667,2352.14583333,2184205.89683,13775.1592407,0.854175707791,1.0,51955.1580041,0.299003944961,0.342255664766,0.00580512152778,0.180411562259,0.187527583263,1.0,1.0,0.855305989583,107.15625,0.770833333333,52076.5321452,12927976.4431,3245580257.66,18.5208333333,1.32291666667,12432.7708333,8.76349578351e-06,Class 3
0.370008680556,3192.19791667,2064105.65419,10079.3848267,0.80209560343,1.0,36655.394804,0.44173331359,0.501193061852,0.00527106391059,0.216061813702,0.263281341953,1.0,1.0,0.803629557292,78.7135416667,0.520833333333,36789.3618978,8938613.68545,2218800251.28,25.1354166667,0.661458333333,8400.52083333,1.18933157062e-05,Class 3
0.361328125,2688.16666667,1703290.62494,7895.51812744,0.833343666047,1.0,28786.9622197,0.446421467185,0.496593133129,0.00558132595486,0.19567624677,0.349836640785,1.0,1.0,0.834635416667,62.1770833333,0.427083333333,28893.9058431,6997287.42376,1733860233.88,21.1666666667,0.0,6552.40625,1.00154237526e-05,Class 3
0.361979166667,2688.16666667,1657425.11092,7727.52838135,0.833343666047,1.0,28117.3651962,0.44608199772,0.496253663664,0.00558132595486,0.19567624677,0.349413319141,1.0,1.0,0.834635416667,60.8541666667,0.4375,28221.9468587,6826620.34044,1690513461.39,21.1666666667,0.0,6384.39583333,1.00154237526e-05,Class 3
0.321831597222,4536.28125,999933.135562,6383.6104126,0.718767436454,1.0,20574.2700656,0.45970399811,0.544284889285,0.00459289550781,0.258027390402,0.127018627852,1.0,1.0,0.720947265625,49.609375,0.46875,20662.1809082,4671905.10636,1113452219.94,35.71875,0.661458333333,4032.25,1.69010275825e-05,Class 3
0.412543402778,2016.125,1338625.3313,6215.6206665,0.875007749535,1.0,23437.9496624,0.416155106708,0.453026342654,0.00604248046875,0.163629201979,0.448488585088,1.0,1.0,0.8759765625,50.2708333333,0.541666666667,23518.3166504,5717300.04694,1419598799.75,15.875,-1.32291666667,5376.33333333,7.51156781443e-06,Class 3
0.364583333333,2688.16666667,1561942.51313,7391.54888916,0.833343666047,1.0,26778.3183414,0.444721988086,0.49489365403,0.00558132595486,0.19567624677,0.347712360296,1.0,1.0,0.834635416667,58.2083333333,0.458333333333,26878.02889,6485286.1738,1603819916.41,21.1666666667,0.0,6048.375,1.00154237526e-05,Class 3
0.31640625,4368.27083333,1147344.56089,6719.58990479,0.729183457326,1.0,22415.2248898,0.464820480233,0.546349437392,0.00466579861111,0.25366529712,0.147778941437,1.0,1.0,0.731282552083,52.9166666667,0.447916666667,22510.0887858,5162576.90791,1240784030.74,34.3958333333,0.0,4536.28125,1.62750635979e-05,Class 3
0.448133680556,2688.16666667,742657.961451,4871.70269775,0.833343666047,1.0,16070.0123883,0.39919212201,0.448796818442,0.00558132595486,0.19567624677,0.291781828403,1.0,1.0,0.834635416667,37.0416666667,0.625,16126.68514,3754612.84071,910271556.573,21.1666666667,1.32291666667,3360.20833333,1.00154237526e-05,Class 4
0.806640625,840.052083333,2180571.33531,14951.0874634,0.94791989564,1.0,58553.0217379,0.176473661682,0.191696851955,0.00698004828559,0.0888585588427,0.408076911428,1.0,1.0,0.948323567708,117.078125,0.895833333333,58628.318278,14784016.4073,3741364967.48,6.61458333333,0.661458333333,14448.8958333,3.12981992268e-06,Class 4
0.326605902778,4536.28125,949488.592831,6215.6206665,0.718767436454,1.0,19905.2356202,0.456714752643,0.541295643818,0.00459289550781,0.258027390402,0.123703442062,1.0,1.0,0.720947265625,48.2864583333,0.479166666667,19990.2219238,4501238.02304,1070105447.45,35.71875,0.661458333333,3864.23958333,1.69010275825e-05,Class 4
0.397352430556,2520.15625,1196294.28437,6383.6104126,0.843759686919,1.0,21927.0276644,0.427239100811,0.47290867163,0.00569152832031,0.188222739133,0.363383816681,1.0,1.0,0.844970703125,48.2864583333,0.541666666667,22006.3469238,5269287.14218,1297684002.31,19.84375,1.984375,4872.30208333,9.38945976804e-06,Class 4
0.939019097222,336.020833333,2102168.88848,15623.0464478,0.979167958256,1.0,62801.562972,0.0690319183849,0.0690319183849,0.00743272569444,0.0439787514802,0.656502840701,1.0,1.0,0.979329427083,124.354166667,0.96875,62828.1239421,15914697.6454,4036666854.88,2.64583333333,-1.32291666667,15624.96875,1.25192796907e-06,Class 4
0.611762152778,1008.0625,551891.656613,3527.784729,0.937503874768,1.0,12401.232587,0.29884302518,0.316120187114,0.0068359375,0.101534427291,0.592820057766,1.0,1.0,0.93798828125,26.4583333333,0.760416666667,12431.1174316,3029317.10679,753146172.366,7.9375,1.32291666667,2856.17708333,3.75578390722e-06,Class 4
0.771484375,1176.07291667,2174154.39862,14447.1182251,0.927087853895,1.0,57534.7772372,0.200500437925,0.219446024041,0.00669521755642,0.113402515628,0.344550223054,1.0,1.0,0.927652994792,115.755208333,0.875,57620.3384603,14485341.1375,3660088435.84,9.26041666667,-1.984375,14112.875,4.38174789175e-06,Class 4
0.880859375,840.052083333,2099304.56608,15791.0361938,0.94791989564,1.0,61268.1298234,0.113764192714,0.125083047468,0.00698004828559,0.0888585588427,0.176318394536,1.0,1.0,0.948323567708,122.369791667,0.9375,61316.1542155,15466684.7406,3914752057.43,6.61458333333,1.984375,15120.9375,3.12981992268e-06,Class 4
0.534071180556,1176.07291667,833539.891331,4871.70269775,0.927087853895,1.0,16584.9853026,0.343465751224,0.35645303016,0.00669521755642,0.113402515628,0.629857301207,1.0,1.0,0.927652994792,35.0572916667,0.6875,16630.8404134,4074649.05509,1015935313.98,9.26041666667,3.30729166667,3864.23958333,4.38174789175e-06,Class 4
0.287109375,5040.3125,1305620.22134,7559.53863525,0.687519373838,1.0,25088.5703586,0.475457011052,0.569528884697,0.00439453125,0.269734385255,0.102716414179,1.0,1.0,0.68994140625,59.53125,0.375,25197.842041,5759895.95146,1381658374.9,39.6875,0.0,5040.3125,1.87789195361e-05,Class 4
0.269748263889,6216.38541667,1508979.79277,9071.4463501,0.614607227733,1.0,29605.0435392,0.469865866958,0.585826703214,0.00405036078559,0.289524019734,0.0351814571521,1.0,1.0,0.617594401042,70.7760416667,0.364583333333,29733.4204915,6762537.50683,1617351784.07,48.9479166667,0.661458333333,5880.36458333,2.31606674278e-05,Class 4
0.282769097222,5208.32291667,1307056.07378,7559.53863525,0.677103352965,1.0,25255.1580854,0.47614381947,0.573278443434,0.00433519151476,0.273192267512,0.0917967596403,1.0,1.0,0.679606119792,60.1927083333,0.364583333333,25365.8111165,5781225.39986,1384366881.58,41.0104166667,-0.661458333333,5040.3125,1.94048835206e-05,Class 4
0.452039930556,2520.15625,2241404.9045,11759.2822876,0.843759686919,1.0,42700.6800557,0.397926971599,0.441119876434,0.00569152832031,0.188222739133,0.337995339416,1.0,1.0,0.844970703125,89.296875,0.625,42837.0754395,10559966.725,2641433949.48,19.84375,3.30729166667,10080.625,9.38945976804e-06,Class 4
0.656901041667,2184.13541667,168488.919219,2351.85650635,0.864591728663,1.0,6198.62075473,0.269667515117,0.3088518241,0.00592210557726,0.172221803381,0.169237728821,1.0,1.0,0.865641276042,16.5364583333,0.802083333333,6215.35213216,1301285.32907,295291221.697,17.1979166667,1.984375,1008.0625,8.13753179897e-06,Class 4
0.307942708333,4200.26041667,1527584.62052,8231.49761963,0.739599478198,1.0,27603.3851422,0.471669443491,0.549246403705,0.00474209255642,0.249064535374,0.174095220381,1.0,1.0,0.741617838542,62.8385416667,0.375,27717.7915853,6506584.12606,1584849703.98,33.0729166667,1.984375,5880.36458333,1.56490996134e-05,Class 4
0.583550347222,2688.16666667,2167112.46443,13607.1694946,0.833343666047,1.0,50942.6227821,0.313327698024,0.362932394456,0.00558132595486,0.19567624677,0.149188247983,1.0,1.0,0.834635416667,105.833333333,0.75,51068.5523275,12629301.1733,3164303726.03,21.1666666667,1.32291666667,12096.75,1.00154237526e-05,Class 4
0.455512152778,840.052083333,2163245.94066,9071.4463501,0.94791989564,1.0,34338.874013,0.372193229248,0.383512084002,0.00698004828559,0.0888585588427,0.720016857136,1.0,1.0,0.948323567708,69.453125,0.520833333333,34437.7948405,8640001.40789,2180881157.85,6.61458333333,1.984375,8400.52083333,3.12981992268e-06,Class 4
0.592230902778,840.052083333,678860.389869,4031.75396729,0.94791989564,1.0,14244.586342,0.305658809144,0.316977663897,0.00698004828559,0.0888585588427,0.681084903925,1.0,1.0,0.948323567708,29.765625,0.739583333333,14279.0253092,3519988.90834,880477983.161,6.61458333333,1.984375,3360.20833333,3.12981992268e-06,Class 4
0.432291666667,2688.16666667,840124.663925,5375.67193604,0.833343666047,1.0,17408.3942566,0.408541625464,0.456427169425,0.00558132595486,0.19567624677,0.313415089891,1.0,1.0,0.834635416667,39.6875,0.604166666667,17470.6031087,4095947.00735,996965101.552,21.1666666667,2.64583333333,3696.22916667,1.00154237526e-05,Class 4
0.287543402778,6552.40625,701795.912528,6215.6206665,0.593775185989,1.0,17890.3083648,0.450484243554,0.572719674207,0.00398254394531,0.29335054088,0.0143314277764,1.0,1.0,0.596923828125,48.2864583333,0.416666666667,17974.0969238,3733188.9039,842526892.602,51.59375,0.661458333333,2856.17708333,2.44125953969e-05,Class 4
0.314019097222,4536.28125,1099963.12181,6383.6104126,0.718767436454,1.0,21912.4234773,0.464820480233,0.548729623919,0.00459289550781,0.258027390402,0.134465558858,1.0,1.0,0.720947265625,52.2552083333,0.447916666667,22006.098877,5013239.27299,1200145764.92,35.71875,-1.984375,4368.27083333,1.69010275825e-05,Class 4
0.372612847222,4536.28125,607044.243459,5207.68218994,0.718767436454,1.0,15222.4629703,0.427069540918,0.510978684605,0.00459289550781,0.258027390402,0.0929594587587,1.0,1.0,0.720947265625,39.0260416667,0.552083333333,15286.5090332,3306568.43981,766678040.027,35.71875,1.984375,2688.16666667,1.69010275825e-05,Class 4
0.430772569444,2016.125,1172599.67369,5207.68218994,0.875007749535,1.0,21429.8380424,0.408524724562,0.432984255409,0.00604248046875,0.163629201979,0.48888116124,1.0,1.0,0.8759765625,46.3020833333,0.572916666667,21502.4396973,5205298.79699,1289558482.28,15.875,-5.29166666667,4872.30208333,7.51156781443e-06,Class 4
0.353081597222,3024.1875,1469377.91016,7223.55914307,0.812511624303,1.0,25771.1274151,0.451259711824,0.507702836011,0.00537109375,0.209580773647,0.300118338055,1.0,1.0,0.81396484375,56.8854166667,0.458333333333,25870.0490723,6186610.90396,1522543384.78,23.8125,0.0,5712.35416667,1.12673517217e-05,Class 4
0.591362847222,1512.09375,2316266.45447,12767.2207642,0.906255812151,1.0,49771.2537115,0.316047366229,0.344017080791,0.00642395019531,0.135121675094,0.436405773652,1.0,1.0,0.906982421875,101.203125,0.75,49892.7687988,12479995.0345,3145344179.32,11.90625,-0.661458333333,12096.75,5.63367586083e-06,Class 4
0.508029513889,2688.16666667,471160.728976,3863.76422119,0.833343666047,1.0,12054.5641601,0.363504441709,0.41310913814,0.00558132595486,0.19567624677,0.237381466319,1.0,1.0,0.834635416667,29.1041666667,0.6875,12094.9312337,2730610.34081,650190921.636,21.1666666667,1.32291666667,2352.14583333,1.00154237526e-05,Class 4
0.420789930556,4872.30208333,310551.445161,3527.784729,0.69793539471,1.0,10872.8697961,0.385640523137,0.474616932752,0.00445726182726,0.266057131789,0.0315261848746,1.0,1.0,0.700276692708,31.0885416667,0.604166666667,10918.7342936,2154557.75338,468667645.947,38.3645833333,-3.30729166667,1512.09375,1.81529555515e-05,Class 4
0.291883680556,4872.30208333,1303617.95452,7391.54888916,0.69793539471,1.0,24922.043847,0.474493697924,0.565351828692,0.00445726182726,0.266057131789,0.114682255067,1.0,1.0,0.700276692708,58.8697916667,0.385416666667,25029.8729655,5738566.50306,1378949868.23,38.3645833333,-0.661458333333,5040.3125,1.81529555515e-05,Class 4
0.274739583333,5712.35416667,1171456.88091,7391.54888916,0.645855290349,1.0,23747.2573834,0.474359916748,0.580974706879,0.00417751736111,0.282286150453,0.0603159500241,1.0,1.0,0.648600260417,58.2083333333,0.364583333333,23853.84139,5333212.49509,1262452084.13,44.9791666667,0.0,4536.28125,2.12827754742e-05,Class 4
0.612630208333,2184.13541667,268225.609194,2855.82574463,0.864591728663,1.0,8207.90473646,0.301098384862,0.340282693845,0.00592210557726,0.172221803381,0.237895752803,1.0,1.0,0.865641276042,20.5052083333,0.770833333333,8231.22908529,1813286.57902,425331539.166,17.1979166667,1.984375,1512.09375,8.13753179897e-06,Class 4
0.470703125,3360.20833333,2157996.63049,12263.2515259,0.791679582558,1.0,45552.3566937,0.379559586072,0.442274168502,0.00517442491319,0.222245890054,0.150425999524,1.0,1.0,0.793294270833,96.5729166667,0.65625,45692.7977702,11178615.217,2785016800.32,26.4583333333,0.0,10584.65625,1.25192796907e-05,Class 4
0.363932291667,2688.16666667,1607463.40031,7223.55914307,0.833343666047,1.0,27447.8183815,0.445515742384,0.493401286345,0.00558132595486,0.19567624677,0.355590262583,1.0,1.0,0.834635416667,59.53125,0.447916666667,27549.9878743,6655953.25712,1647166688.9,21.1666666667,-2.64583333333,6216.38541667,1.00154237526e-05,Class 4
0.335503472222,3360.20833333,1615231.14498,7727.52838135,0.791679582558,1.0,28111.4461851,0.460442239521,0.52270367485,0.00517442491319,0.222245890054,0.262692350401,1.0,1.0,0.793294270833,62.1770833333,0.40625,28221.8641764,6741271.05071,1658000715.59,26.4583333333,-1.32291666667,6216.38541667,1.25192796907e-05,Class 4
0.311848958333,4200.26041667,1342363.88858,7391.54888916,0.739599478198,1.0,24925.7880154,0.469113812427,0.547416538305,0.00474209255642,0.249064535374,0.169998124507,1.0,1.0,0.741617838542,57.546875,0.416666666667,25029.9556478,5823915.79279,1411462614.02,33.0729166667,0.661458333333,5208.32291667,1.56490996134e-05,Class 4
0.428168402778,2016.125,1177571.88257,5543.66168213,0.875007749535,1.0,21429.8380424,0.408524724562,0.44307904843,0.00604248046875,0.163629201979,0.450538987852,1.0,1.0,0.8759765625,46.3020833333,0.572916666667,21502.4396973,5205298.79699,1289558482.28,15.875,-2.64583333333,4872.30208333,7.51156781443e-06,Class 4
0.506727430556,1512.09375,847358.070679,4367.73345947,0.906255812151,1.0,16916.4403365,0.362443721078,0.388359463979,0.00642395019531,0.135121675094,0.517859425086,1.0,1.0,0.906982421875,36.3802083333,0.666666666667,16966.7785645,4117307.95189,1021352327.33,11.90625,-1.984375,3864.23958333,5.63367586083e-06,Class 4
0.573133680556,2016.125,2263061.06787,12935.2105103,0.875007749535,1.0,49597.801984,0.327367261252,0.36499601071,0.00604248046875,0.163629201979,0.310687092477,1.0,1.0,0.8759765625,101.864583333,0.739583333333,49724.717041,12373316.2963,3110122926.85,15.875,0.0,11928.7395833,7.51156781443e-06,Class 4
0.403862847222,2688.16666667,1045305.14257,5543.66168213,0.833343666047,1.0,20085.1646044,0.423891130954,0.473495827386,0.00558132595486,0.19567624677,0.325158728958,1.0,1.0,0.834635416667,44.9791666667,0.5625,20158.4390462,4778615.34062,1170352191.51,21.1666666667,-1.32291666667,4368.27083333,1.00154237526e-05,Class 4
0.396484375,2184.13541667,1445921.39836,7223.55914307,0.864591728663,1.0,24942.3677631,0.426321705114,0.462622132507,0.00592210557726,0.172221803381,0.437624444717,1.0,1.0,0.865641276042,53.578125,0.510416666667,25030.2036947,6079963.66198,1509000851.41,17.1979166667,3.30729166667,5712.35416667,8.13753179897e-06,Class 4
0.692491319444,1008.0625,2286181.86169,13607.1694946,0.937503874768,1.0,53989.7579318,0.252721574175,0.269998736109,0.0068359375,0.101534427291,0.525170475687,1.0,1.0,0.93798828125,108.479166667,0.822916666667,54092.5744629,13610676.2725,3440646066.72,7.9375,-1.32291666667,13272.8229167,3.75578390722e-06,Class 4
0.788411458333,1176.07291667,2155215.85456,14783.0977173,0.927087853895,1.0,58211.9702994,0.187223994174,0.208849854076,0.00669521755642,0.113402515628,0.256819225247,1.0,1.0,0.927652994792,117.078125,0.885416666667,58292.2974447,14656008.2208,3703435208.33,9.26041666667,-0.661458333333,14280.8854167,4.38174789175e-06,Class 4
0.401475694444,2016.125,1496308.62177,6719.58990479,0.875007749535,1.0,25446.2638155,0.4217278536,0.458599089545,0.00604248046875,0.163629201979,0.454280190145,1.0,1.0,0.8759765625,54.2395833333,0.510416666667,25534.1936035,6229301.2969,1549639117.22,15.875,-1.32291666667,5880.36458333,7.51156781443e-06,Class 4
0.899956597222,840.052083333,2078664.1335,15791.0361938,0.94791989564,1.0,61951.8870226,0.0888585588427,0.104081749116,0.00698004828559,0.0888585588427,0.00660181957961,1.0,1.0,0.948323567708,123.692708333,0.947916666667,61988.1131999,15637351.8239,3958098829.92,6.61458333333,0.661458333333,15288.9479167,3.12981992268e-06,Class 4
0.919053819444,504.03125,2101506.5966,15791.0361938,0.968751937384,1.0,62289.6195061,0.0853978592901,0.0940364402571,0.00727844238281,0.060393337418,0.235014598942,1.0,1.0,0.968994140625,123.692708333,0.958333333333,62324.1340332,15765360.0105,3996028589.07,3.96875,0.661458333333,15456.9583333,1.87789195361e-06,Class 4
0.340711805556,3360.20833333,1425552.76525,7391.54888916,0.791679582558,1.0,25433.6750117,0.457576404715,0.519837840044,0.00517442491319,0.222245890054,0.259755704003,1.0,1.0,0.793294270833,56.8854166667,0.447916666667,25534.0282389,6058602.71744,1484613625.63,26.4583333333,1.32291666667,5544.34375,1.25192796907e-05,Class 4
0.318359375,4872.30208333,907533.591421,6383.6104126,0.69793539471,1.0,19568.9824713,0.45792327432,0.548156176785,0.00445726182726,0.266057131789,0.0992661313298,1.0,1.0,0.700276692708,48.2864583333,0.46875,19654.2010905,4373229.83652,1032175688.31,38.3645833333,1.984375,3696.22916667,1.81529555515e-05,Class 4
0.321397569444,6048.375,549490.476796,5207.68218994,0.625023248605,1.0,15383.5252949,0.434775995701,0.547410786806,0.00408935546875,0.287313263762,0.019203732891,1.0,1.0,0.6279296875,42.3333333333,0.479166666667,15454.3127441,3157199.30875,704361055.112,47.625,-1.32291666667,2352.14583333,2.25347034433e-05,Class 4
0.271484375,5712.35416667,1397571.79198,8231.49761963,0.645855290349,1.0,27094.3477615,0.476555398381,0.583170188512,0.00417751736111,0.282286150453,0.06214380935,1.0,1.0,0.648600260417,64.8229166667,0.333333333333,27213.6363118,6186547.91168,1479185946.58,44.9791666667,0.0,5376.33333333,2.12827754742e-05,Class 4
0.576171875,3864.23958333,2034467.81896,13943.1489868,0.760431519942,1.0,51456.7804156,0.280592660344,0.352616053459,0.00490485297309,0.239122180777,0.000100522582961,1.0,1.0,0.762288411458,109.140625,0.739583333333,51572.3768717,12607940.2287,3139916500.26,30.4270833333,0.661458333333,11928.7395833,1.43971716443e-05,Class 4
0.353515625,3528.21875,1124067.12684,6551.60015869,0.781263561686,1.0,21584.2801741,0.449844084959,0.514721664666,0.00508117675781,0.228144150292,0.229513037832,1.0,1.0,0.782958984375,49.609375,0.5,21670.2434082,5055929.66593,1227241497.37,27.78125,1.984375,4536.28125,1.31452436753e-05,Class 4
0.7734375,1680.10416667,2107184.65825,15455.0567017,0.895839791279,1.0,58043.0575879,0.188088732826,0.210726442333,0.00629340277778,0.145116370467,0.127781570399,1.0,1.0,0.896647135417,117.739583333,0.875,58124.2456868,14549329.4827,3668213955.86,13.2291666667,3.96875,14112.875,6.25963984536e-06,Class 4
0.37890625,2688.16666667,1307269.76149,6719.58990479,0.833343666047,1.0,23431.4028513,0.437294773115,0.486899469547,0.00558132595486,0.19567624677,0.34166036128,1.0,1.0,0.834635416667,51.59375,0.510416666667,23518.2339681,5631950.75721,1387086053.96,21.1666666667,1.32291666667,5208.32291667,1.00154237526e-05,Class 4
0.880425347222,672.041666667,47143.0512436,839.948791504,0.958335916512,1.0,2013.62427089,0.118811589225,0.128987382987,0.00712754991319,0.0752220655281,0.335542199518,1.0,1.0,0.958658854167,5.29166666667,0.9375,2015.79451497,426651.960222,97527571.6745,5.29166666667,1.32291666667,336.020833333,2.50385593814e-06,Class 4
0.404513888889,2016.125,1444804.26587,6719.58990479,0.875007749535,1.0,24776.7981259,0.420094583573,0.457723333031,0.00604248046875,0.163629201979,0.448237083426,1.0,1.0,0.8759765625,52.9166666667,0.520833333333,24862.2346191,6058634.21358,1506292344.73,15.875,0.0,5712.35416667,7.51156781443e-06,Class 4
0.465494791667,1848.11458333,961742.22262,5375.67193604,0.885423770407,1.0,18586.7569149,0.387553579117,0.420172259235,0.00616624620226,0.154605314056,0.45974886174,1.0,1.0,0.886311848958,40.3489583333,0.625,18646.6346842,4501301.01532,1113462885.65,14.5520833333,1.984375,4200.26041667,6.8856038299e-06,Class 4
0.3671875,3024.1875,1261101.40426,7055.56939697,0.812511624303,1.0,23093.8630434,0.444686627545,0.496518113347,0.00537109375,0.209580773647,0.30775930024,1.0,1.0,0.81396484375,51.59375,0.5,23182.2131348,5503942.57069,1349156294.82,23.8125,3.96875,5040.3125,1.12673517217e-05,Class 4
0.527126736111,2016.125,581859.268151,4199.74371338,0.875007749535,1.0,13397.7488415,0.355033541405,0.389587865273,0.00604248046875,0.163629201979,0.384059027074,1.0,1.0,0.8759765625,30.4270833333,0.697916666667,13438.9318848,3157293.79717,769397212.409,15.875,2.64583333333,2856.17708333,7.51156781443e-06,Class 4
0.267578125,6048.375,1175058.19763,7559.53863525,0.625023248605,1.0,24080.8302847,0.474097569749,0.586983818123,0.00408935546875,0.287313263762,0.0445684263053,1.0,1.0,0.6279296875,59.53125,0.34375,24189.779541,5375871.39189,1267869097.48,47.625,0.0,4536.28125,2.25347034433e-05,Class 4
0.347439236111,4200.26041667,889060.942513,6047.63092041,0.739599478198,1.0,18903.6113011,0.447881575578,0.525458535792,0.00474209255642,0.249064535374,0.147852445349,1.0,1.0,0.741617838542,45.640625,0.510416666667,18982.3247884,4287912.04293,1021341661.62,33.0729166667,1.984375,3696.22916667,1.56490996134e-05,Class 4
0.409939236111,2688.16666667,993748.240674,5543.66168213,0.833343666047,1.0,19415.9631785,0.420454901149,0.470626567093,0.00558132595486,0.19567624677,0.315972117006,1.0,1.0,0.834635416667,43.65625,0.572916666667,19486.4800618,4607948.25731,1127005419.02,21.1666666667,0.0,4200.26041667,1.00154237526e-05,Class 4
0.334852430556,5880.36458333,1847638.57305,11087.3233032,0.635439269477,1.0,37990.2486745,0.427862644224,0.537548527526,0.00413174099392,0.284901425874,0.0199385971336,1.0,1.0,0.638264973958,86.6510416667,0.5,38132.9491374,8938550.69317,2175442813.08,46.3020833333,0.661458333333,8064.5,2.19087394588e-05,Class 4
0.304904513889,4872.30208333,1058504.89289,6551.60015869,0.69793539471,1.0,21576.0975326,0.466286729367,0.557144860135,0.00445726182726,0.266057131789,0.106274112252,1.0,1.0,0.700276692708,52.2552083333,0.4375,21670.0780436,4885231.08647,1162216005.78,38.3645833333,-0.661458333333,4200.26041667,1.81529555515e-05,Class 4
0.494791666667,1344.08333333,992874.605342,5375.67193604,0.916671833023,1.0,18759.1656522,0.366205486247,0.386557073771,0.00655788845486,0.124571284653,0.579935819514,1.0,1.0,0.917317708333,39.6875,0.645833333333,18814.6864421,4607979.75344,1148684138.12,10.5833333333,2.64583333333,4368.27083333,5.00771187629e-06,Class 4
0.627821180556,2016.125,2213026.40041,13271.1900024,0.875007749535,1.0,52293.7394227,0.293021729999,0.327576053867,0.00604248046875,0.163629201979,0.275435656737,1.0,1.0,0.8759765625,107.15625,0.78125,52412.5529785,13055984.6296,3283510016.81,15.875,-2.64583333333,12600.78125,7.51156781443e-06,Class 4
0.319661458333,4200.26041667,1193684.03307,6719.58990479,0.739599478198,1.0,22918.0992002,0.464478850911,0.542781576789,0.00474209255642,0.249064535374,0.164707143117,1.0,1.0,0.741617838542,53.578125,0.447916666667,23014.0786947,5311914.54284,1281422296.55,33.0729166667,-0.661458333333,4704.29166667,1.56490996134e-05,Class 4
0.323567708333,3864.23958333,1382106.28506,7727.52838135,0.760431519942,1.0,25262.6340762,0.46551417408,0.535157560996,0.00490485297309,0.239122180777,0.208811215344,1.0,1.0,0.762288411458,57.546875,0.427083333333,25365.9764811,5951923.97931,1449392373.17,30.4270833333,3.30729166667,5376.33333333,1.43971716443e-05,Class 4
0.333550347222,3864.23958333,1185525.48188,6551.60015869,0.760431519942,1.0,22585.6778639,0.45899281402,0.531016207136,0.00490485297309,0.239122180777,0.195343840642,1.0,1.0,0.762288411458,52.2552083333,0.46875,22678.1405436,5269255.64604,1276005283.21,30.4270833333,-0.661458333333,4704.29166667,1.43971716443e-05,Class 4
0.824435763889,840.052083333,2160598.50452,14951.0874634,0.94791989564,1.0,59230.4629204,0.163091389656,0.178314579929,0.00698004828559,0.0888585588427,0.360689117646,1.0,1.0,0.948323567708,118.401041667,0.90625,59300.2772624,14954683.4907,3784711739.96,6.61458333333,-0.661458333333,14616.90625,3.12981992268e-06,Class 4
0.622612847222,1176.07291667,2334624.73121,13439.1797485,0.927087853895,1.0,50785.845201,0.296019124435,0.309006403371,0.00669521755642,0.113402515628,0.586754885105,1.0,1.0,0.927652994792,102.526041667,0.770833333333,50900.7486165,12778670.3043,3226620710.95,9.26041666667,3.30729166667,12432.7708333,4.38174789175e-06,Class 4
0.534071180556,1176.07291667,833539.891331,4871.70269775,0.927087853895,1.0,16584.9853026,0.343465751224,0.35645303016,0.00669521755642,0.113402515628,0.629857301207,1.0,1.0,0.927652994792,35.0572916667,0.6875,16630.8404134,4074649.05509,1015935313.98,9.26041666667,3.30729166667,3864.23958333,4.38174789175e-06,Class 4
0.269748263889,6216.38541667,1508979.79277,9071.4463501,0.614607227733,1.0,29605.0435392,0.469865866958,0.585826703214,0.00405036078559,0.289524019734,0.0351814571521,1.0,1.0,0.617594401042,70.7760416667,0.364583333333,29733.4204915,6762537.50683,1617351784.07,48.9479166667,0.661458333333,5880.36458333,2.31606674278e-05,Class 4
0.282769097222,5208.32291667,1307056.07378,7559.53863525,0.677103352965,1.0,25255.1580854,0.47614381947,0.573278443434,0.00433519151476,0.273192267512,0.0917967596403,1.0,1.0,0.679606119792,60.1927083333,0.364583333333,25365.8111165,5781225.39986,1384366881.58,41.0104166667,-0.661458333333,5040.3125,1.94048835206e-05,Class 4
0.432291666667,2688.16666667,840124.663925,5375.67193604,0.833343666047,1.0,17408.3942566,0.408541625464,0.456427169425,0.00558132595486,0.19567624677,0.313415089891,1.0,1.0,0.834635416667,39.6875,0.604166666667,17470.6031087,4095947.00735,996965101.552,21.1666666667,2.64583333333,3696.22916667,1.00154237526e-05,Class 4
0.314019097222,4536.28125,1099963.12181,6383.6104126,0.718767436454,1.0,21912.4234773,0.464820480233,0.548729623919,0.00459289550781,0.258027390402,0.134465558858,1.0,1.0,0.720947265625,52.2552083333,0.447916666667,22006.098877,5013239.27299,1200145764.92,35.71875,-1.984375,4368.27083333,1.69010275825e-05,Class 4
0.372612847222,4536.28125,607044.243459,5207.68218994,0.718767436454,1.0,15222.4629703,0.427069540918,0.510978684605,0.00459289550781,0.258027390402,0.0929594587587,1.0,1.0,0.720947265625,39.0260416667,0.552083333333,15286.5090332,3306568.43981,766678040.027,35.71875,1.984375,2688.16666667,1.69010275825e-05,Class 4
0.353081597222,3024.1875,1469377.91016,7223.55914307,0.812511624303,1.0,25771.1274151,0.451259711824,0.507702836011,0.00537109375,0.209580773647,0.300118338055,1.0,1.0,0.81396484375,56.8854166667,0.458333333333,25870.0490723,6186610.90396,1522543384.78,23.8125,0.0,5712.35416667,1.12673517217e-05,Class 4
0.274739583333,5712.35416667,1171456.88091,7391.54888916,0.645855290349,1.0,23747.2573834,0.474359916748,0.580974706879,0.00417751736111,0.282286150453,0.0603159500241,1.0,1.0,0.648600260417,58.2083333333,0.364583333333,23853.84139,5333212.49509,1262452084.13,44.9791666667,0.0,4536.28125,2.12827754742e-05,Class 4
0.612630208333,2184.13541667,268225.609194,2855.82574463,0.864591728663,1.0,8207.90473646,0.301098384862,0.340282693845,0.00592210557726,0.172221803381,0.237895752803,1.0,1.0,0.865641276042,20.5052083333,0.770833333333,8231.22908529,1813286.57902,425331539.166,17.1979166667,1.984375,1512.09375,8.13753179897e-06,Class 4
0.611762152778,1008.0625,551891.656613,3527.784729,0.937503874768,1.0,12401.232587,0.29884302518,0.316120187114,0.0068359375,0.101534427291,0.592820057766,1.0,1.0,0.93798828125,26.4583333333,0.760416666667,12431.1174316,3029317.10679,753146172.366,7.9375,1.32291666667,2856.17708333,3.75578390722e-06,Class 4
0.335503472222,3360.20833333,1615231.14498,7727.52838135,0.791679582558,1.0,28111.4461851,0.460442239521,0.52270367485,0.00517442491319,0.222245890054,0.262692350401,1.0,1.0,0.793294270833,62.1770833333,0.40625,28221.8641764,6741271.05071,1658000715.59,26.4583333333,-1.32291666667,6216.38541667,1.25192796907e-05,Class 4
0.428168402778,2016.125,1177571.88257,5543.66168213,0.875007749535,1.0,21429.8380424,0.408524724562,0.44307904843,0.00604248046875,0.163629201979,0.450538987852,1.0,1.0,0.8759765625,46.3020833333,0.572916666667,21502.4396973,5205298.79699,1289558482.28,15.875,-2.64583333333,4872.30208333,7.51156781443e-06,Class 4
0.396484375,2184.13541667,1445921.39836,7223.55914307,0.864591728663,1.0,24942.3677631,0.426321705114,0.462622132507,0.00592210557726,0.172221803381,0.437624444717,1.0,1.0,0.865641276042,53.578125,0.510416666667,25030.2036947,6079963.66198,1509000851.41,17.1979166667,3.30729166667,5712.35416667,8.13753179897e-06,Class 4
0.692491319444,1008.0625,2286181.86169,13607.1694946,0.937503874768,1.0,53989.7579318,0.252721574175,0.269998736109,0.0068359375,0.101534427291,0.525170475687,1.0,1.0,0.93798828125,108.479166667,0.822916666667,54092.5744629,13610676.2725,3440646066.72,7.9375,-1.32291666667,13272.8229167,3.75578390722e-06,Class 4
0.939019097222,336.020833333,2102168.88848,15623.0464478,0.979167958256,1.0,62801.562972,0.0690319183849,0.0690319183849,0.00743272569444,0.0439787514802,0.656502840701,1.0,1.0,0.979329427083,124.354166667,0.96875,62828.1239421,15914697.6454,4036666854.88,2.64583333333,-1.32291666667,15624.96875,1.25192796907e-06,Class 4
0.331814236111,3528.21875,1781611.2103,8567.47711182,0.781263561686,1.0,30956.2783058,0.461843873723,0.527586432605,0.00508117675781,0.228144150292,0.240768529671,1.0,1.0,0.782958984375,68.1302083333,0.427083333333,31077.6691895,7445268.83238,1834096312.22,27.78125,-0.661458333333,6888.42708333,1.31452436753e-05,Class 4
0.635633680556,1344.08333333,398161.55588,2183.86676025,0.916671833023,1.0,10054.5071716,0.291275626474,0.291275626474,0.00655788845486,0.124571284653,0.633429246804,1.0,1.0,0.917317708333,22.4895833333,0.78125,10079.2196452,2389307.67031,585176095.755,10.5833333333,-5.29166666667,2184.13541667,5.00771187629e-06,Class 4
0.343532986111,4536.28125,1959175.01984,10583.3540649,0.718767436454,1.0,37319.0337728,0.445948009425,0.5305289006,0.00459289550781,0.258027390402,0.111720964709,1.0,1.0,0.720947265625,82.6822916667,0.510416666667,37461.1555176,8938582.18931,2197121532.18,35.71875,0.661458333333,8232.51041667,1.69010275825e-05,Class 4
0.403428819444,2520.15625,1141996.2725,6383.6104126,0.843759686919,1.0,21257.7636525,0.424475244995,0.46766814983,0.00569152832031,0.188222739133,0.369751334482,1.0,1.0,0.844970703125,46.9635416667,0.552083333333,21334.3879395,5098620.05886,1254337229.82,19.84375,3.30729166667,4704.29166667,9.38945976804e-06,Class 4
0.323567708333,3864.23958333,1382106.28506,7727.52838135,0.760431519942,1.0,25262.6340762,0.46551417408,0.535157560996,0.00490485297309,0.239122180777,0.208811215344,1.0,1.0,0.762288411458,57.546875,0.427083333333,25365.9764811,5951923.97931,1449392373.17,30.4270833333,3.30729166667,5376.33333333,1.43971716443e-05,Class 4
0.790147569444,1512.09375,2110493.00212,15455.0567017,0.906255812151,1.0,58551.270973,0.178199865727,0.19976691066,0.00642395019531,0.135121675094,0.140608076741,1.0,1.0,0.906982421875,118.401041667,0.885416666667,58628.2355957,14698667.1176,3708852221.68,11.90625,3.30729166667,14280.8854167,5.63367586083e-06,Class 4
0.474175347222,4536.28125,2026733.1462,12935.2105103,0.718767436454,1.0,46733.2439589,0.350248485642,0.434829376817,0.00459289550781,0.258027390402,0.016098758404,1.0,1.0,0.720947265625,101.203125,0.65625,46868.5812988,11327921.3558,2803976347.04,35.71875,0.661458333333,10584.65625,1.69010275825e-05,Class 4
0.650390625,1176.07291667,394557.616746,3359.79498291,0.927087853895,1.0,9888.17386305,0.280825578108,0.280825578108,0.00669521755642,0.113402515628,0.659859048599,1.0,1.0,0.927652994792,21.828125,0.791666666667,9911.25056966,2367978.22191,582467589.082,9.26041666667,4.63020833333,2184.13541667,4.38174789175e-06,Class 4
0.263237847222,6216.38541667,1266828.62588,8063.50787354,0.614607227733,1.0,25586.5529262,0.474493697924,0.590454534179,0.00405036078559,0.289524019734,0.0382513634336,1.0,1.0,0.617594401042,62.8385416667,0.3125,25701.6665853,5738535.00692,1357271149.13,48.9479166667,0.661458333333,4872.30208333,2.31606674278e-05,Class 4
0.396484375,3024.1875,953998.310469,5543.66168213,0.812511624303,1.0,19078.7383411,0.427383338004,0.483826462191,0.00537109375,0.209580773647,0.268739357633,1.0,1.0,0.81396484375,43.65625,0.5625,19150.4592285,4479940.07078,1089075659.88,23.8125,0.0,4032.25,1.12673517217e-05,Class 4
0.364800347222,2688.16666667,1778111.37042,8903.456604,0.833343666047,1.0,30126.3209259,0.446421467185,0.487124642233,0.00558132595486,0.19567624677,0.374079308268,1.0,1.0,0.834635416667,64.8229166667,0.427083333333,30237.8238118,7338621.59039,1820553778.85,21.1666666667,5.29166666667,6888.42708333,1.00154237526e-05,Class 4
0.267578125,6048.375,1175058.19763,7559.53863525,0.625023248605,1.0,24080.8302847,0.474097569749,0.586983818123,0.00408935546875,0.287313263762,0.0445684263053,1.0,1.0,0.6279296875,59.53125,0.34375,24189.779541,5375871.39189,1267869097.48,47.625,0.0,4536.28125,2.25347034433e-05,Class 4
0.304470486111,4536.28125,1250297.53989,7055.56939697,0.718767436454,1.0,23919.9178179,0.470409116118,0.554990007293,0.00459289550781,0.258027390402,0.138789576742,1.0,1.0,0.720947265625,56.2239583333,0.416666666667,24021.9758301,5525240.52295,1330186082.39,35.71875,-0.661458333333,4872.30208333,1.69010275825e-05,Class 4
0.939019097222,336.020833333,22603.9584195,503.969299316,0.979167958256,1.0,1007.3366776,0.0690319183849,0.0690319183849,0.00743272569444,0.0439787514802,0.656502840701,1.0,1.0,0.979329427083,2.64583333333,0.96875,1007.89737956,213325.980109,48763785.8373,2.64583333333,1.32291666667,168.010416667,1.25192796907e-06,Class 4
0.687717013889,1848.11458333,2174429.04245,14111.1387329,0.885423770407,1.0,54826.4667193,0.252721574175,0.287008678475,0.00616624620226,0.154605314056,0.201971308368,1.0,1.0,0.886311848958,111.786458333,0.822916666667,54932.4198405,13717323.5145,3454188600.09,14.5520833333,-0.661458333333,13272.8229167,6.8856038299e-06,Class 4
0.378472222222,3360.20833333,2088472.02612,10751.343811,0.791679582558,1.0,38163.3019583,0.436668695713,0.497561456804,0.00517442491319,0.222245890054,0.23942878377,1.0,1.0,0.793294270833,82.0208333333,0.541666666667,38301.2489421,9301277.30048,2308202302.94,26.4583333333,2.64583333333,8736.54166667,1.25192796907e-05,Class 4
0.283203125,6552.40625,749378.079519,6551.60015869,0.593775185989,1.0,18559.2386262,0.454167645124,0.575938576298,0.00398254394531,0.29335054088,0.0164462589768,1.0,1.0,0.596923828125,49.609375,0.40625,18646.0559082,3903855.98722,885873665.092,51.59375,1.984375,3024.1875,2.44125953969e-05,Class 4
0.290147569444,4872.30208333,1526242.87089,8567.47711182,0.69793539471,1.0,28269.3446638,0.475847037232,0.566079939696,0.00445726182726,0.266057131789,0.11703353114,1.0,1.0,0.700276692708,65.484375,0.364583333333,28389.6678874,6591901.91965,1595683730.68,38.3645833333,1.984375,5880.36458333,1.81529555515e-05,Class 4
0.283203125,6552.40625,749378.079519,6551.60015869,0.593775185989,1.0,18559.2386262,0.454167645124,0.575938576298,0.00398254394531,0.29335054088,0.0164462589768,1.0,1.0,0.596923828125,49.609375,0.40625,18646.0559082,3903855.98722,885873665.092,51.59375,1.984375,3024.1875,2.44125953969e-05,Class 4
0.524956597222,840.052083333,2429549.93038,11255.3130493,0.94791989564,1.0,43731.4793434,0.339175503988,0.354398694261,0.00698004828559,0.0888585588427,0.681781471382,1.0,1.0,0.948323567708,87.9739583333,0.666666666667,43845.2206217,11029340.5743,2787735972.7,6.61458333333,0.661458333333,10752.6666667,3.12981992268e-06,Class 4
0.303168402778,4536.28125,1642697.89035,9239.43609619,0.718767436454,1.0,29945.2447215,0.472783620408,0.553296015917,0.00459289550781,0.258027390402,0.148886675971,1.0,1.0,0.720947265625,68.1302083333,0.395833333333,30069.6066895,7061244.27281,1720307034.8,35.71875,4.63020833333,6384.39583333,1.69010275825e-05,Class 4
0.303168402778,4536.28125,1642697.89035,9239.43609619,0.718767436454,1.0,29945.2447215,0.472783620408,0.553296015917,0.00459289550781,0.258027390402,0.148886675971,1.0,1.0,0.720947265625,68.1302083333,0.395833333333,30069.6066895,7061244.27281,1720307034.8,35.71875,4.63020833333,6384.39583333,1.69010275825e-05,Class 4
0.298394097222,5208.32291667,1731781.87338,9911.39508057,0.677103352965,1.0,32622.6738239,0.46683977017,0.562215226806,0.00433519151476,0.273192267512,0.0861309246149,1.0,1.0,0.679606119792,74.7447916667,0.427083333333,32757.3599447,7658563.31635,1861181378.96,41.0104166667,3.30729166667,6888.42708333,1.94048835206e-05,Class 4
0.342447916667,3360.20833333,1420705.7804,7727.52838135,0.791679582558,1.0,25433.6750117,0.457576404715,0.516156092769,0.00517442491319,0.222245890054,0.269406108603,1.0,1.0,0.793294270833,56.8854166667,0.447916666667,25534.0282389,6058602.71744,1484613625.63,26.4583333333,3.96875,5544.34375,1.25192796907e-05,Class 4
0.405164930556,2184.13541667,1338257.29779,5879.64117432,0.864591728663,1.0,23603.5592218,0.422561421923,0.454331211671,0.00592210557726,0.172221803381,0.449974556637,1.0,1.0,0.865641276042,50.9322916667,0.53125,23686.2857259,5738629.49534,1422307306.43,17.1979166667,-4.63020833333,5376.33333333,8.13753179897e-06,Class 4
0.371310763889,3024.1875,1209388.57044,6887.57965088,0.812511624303,1.0,22424.6248116,0.442437327286,0.494268813088,0.00537109375,0.209580773647,0.305466879389,1.0,1.0,0.81396484375,50.2708333333,0.510416666667,22510.2541504,5333275.48737,1305809522.33,23.8125,3.96875,4872.30208333,1.12673517217e-05,Class 4
0.371310763889,3024.1875,1209388.57044,6887.57965088,0.812511624303,1.0,22424.6248116,0.442437327286,0.494268813088,0.00537109375,0.209580773647,0.305466879389,1.0,1.0,0.81396484375,50.2708333333,0.510416666667,22510.2541504,5333275.48737,1305809522.33,23.8125,3.96875,4872.30208333,1.12673517217e-05,Class 4
0.405598958333,1848.11458333,2067706.13506,9239.43609619,0.885423770407,1.0,33987.9762417,0.417913288027,0.450531968145,0.00616624620226,0.154605314056,0.490505851723,1.0,1.0,0.886311848958,70.7760416667,0.5,34101.6913249,8426643.93163,2110438652.91,14.5520833333,1.984375,8064.5,6.8856038299e-06,Class 4
0.357855902778,3528.21875,2022823.54081,10079.3848267,0.781263561686,1.0,36317.6860142,0.447109564727,0.512852123609,0.00508117675781,0.228144150292,0.222701726504,1.0,1.0,0.782958984375,78.7135416667,0.510416666667,36453.3410645,8810605.49893,2180870492.14,27.78125,0.661458333333,8232.51041667,1.31452436753e-05,Class 4
0.899956597222,504.03125,2122630.17247,15791.0361938,0.968751937384,1.0,61608.8879019,0.104081749116,0.104081749116,0.00727844238281,0.060393337418,0.653851240418,1.0,1.0,0.968994140625,122.369791667,0.947916666667,61652.1750488,15594692.9271,3952681816.58,3.96875,1.984375,15288.9479167,1.87789195361e-06,Class 4
0.337890625,3360.20833333,1564018.44311,8231.49761963,0.791679582558,1.0,27441.9276828,0.460084883102,0.518664571156,0.00517442491319,0.222245890054,0.271004178904,1.0,1.0,0.793294270833,60.8541666667,0.416666666667,27549.9051921,6570603.96739,1614653943.1,26.4583333333,3.96875,6048.375,1.25192796907e-05,Class 4
0.526258680556,2016.125,2295012.29036,12263.2515259,0.875007749535,1.0,46905.8962171,0.355033541405,0.392662290863,0.00604248046875,0.163629201979,0.357901012836,1.0,1.0,0.8759765625,96.5729166667,0.697916666667,47036.8811035,11690647.9631,2936735836.89,15.875,0.0,11256.6979167,7.51156781443e-06,Class 4
0.331814236111,3528.21875,1781611.2103,8567.47711182,0.781263561686,1.0,30956.2783058,0.461843873723,0.527586432605,0.00508117675781,0.228144150292,0.240768529671,1.0,1.0,0.782958984375,68.1302083333,0.427083333333,31077.6691895,7445268.83238,1834096312.22,27.78125,-0.661458333333,6888.42708333,1.31452436753e-05,Class 4
0.338758680556,3528.21875,1328476.99213,7223.55914307,0.781263561686,1.0,24261.0975003,0.45820107196,0.523078651667,0.00508117675781,0.228144150292,0.239213412993,1.0,1.0,0.782958984375,54.9010416667,0.458333333333,24358.0793457,5738597.9992,1400628587.33,27.78125,1.984375,5208.32291667,1.31452436753e-05,Class 4
0.363498263889,2856.17708333,1415364.60193,6887.57965088,0.822927645175,1.0,24935.8836656,0.445651942032,0.49882620435,0.00547451443142,0.202790276004,0.321183565189,1.0,1.0,0.824300130208,54.9010416667,0.479166666667,25030.1210124,5994614.37225,1476488105.61,22.4895833333,-0.661458333333,5544.34375,1.06413877371e-05,Class 4
0.707465277778,1008.0625,2269409.70763,14111.1387329,0.937503874768,1.0,54664.4807875,0.243561790731,0.260838952665,0.0068359375,0.101534427291,0.508477769048,1.0,1.0,0.93798828125,109.802083333,0.833333333333,54764.5334473,13781343.3558,3483992839.21,7.9375,1.32291666667,13440.8333333,3.75578390722e-06,Class 4
0.354817708333,2856.17708333,1658520.4465,7895.51812744,0.822927645175,1.0,28283.1722449,0.450255124077,0.503429386395,0.00547451443142,0.202790276004,0.326486958851,1.0,1.0,0.824300130208,61.515625,0.427083333333,28389.9159342,6847949.78884,1693221968.06,22.4895833333,0.661458333333,6384.39583333,1.06413877371e-05,Class 4
0.333550347222,3864.23958333,1185525.48188,6551.60015869,0.760431519942,1.0,22585.6778639,0.45899281402,0.531016207136,0.00490485297309,0.239122180777,0.195343840642,1.0,1.0,0.762288411458,52.2552083333,0.46875,22678.1405436,5269255.64604,1276005283.21,30.4270833333,-0.661458333333,4704.29166667,1.43971716443e-05,Class 4
0.323133680556,4200.26041667,1143185.28555,6719.58990479,0.739599478198,1.0,22248.9471327,0.462404153722,0.5407068796,0.00474209255642,0.249064535374,0.162309395112,1.0,1.0,0.741617838542,52.2552083333,0.458333333333,22342.1197103,5141247.45952,1238075524.06,33.0729166667,0.661458333333,4536.28125,1.56490996134e-05,Class 4
0.491102430556,2352.14583333,637165.754549,4535.72320557,0.854175707791,1.0,14399.342373,0.375643983807,0.416922732691,0.00580512152778,0.180411562259,0.335505632425,1.0,1.0,0.855305989583,33.0729166667,0.666666666667,14446.8290202,3370619.77728,818160998.246,18.5208333333,2.64583333333,3024.1875,8.76349578351e-06,Class 4
0.383029513889,2856.17708333,1155899.15975,6215.6206665,0.822927645175,1.0,21589.4866919,0.435144821352,0.48831908367,0.00547451443142,0.202790276004,0.308089500173,1.0,1.0,0.824300130208,48.2864583333,0.53125,21670.3260905,5141278.95566,1259754243.16,22.4895833333,0.661458333333,4704.29166667,1.06413877371e-05,Class 4
0.401475694444,2016.125,1496308.62177,6719.58990479,0.875007749535,1.0,25446.2638155,0.4217278536,0.458599089545,0.00604248046875,0.163629201979,0.454280190145,1.0,1.0,0.8759765625,54.2395833333,0.510416666667,25534.1936035,6229301.2969,1549639117.22,15.875,-1.32291666667,5880.36458333,7.51156781443e-06,Class 4
0.396050347222,2016.125,1599028.90362,7223.55914307,0.875007749535,1.0,26785.2936831,0.424331253185,0.461960002643,0.00604248046875,0.163629201979,0.453273684238,1.0,1.0,0.8759765625,56.8854166667,0.489583333333,26878.1115723,6570635.46353,1636332662.2,15.875,0.0,6216.38541667,7.51156781443e-06,Class 4
0.427300347222,1512.09375,1534736.61837,6887.57965088,0.906255812151,1.0,25619.5908606,0.40205090394,0.430020618502,0.00642395019531,0.135121675094,0.546986701269,1.0,1.0,0.906982421875,53.578125,0.53125,25702.2453613,6335980.03502,1584860369.69,11.90625,0.661458333333,6048.375,5.63367586083e-06,Class 4
0.806423611111,1008.0625,2158010.75078,15119.0772095,0.937503874768,1.0,58720.993915,0.175562751013,0.192839912947,0.0068359375,0.101534427291,0.327630734564,1.0,1.0,0.93798828125,117.739583333,0.895833333333,58796.2873535,14805345.8557,3744073474.15,7.9375,1.32291666667,14448.8958333,3.75578390722e-06,Class 4
0.84375,1344.08333333,2074333.647,15455.0567017,0.916671833023,1.0,60423.1200643,0.124571284653,0.149657117625,0.00655788845486,0.124571284653,0.0104625341786,1.0,1.0,0.917317708333,121.708333333,0.916666666667,60476.1434733,15189338.9192,3836184032.48,10.5833333333,0.0,14784.9166667,5.00771187629e-06,Class 4
0.880425347222,504.03125,2143775.82647,15455.0567017,0.968751937384,1.0,60929.5243483,0.12034880202,0.128987382987,0.00727844238281,0.060393337418,0.466528552988,1.0,1.0,0.968994140625,121.046875,0.9375,60980.2160645,15424025.8438,3909335044.09,3.96875,0.661458333333,15120.9375,1.87789195361e-06,Class 4
0.323567708333,3864.23958333,1770823.68215,9239.43609619,0.760431519942,1.0,31288.8389636,0.46551417408,0.535157560996,0.00490485297309,0.239122180777,0.208811215344,1.0,1.0,0.762288411458,69.453125,0.427083333333,31413.6073405,7487927.72918,1839513325.57,30.4270833333,3.30729166667,6888.42708333,1.43971716443e-05,Class 4
0.704210069444,1512.09375,2201953.46083,14279.128479,0.906255812151,1.0,55165.8108943,0.245280943202,0.273250657764,0.00642395019531,0.135121675094,0.290959327924,1.0,1.0,0.906982421875,111.786458333,0.833333333333,55268.4406738,13845331.701,3492118359.23,11.90625,0.661458333333,13440.8333333,5.63367586083e-06,Class 4
0.899956597222,840.052083333,2078664.1335,15791.0361938,0.94791989564,1.0,61951.8870226,0.0888585588427,0.104081749116,0.00698004828559,0.0888585588427,0.00660181957961,1.0,1.0,0.948323567708,123.692708333,0.947916666667,61988.1131999,15637351.8239,3958098829.92,6.61458333333,0.661458333333,15288.9479167,3.12981992268e-06,Class 4
0.366536458333,2856.17708333,1364210.32572,6719.58990479,0.822927645175,1.0,24266.5461152,0.444031334158,0.497205596476,0.00547451443142,0.202790276004,0.319217763469,1.0,1.0,0.824300130208,53.578125,0.489583333333,24358.162028,5823947.28893,1433141333.12,22.4895833333,-0.661458333333,5376.33333333,1.06413877371e-05,Class 4
0.363498263889,2856.17708333,1415364.60193,6887.57965088,0.822927645175,1.0,24935.8836656,0.445651942032,0.49882620435,0.00547451443142,0.202790276004,0.321183565189,1.0,1.0,0.824300130208,54.9010416667,0.479166666667,25030.1210124,5994614.37225,1476488105.61,22.4895833333,-0.661458333333,5544.34375,1.06413877371e-05,Class 4
0.336588541667,4200.26041667,990036.646549,6383.6104126,0.739599478198,1.0,20241.6744581,0.454540302406,0.53211726262,0.00474209255642,0.249064535374,0.155562494592,1.0,1.0,0.741617838542,48.2864583333,0.489583333333,20326.2427572,4629246.20956,1108035206.6,33.0729166667,1.984375,4032.25,1.56490996134e-05,Class 4
0.720703125,2016.125,78461.2541568,1511.90777588,0.875007749535,1.0,4021.71807432,0.222179303395,0.259808052853,0.00604248046875,0.163629201979,0.077228892611,1.0,1.0,0.8759765625,11.90625,0.84375,4031.50610352,767954.630718,162542397.555,15.875,0.0,504.03125,7.51156781443e-06,Class 4
0.349826388889,3024.1875,1566061.92911,7727.52838135,0.812511624303,1.0,27109.9929924,0.453122635996,0.50906206512,0.00537109375,0.209580773647,0.304190115652,1.0,1.0,0.81396484375,59.53125,0.4375,27213.967041,6527945.0706,1609236929.75,23.8125,1.32291666667,6048.375,1.12673517217e-05,Class 4
0.788411458333,1176.07291667,2155215.85456,14783.0977173,0.927087853895,1.0,58211.9702994,0.187223994174,0.208849854076,0.00669521755642,0.113402515628,0.256819225247,1.0,1.0,0.927652994792,117.078125,0.885416666667,58292.2974447,14656008.2208,3703435208.33,9.26041666667,-0.661458333333,14280.8854167,4.38174789175e-06,Class 4
0.413411458333,2856.17708333,897173.503181,5375.67193604,0.822927645175,1.0,18243.5757901,0.418355593413,0.471529855731,0.00547451443142,0.202790276004,0.285868276713,1.0,1.0,0.824300130208,41.671875,0.583333333333,18310.5311686,4287943.53907,1043020380.72,22.4895833333,0.661458333333,3864.23958333,1.06413877371e-05,Class 4
0.807508680556,672.041666667,2203186.33285,14951.0874634,0.958335916512,1.0,58385.9021012,0.175562751013,0.185738544775,0.00712754991319,0.0752220655281,0.553653026121,1.0,1.0,0.958658854167,116.416666667,0.895833333333,58460.3492025,14762686.9589,3738656460.8,5.29166666667,1.32291666667,14448.8958333,2.50385593814e-06,Class 4
0.404513888889,2016.125,1444804.26587,6719.58990479,0.875007749535,1.0,24776.7981259,0.420094583573,0.457723333031,0.00604248046875,0.163629201979,0.448237083426,1.0,1.0,0.8759765625,52.9166666667,0.520833333333,24862.2346191,6058634.21358,1506292344.73,15.875,0.0,5712.35416667,7.51156781443e-06,Class 4
0.576171875,3864.23958333,2034467.81896,13943.1489868,0.760431519942,1.0,51456.7804156,0.280592660344,0.352616053459,0.00490485297309,0.239122180777,0.000100522582961,1.0,1.0,0.762288411458,109.140625,0.739583333333,51572.3768717,12607940.2287,3139916500.26,30.4270833333,0.661458333333,11928.7395833,1.43971716443e-05,Class 4
0.861328125,672.041666667,72210.2725285,839.948791504,0.958335916512,1.0,2684.61227356,0.135028375531,0.147571292017,0.00712754991319,0.0752220655281,0.33925629744,1.0,1.0,0.958658854167,6.61458333333,0.927083333333,2687.75349935,597319.04354,140874344.164,5.29166666667,0.0,504.03125,2.50385593814e-06,Class 4
0.355685763889,2856.17708333,1829878.50962,8399.48736572,0.822927645175,1.0,30961.9306322,0.449796590846,0.502970853164,0.00547451443142,0.202790276004,0.326013918,1.0,1.0,0.824300130208,66.8072916667,0.4375,31077.7518717,7530618.12211,1866609058.02,22.4895833333,-0.661458333333,7056.4375,1.06413877371e-05,Class 4
0.483506944444,3024.1875,2191820.18225,12095.2617798,0.812511624303,1.0,45889.8871345,0.375643983807,0.431583412931,0.00537109375,0.209580773647,0.198498096453,1.0,1.0,0.81396484375,96.5729166667,0.666666666667,46028.8186035,11306623.4035,2822946559.46,23.8125,-1.32291666667,10752.6666667,1.12673517217e-05,Class 4
0.900390625,840.052083333,2078620.1771,15959.0259399,0.94791989564,1.0,61951.8870226,0.0888585588427,0.100177413597,0.00698004828559,0.0888585588427,0.00769684238884,1.0,1.0,0.948323567708,123.692708333,0.947916666667,61988.1131999,15637351.8239,3958098829.92,6.61458333333,1.984375,15288.9479167,3.12981992268e-06,Class 4
0.466145833333,1344.08333333,1206532.9724,5711.65142822,0.916671833023,1.0,21437.1078003,0.380008929246,0.405094762218,0.00655788845486,0.124571284653,0.564949922027,1.0,1.0,0.917317708333,44.9791666667,0.604166666667,21502.5223796,5290648.08672,1322071228.08,10.5833333333,0.0,5040.3125,5.00771187629e-06,Class 4
0.422092013889,2016.125,1232094.61353,6215.6206665,0.875007749535,1.0,22099.1911961,0.411301695283,0.448172931229,0.00604248046875,0.163629201979,0.443144550755,1.0,1.0,0.8759765625,47.625,0.5625,22174.3986816,5375965.88031,1332905254.77,15.875,1.32291666667,5040.3125,7.51156781443e-06,Class 4
