0.630399474311,11.8838028169,1009.18403243,44.2360805458,0.947416801695,1.0,164.460971445,0.285488277429,0.301355110488,0.0523403404582,0.0897805505876,0.614355547044,1.0,1.0,0.95048415493,2.99471830986,0.773943661972,166.31756162,4793.07589679,140585.623016,0.792253521127,-0.0211267605634,38.9788732394,0.00018275744432,Class 1
0.425279458441,18.4595070423,3631.17123984,107.323888644,0.9183207653,1.0,404.760954375,0.399278800417,0.423936258026,0.0491798347302,0.123222002774,0.590625520652,1.0,1.0,0.923085387324,7.24383802817,0.476056338028,412.564480634,12052.84375,356028.317682,1.23063380282,-0.0290492957746,99.4278169014,0.000283883230177,Class 1
0.592854344376,10.2992957746,1353.5574857,52.721115757,0.954427894802,1.0,200.32124057,0.30229094027,0.315954979859,0.0531338338127,0.0807269970648,0.679815885348,1.0,1.0,0.957086267606,3.58098591549,0.73838028169,202.784991197,5905.93015515,174179.817201,0.68661971831,-0.0369718309859,48.5651408451,0.000158389785077,Class 1
0.468271672287,20.7570422535,2151.76020736,75.583571743,0.908154680294,1.0,276.494793682,0.381463025225,0.409234102289,0.0481258988792,0.133641478045,0.528101462937,1.0,1.0,0.913512323944,5.08098591549,0.61514084507,281.577244718,8105.64384353,237601.599441,1.3838028169,0.0,65.8362676056,0.000319216336079,Class 1
0.630399474311,11.8838028169,1009.18403243,44.2360805458,0.947416801695,1.0,164.460971445,0.285488277429,0.301355110488,0.0523403404582,0.0897805505876,0.614355547044,1.0,1.0,0.95048415493,2.99471830986,0.773943661972,166.31756162,4793.07589679,140585.623016,0.792253521127,-0.0211267605634,38.9788732394,0.00018275744432,Class 1
0.592854344376,10.2992957746,1353.5574857,52.721115757,0.954427894802,1.0,200.32124057,0.30229094027,0.315954979859,0.0531338338127,0.0807269970648,0.679815885348,1.0,1.0,0.957086267606,3.58098591549,0.73838028169,202.784991197,5905.93015515,174179.817201,0.68661971831,-0.0369718309859,48.5651408451,0.000158389785077,Class 1
0.495246230907,17.1126760563,2010.8426298,71.5767495599,0.924280194441,1.0,263.177395855,0.363339209974,0.38619903814,0.0498097785658,0.116838374549,0.580967103245,1.0,1.0,0.928697183099,4.78521126761,0.642957746479,267.623019366,7742.50651959,227552.526708,1.14084507042,0.0264084507042,63.2218309859,0.000263170719821,Class 1
0.683262249554,11.4084507042,4385.12252818,187.146071743,0.949520129627,1.0,731.912754317,0.255329182978,0.27055867586,0.0525770866396,0.0871123483072,0.585399535212,1.0,1.0,0.952464788732,12.6021126761,0.814788732394,738.432878521,21892.332664,651530.184058,0.760563380282,-0.0211267605634,183.327464789,0.000175447146547,Class 1
0.425279458441,18.4595070423,3631.17123984,107.323888644,0.9183207653,1.0,404.760954375,0.399278800417,0.423936258026,0.0491798347302,0.123222002774,0.590625520652,1.0,1.0,0.923085387324,7.24383802817,0.476056338028,412.564480634,12052.84375,356028.317682,1.23063380282,-0.0290492957746,99.4278169014,0.000283883230177,Class 1
0.768084953382,2.45598591549,4361.63773365,194.609760123,0.989132805684,1.0,773.913535531,0.185840511364,0.189004496976,0.0572442068786,0.0261302950026,0.859629853413,1.0,1.0,0.989766725352,13.1012323944,0.867957746479,777.082966549,23179.0684969,691935.781728,0.163732394366,-0.018485915493,195.290492958,3.77698718261e-05,Class 1
0.626224459433,11.5669014085,1049.20624862,44.7860365317,0.948819020317,1.0,168.798808722,0.2872324806,0.302497825903,0.0524980472624,0.0880061470396,0.629876607936,1.0,1.0,0.951804577465,3.06338028169,0.770070422535,170.719850352,4929.27071413,144723.978017,0.771126760563,-0.0528169014085,40.1672535211,0.000177883912471,Class 1
0.895233584606,4.43661971831,3994.37513441,213.229698504,0.9803689393,1.0,849.168051832,0.107479666623,0.113410006744,0.0561775627356,0.0421008511579,0.573742117062,1.0,1.0,0.981514084507,14.3292253521,0.945422535211,848.167913732,25273.5553202,754073.976394,0.295774647887,0.00528169014085,212.720070423,6.82294458794e-05,Class 1
0.663207448919,11.3292253521,832.565884006,38.8150858275,0.949870684283,1.0,143.598292108,0.266589236389,0.281720522495,0.0526166528219,0.0866637745749,0.604440516677,1.0,1.0,0.952794894366,2.62764084507,0.799647887324,145.03102993,4165.30930898,121952.784066,0.755281690141,-0.018485915493,33.75,0.000174228763585,Class 1
0.414180222178,26.6197183099,2721.37177678,90.6680787852,0.882213635797,1.0,327.002486695,0.414123704802,0.449693906437,0.0455546704523,0.157885119678,0.465599848311,1.0,1.0,0.889084507042,6.05809859155,0.536971830986,333.852772887,9580.93131052,280389.409328,1.77464788732,0.0369718309859,77.5616197183,0.000409376675277,Class 1
0.353536252728,40.4841549296,3554.77488274,115.887488996,0.820866571108,1.0,416.322823769,0.450979315043,0.505077510097,0.0401493844227,0.204677206679,0.319679971435,1.0,1.0,0.831316021127,7.84595070423,0.433098591549,426.365536972,12140.3055678,353808.547601,2.69894366197,-0.0554577464789,97.4471830986,0.00062259369365,Class 1
0.463554354295,25.1936619718,1917.1578453,71.8124449824,0.888523619594,1.0,257.731572844,0.38791277047,0.421615803106,0.0461644824936,0.152271536682,0.456389209727,1.0,1.0,0.895026408451,4.83802816901,0.621478873239,262.684639085,7475.77951695,217810.912216,1.67957746479,-0.0105633802817,59.9735915493,0.000387445781958,Class 1
0.425279458441,18.4595070423,3631.17123984,107.323888644,0.9183207653,1.0,404.760954375,0.399278800417,0.423936258026,0.0491798347302,0.123222002774,0.590625520652,1.0,1.0,0.923085387324,7.24383802817,0.476056338028,412.564480634,12052.84375,356028.317682,1.23063380282,-0.0290492957746,99.4278169014,0.000283883230177,Class 1
0.663207448919,11.3292253521,832.565884006,38.8150858275,0.949870684283,1.0,143.598292108,0.266589236389,0.281720522495,0.0526166528219,0.0866637745749,0.604440516677,1.0,1.0,0.952794894366,2.62764084507,0.799647887324,145.03102993,4165.30930898,121952.784066,0.755281690141,-0.018485915493,33.75,0.000174228763585,Class 1
0.540849285856,10.8538732394,1837.48092519,64.7415823063,0.951974012215,1.0,246.040148859,0.329497319132,0.343973597504,0.0528547008282,0.083948417785,0.689612067511,1.0,1.0,0.954775528169,4.37588028169,0.684154929577,249.526628521,7294.18139305,215532.133401,0.723591549296,-0.0237676056338,60.2112676056,0.000166918465812,Class 1
0.613949365205,9.9823943662,1201.6764174,48.4785981514,0.955830113424,1.0,184.637144423,0.290750580283,0.30390884997,0.0532940202837,0.0788592543198,0.678340440583,1.0,1.0,0.958406690141,3.30633802817,0.757394366197,186.76034331,5431.85951254,160086.492927,0.665492957746,-0.0475352112676,44.6038732394,0.000153516253229,Class 1
0.481698323745,19.014084507,2072.72258627,72.6766615317,0.915866882712,1.0,269.13899981,0.372669287368,0.398045963895,0.0489230497421,0.125789677112,0.553302909016,1.0,1.0,0.920774647887,4.92253521127,0.629577464789,273.892385563,7901.76235145,231893.083541,1.2676056338,-0.0369718309859,64.3309859155,0.000292411910912,Class 1
0.532900218211,14.5774647887,1704.38415681,62.8560189261,0.935497943413,1.0,235.16086373,0.34062573487,0.360069205718,0.0510198559314,0.104206989624,0.61207798238,1.0,1.0,0.93926056338,4.25704225352,0.683802816901,238.732174296,6916.77038402,203439.942531,0.971830985915,-0.0316901408451,56.5669014085,0.000224182465032,Class 1
0.549875272763,14.4982394366,1532.15012392,58.7706316021,0.935848498068,1.0,219.113579328,0.331901923154,0.351248692306,0.0510581822803,0.103798301495,0.604081324525,1.0,1.0,0.939590669014,3.97975352113,0.702464788732,222.31272007,6427.39909771,188837.360211,0.966549295775,-0.0290492957746,52.4471830986,0.00022296408207,Class 1
0.508685528665,19.4894366197,1693.89261809,64.1916263204,0.91376355478,1.0,235.81629325,0.359574160142,0.385569668936,0.0487041571613,0.127963360096,0.528848265194,1.0,1.0,0.918794014085,4.3573943662,0.666197183099,239.791153169,6875.95892936,201142.905861,1.29929577465,-0.0422535211268,55.6161971831,0.000299722208685,Class 1
0.492782929974,11.3292253521,2502.76001542,78.9618727993,0.949870684283,1.0,303.021046891,0.353692877059,0.368613721258,0.0526166528219,0.0866637745749,0.700497079363,1.0,1.0,0.952794894366,5.36355633803,0.617253521127,307.818001761,9028.65558979,267245.243518,0.755281690141,-0.0554577464789,74.7887323944,0.000174228763585,Class 1
0.519909492164,17.2711267606,1693.9500274,63.405974912,0.92357908513,1.0,235.080334937,0.351167135246,0.374184498285,0.0497352025888,0.117600585875,0.56498977814,1.0,1.0,0.928036971831,4.30457746479,0.674647887324,238.866857394,6881.06401298,201782.16615,1.1514084507,-0.0422535211268,55.9330985915,0.000265607485745,Class 1
0.573403342591,11.0123239437,1489.31768026,56.5708076585,0.951272902904,1.0,213.88014485,0.313659880035,0.328348803202,0.0527752275094,0.0848581431718,0.670620975161,1.0,1.0,0.954115316901,3.82658450704,0.720422535211,216.685079225,6310.68579445,186115.436988,0.734154929577,-0.0237676056338,51.8926056338,0.000169355231736,Class 1
0.528932007538,7.28873239437,2243.37998809,72.3624009683,0.967748971706,1.0,280.206163863,0.32570612278,0.335337780032,0.0546756285955,0.0620907169045,0.779360285418,1.0,1.0,0.96963028169,4.89612676056,0.657394366197,284.046434859,8378.06269256,248695.35508,0.485915492958,-0.0316901408451,69.7975352113,0.000112091232516,Class 1
0.576280251934,6.2588028169,1722.61349282,60.5776298415,0.972306182226,1.0,234.365094764,0.299837621049,0.308163855765,0.0552133598244,0.0551856326728,0.790616611376,1.0,1.0,0.97392165493,4.09066901408,0.71338028169,237.151628521,6992.24664393,207520.092853,0.417253521127,-0.018485915493,58.2306338028,9.62522540085e-05,Class 1
0.600236064273,13.6267605634,1146.79246527,48.4000330106,0.939704599277,1.0,180.200293561,0.304332314518,0.322449742554,0.0514818178437,0.0992427503919,0.593906375031,1.0,1.0,0.943221830986,3.29577464789,0.75,182.487455986,5250.45227223,153867.297999,0.908450704225,-0.0422535211268,42.6232394366,0.000209561869487,Class 1
0.617493552866,7.13028169014,1302.83575561,50.2855963908,0.968450081017,1.0,194.129166143,0.282047727145,0.291420218451,0.0547580155227,0.0610483633278,0.753741344172,1.0,1.0,0.970290492958,3.41725352113,0.756338028169,196.211927817,5756.29772777,170404.900085,0.475352112676,-0.0369718309859,47.6936619718,0.000109654466592,Class 1
0.392424866098,43.8116197183,1817.7122334,77.1548745599,0.806143275583,1.0,256.355437971,0.42926060932,0.487845547953,0.0389933637919,0.214104003404,0.253909206496,1.0,1.0,0.817451584507,5.14700704225,0.559507042254,262.450924296,7194.19206646,205313.298728,2.92077464789,0.0396126760563,55.2992957746,0.000673765778059,Class 1
0.614724509026,12.4383802817,1092.51105312,46.5144696303,0.944962919108,1.0,173.897110901,0.294801896308,0.311333599076,0.0520655468905,0.0928445688474,0.613179601459,1.0,1.0,0.948173415493,3.16637323944,0.761267605634,175.976452465,5073.46060739,148840.429148,0.829225352113,-0.0396126760563,41.2764084507,0.000191286125055,Class 1
0.596245288633,13.9436619718,1162.83481262,49.0285541373,0.938302380656,1.0,182.023905871,0.306910137608,0.325480278631,0.0513273346062,0.100912215771,0.588419833586,1.0,1.0,0.941901408451,3.33274647887,0.746830985915,184.370378521,5302.03144256,155338.690468,0.929577464789,-0.0369718309859,43.0193661972,0.000214435401335,Class 1
0.586082870462,23.6091549296,860.021797895,44.3932108275,0.895534712701,1.0,152.6553046,0.319818706268,0.351396419079,0.0468538298453,0.145827957941,0.384174080338,1.0,1.0,0.901628521127,3.0,0.747535211268,154.90647007,4279.22075814,122661.401983,1.57394366197,-0.0158450704225,33.1954225352,0.000363078122716,Class 1
0.595787542154,19.1725352113,958.026798928,45.1002970951,0.915165773401,1.0,161.829824932,0.312481657736,0.338030342323,0.0488499615652,0.126516994346,0.470618427522,1.0,1.0,0.92011443662,3.07922535211,0.752112676056,164.056998239,4618.03540383,133756.98063,1.27816901408,-0.0475352112676,36.6021126761,0.000294848676836,Class 1
0.586194951399,7.20950704225,1569.80541741,57.1207636444,0.968099526362,1.0,220.399082523,0.297922120352,0.307465883756,0.0547168065612,0.06157040817,0.762565145707,1.0,1.0,0.969960387324,3.86883802817,0.726056338028,223.001980634,6555.49609375,194263.565729,0.480633802817,-0.0290492957746,54.4278169014,0.000110872849554,Class 1
0.378985320373,47.3767605634,1822.32122966,78.09765625,0.790368316091,1.0,258.356386416,0.435664741122,0.499050123135,0.0378154446042,0.223532304223,0.224650251267,1.0,1.0,0.802596830986,5.24471830986,0.545070422535,264.699603873,7208.78859485,204967.099743,3.15845070423,0.00528169014085,54.9823943662,0.000728593011355,Class 1
0.626224459433,11.5669014085,1049.20624862,44.7860365317,0.948819020317,1.0,168.798808722,0.2872324806,0.302497825903,0.0524980472624,0.0880061470396,0.629876607936,1.0,1.0,0.951804577465,3.06338028169,0.770070422535,170.719850352,4929.27071413,144723.978017,0.771126760563,-0.0528169014085,40.1672535211,0.000177883912471,Class 1
0.403694951399,38.9788732394,1933.63946293,77.5477002641,0.82752710956,1.0,264.528640696,0.423838147973,0.475985928286,0.0406903082226,0.200203568241,0.302202295037,1.0,1.0,0.837588028169,5.20246478873,0.566549295775,270.58340669,7508.43472161,215761.708128,2.5985915493,0.0105633802817,58.5475352113,0.000599444417369,Class 1
0.584585647689,11.7253521127,1355.17740351,53.0353763204,0.948117911006,1.0,200.970578596,0.309376751224,0.324856946828,0.0524191318687,0.0888955289822,0.650697178447,1.0,1.0,0.951144366197,3.61795774648,0.732746478873,203.558758803,5908.01328675,173929.142657,0.781690140845,-0.0528169014085,48.4066901408,0.000180320678396,Class 1
0.646707250546,9.90316901408,981.562261627,42.3505171655,0.956180668079,1.0,160.51445598,0.273241459961,0.28631369441,0.053334144391,0.0783891672541,0.660902849549,1.0,1.0,0.958736795775,2.89172535211,0.785211267606,162.170114437,4698.38204225,138191.238897,0.660211267606,-0.0448943661972,38.4242957746,0.000152297870267,Class 1
0.4675037195,25.1144366197,1867.97921275,70.9482284331,0.888874174249,1.0,253.373010406,0.385808453126,0.419407165615,0.0461986554007,0.151954604421,0.454933826245,1.0,1.0,0.895356514085,4.76144366197,0.62676056338,258.207086268,7343.17880722,213866.850087,1.67429577465,0.00792253521127,58.8644366197,0.000386227398996,Class 1
0.367199960325,40.7218309859,2557.87605937,90.8252090669,0.819814907142,1.0,319.589619111,0.443703390108,0.498051623453,0.0400649982642,0.205371428238,0.308488021642,1.0,1.0,0.830325704225,6.18485915493,0.497183098592,327.292913732,9176.95331756,265226.254288,2.71478873239,-0.0792253521127,72.411971831,0.000626248842536,Class 1
0.895233584606,4.43661971831,3994.37513441,213.229698504,0.9803689393,1.0,849.168051832,0.107479666623,0.113410006744,0.0561775627356,0.0421008511579,0.573742117062,1.0,1.0,0.981514084507,14.3292253521,0.945422535211,848.167913732,25273.5553202,754073.976394,0.295774647887,0.00528169014085,212.720070423,6.82294458794e-05,Class 1
0.647930222178,14.5774647887,806.363508333,39.05078125,0.935497943413,1.0,141.934905028,0.279199972613,0.298643443462,0.0510198559314,0.104206989624,0.531113376328,1.0,1.0,0.93926056338,2.65669014085,0.790492957746,143.511223592,4071.99447073,118452.268372,0.971830985915,-0.0316901408451,32.5616197183,0.000224182465032,Class 1
0.483358956556,31.2147887324,1358.17608438,61.2847161092,0.861881465786,1.0,208.621954576,0.379570860678,0.421321051952,0.04365803536,0.174871158813,0.346574814153,1.0,1.0,0.869938380282,4.0985915493,0.657394366197,212.667033451,5892.66882152,169194.316155,2.08098591549,0.0211267605634,45.8714788732,0.00048004288708,Class 1
0.537113667923,17.1126760563,1521.35915319,59.0848921655,0.924280194441,1.0,218.975186272,0.342146395261,0.364899838208,0.0498097785658,0.116838374549,0.558583726513,1.0,1.0,0.928697183099,4.02464788732,0.693661971831,222.369498239,6390.53380832,187162.344929,1.14084507042,-0.0528169014085,51.8133802817,0.000263170719821,Class 1
0.546720144813,13.389084507,1623.7435578,60.6561949824,0.940756263243,1.0,227.354125007,0.331651967801,0.34952870848,0.051598005728,0.0979807316017,0.629701974914,1.0,1.0,0.944212147887,4.10123239437,0.696830985915,230.649867958,6692.83522227,197010.636812,0.892605633803,-0.0237676056338,54.823943662,0.0002059067206,Class 1
0.709417774251,4.27816901408,826.493762954,35.515349912,0.98107004861,1.0,139.670722812,0.225205531535,0.230461682208,0.0562621813628,0.0409005086008,0.812920864854,1.0,1.0,0.982174295775,2.43485915493,0.828169014085,140.611575704,4137.27517055,122662.420936,0.285211267606,-0.0475352112676,34.3838028169,6.57926799552e-05,Class 1
0.470532136481,12.676056338,2833.59831842,87.9968639965,0.943911255141,1.0,330.916984896,0.367217726565,0.384022002577,0.0519482431561,0.0941421269407,0.680198113877,1.0,1.0,0.947183098592,5.86795774648,0.580633802817,336.483054577,9865.1740482,291940.706313,0.845070422535,0.0475352112676,81.6813380282,0.000194941273941,Class 2
0.763268200754,7.28873239437,4266.18660003,197.516670335,0.967748971706,1.0,777.475322256,0.201764261845,0.211462680754,0.0546756285955,0.0620907169045,0.649888755459,1.0,1.0,0.96963028169,13.2570422535,0.867605633803,781.52090669,23240.3738171,692706.867267,0.485915492958,0.0211267605634,195.211267606,0.000112091232516,Class 2
0.414877256497,21.1531690141,3763.10614528,113.137709067,0.906401907017,1.0,420.624105234,0.408092056491,0.436328649172,0.0479468204473,0.13538169332,0.55047433068,1.0,1.0,0.911861795775,7.56602112676,0.457394366197,429.040713028,12505.3497469,368955.884721,1.41021126761,0.0396126760563,102.913732394,0.000325308250889,Class 2
0.542458589566,9.3485915493,1914.29515331,66.8628411092,0.958634550667,1.0,252.424941398,0.325105370772,0.337485653606,0.0536158810256,0.0750621633347,0.725354452898,1.0,1.0,0.961047535211,4.45774647887,0.682042253521,255.902948944,7506.87942892,222216.778633,0.62323943662,0.0369718309859,62.1919014085,0.000143769189532,Class 2
0.526407458838,17.7464788732,1596.92993737,62.5417583627,0.921475757198,1.0,226.292341436,0.34844690391,0.372102657183,0.0495122185578,0.119869085457,0.551604795572,1.0,1.0,0.926056338028,4.16197183099,0.683098591549,229.90647007,6606.35654159,193470.978347,1.18309859155,0.0422535211268,53.5563380282,0.000272917783518,Class 2
0.556463747272,10.8538732394,1664.60162098,61.6775418134,0.951974012215,1.0,230.354504161,0.321807475444,0.336203167258,0.0528547008282,0.083948417785,0.684095277287,1.0,1.0,0.954775528169,4.10651408451,0.702112676056,233.499339789,6815.35772447,201227.277354,0.723591549296,0.0396126760563,56.1707746479,0.000166918465812,Class 2
0.546834705416,12.5176056338,1671.55259907,62.4631932218,0.944612364452,1.0,231.505886174,0.329999101669,0.346622447444,0.0520264146499,0.0932781110655,0.650644804991,1.0,1.0,0.947843309859,4.15669014085,0.695070422535,234.821082746,6830.30631052,201308.806885,0.834507042254,0.0422535211268,56.0915492958,0.000192504508017,Class 2
0.667582572902,12.4383802817,771.300807542,37.9508692782,0.944962919108,1.0,136.584256538,0.265624946423,0.282226924064,0.0520655468905,0.0928445688474,0.570110970043,1.0,1.0,0.948173415493,2.52728873239,0.803873239437,137.950924296,3937.42798195,114901.456959,0.829225352113,0.0237676056338,31.6901408451,0.000191286125055,Class 2
0.504682354692,17.8257042254,1840.52324952,68.0413182218,0.921125202543,1.0,248.459806657,0.359604993783,0.383413066143,0.0494751630381,0.120244556842,0.562149827584,1.0,1.0,0.925726232394,4.5448943662,0.657394366197,252.611135563,7283.50181558,213683.308136,1.18838028169,0.0290492957746,59.2605633803,0.00027413616648,Class 2
0.625625123983,17.1919014085,4402.65474932,181.646511884,0.923929639786,1.0,700.425543425,0.294163294198,0.317155720213,0.0497724750793,0.117219861715,0.484758913135,1.0,1.0,0.928367077465,12.1980633803,0.775,708.608494718,20916.0106734,621093.550571,1.14612676056,0.0132042253521,174.375,0.000264389102783,Class 2
0.563296468955,11.8838028169,1539.46036359,58.9277618838,0.947416801695,1.0,218.955683472,0.320510846646,0.336336837867,0.0523403404582,0.0897805505876,0.655865019188,1.0,1.0,0.95048415493,3.92957746479,0.71161971831,221.941681338,6454.87568772,190231.888118,0.792253521127,0.0316901408451,53.0017605634,0.00018275744432,Class 2
0.505748115453,11.4876760563,2268.53200265,75.1121808979,0.949169574972,1.0,283.481185095,0.347894328031,0.363237968893,0.0525375514531,0.0875598033612,0.689806910048,1.0,1.0,0.952134683099,5.03080985915,0.639084507042,287.861135563,8430.09666593,249328.529417,0.765845070423,0.018485915493,69.7183098592,0.000176665529509,Class 2
0.431778169014,18.301056338,3263.09190324,99.7816351232,0.91902187461,1.0,370.148317857,0.395961435412,0.42027123383,0.0492534808322,0.12248198803,0.591439724735,1.0,1.0,0.923745598592,6.64700704225,0.516197183099,377.211487676,10998.9915823,324579.254054,1.22007042254,0.0607394366197,90.5545774648,0.000281446464253,Class 2
0.677782929974,7.5264084507,884.630268183,39.6793023768,0.96669730774,1.0,148.175944039,0.251412420141,0.261384480429,0.0545522806735,0.0636414069765,0.710457675294,1.0,1.0,0.968639964789,2.63820422535,0.807394366197,149.462367958,4353.78741197,128417.988567,0.50176056338,0.0290492957746,35.8098591549,0.000115746381403,Class 2
0.441245040667,14.5774647887,3583.36915615,105.04549956,0.935497943413,1.0,397.469997882,0.384881380031,0.404369769587,0.0510198559314,0.104206989624,0.653263646083,1.0,1.0,0.93926056338,7.04577464789,0.497887323944,404.661751761,11874.0036587,351537.275717,0.971830985915,0.0158450704225,98.3978873239,0.000224182465032,Class 2
0.505322852609,18.0633802817,1817.89885282,67.4127970951,0.920073538577,1.0,246.521254687,0.35958788454,0.383743007302,0.0493641824539,0.121366554147,0.55643639309,1.0,1.0,0.924735915493,4.51584507042,0.658802816901,250.645026408,7221.25767496,211771.613223,1.20422535211,0.0158450704225,58.7059859155,0.000277791315366,Class 2
0.625400218211,6.81338028169,1256.241646,49.9713358275,0.969852299639,1.0,189.222696541,0.277133941079,0.286121192873,0.0549231613271,0.0589424434509,0.75887588097,1.0,1.0,0.971610915493,3.32746478873,0.763028169014,191.186399648,5610.8315636,166128.633882,0.454225352113,0.0316901408451,46.5052816901,0.000104780934743,Class 2
0.525472376513,15.448943662,1736.79261204,64.6630171655,0.931641842204,1.0,238.385311745,0.345743421226,0.36639351708,0.0506003118181,0.108644867083,0.597007732382,1.0,1.0,0.935629401408,4.32834507042,0.677112676056,242.103213028,7004.62808099,205873.469421,1.02992957746,0.018485915493,57.2007042254,0.000237584677616,Class 2
0.533319777822,9.3485915493,2030.492738,69.7697513204,0.958634550667,1.0,262.577205722,0.329515473592,0.341707598474,0.0536158810256,0.0750621633347,0.730747698949,1.0,1.0,0.961047535211,4.63204225352,0.670422535211,266.273547535,7816.70650858,231472.861957,0.62323943662,0.0580985915493,64.8063380282,0.000143769189532,Class 2
0.528170997818,17.1126760563,1612.96929701,62.8560189261,0.924280194441,1.0,227.572415772,0.346746878841,0.369500321788,0.0498097785658,0.116838374549,0.564049690732,1.0,1.0,0.928697183099,4.17253521127,0.683802816901,231.168794014,6653.41739107,195015.991386,1.14084507042,0.0528169014085,54.0316901408,0.000263170719821,Class 2
0.592835498909,5.625,1592.65720911,57.9849801937,0.975110619469,1.0,222.106292351,0.289680257893,0.297075175848,0.055546875,0.0507719994771,0.804627036831,1.0,1.0,0.9765625,3.86883802817,0.729577464789,224.586487676,6626.20472051,196723.661459,0.375,0.0290492957746,55.2200704225,8.65051903114e-05,Class 2
0.525030499901,13.389084507,1867.69373869,67.0985365317,0.940756263243,1.0,249.480004849,0.342464484177,0.360323106367,0.051598005728,0.0979807316017,0.641185691933,1.0,1.0,0.944212147887,4.48151408451,0.671478873239,253.276628521,7368.8215779,217205.727701,0.892605633803,0.0290492957746,60.5281690141,0.0002059067206,Class 2
0.521235617933,7.76408450704,2323.58075209,75.1907460387,0.965645643774,1.0,287.072635399,0.330782689829,0.341057712331,0.0544292117139,0.0651771060466,0.76999460311,1.0,1.0,0.967649647887,5.02288732394,0.647887323944,291.113336268,8582.17888974,254689.023324,0.517605633803,0.0316901408451,71.4612676056,0.000119401530289,Class 2
0.681197679032,13.1514084507,679.135043573,35.6724801937,0.941807927209,1.0,125.194375058,0.258552043885,0.2759627691,0.0517144725749,0.0967100534137,0.541609314623,1.0,1.0,0.945202464789,2.34507042254,0.814436619718,126.39590669,3581.69897117,104117.599496,0.87676056338,0.0528169014085,28.6003521127,0.000202251571714,Class 2
0.505030003967,19.4102112676,1740.74564603,66.3128851232,0.914114109435,1.0,240.040845433,0.361356426508,0.387287788737,0.0487405617685,0.127602795844,0.531796821999,1.0,1.0,0.919124119718,4.4286971831,0.66161971831,244.112896127,7006.24180238,205052.49019,1.29401408451,0.0290492957746,56.7253521127,0.000298503825723,Class 2
0.517081680222,5.46654929577,2597.17858832,80.2974801937,0.97581172878,1.0,309.170911702,0.324946390859,0.332008818828,0.0556305637522,0.0496470723698,0.829074780063,1.0,1.0,0.977222711268,5.35827464789,0.630633802817,313.366417254,9280.88880942,276067.110348,0.364436619718,0.0396126760563,77.6408450704,8.40684243872e-05,Class 2
0.738644118231,2.69366197183,733.249038354,33.3155259683,0.988081141718,1.0,127.078711786,0.203370256973,0.206206966915,0.0571151867189,0.0281759893716,0.870036685193,1.0,1.0,0.988776408451,2.19190140845,0.847887323944,127.740096831,3776.10362566,112220.097488,0.179577464789,0.0475352112676,31.5316901408,4.14250207125e-05,Class 2
0.664823695695,4.51584507042,1078.01888063,44.62890625,0.980018384644,1.0,169.278329079,0.249673609669,0.255109680798,0.0561352999157,0.0426968189199,0.822422404385,1.0,1.0,0.981183978873,2.94454225352,0.793661971831,170.700044014,5032.67836708,149360.438116,0.301056338028,0.0554577464789,41.9102112676,6.94478288416e-05,Class 2
0.522896994644,19.8063380282,1523.81477545,61.5204115317,0.912361336159,1.0,220.144335751,0.35253874848,0.378959518936,0.0485588486907,0.129398836125,0.513591145022,1.0,1.0,0.917473591549,4.09330985915,0.683098591549,223.761223592,6392.38223482,186626.518042,1.32042253521,0.0422535211268,51.4964788732,0.000304595740533,Class 2
0.625172832771,7.92253521127,1208.82153392,49.7356404049,0.964944534463,1.0,184.653163811,0.280238285012,0.290230394744,0.0543473207201,0.0661927970443,0.734058542376,1.0,1.0,0.96698943662,3.26936619718,0.764436619718,186.620378521,5458.05983165,161321.205762,0.528169014085,0.0739436619718,45.0792253521,0.000121838296213,Class 2
0.581959680619,9.03169014085,1512.89485987,57.5921544894,0.960036769288,1.0,215.523645552,0.3049072613,0.316721184522,0.0537775552966,0.0731315005267,0.719217673956,1.0,1.0,0.962367957746,3.81866197183,0.725352112676,218.194322183,6384.98852883,188769.825591,0.602112676056,0.0528169014085,52.764084507,0.000138895657683,Class 2
0.572408996231,6.57570422535,1744.88399899,61.8346720951,0.970903963605,1.0,236.486659225,0.302729721113,0.311452663937,0.0550473461367,0.0573438168707,0.783799083655,1.0,1.0,0.972601232394,4.13292253521,0.70985915493,239.34881162,7053.21451364,209271.972694,0.43838028169,0.0237676056338,58.7059859155,0.000101125785857,Class 2
0.518097847649,15.2112676056,1837.86664918,66.8628411092,0.93269350617,1.0,247.389372187,0.34906089941,0.369397884421,0.0507143609899,0.107444872095,0.605749645326,1.0,1.0,0.93661971831,4.47887323944,0.667605633803,251.297315141,7282.81230744,214236.373924,1.01408450704,0.0158450704225,59.5774647887,0.000233929528729,Class 2
0.750433693712,9.42781690141,483.92513978,27.0303147007,0.958283996011,1.0,96.0545087817,0.212779054312,0.225283831626,0.0535755399474,0.0755414208258,0.584516180869,1.0,1.0,0.960717429577,1.78257042254,0.860211267606,96.6507482394,2747.96775968,80026.9191895,0.628521126761,0.0343309859155,22.0246478873,0.000144987572494,Class 2
0.57362700853,15.3697183099,1276.83728487,53.6638974472,0.931992396859,1.0,194.376409205,0.320841864979,0.341327865849,0.0506382972129,0.108245716155,0.5708299458,1.0,1.0,0.935959507042,3.57042253521,0.727816901408,197.086047535,5660.88515075,165746.536116,1.02464788732,0.0369718309859,45.8714788732,0.000236366294654,Class 2
0.517269638961,15.7658450704,1813.7942319,66.94140625,0.930239623582,1.0,245.419766646,0.350355046756,0.371337169964,0.0504486801974,0.11023309012,0.596882308653,1.0,1.0,0.934308978873,4.4551056338,0.667957746479,249.328565141,7215.81514085,212113.147237,1.05105633803,0.0448943661972,58.9436619718,0.000242458209464,Class 2
0.44012968657,14.4982394366,3728.15839878,107.952409771,0.935848498068,1.0,411.588027958,0.385242107128,0.404588876279,0.0510581822803,0.103798301495,0.655285581727,1.0,1.0,0.939590669014,7.2860915493,0.482042253521,419.039832746,12304.724912,364422.455996,0.966549295775,-0.0290492957746,102.042253521,0.00022296408207,Class 2
0.496780648681,16.875,2005.77882614,71.3410541373,0.925331858407,1.0,262.662387955,0.362229385156,0.384777549722,0.049921875,0.115689302462,0.584573738984,1.0,1.0,0.9296875,4.77200704225,0.644366197183,267.075044014,7729.64106514,227220.322634,1.125,0.0237676056338,63.1426056338,0.000259515570934,Class 2
0.408319777822,24.4014084507,3219.65681507,100.881547095,0.892029166147,1.0,369.565295055,0.415019927204,0.447631085506,0.0465076063777,0.149077596213,0.502469090259,1.0,1.0,0.898327464789,6.75,0.495774647887,377.239216549,10909.8430073,320577.389274,1.62676056338,0.0316901408451,89.0492957746,0.000375261952337,Class 2
0.390874082523,28.4419014085,3792.82284261,117.223096391,0.874150878724,1.0,431.247315401,0.427144490484,0.46519701287,0.0447900807132,0.164815555118,0.451748004797,1.0,1.0,0.881492077465,7.88292253521,0.462323943662,440.607614437,12743.4120268,374468.686768,1.89612676056,-0.00264084507042,104.022887324,0.000437399483406,Class 2
0.820072158302,8.08098591549,4104.22049345,205.294619278,0.964243425153,1.0,811.793664055,0.165864714697,0.176649353815,0.0542655537096,0.0672021475687,0.531270813915,1.0,1.0,0.966329225352,13.8169014085,0.903169014085,814.040272887,24200.2216384,721208.480988,0.538732394366,-0.0158450704225,203.213028169,0.000124275062138,Class 2
0.69476815116,3.7235915493,926.377334527,39.8364326585,0.983523931198,1.0,151.559062467,0.231121167734,0.235498578582,0.056559322927,0.0366054095062,0.840637521151,1.0,1.0,0.984485035211,2.62764084507,0.816549295775,152.636663732,4504.71071743,133761.243573,0.24823943662,0.050176056338,37.5528169014,5.72639992202e-05,Class 2
0.512759125174,8.47711267606,2402.14391922,77.3905699824,0.962490651876,1.0,293.83110771,0.336868943236,0.347951229092,0.0540616786104,0.069698559192,0.75710885643,1.0,1.0,0.964678697183,5.15228873239,0.637676056338,298.099691901,8780.38314261,260453.920895,0.56514084507,0.050176056338,73.0457746479,0.000130366976948,Class 2
0.482177395358,17.4295774648,2180.78966234,75.8192671655,0.92287797582,1.0,277.877756566,0.370271159338,0.393451173513,0.0496607505951,0.118359757991,0.583309536212,1.0,1.0,0.927376760563,5.04401408451,0.625,282.704885563,8188.41106404,240804.388861,1.16197183099,0.0528169014085,66.9454225352,0.000268044251669,Class 2
0.628048006348,8.87323943662,1146.87124978,47.7715118838,0.960737878599,1.0,178.406595315,0.280994164773,0.292767275186,0.0538585784071,0.0721578298553,0.698691497466,1.0,1.0,0.963028169014,3.17957746479,0.768309859155,180.327244718,5256.02676607,155076.862975,0.591549295775,0.0316901408451,43.2570422535,0.000136458891759,Class 2
0.84074390002,5.70422535211,4101.33529432,207.101617518,0.974760064814,1.0,820.742268788,0.149044833146,0.156659579586,0.0555050771176,0.0513311339924,0.617637780075,1.0,1.0,0.976232394366,13.911971831,0.914788732394,822.073723592,24475.2811675,729947.397306,0.380281690141,0.0105633802817,205.827464789,8.77235732736e-05,Class 2
0.53686495735,12.0422535211,1810.70622847,65.7629291373,0.946715692384,1.0,244.001116129,0.334012782148,0.349879923771,0.0522616730311,0.0906612667985,0.667501132249,1.0,1.0,0.949823943662,4.36267605634,0.682394366197,247.552596831,7217.67817452,212985.843169,0.802816901408,0.0580985915493,59.4190140845,0.000185194210244,Class 2
0.717199216425,14.1813380282,4237.37198797,194.531194982,0.93725071669,1.0,757.94843603,0.237403251455,0.256376193746,0.0512117976344,0.102154571129,0.459997319322,1.0,1.0,0.940911091549,13.0748239437,0.84014084507,763.78631162,22608.881162,672328.636454,0.945422535211,0.00264084507042,189.031690141,0.000218090550222,Class 2
0.612559512002,18.0633802817,4414.9188298,179.918078785,0.920073538577,1.0,692.178514984,0.302233179907,0.32638830267,0.0493641824539,0.121366554147,0.477001876729,1.0,1.0,0.924735915493,12.0792253521,0.76514084507,700.666153169,20665.8751926,613429.532017,1.20422535211,0.0158450704225,172.156690141,0.000277791315366,Class 2
0.448796121801,17.3503521127,2845.64703656,90.1966879401,0.923228530475,1.0,333.681017929,0.386344225921,0.409372421669,0.049697961094,0.11798055024,0.60094856885,1.0,1.0,0.927706866197,6.00264084507,0.561267605634,339.822403169,9895.99543354,291835.85193,1.15669014085,0.0607394366197,81.3644366197,0.000266825868707,Class 2
0.4612633902,16.875,2604.73115132,84.1471720951,0.925331858407,1.0,313.309596058,0.37958102285,0.402149297487,0.049921875,0.115689302462,0.602035672361,1.0,1.0,0.9296875,5.64348591549,0.586267605634,318.928036972,9278.77646347,273500.739254,1.125,0.0132042253521,76.2147887324,0.000259515570934,Class 3
0.490956903392,17.3503521127,2054.95234417,72.6766615317,0.923228530475,1.0,267.068042879,0.365811142878,0.388982108449,0.049697961094,0.11798055024,0.578872734834,1.0,1.0,0.927706866197,4.85651408451,0.637676056338,271.627860915,7858.64766725,230970.09189,1.15669014085,0.0290492957746,64.1725352113,0.000266825868707,Class 3
0.534448026185,19.3309859155,1434.48297348,58.7706316021,0.914464664091,1.0,211.434385693,0.346003230928,0.371855089236,0.0487769973716,0.127241548495,0.513099895048,1.0,1.0,0.919454225352,3.93485915493,0.694718309859,214.808758803,6131.93384133,178949.925558,1.28873239437,0.0158450704225,49.3573943662,0.00029728544276,Class 3
0.468905971037,9.66549295775,3279.9210622,95.6962477993,0.957232332045,1.0,367.482969702,0.360506796191,0.37343585942,0.053454702688,0.076971188302,0.741326873649,1.0,1.0,0.959727112676,6.43838028169,0.549295774648,373.433758803,11013.4999725,326907.524534,0.644366197183,-0.00528169014085,91.7429577465,0.00014864272138,Class 3
0.446780152747,12.7552816901,3787.41522307,109.602277729,0.943560700486,1.0,416.304650394,0.378423887338,0.395408973184,0.051909203903,0.0945726126535,0.686094047828,1.0,1.0,0.946852992958,7.33362676056,0.482746478873,423.611135563,12467.0026959,369652.947661,0.850352112676,0.0343309859155,103.626760563,0.000196159656903,Class 3
0.447721434239,15.6073943662,3097.17774932,94.0463798415,0.930940732893,1.0,354.318659987,0.383833221895,0.404714139808,0.0505244340161,0.109440646839,0.631278511727,1.0,1.0,0.934969190141,6.32482394366,0.543661971831,360.735255282,10546.4855854,311651.687015,1.04049295775,-0.00264084507042,87.0686619718,0.00024002144354,Class 3
0.46987849633,20.4401408451,2149.75742942,75.2693111796,0.909556898916,1.0,276.216769586,0.380297080647,0.407639429889,0.0482697195497,0.132237744809,0.533146737916,1.0,1.0,0.914832746479,5.07042253521,0.616549295775,281.265625,8101.00817011,237532.64384,1.36267605634,-0.0105633802817,65.8362676056,0.00031434280423,Class 3
0.480180767705,17.1126760563,2236.59721141,76.7620488556,0.924280194441,1.0,282.511815979,0.370775188556,0.393579724999,0.0498097785658,0.116838374549,0.589676569549,1.0,1.0,0.928697183099,5.11795774648,0.620774647887,287.421434859,8333.99458077,245223.231236,1.14084507042,0.0422535211268,68.213028169,0.000263170719821,Class 3
0.627453630232,12.2007042254,4508.86954412,177.953950264,0.946014583074,1.0,693.145762476,0.28757827351,0.303869941007,0.0521831295874,0.0915377311067,0.608160574555,1.0,1.0,0.949163732394,11.9841549296,0.771830985915,700.872139085,20758.5005227,617483.113498,0.81338028169,-0.0211267605634,173.661971831,0.000187630976168,Class 3
0.487584804602,16.7957746479,4596.66749356,149.434804137,0.925682413062,1.0,570.11526122,0.36665307385,0.389101239212,0.0499593024697,0.115304730565,0.590800119373,1.0,1.0,0.930017605634,10.0246478873,0.630985915493,579.686399648,17070.2380337,506288.020326,1.11971830986,0.0211267605634,141.971830986,0.000258297187972,Class 3
0.445911277524,18.4595070423,2793.60278937,88.1539942782,0.9183207653,1.0,329.72205859,0.389431778224,0.414089235834,0.0491798347302,0.123222002774,0.581355449226,1.0,1.0,0.923085387324,5.9551056338,0.561971830986,335.884903169,9762.00110035,287589.398558,1.23063380282,-0.0290492957746,80.0968309859,0.000283883230177,Class 3
0.440250198373,18.4595070423,2946.01612699,91.6894256162,0.9183207653,1.0,342.621394646,0.39214725521,0.416836229908,0.0491798347302,0.123222002774,0.583598201898,1.0,1.0,0.923085387324,6.17693661972,0.547183098592,349.083846831,10156.3264745,299369.868243,1.23063380282,-0.0132042253521,83.4242957746,0.000283883230177,Class 3
0.497334854196,17.588028169,1950.45140208,70.2411421655,0.922176866509,1.0,258.070359301,0.362969328644,0.386488146138,0.0495864225848,0.119115916228,0.57013477135,1.0,1.0,0.926716549296,4.70598591549,0.647183098592,262.433758803,7580.4634408,222607.187387,1.17253521127,0.0158450704225,61.7957746479,0.000270481017593,Class 3
0.414982394366,24.4806338028,4188.1049757,128.772172095,0.891678611492,1.0,480.98430937,0.411824996442,0.444577660498,0.046473154508,0.149399470491,0.497177368914,1.0,1.0,0.897997359155,8.65933098592,0.522887323944,490.765184859,14300.3224032,421850.569993,1.63204225352,-0.00264084507042,117.649647887,0.000376480335299,Class 3
0.469043840508,17.4295774648,2402.47679035,80.7688710387,0.92287797582,1.0,296.598294596,0.376703664617,0.399822303709,0.0496607505951,0.118359757991,0.590392640022,1.0,1.0,0.927376760563,5.3661971831,0.603521126761,301.87477993,8761.12172645,257914.118642,1.16197183099,0.0633802816901,71.7781690141,0.000268044251669,Class 3
0.365797460821,36.9190140845,3729.64982703,120.679962588,0.8366415306,1.0,433.479062499,0.443963782525,0.493325976863,0.0414486523011,0.193860926779,0.354370071118,1.0,1.0,0.846170774648,8.07570422535,0.456338028169,443.601012324,12707.8084012,371544.96374,2.46126760563,0.0369718309859,102.676056338,0.000567766460354,Class 3
0.468013043047,18.8556338028,2302.25579023,78.4904819542,0.916567992023,1.0,288.633101491,0.379236889799,0.404443486782,0.0489962619024,0.12505957591,0.562863161978,1.0,1.0,0.921434859155,5.25528169014,0.607746478873,293.849251761,8500.32127531,249809.797642,1.25704225352,0.0211267605634,69.4014084507,0.000289975144988,Class 3
0.419775590161,23.6091549296,2910.44283137,92.9464678697,0.895534712701,1.0,341.856866179,0.40858821296,0.440171057835,0.0468538298453,0.145827957941,0.508348341133,1.0,1.0,0.901628521127,6.2588028169,0.530281690141,348.805237676,10072.0482779,295722.111407,1.57394366197,-0.0105633802817,82.0774647887,0.000363078122716,Class 3
0.44050758778,14.4982394366,4005.48217177,115.887488996,0.935848498068,1.0,441.543427084,0.385063378368,0.404456973211,0.0510581822803,0.103798301495,0.654925190601,1.0,1.0,0.939590669014,7.79841549296,0.487676056338,449.523107394,13215.4287522,391629.731222,0.966549295775,-0.00792253521127,109.727112676,0.00022296408207,Class 3
0.427224756993,22.8169014085,2791.74234792,89.8824273768,0.899040259255,1.0,331.348620654,0.404089070836,0.434599062949,0.0472031528963,0.142520978624,0.517203146833,1.0,1.0,0.904929577465,6.06338028169,0.545070422535,337.969850352,9760.02071413,286574.126455,1.52112676056,-0.0211267605634,79.5422535211,0.000350894293094,Class 3
0.479072356675,8.08098591549,4506.17766654,129.714953785,0.964243425153,1.0,504.233830489,0.351221079075,0.361984695369,0.0542655537096,0.0672021475687,0.773691815623,1.0,1.0,0.966329225352,8.7411971831,0.564788732394,512.035871479,15177.6815306,451660.115093,0.538732394366,-0.0211267605634,127.077464789,0.000124275062138,Class 3
0.47064099385,19.014084507,2245.23922918,76.9191791373,0.915866882712,1.0,283.862969114,0.378151066071,0.403588946281,0.0489230497421,0.125789677112,0.557950432813,1.0,1.0,0.920774647887,5.17605633803,0.612676056338,288.976892606,8352.41992188,245356.477467,1.2676056338,-0.00528169014085,68.1338028169,0.000292411910912,Class 3
0.515829448522,16.4788732394,1787.45108459,66.0771897007,0.927084631684,1.0,243.28375902,0.352130982795,0.37417236816,0.0501093223071,0.113758613695,0.581052965386,1.0,1.0,0.931338028169,4.43133802817,0.667957746479,247.201364437,7141.74711158,209743.910978,1.0985915493,0.0105633802817,58.2306338028,0.000253423656124,Class 3
0.669219400913,12.2007042254,4403.7469481,185.731899208,0.946014583074,1.0,723.508101788,0.26439212867,0.280713600144,0.0521831295874,0.0915377311067,0.572696392747,1.0,1.0,0.949163732394,12.4806338028,0.804929577465,730.412632042,21641.0382647,643848.926603,0.81338028169,0.00528169014085,181.10915493,0.000187630976168,Class 3
0.419251884547,20.5193661972,3987.50757627,118.323008363,0.90920634426,1.0,446.011850237,0.405151797084,0.432554972665,0.0482337178883,0.13258965039,0.558888129328,1.0,1.0,0.914502640845,7.98855633803,0.486971830986,454.815360915,13284.7291483,392378.91289,1.36795774648,-0.0343309859155,109.568661972,0.000315561187192,Class 3
0.492418666931,20.4401408451,1832.61231598,68.1984485035,0.909556898916,1.0,248.619369698,0.368917917199,0.396260266441,0.0482697195497,0.132237744809,0.519611168603,1.0,1.0,0.914832746479,4.59507042254,0.64823943662,252.982174296,7256.02522557,212288.780229,1.36267605634,-0.0105633802817,58.7059859155,0.00031434280423,Class 3
0.397678536005,29.6302816901,2856.39694526,95.0677266725,0.868892558893,1.0,340.068465202,0.424547817178,0.464108684968,0.0443002690438,0.169195489549,0.431626259378,1.0,1.0,0.876540492958,6.33802816901,0.51161971831,347.498019366,9944.18598702,290581.058233,1.97535211268,0.0528169014085,80.2552816901,0.000455675227838,Class 3
0.416000049593,23.4507042254,3057.80922237,97.1889854754,0.896235822012,1.0,354.611824198,0.41028391359,0.441533732606,0.0469234464888,0.145171203913,0.513909438089,1.0,1.0,0.902288732394,6.47535211268,0.516197183099,361.848371479,10464.0558154,307468.103292,1.56338028169,0.0580985915493,85.4049295775,0.000360641356791,Class 3
0.442835994842,21.786971831,2528.08352166,83.9114766725,0.903597469774,1.0,308.672858903,0.395263637079,0.42440571703,0.0476619067397,0.138133271935,0.525381686956,1.0,1.0,0.909220950704,5.65404929577,0.574647887324,314.644586268,9078.35711928,266435.417236,1.45246478873,-0.0132042253521,73.9172535211,0.000335055314586,Class 3
0.445979220393,18.6971830986,2765.76733661,87.7611685739,0.917269101334,1.0,327.470781752,0.389747005215,0.4147414349,0.049069598046,0.124326669501,0.576894733357,1.0,1.0,0.922095070423,5.92077464789,0.563732394366,333.604533451,9690.36826034,285397.216271,1.24647887324,-0.0211267605634,79.463028169,0.000287538379063,Class 3
0.439641192224,18.3802816901,2974.3363472,93.1035981514,0.918671319955,1.0,345.010944347,0.392325822404,0.416832568158,0.0492166422833,0.122852354291,0.586086820991,1.0,1.0,0.923415492958,6.21654929577,0.544718309859,351.520026408,10230.2771512,301596.528331,1.22535211268,0.0422535211268,84.0580985915,0.000282664847215,Class 3
0.405036451101,30.9771126761,2514.42453166,87.6040382923,0.862933129752,1.0,311.230109181,0.421523440449,0.462952222091,0.0437535800188,0.174031492543,0.407494027617,1.0,1.0,0.870928697183,5.86531690141,0.54014084507,318.024867958,9043.79505942,263386.356937,2.06514084507,0.0237676056338,72.4911971831,0.000476387738194,Class 3
0.426700059512,19.4894366197,3270.9777265,100.095895687,0.91376355478,1.0,371.47366412,0.400151786678,0.426165967593,0.0487041571613,0.127963360096,0.572747045489,1.0,1.0,0.918794014085,6.69190140845,0.510563380282,378.694322183,11025.764057,325118.324931,1.29929577465,0.0369718309859,90.6338028169,0.000299722208685,Class 3
0.647268647094,4.51584507042,4638.83714977,175.989821743,0.980018384644,1.0,693.324447571,0.25867440489,0.264714862622,0.0561352999157,0.0426968189199,0.817734522766,1.0,1.0,0.981183978873,11.8336267606,0.778873239437,699.600572183,20833.85943,621420.687648,0.301056338028,-0.00264084507042,175.246478873,6.94478288416e-05,Class 3
0.534648631224,5.86267605634,2269.9823913,73.1480523768,0.974058955503,1.0,282.083270302,0.318268492626,0.326074994185,0.0554215743404,0.0524428944664,0.81271649089,1.0,1.0,0.975572183099,4.9014084507,0.660211267606,285.786751761,8451.08915603,251189.928611,0.390845070423,0.0158450704225,70.5897887324,9.01603391978e-05,Class 3
0.493677841698,9.19014084507,2689.47713731,82.9686949824,0.959335659978,1.0,317.819872975,0.347775448189,0.360071039562,0.0536966561694,0.0740995808998,0.743650034347,1.0,1.0,0.961707746479,5.57746478873,0.607746478873,322.684639085,9504.35456096,281926.11138,0.612676056338,0.0,79.0669014085,0.000141332423607,Class 3
0.446145606031,19.9647887324,2630.56540832,85.7970400528,0.911660226848,1.0,316.597298501,0.391418726876,0.418124984342,0.0484863804305,0.130112539975,0.554449552339,1.0,1.0,0.916813380282,5.75704225352,0.571830985915,322.594850352,9342.75167804,274734.031109,1.33098591549,0.0105633802817,76.3732394366,0.000307032506457,Class 3
0.408091648482,24.7183098592,3173.29203371,99.3102442782,0.890626947526,1.0,365.539789185,0.415444524861,0.448511504645,0.046369984874,0.150361767755,0.497411580809,1.0,1.0,0.897007042254,6.68661971831,0.499295774648,373.15118838,10783.0368893,316719.521646,1.64788732394,-0.0105633802817,87.9401408451,0.000380135484185,Class 3
0.536650714144,9.42781690141,1981.53095735,68.1198833627,0.958283996011,1.0,258.338575829,0.328106177376,0.340688256347,0.0535755399474,0.0755414208258,0.724100538451,1.0,1.0,0.960717429577,4.56073943662,0.675,261.951804577,7686.42363556,227563.277629,0.628521126761,0.018485915493,63.6971830986,0.000144987572494,Class 3
0.501893721484,7.5264084507,2689.72525165,82.654434419,0.96669730774,1.0,317.349640654,0.339031256871,0.349061449039,0.0545522806735,0.0636414069765,0.780251795763,1.0,1.0,0.968639964789,5.53785211268,0.614084507042,321.991417254,9508.18337368,282405.556596,0.50176056338,0.018485915493,79.3045774648,0.000115746381403,Class 3
0.524194852212,11.1707746479,2025.05135482,69.7697513204,0.950571793593,1.0,262.611296277,0.338313011604,0.353214561035,0.052695878174,0.085763241349,0.689543063102,1.0,1.0,0.953455105634,4.66637323944,0.664084507042,266.494058099,7796.4181338,230466.919795,0.744718309859,0.0237676056338,64.4102112676,0.000171791997661,Class 3
0.411399771871,23.8468309859,3177.06888034,99.388809419,0.894483048735,1.0,365.39761056,0.412938041376,0.444836630242,0.0467496373487,0.146808793324,0.509168168211,1.0,1.0,0.900638204225,6.66813380282,0.502464788732,372.922755282,10789.0661862,317090.868491,1.58978873239,0.0132042253521,88.0985915493,0.000366733271602,Class 3
0.54600699266,21.4700704225,4482.37662015,169.154654489,0.904999688396,1.0,644.624306394,0.341574215329,0.370292206757,0.0478041156269,0.136762473256,0.462523949061,1.0,1.0,0.910541373239,11.3582746479,0.709507042254,654.362896127,19232.2941791,569853.799719,1.43133802817,0.0132042253521,159.639084507,0.000330181782738,Class 3
0.87512745487,3.96126760563,4052.05629723,210.401353433,0.982472267232,1.0,837.811353425,0.122031670286,0.127331494154,0.0564317905673,0.0384647388674,0.65969798986,1.0,1.0,0.98349471831,14.1443661972,0.934154929577,837.644146127,24966.1634298,744994.947042,0.264084507042,0.0,210.184859155,6.09191481066e-05,Class 3
0.425463201746,18.3802816901,3646.56004181,108.109540053,0.918671319955,1.0,406.23434681,0.399064088629,0.423655271373,0.0492166422833,0.122852354291,0.591672108279,1.0,1.0,0.923415492958,7.2676056338,0.474647887324,414.057878521,12098.6283286,357413.515649,1.22535211268,0.0,99.823943662,0.000282664847215,Class 3
0.41676279508,24.3221830986,2913.79386572,93.6535541373,0.892379720803,1.0,342.477442979,0.41079326153,0.443327953391,0.0465420892432,0.148755165043,0.49884157119,1.0,1.0,0.898657570423,6.28257042254,0.527112676056,349.506382042,10082.4785431,295877.261509,1.62147887324,0.0132042253521,82.0774647887,0.000374043569375,Class 3
0.428233733386,21.2323943662,2952.58445327,93.2607284331,0.906051352362,1.0,344.399358615,0.401746821061,0.430149312027,0.0479110977485,0.135727831295,0.542325805962,1.0,1.0,0.911531690141,6.2588028169,0.535563380282,351.181998239,10178.1112181,299412.255003,1.41549295775,0.0105633802817,83.2658450704,0.000326526633852,Class 3
0.488978129339,21.3908450704,1817.77422857,68.2770136444,0.905350243051,1.0,247.62061832,0.371641721593,0.400259637721,0.0478397453382,0.136418219172,0.504417349669,1.0,1.0,0.910871478873,4.59507042254,0.646126760563,252.03147007,7213.60004952,210812.72279,1.42605633803,-0.00528169014085,58.2306338028,0.000328963399776,Class 3
0.429602013489,22.9753521127,2713.07678255,88.5468199824,0.898339149944,1.0,324.737525209,0.403088931636,0.433827910066,0.0471330403194,0.143187044449,0.512852388245,1.0,1.0,0.904269366197,5.95246478873,0.552112676056,331.211927817,9555.78716439,280437.882039,1.53169014085,0.0,77.7992957746,0.000353331059018,Class 3
0.393512447927,27.9665492958,3302.45448631,104.10271787,0.876254206656,1.0,379.42873182,0.425476074587,0.462887415874,0.0449879581184,0.163033076326,0.457146656074,1.0,1.0,0.883472711268,6.98503521127,0.472183098592,387.658670775,11168.5457196,327523.861999,1.86443661972,0.0132042253521,90.7922535211,0.000430089185633,Class 3
0.560206060305,25.9066901408,947.023118274,48.164337588,0.885368627695,1.0,163.659924175,0.335241022788,0.369899766439,0.0458583211416,0.155099734782,0.365424273469,1.0,1.0,0.892055457746,3.22975352113,0.727112676056,166.279269366,4585.10167254,131295.463919,1.72711267606,0.00792253521127,35.4929577465,0.000398411228617,Class 4
0.831534169808,2.05985915493,4201.36027118,203.880446743,0.99088557896,1.0,811.362191442,0.146232682985,0.148881763029,0.0574598603948,0.0226185847558,0.850115033165,1.0,1.0,0.991417253521,13.6901408451,0.908098591549,812.519146127,24243.5856349,723825.147801,0.137323943662,0.0158450704225,204.322183099,3.16779570154e-05,Class 4
0.4425126463,41.7517605634,1293.40711123,63.7202354754,0.815257696622,1.0,206.850394278,0.400918030403,0.45676061729,0.0397025484775,0.208342131309,0.237062248984,1.0,1.0,0.826034330986,4.25440140845,0.623591549296,211.400748239,5699.42308539,161109.057064,2.78345070423,0.0290492957746,42.9401408451,0.000642087821044,Class 4
0.455354840309,30.9771126761,1679.8725843,69.2983604754,0.862933129752,1.0,238.703407442,0.394969777916,0.436357868608,0.0437535800188,0.174031492543,0.373345054375,1.0,1.0,0.870928697183,4.61355633803,0.623591549296,243.545114437,6818.67330546,196910.849427,2.06514084507,0.0448943661972,53.7147887324,0.000476387738194,Class 4
0.350714391986,45.9507042254,2528.1444355,93.4178587148,0.796678299888,1.0,319.692320249,0.452121471196,0.513599428057,0.0382790802916,0.219841822885,0.260505734163,1.0,1.0,0.808538732394,6.27992957746,0.479225352113,327.720730634,9112.61143816,262156.711099,3.06338028169,0.0,71.2235915493,0.000706662118037,Class 4
0.391074191629,33.5915492958,2609.75126282,90.6680787852,0.851364826125,1.0,320.586782273,0.429829537535,0.474760502068,0.04271793171,0.18304886612,0.380678993174,1.0,1.0,0.860035211268,6.07394366197,0.520422535211,327.823723592,9297.97945092,270406.450233,2.23943661972,0.0211267605634,74.3133802817,0.000516594375944,Class 4
0.804657310058,6.17957746479,4182.5872212,202.230578785,0.972656736881,1.0,800.72532487,0.1738868362,0.182138870388,0.055254940736,0.0546411684738,0.647534972667,1.0,1.0,0.974251760563,13.6056338028,0.893309859155,803.371258803,23909.5240152,712941.100926,0.411971830986,-0.0105633802817,200.99471831,9.50338710463e-05,Class 4
0.889211218012,3.24823943662,4032.23949505,212.522612236,0.98562725913,1.0,844.682957881,0.110431172585,0.11407736306,0.0568152245338,0.0327953643667,0.728549369507,1.0,1.0,0.986465669014,14.2367957746,0.941901408451,843.856734155,25162.2845511,751010.519156,0.216549295775,0.050176056338,211.927816901,4.99537014474e-05,Class 4
0.381974062686,31.1355633803,3334.25361241,106.538237236,0.862232020441,1.0,384.66306699,0.43336106246,0.474994133772,0.0436898525838,0.174591721983,0.419469101634,1.0,1.0,0.870268485915,7.13292253521,0.455281690141,393.288952465,11290.0120489,330457.316994,2.07570422535,0.0290492957746,91.426056338,0.000478824504118,Class 4
0.353803064868,49.7535211268,2138.37226154,85.8756051937,0.77985167643,1.0,287.371328433,0.449185639084,0.515747043717,0.0370650354592,0.229450964156,0.219413647345,1.0,1.0,0.792693661972,5.78873239437,0.503521126761,294.691681338,8069.76169124,230167.155614,3.31690140845,-0.0158450704225,61.9542253521,0.000765144500219,Class 4
0.277701100972,76.3732394366,2451.87079216,104.731238996,0.662065312227,1.0,332.575847675,0.475820614802,0.578000901701,0.0305663248859,0.278235573376,0.0745891128018,1.0,1.0,0.681778169014,7.03521126761,0.361267605634,342.237455986,9097.58981624,255032.567476,5.09154929577,0.00528169014085,67.3415492958,0.0011745211755,Class 4
0.40151086094,42.2271126761,4178.24597223,148.020631602,0.81315436869,1.0,538.867574898,0.424533408945,0.481025945,0.0395370307231,0.209692846043,0.264648823757,1.0,1.0,0.824053697183,9.9639084507,0.570422535211,550.641065141,15827.3945312,463577.879054,2.81514084507,-0.0132042253521,128.345070423,0.000649398118817,Class 4
0.55264084507,15.2112676056,4598.9458987,165.46209287,0.93269350617,1.0,636.611390134,0.331556928281,0.351893913292,0.0507143609899,0.107444872095,0.585915609107,1.0,1.0,0.93661971831,11.1073943662,0.706690140845,645.694322183,19065.6300341,566248.027615,1.01408450704,0.0158450704225,159.00528169,0.000233929528729,Class 4
0.41836242809,31.8485915493,2171.95828683,80.2974801937,0.859077028543,1.0,282.312862667,0.414957283955,0.457561020403,0.04340461342,0.177090510094,0.386245079594,1.0,1.0,0.867297535211,5.38204225352,0.570422535211,288.398547535,8145.83932108,236368.709614,2.12323943662,0.0158450704225,64.8063380282,0.000489789950777,Class 4
0.329902549097,49.5158450704,2970.7956022,105.98828125,0.780903340396,1.0,362.705039561,0.462802539815,0.529022809807,0.0371388210425,0.228871923136,0.238804905398,1.0,1.0,0.793683978873,7.08538732394,0.417605633803,372.080325704,10385.293684,299395.820158,3.30105633803,0.0396126760563,81.5228873239,0.000761489351333,Class 4
0.675112080936,15.2112676056,4322.52351592,188.560244278,0.93269350617,1.0,732.044117098,0.263836099912,0.284187423563,0.0507143609899,0.107444872095,0.482332780053,1.0,1.0,0.93661971831,12.676056338,0.811267605634,739.029709507,21854.0737511,649552.777533,1.01408450704,0.0,182.535211268,0.000233929528729,Class 4
0.489229567546,3.48591549296,4393.64005437,122.958351673,0.984575595164,1.0,478.282010499,0.329115295094,0.332898970521,0.0566871342492,0.0347162847994,0.887869656806,1.0,1.0,0.985475352113,8.20774647887,0.539436619718,484.890625,14434.4779104,430465.167993,0.232394366197,0.0580985915493,121.373239437,5.36088503338e-05,Class 4
0.696003521127,4.83274647887,879.171973832,38.5793904049,0.978616166023,1.0,146.363053702,0.234254307412,0.240506626547,0.0559665585945,0.0450537655999,0.794014237965,1.0,1.0,0.979863556338,2.55897887324,0.818661971831,147.442121479,4333.16158671,128392.840707,0.322183098592,0.0343309859155,35.9683098592,7.43213606901e-05,Class 4
0.420872594723,33.6707746479,2001.94222201,77.4691351232,0.85101427147,1.0,268.335470111,0.414146221332,0.459164315249,0.0426870753571,0.18331475677,0.359657171017,1.0,1.0,0.859705105634,5.17341549296,0.580281690141,274.163072183,7693.67077465,222460.348272,2.24471830986,0.0343309859155,60.7658450704,0.000517812758906,Class 4
0.293161079151,65.7570422535,2914.60923509,111.409275968,0.709039636046,1.0,370.512806747,0.475434877745,0.563408637564,0.0327385749355,0.262382110439,0.128390598049,1.0,1.0,0.726012323944,7.50528169014,0.354225352113,380.82284331,10406.9318607,296478.585109,4.3838028169,-0.0158450704225,79.7007042254,0.00101125785857,Class 4
0.348680569331,65.0440140845,1397.16615415,74.9550506162,0.712194627945,1.0,228.129413543,0.440755545373,0.527777815096,0.0329044181462,0.261154269645,0.0950523916587,1.0,1.0,0.728983274648,5.03080985915,0.520070422535,234.304797535,6040.14508143,166177.293722,4.33626760563,0.00792253521127,42.9401408451,0.00100029241191,Class 4
0.403105286649,70.1936619718,657.392920714,58.3778058979,0.689408575346,1.0,155.524361719,0.394500783995,0.488363949021,0.0317630740428,0.269553246165,0.0283403596268,1.0,1.0,0.707526408451,3.86091549296,0.58661971831,159.546434859,3730.74513094,96054.029376,4.67957746479,0.0633802816901,22.8169014085,0.00107948730445,Class 4
0.453346806189,15.7658450704,2913.13362425,88.6253851232,0.930239623582,1.0,338.775176835,0.381508439599,0.402013536374,0.0504486801974,0.11023309012,0.630156648063,1.0,1.0,0.934308978873,6.06073943662,0.560915492958,344.863776408,10069.9797535,297381.308769,1.05105633803,-0.102992957746,83.0281690141,0.000242458209464,Class 4
0.355827960722,54.5862676056,3918.98937886,143.071027729,0.758467842453,1.0,505.093743173,0.445379875148,0.518410449281,0.0356252324688,0.240627295456,0.172168969459,1.0,1.0,0.77255721831,9.61003521127,0.519366197183,517.226452465,14646.8243838,425596.478333,3.63908450704,0.00792253521127,116.857394366,0.000839465860909,Class 4
0.682939644912,9.42781690141,4430.68205427,185.889029489,0.958283996011,1.0,728.584753128,0.252447353245,0.265044866232,0.0535755399474,0.0755414208258,0.6443861209,1.0,1.0,0.960717429577,12.5096830986,0.813028169014,734.913952465,21816.4162082,649696.774686,0.628521126761,-0.0132042253521,182.931338028,0.000144987572494,Class 4
0.400112824836,41.9102112676,1811.17203456,76.2120928697,0.814556587311,1.0,254.945850356,0.425406355275,0.481454062508,0.0396472519093,0.208793789164,0.269911633491,1.0,1.0,0.825374119718,5.0889084507,0.567605633803,260.895466549,7175.76672535,205180.052497,2.79401408451,0.0343309859155,55.3785211268,0.000644524586968,Class 4
0.53362105733,48.5651408451,413.615431527,39.9935629401,0.785109996261,1.0,111.286275758,0.332559625472,0.397514384913,0.0374367530004,0.226527426591,0.0680904525455,1.0,1.0,0.797645246479,2.72271126761,0.710563380282,113.451804577,2672.65316901,69189.3071186,3.23767605634,-0.0343309859155,16.5580985915,0.000746868755787,Class 4
0.309020531641,57.9929577465,2950.04148239,107.952409771,0.743393992272,1.0,367.352526283,0.471108845015,0.548647703104,0.0346795960623,0.247846033736,0.176602309276,1.0,1.0,0.758362676056,7.31514084507,0.383450704225,377.273547535,10415.410954,298435.508744,3.8661971831,-0.0580985915493,80.7306338028,0.000891856328281,Class 4
0.360644961317,54.9031690141,1699.24200561,77.5477002641,0.757065623831,1.0,250.851287919,0.442254928159,0.515691839705,0.0355348486163,0.241321322093,0.166011079525,1.0,1.0,0.771236795775,5.24735915493,0.528169014085,257.330325704,6877.61696743,193421.88871,3.66021126761,-0.0343309859155,51.2588028169,0.000844339392758,Class 4
0.675948472525,9.42781690141,828.053371342,38.7365206866,0.958283996011,1.0,142.175604361,0.256352114075,0.268856891389,0.0535755399474,0.0755414208258,0.653261050986,1.0,1.0,0.960717429577,2.56954225352,0.807746478873,143.475572183,4146.88396787,121819.537835,0.628521126761,0.0343309859155,33.8292253521,0.000144987572494,Class 4
0.474116246776,29.1549295775,4418.58430576,158.07696963,0.870995886825,1.0,592.263447114,0.384287715495,0.423294419159,0.044495356824,0.167456436436,0.385057156702,1.0,1.0,0.878521126761,10.6267605634,0.643661971831,603.152948944,17589.0224747,519074.834201,1.94366197183,0.0,144.823943662,0.000448364930065,Class 4
0.403000396747,31.2147887324,4199.64139617,134.507427377,0.861881465786,1.0,498.982451119,0.422692808243,0.464392522448,0.04365803536,0.174871158813,0.406014464476,1.0,1.0,0.869938380282,9.08978873239,0.53661971831,509.643265845,14764.9897392,434254.884074,2.08098591549,-0.0475352112676,120.73943662,0.00048004288708,Class 4
0.459544237255,20.5985915493,2309.59321481,78.5690470951,0.908855789605,1.0,289.84822442,0.385628132145,0.413157801194,0.0481977472228,0.132940906294,0.536849530625,1.0,1.0,0.914172535211,5.30809859155,0.600352112676,295.248899648,8516.42877971,249908.566073,1.37323943662,-0.0264084507042,69.3221830986,0.000316779570154,Class 4
0.395059264035,27.9665492958,3210.47264702,101.667198504,0.876254206656,1.0,370.827585242,0.424706111925,0.462122651827,0.0449879581184,0.163033076326,0.45617211797,1.0,1.0,0.883472711268,6.83714788732,0.482042253521,378.859375,10905.6621369,319670.215542,1.86443661972,-0.00264084507042,88.573943662,0.000430089185633,Class 4
0.452244098393,15.8450704225,2932.14336596,89.7252970951,0.929889068927,1.0,340.379611992,0.382142756684,0.403156643267,0.0504108497818,0.110628070304,0.626783588823,1.0,1.0,0.933978873239,6.08978873239,0.558802816901,346.512984155,10118.0821688,298800.984537,1.05633802817,-0.0580985915493,83.4242957746,0.000243676592427,Class 4
0.475506595914,14.3397887324,2555.60482092,81.161696743,0.936549607379,1.0,308.363163314,0.368293137183,0.387291786598,0.0511349279657,0.102978241098,0.645755787417,1.0,1.0,0.940250880282,5.51144366197,0.600704225352,313.606734155,9157.19278169,270424.708087,0.955985915493,-0.0554577464789,75.5017605634,0.000220527316146,Class 4
0.58989337433,30.1056338028,4218.73367526,183.060684419,0.866789230961,1.0,693.127689685,0.316037607904,0.356315464446,0.0441062971137,0.170917589981,0.255463198478,1.0,1.0,0.874559859155,12.3116197183,0.753873239437,702.451364437,20541.5924021,607074.248896,2.00704225352,-0.00528169014085,169.621478873,0.00046298552561,Class 4
0.370599831383,36.2059859155,3838.82217389,123.036916813,0.839796522498,1.0,447.040953169,0.441278977688,0.489705814915,0.0417160378645,0.191604151194,0.360082531163,1.0,1.0,0.849141725352,8.2948943662,0.472535211268,457.355853873,13129.2583077,384292.232817,2.41373239437,-0.0237676056338,106.320422535,0.000556801013695,Class 4
0.505523705614,17.2711267606,1864.69907262,68.5127090669,0.92357908513,1.0,250.426784055,0.358435554081,0.381473994692,0.0497352025888,0.117600585875,0.57289582649,1.0,1.0,0.928036971831,4.56866197183,0.657042253521,254.579885563,7350.49898217,215806.534823,1.1514084507,0.0369718309859,59.8943661972,0.000265607485745,Class 4
0.800942769292,3.32746478873,4253.83353417,199.87362456,0.985276704475,1.0,795.038886383,0.169552637809,0.173887263977,0.0567724967764,0.0334393389158,0.798513451553,1.0,1.0,0.98613556338,13.4577464789,0.889788732394,797.424075704,23773.9159606,709515.626785,0.221830985915,-0.0211267605634,200.202464789,5.11720844096e-05,Class 4
0.850167625471,6.49647887324,4062.07892887,208.358659771,0.97125451826,1.0,826.861766693,0.143257167738,0.151915280927,0.0550888030649,0.0568071745366,0.554280380488,1.0,1.0,0.972931338028,14.0228873239,0.920422535211,827.880941901,24637.0895412,734607.584284,0.433098591549,-0.0158450704225,207.095070423,9.99074028949e-05,Class 4
0.376623189843,35.0176056338,2899.04815474,97.2675506162,0.845054842328,1.0,346.662622062,0.437802403564,0.48465007872,0.0421672597203,0.187770814087,0.371190981662,1.0,1.0,0.854093309859,6.54929577465,0.485563380282,354.681117958,10079.3246314,293436.227687,2.33450704225,-0.0105633802817,80.7306338028,0.000538525269263,Class 4
0.453172733585,28.6003521127,1847.11096021,72.1267055458,0.873449769413,1.0,252.799066135,0.395309143177,0.433538069327,0.0447243695447,0.165405801404,0.410454390996,1.0,1.0,0.880831866197,4.81426056338,0.615492957746,257.863776408,7281.50682218,211259.513215,1.90669014085,0.0343309859155,57.9137323944,0.00043983624933,Class 4
0.922538434834,1.2676056338,3991.7717322,215.036696743,0.994391125514,1.0,860.514747297,0.0802023026084,0.0817219329479,0.0578934921147,0.0151113643418,0.837007821741,1.0,1.0,0.994718309859,14.4401408451,0.95985915493,857.936399648,25612.1352608,764884.402698,0.0845070422535,0.0158450704225,215.968309859,1.94941273941e-05,Class 4
0.356070968062,44.7623239437,2485.05570449,92.0036861796,0.801936619718,1.0,315.25983154,0.449389418167,0.50927729254,0.0386731148334,0.216684516006,0.269503671159,1.0,1.0,0.813490316901,6.18221830986,0.48838028169,323.095290493,8991.95196963,258812.766488,2.98415492958,0.00264084507042,70.3521126761,0.000688386373605,Class 4
0.326789079548,59.8151408451,2055.25031229,88.7825154049,0.735331235199,1.0,285.224759605,0.459330029665,0.539334582381,0.0341973163807,0.251492254786,0.149546847572,1.0,1.0,0.750770246479,5.9286971831,0.471830985915,292.957966549,7869.56244498,221978.463121,3.98767605634,0.0396126760563,59.0228873239,0.00091987913641,Class 4
0.516880827217,48.2482394366,510.74693714,43.0576034331,0.786512214882,1.0,123.852549452,0.345731328771,0.410254931741,0.0375370555197,0.225735779302,0.0892763798788,1.0,1.0,0.798965669014,2.93397887324,0.697183098592,126.339128521,3062.34286972,80900.8212031,3.21654929577,-0.0396126760563,19.8855633803,0.000741995223939,Class 4
0.314064917675,72.8080985915,1605.77859243,82.9686949824,0.677840271719,1.0,251.734996148,0.45533602861,0.552746708092,0.031233742685,0.273408824954,0.0711111284206,1.0,1.0,0.696632922535,5.57482394366,0.466549295775,258.909551056,6660.70884683,183013.024108,4.85387323944,0.00264084507042,47.2183098592,0.0011196939422,Class 4
0.307477187066,64.014084507,3467.44939426,128.065085827,0.716751838464,1.0,436.945646158,0.467978078896,0.553622854076,0.0331484018548,0.259343218482,0.131046680466,1.0,1.0,0.733274647887,8.61443661972,0.432042253521,448.560519366,12456.3382207,358087.038839,4.2676056338,-0.00528169014085,97.2095070423,0.000984453433403,Class 4
0.337574142035,46.3468309859,3063.17374827,106.302541813,0.794925526611,1.0,369.349783823,0.459281352141,0.521289160687,0.0381492852361,0.22087762055,0.265492919127,1.0,1.0,0.806888204225,7.14348591549,0.420774647887,378.706205986,10629.9866307,307401.372727,3.08978873239,0.00264084507042,83.9788732394,0.000712754032848,Class 4
0.788839763936,6.2588028169,4221.88216959,201.75918794,0.972306182226,1.0,791.482947351,0.18415896127,0.190994056908,0.0552133598244,0.0551856326728,0.701307956697,1.0,1.0,0.97392165493,13.4603873239,0.883450704225,794.649867958,23647.7993508,705104.69337,0.417253521127,0.102992957746,198.776408451,9.62522540085e-05,Class 4
0.464685826225,11.3292253521,3166.04193813,94.2820752641,0.949870684283,1.0,358.396810779,0.36679416122,0.381908319164,0.0526166528219,0.0866637745749,0.708449940834,1.0,1.0,0.952794894366,6.31426056338,0.553873239437,364.384903169,10718.6214789,317732.970741,0.755281690141,0.0237676056338,89.0492957746,0.000174228763585,Class 4
0.915779855187,2.21830985915,140.930023745,9.03889744718,0.99018446965,1.0,32.4439819096,0.0880466123562,0.0907353179458,0.0573735060008,0.024039644819,0.750830398418,1.0,1.0,0.990757042254,0.580985915493,0.956338028169,32.3659771127,933.762901629,27409.4773018,0.147887323944,0.0264084507042,7.60563380282,3.41147229397e-05,Class 4
0.439076572109,27.411971831,2138.91638331,77.4691351232,0.878708089243,1.0,277.764997937,0.40202946585,0.438696291206,0.0452202254017,0.160930989926,0.437611673145,1.0,1.0,0.885783450704,5.2235915493,0.590845070423,283.407350352,8062.1624945,234842.356456,1.82746478873,-0.0158450704225,64.6478873239,0.000421560504898,Class 4
0.485272515374,27.0158450704,1544.7440006,64.5844520246,0.88046086252,1.0,224.747198333,0.377483937866,0.413578270016,0.0453870604791,0.159414425506,0.412479485339,1.0,1.0,0.887433978873,4.30193661972,0.653169014085,228.965008803,6441.51160871,186512.33372,1.80105633803,0.0396126760563,51.0211267606,0.000415468590087,Class 4
0.396592689942,32.5616197183,2569.03674067,89.6467319542,0.855922036645,1.0,316.612578142,0.426585618294,0.47010830336,0.0431218849187,0.179553402634,0.391347820835,1.0,1.0,0.864326584507,5.98679577465,0.528521126761,323.668353873,9189.02651849,267377.470796,2.17077464789,0.0396126760563,73.5211267606,0.000500755397437,Class 4
0.360127950803,37.8697183099,3481.64086858,113.294839349,0.832434874735,1.0,405.372946065,0.447127152646,0.497792828981,0.0410960436917,0.196820578603,0.346111692258,1.0,1.0,0.842209507042,7.61091549296,0.42323943662,414.995378521,11839.1776794,345386.017437,2.52464788732,0.00528169014085,95.2288732394,0.000582387055899,Class 4
0.321315711168,71.6197183099,1531.74763013,81.0831316021,0.683098591549,1.0,244.239760148,0.451780952636,0.547593309987,0.03147016341,0.271689810292,0.0731555663479,1.0,1.0,0.701584507042,5.42429577465,0.479225352113,251.141505282,6446.16238446,176864.205762,4.77464788732,0.0264084507042,45.5545774648,0.00110141819777,Class 4
0.305798700655,60.2112676056,3246.12164317,118.244443222,0.733578461922,1.0,401.95056884,0.471674629572,0.552231952355,0.03409464268,0.252265499605,0.160768506513,1.0,1.0,0.74911971831,7.94894366197,0.396126760563,412.766505282,11443.0628026,328649.859537,4.01408450704,0.0,89.1285211268,0.000925971051221,Class 4
0.46675684388,23.5299295775,1980.60357602,72.3624009683,0.895885267356,1.0,262.691952928,0.384974958157,0.416424754312,0.0468886226691,0.145499868436,0.482626452766,1.0,1.0,0.901958626761,4.89348591549,0.621478873239,267.648107394,7648.60491857,223339.130154,1.56866197183,-0.0290492957746,61.6373239437,0.000361859739753,Class 4
0.298449960325,62.9841549296,2984.0335961,112.50918794,0.721309048984,1.0,375.315111613,0.474241846522,0.558501255552,0.0333976238594,0.257487462926,0.144651705037,1.0,1.0,0.737566021127,7.53961267606,0.362676056338,385.638424296,10591.6985035,302606.920565,4.19894366197,0.0237676056338,81.6021126761,0.000968614454895,Class 4
0.433321761555,53.3978873239,4047.41889385,164.833571743,0.763726162283,1.0,594.315652085,0.397347479219,0.46878865118,0.0359685888217,0.23798278444,0.119582996191,1.0,1.0,0.777508802817,11.0862676056,0.620422535211,606.250660211,17323.9973316,505837.771013,3.55985915493,-0.00528169014085,139.595070423,0.000821190116477,Class 4
0.542184338425,12.676056338,1712.74222394,63.7202354754,0.943911255141,1.0,235.333829712,0.332628025077,0.349355434677,0.0519482431561,0.0941421269407,0.650877526335,1.0,1.0,0.947183098592,4.22535211268,0.69014084507,238.748019366,6945.28853983,204709.133167,0.845070422535,0.0580985915493,57.0422535211,0.000194941273941,Class 4
0.714198323745,15.9242957746,4208.54865396,194.138369278,0.929538514271,1.0,758.260065308,0.239878028159,0.260981647318,0.050373050362,0.111022227958,0.420657378606,1.0,1.0,0.933648767606,13.1117957746,0.838732394366,764.243177817,22596.8225682,671585.942764,1.06161971831,-0.0607394366197,188.714788732,0.000244894975389,Class 4
0.337536947034,47.0598591549,2918.15419841,103.002805898,0.791770534713,1.0,355.891034695,0.45916903486,0.522130942404,0.0379176068736,0.222721350208,0.258107678976,1.0,1.0,0.803917253521,6.92429577465,0.433802816901,364.951364437,10208.5367243,294654.10365,3.13732394366,0.0,80.3345070423,0.000723719479507,Class 4
0.36361659393,36.8397887324,3304.58647838,108.81662632,0.836992085255,1.0,386.014545081,0.445086724835,0.494302548174,0.0414782378248,0.193611753339,0.356802428109,1.0,1.0,0.846500880282,7.25968309859,0.434154929577,395.126980634,11260.7897777,328332.669327,2.45598591549,0.0554577464789,90.4753521127,0.000566548077392,Class 4
0.51448794882,28.6795774648,1186.00731276,55.7065911092,0.873099214758,1.0,190.40593932,0.36179065366,0.40016053359,0.0446915604543,0.165700196037,0.359455000471,1.0,1.0,0.880501760563,3.73943661972,0.686971830986,193.832526408,5367.37106624,154057.327929,1.91197183099,0.00528169014085,41.7517605634,0.000441054632292,Class 4
0.875925659591,5.46654929577,4020.19755323,211.187004842,0.97581172878,1.0,839.848972632,0.123301076317,0.130604857027,0.0556305637522,0.0496470723698,0.552896524424,1.0,1.0,0.977222711268,14.2051056338,0.93485915493,839.752860915,25006.9602773,745883.460893,0.364436619718,-0.00792253521127,210.343309859,8.40684243872e-05,Class 4
0.535044386035,27.4911971831,4381.26000448,171.668738996,0.878357534588,1.0,646.585205134,0.349948838243,0.386680022429,0.0451869513737,0.161232787912,0.362941440266,1.0,1.0,0.88545334507,11.5008802817,0.705633802817,656.826804577,19217.0962808,568078.595026,1.83274647887,0.0396126760563,158.767605634,0.00042277888786,Class 4
0.381974062686,31.1355633803,3334.25361241,106.538237236,0.862232020441,1.0,384.66306699,0.43336106246,0.474994133772,0.0436898525838,0.174591721983,0.419469101634,1.0,1.0,0.870268485915,7.13292253521,0.455281690141,393.288952465,11290.0120489,330457.316994,2.07570422535,0.0290492957746,91.426056338,0.000478824504118,Class 4
0.277701100972,76.3732394366,2451.87079216,104.731238996,0.662065312227,1.0,332.575847675,0.475820614802,0.578000901701,0.0305663248859,0.278235573376,0.0745891128018,1.0,1.0,0.681778169014,7.03521126761,0.361267605634,342.237455986,9097.58981624,255032.567476,5.09154929577,0.00528169014085,67.3415492958,0.0011745211755,Class 4
0.40151086094,42.2271126761,4178.24597223,148.020631602,0.81315436869,1.0,538.867574898,0.424533408945,0.481025945,0.0395370307231,0.209692846043,0.264648823757,1.0,1.0,0.824053697183,9.9639084507,0.570422535211,550.641065141,15827.3945312,463577.879054,2.81514084507,-0.0132042253521,128.345070423,0.000649398118817,Class 4
0.420872594723,33.6707746479,2001.94222201,77.4691351232,0.85101427147,1.0,268.335470111,0.414146221332,0.459164315249,0.0426870753571,0.18331475677,0.359657171017,1.0,1.0,0.859705105634,5.17341549296,0.580281690141,274.163072183,7693.67077465,222460.348272,2.24471830986,0.0343309859155,60.7658450704,0.000517812758906,Class 4
0.348680569331,65.0440140845,1397.16615415,74.9550506162,0.712194627945,1.0,228.129413543,0.440755545373,0.527777815096,0.0329044181462,0.261154269645,0.0950523916587,1.0,1.0,0.728983274648,5.03080985915,0.520070422535,234.304797535,6040.14508143,166177.293722,4.33626760563,0.00792253521127,42.9401408451,0.00100029241191,Class 4
0.403105286649,70.1936619718,657.392920714,58.3778058979,0.689408575346,1.0,155.524361719,0.394500783995,0.488363949021,0.0317630740428,0.269553246165,0.0283403596268,1.0,1.0,0.707526408451,3.86091549296,0.58661971831,159.546434859,3730.74513094,96054.029376,4.67957746479,0.0633802816901,22.8169014085,0.00107948730445,Class 4
0.355827960722,54.5862676056,3918.98937886,143.071027729,0.758467842453,1.0,505.093743173,0.445379875148,0.518410449281,0.0356252324688,0.240627295456,0.172168969459,1.0,1.0,0.77255721831,9.61003521127,0.519366197183,517.226452465,14646.8243838,425596.478333,3.63908450704,0.00792253521127,116.857394366,0.000839465860909,Class 4
0.360644961317,54.9031690141,1699.24200561,77.5477002641,0.757065623831,1.0,250.851287919,0.442254928159,0.515691839705,0.0355348486163,0.241321322093,0.166011079525,1.0,1.0,0.771236795775,5.24735915493,0.528169014085,257.330325704,6877.61696743,193421.88871,3.66021126761,-0.0343309859155,51.2588028169,0.000844339392758,Class 4
0.675948472525,9.42781690141,828.053371342,38.7365206866,0.958283996011,1.0,142.175604361,0.256352114075,0.268856891389,0.0535755399474,0.0755414208258,0.653261050986,1.0,1.0,0.960717429577,2.56954225352,0.807746478873,143.475572183,4146.88396787,121819.537835,0.628521126761,0.0343309859155,33.8292253521,0.000144987572494,Class 4
0.391074191629,33.5915492958,2609.75126282,90.6680787852,0.851364826125,1.0,320.586782273,0.429829537535,0.474760502068,0.04271793171,0.18304886612,0.380678993174,1.0,1.0,0.860035211268,6.07394366197,0.520422535211,327.823723592,9297.97945092,270406.450233,2.23943661972,0.0211267605634,74.3133802817,0.000516594375944,Class 4
0.459544237255,20.5985915493,2309.59321481,78.5690470951,0.908855789605,1.0,289.84822442,0.385628132145,0.413157801194,0.0481977472228,0.132940906294,0.536849530625,1.0,1.0,0.914172535211,5.30809859155,0.600352112676,295.248899648,8516.42877971,249908.566073,1.37323943662,-0.0264084507042,69.3221830986,0.000316779570154,Class 4
0.452244098393,15.8450704225,2932.14336596,89.7252970951,0.929889068927,1.0,340.379611992,0.382142756684,0.403156643267,0.0504108497818,0.110628070304,0.626783588823,1.0,1.0,0.933978873239,6.08978873239,0.558802816901,346.512984155,10118.0821688,298800.984537,1.05633802817,-0.0580985915493,83.4242957746,0.000243676592427,Class 4
0.505523705614,17.2711267606,1864.69907262,68.5127090669,0.92357908513,1.0,250.426784055,0.358435554081,0.381473994692,0.0497352025888,0.117600585875,0.57289582649,1.0,1.0,0.928036971831,4.56866197183,0.657042253521,254.579885563,7350.49898217,215806.534823,1.1514084507,0.0369718309859,59.8943661972,0.000265607485745,Class 4
0.800942769292,3.32746478873,4253.83353417,199.87362456,0.985276704475,1.0,795.038886383,0.169552637809,0.173887263977,0.0567724967764,0.0334393389158,0.798513451553,1.0,1.0,0.98613556338,13.4577464789,0.889788732394,797.424075704,23773.9159606,709515.626785,0.221830985915,-0.0211267605634,200.202464789,5.11720844096e-05,Class 4
0.350714391986,45.9507042254,2528.1444355,93.4178587148,0.796678299888,1.0,319.692320249,0.452121471196,0.513599428057,0.0382790802916,0.219841822885,0.260505734163,1.0,1.0,0.808538732394,6.27992957746,0.479225352113,327.720730634,9112.61143816,262156.711099,3.06338028169,0.0,71.2235915493,0.000706662118037,Class 4
0.396140646697,40.7218309859,4171.99450853,144.563765405,0.819814907142,1.0,526.851719345,0.427843916113,0.482320750151,0.0400649982642,0.205371428238,0.286674957049,1.0,1.0,0.830325704225,9.73415492958,0.558450704225,538.476012324,15486.1593035,453713.769253,2.71478873239,-0.0158450704225,125.651408451,0.000626248842536,Class 4
0.552035558421,16.2411971831,1423.60580884,55.6280259683,0.92813629565,1.0,209.292455397,0.333332907733,0.354491414954,0.0502221626413,0.112590708347,0.572537098397,1.0,1.0,0.93232834507,3.84242957746,0.707746478873,212.398987676,6105.5134243,178838.583197,1.08274647887,-0.102992957746,49.5158450704,0.000249768507237,Class 4
0.383677593731,48.2482394366,4074.80489116,147.86350132,0.786512214882,1.0,530.072743748,0.43252333268,0.497069035271,0.0375370555197,0.225735779302,0.212119127797,1.0,1.0,0.798965669014,9.92165492958,0.554225352113,542.105853873,15483.5921545,451985.61629,3.21654929577,0.018485915493,124.700704225,0.000741995223939,Class 4
0.349488940686,42.2271126761,3071.93072228,104.731238996,0.81315436869,1.0,367.184203109,0.453187369369,0.509682200714,0.0395370307231,0.209692846043,0.302139401005,1.0,1.0,0.824053697183,7.03257042254,0.437323943662,376.226452465,10616.6663732,307907.386784,2.81514084507,0.00792253521127,84.375,0.000649398118817,Class 4
0.36361659393,36.8397887324,3304.58647838,108.81662632,0.836992085255,1.0,386.014545081,0.445086724835,0.494302548174,0.0414782378248,0.193611753339,0.356802428109,1.0,1.0,0.846500880282,7.25968309859,0.434154929577,395.126980634,11260.7897777,328332.669327,2.45598591549,0.0554577464789,90.4753521127,0.000566548077392,Class 4
0.457720442373,30.5017605634,4395.95382449,155.641450264,0.865036457684,1.0,577.41413557,0.3935751455,0.434278668266,0.043945506224,0.172339887699,0.379361818061,1.0,1.0,0.872909330986,10.4022887324,0.625704225352,588.450044014,17129.9004181,505063.039458,2.03345070423,0.0607394366197,140.783450704,0.000469077440421,Class 4
0.727987254513,17.588028169,4140.24464452,198.380886884,0.922176866509,1.0,768.782019391,0.230555739582,0.254052504321,0.0495864225848,0.119115916228,0.341936902005,1.0,1.0,0.926716549296,13.3098591549,0.84823943662,774.364216549,22874.654737,679521.118752,1.17253521127,0.0264084507042,190.853873239,0.000270481017593,Class 4
0.559908252331,10.6161971831,1643.03936955,62.0703675176,0.953025676181,1.0,228.300621278,0.319618136559,0.332894639616,0.0529741432751,0.0825750129904,0.696333278289,1.0,1.0,0.95576584507,4.06690140845,0.705281690141,231.38006162,6755.54877311,199492.636413,0.707746478873,0.105633802817,55.6954225352,0.000163263316926,Class 4
0.270418567744,81.7605633803,2851.04526951,117.851617518,0.638227595662,1.0,379.990091904,0.475056133071,0.584439755921,0.0296768684289,0.284609818193,0.053618925622,1.0,1.0,0.659330985915,7.94366197183,0.347887323944,390.902948944,10472.0367793,294912.070227,5.45070422535,-0.0211267605634,78.2746478873,0.00125737121692,Class 4
0.452031590954,24.4806338028,2139.05617913,76.3692231514,0.891678611492,1.0,276.70610266,0.393284448882,0.426025234573,0.046473154508,0.149399470491,0.475745022295,1.0,1.0,0.897997359155,5.15228873239,0.602112676056,282.096170775,8066.22601232,235606.954016,1.63204225352,-0.018485915493,65.0440140845,0.000376480335299,Class 4
0.409550932355,22.8169014085,3832.97331737,116.830270687,0.899040259255,1.0,430.072264419,0.412736173268,0.442918185745,0.0472031528963,0.142520978624,0.527554839678,1.0,1.0,0.904929577465,7.7588028169,0.466549295775,438.847491197,12773.7932163,376610.573335,1.52112676056,0.0950704225352,104.973591549,0.000350894293094,Class 4
0.321315711168,71.6197183099,1531.74763013,81.0831316021,0.683098591549,1.0,244.239760148,0.451780952636,0.547593309987,0.03147016341,0.271689810292,0.0731555663479,1.0,1.0,0.701584507042,5.42429577465,0.479225352113,251.141505282,6446.16238446,176864.205762,4.77464788732,0.0264084507042,45.5545774648,0.00110141819777,Class 4
0.299673179925,74.7887323944,1802.91364484,88.6253851232,0.669076405335,1.0,270.938821548,0.462846691142,0.562904449878,0.0308552060603,0.276151071741,0.0695713874072,1.0,1.0,0.68838028169,5.94190140845,0.437676056338,278.770026408,7224.83767055,199431.7769,4.98591549296,0.0158450704225,51.7341549296,0.00115015351625,Class 4
0.495630083317,28.6003521127,4414.96569744,164.047920335,0.873449769413,1.0,612.939604971,0.372362472544,0.410494718995,0.0447243695447,0.165405801404,0.379936686751,1.0,1.0,0.880831866197,10.9621478873,0.667253521127,623.663072183,18209.9529049,537746.815921,1.90669014085,0.0660211267606,150.132042254,0.00043983624933,Class 4
0.70075952192,16.6373239437,4227.452969,193.195587588,0.926383522373,1.0,750.704861089,0.248603554643,0.270849705623,0.0500342503967,0.114533244828,0.412057062949,1.0,1.0,0.930677816901,13.0035211268,0.829929577465,757.087808099,22372.5353488,664728.90853,1.10915492958,-0.0158450704225,186.73415493,0.000255860422048,Class 4
0.362047956755,41.0387323944,2681.0057757,95.7748129401,0.818412688521,1.0,330.583267499,0.446462671467,0.501297383573,0.0399529173279,0.206291973951,0.307860083707,1.0,1.0,0.82900528169,6.38028169014,0.483450704225,338.603653169,9510.19346941,275112.26796,2.73591549296,0.0580985915493,75.1848591549,0.000631122374385,Class 4
0.399319827415,52.8433098592,1280.93515598,67.4913622359,0.766180044871,1.0,210.852355463,0.4199323007,0.490626333963,0.0361312084656,0.236725834231,0.154033701085,1.0,1.0,0.779819542254,4.51848591549,0.581338028169,216.022227113,5673.89766725,157912.755622,3.52288732394,0.018485915493,41.3556338028,0.000812661435742,Class 4
0.354981898433,55.2200704225,1775.20413519,79.9046544894,0.75566340521,1.0,257.849659959,0.445463195739,0.519342630751,0.0354449606973,0.242010678471,0.167108053854,1.0,1.0,0.769916373239,5.37411971831,0.519014084507,264.555677817,7088.80402729,199661.566527,3.68133802817,-0.00264084507042,53.0017605634,0.000849212924606,Class 4
0.399319827415,52.8433098592,1280.93515598,67.4913622359,0.766180044871,1.0,210.852355463,0.4199323007,0.490626333963,0.0361312084656,0.236725834231,0.154033701085,1.0,1.0,0.779819542254,4.51848591549,0.581338028169,216.022227113,5673.89766725,157912.755622,3.52288732394,0.018485915493,41.3556338028,0.000812661435742,Class 4
0.533412269391,5.78345070423,4776.83885229,150.141890405,0.974409510158,1.0,585.349224191,0.318563937444,0.326174460713,0.0554633102311,0.0518880892964,0.816220462195,1.0,1.0,0.975902288732,10.0642605634,0.658098591549,593.055677817,17632.078235,525489.340954,0.385563380282,0.0290492957746,148.072183099,8.89419562357e-05,Class 4
0.422958490379,31.610915493,2109.91452635,79.9832196303,0.860128692509,1.0,276.900080064,0.412493783159,0.454551329117,0.0434994141787,0.176261602393,0.388973936059,1.0,1.0,0.868287852113,5.28433098592,0.577464788732,282.822403169,7982.7546765,231548.707564,2.1073943662,0.0924295774648,63.4595070423,0.000486134801891,Class 4
0.422958490379,31.610915493,2109.91452635,79.9832196303,0.860128692509,1.0,276.900080064,0.412493783159,0.454551329117,0.0434994141787,0.176261602393,0.388973936059,1.0,1.0,0.868287852113,5.28433098592,0.577464788732,282.822403169,7982.7546765,231548.707564,2.1073943662,0.0924295774648,63.4595070423,0.000486134801891,Class 4
0.384872297163,58.5475352113,3961.2581811,156.269971391,0.740940109685,1.0,550.905404076,0.423838147973,0.502123910726,0.0345310795229,0.248971376639,0.116443265769,1.0,1.0,0.75605193662,10.4498239437,0.566549295775,563.232614437,15962.8560189,464043.731387,3.90316901408,0.0554577464789,127.473591549,0.000900385009016,Class 4
0.460158450704,25.1936619718,1966.00741386,74.2479643486,0.888523619594,1.0,262.019790126,0.389696934616,0.423187095212,0.0461644824936,0.152271536682,0.461709649466,1.0,1.0,0.895026408451,4.91197183099,0.616549295775,267.084286972,7607.22130832,221737.735444,1.67957746479,0.0792253521127,61.0827464789,0.000387445781958,Class 4
0.48885960127,10.3785211268,2670.66349341,81.4759573063,0.954077340147,1.0,316.668272677,0.353233368449,0.366217548304,0.0530938646846,0.0811908279464,0.726143399879,1.0,1.0,0.956756161972,5.5801056338,0.604929577465,321.653389085,9456.01744058,280221.283268,0.691901408451,-0.102992957746,78.5123239437,0.000159608168039,Class 4
0.432742015473,21.8661971831,2753.86975312,90.1966879401,0.903246915119,1.0,327.760574469,0.400340427906,0.42934563531,0.0476264320075,0.138474427335,0.531717199603,1.0,1.0,0.90889084507,5.98415492958,0.552464788732,334.206646127,9661.61539943,283842.873291,1.45774647887,0.0792253521127,78.8292253521,0.000336273697549,Class 4
0.432742015473,21.8661971831,2753.86975312,90.1966879401,0.903246915119,1.0,327.760574469,0.400340427906,0.42934563531,0.0476264320075,0.138474427335,0.531717199603,1.0,1.0,0.90889084507,5.98415492958,0.552464788732,334.206646127,9661.61539943,283842.873291,1.45774647887,0.0792253521127,78.8292253521,0.000336273697549,Class 4
0.439075828209,17.9841549296,4314.2395755,129.714953785,0.920424093232,1.0,490.003923036,0.391980356533,0.416000784555,0.0494011449861,0.120993288216,0.592884507382,1.0,1.0,0.925066021127,8.69102112676,0.539436619718,499.147227113,14646.5599692,433619.886729,1.19894366197,0.0290492957746,121.373239437,0.000276572932404,Class 4
0.380148532037,43.4947183099,2044.7831634,81.633087588,0.807545494204,1.0,276.226000532,0.436265258132,0.494457184923,0.0391011053114,0.213232883555,0.266088796998,1.0,1.0,0.818772007042,5.48503521127,0.537676056338,282.880501761,7809.21055238,223756.509776,2.89964788732,0.00264084507042,60.5281690141,0.000668892246211,Class 4
0.864583663956,4.04049295775,4076.31310827,209.851397447,0.982121712576,1.0,832.11417544,0.129742298531,0.134593628709,0.0563893417725,0.0390782043889,0.70646546183,1.0,1.0,0.983164612676,14.0572183099,0.928169014085,832.379621479,24807.7144586,740243.900594,0.269366197183,0.050176056338,208.838028169,6.21375310688e-05,Class 4
0.397681511605,26.6197183099,3867.62303877,119.422920335,0.882213635797,1.0,438.298808133,0.42233200324,0.45783660156,0.0455546704523,0.157885119678,0.475042603197,1.0,1.0,0.889084507042,7.97007042254,0.472183098592,447.615096831,12979.6404875,381925.83852,1.77464788732,0.0580985915493,106.241197183,0.000409376675277,Class 4
0.647834011109,15.1320422535,4393.05248664,183.846335827,0.933044060825,1.0,713.1312023,0.279768477525,0.300010201708,0.0507524393721,0.107043170796,0.513854586846,1.0,1.0,0.936949823944,12.3670774648,0.790845070423,720.724691901,21308.3702685,633267.270972,1.0088028169,-0.00792253521127,177.940140845,0.000232711145767,Class 4
0.396140646697,40.7218309859,4171.99450853,144.563765405,0.819814907142,1.0,526.851719345,0.427843916113,0.482320750151,0.0400649982642,0.205371428238,0.286674957049,1.0,1.0,0.830325704225,9.73415492958,0.558450704225,538.476012324,15486.1593035,453713.769253,2.71478873239,-0.0158450704225,125.651408451,0.000626248842536,Class 4
0.419497371553,30.9771126761,4308.57158149,143.071027729,0.862933129752,1.0,527.723823305,0.41403389575,0.455421986441,0.0437535800188,0.174031492543,0.398639050693,1.0,1.0,0.870928697183,9.57306338028,0.569366197183,538.635783451,15634.6620268,460288.493106,2.06514084507,0.0448943661972,128.107394366,0.000476387738194,Class 4
0.403132315017,25.985915493,3177.55702535,100.253025968,0.88501807304,1.0,366.642536193,0.419073325152,0.453836439859,0.0458244581928,0.155411317504,0.480881933896,1.0,1.0,0.891725352113,6.72887323944,0.493661971831,374.397667254,10801.579583,316995.344049,1.7323943662,0.0105633802817,87.9401408451,0.00039962961158,Class 4
0.75986287443,5.54577464789,4313.71830787,196.023932658,0.975461174124,1.0,773.044315786,0.20025456855,0.207564718376,0.0555887038782,0.0502106558535,0.726477774524,1.0,1.0,0.976892605634,13.1514084507,0.864436619718,776.978653169,23130.3793189,689803.225101,0.369718309859,0.0264084507042,194.498239437,8.52868073493e-05,Class 4
0.387975600079,28.9964788732,3492.18271147,108.895191461,0.871696996136,1.0,398.774884757,0.428989416117,0.467776605804,0.0445606340508,0.16687294448,0.445569959262,1.0,1.0,0.879181338028,7.33626760563,0.446478873239,407.527068662,11746.9336213,344577.210109,1.93309859155,-0.0158450704225,95.5457746479,0.000445928164141,Class 4
0.51448794882,28.6795774648,1186.00731276,55.7065911092,0.873099214758,1.0,190.40593932,0.36179065366,0.40016053359,0.0446915604543,0.165700196037,0.359455000471,1.0,1.0,0.880501760563,3.73943661972,0.686971830986,193.832526408,5367.37106624,154057.327929,1.91197183099,0.00528169014085,41.7517605634,0.000441054632292,Class 4
0.314465135886,56.25,3328.48799933,118.715834067,0.75110619469,1.0,407.226886996,0.468852863635,0.544108639493,0.03515625,0.244219050288,0.18739183163,1.0,1.0,0.765625,7.97007042254,0.406338028169,417.984815141,11657.389167,335922.048357,3.75,0.0105633802817,91.426056338,0.000865051903114,Class 4
0.52074166832,20.360915493,1517.1789361,61.9918023768,0.909907453571,1.0,219.718223753,0.354213887356,0.38123769586,0.0483057522069,0.131885187286,0.506590182717,1.0,1.0,0.915162852113,4.09595070423,0.681690140845,223.363776408,6372.32856514,185905.728223,1.3573943662,0.0713028169014,51.2588028169,0.000313124421268,Class 4
0.475980460226,20.4401408451,2056.87987728,73.0694872359,0.909556898916,1.0,268.244207088,0.37724153475,0.404569655969,0.0482697195497,0.132237744809,0.53005561189,1.0,1.0,0.914832746479,4.93309859155,0.625704225352,273.094850352,7856.90198614,230239.97213,1.36267605634,-0.0211267605634,63.7764084507,0.00031434280423,Class 4
0.376623189843,35.0176056338,2899.04815474,97.2675506162,0.845054842328,1.0,346.662622062,0.437802403564,0.48465007872,0.0421672597203,0.187770814087,0.371190981662,1.0,1.0,0.854093309859,6.54929577465,0.485563380282,354.681117958,10079.3246314,293436.227687,2.33450704225,-0.0105633802817,80.7306338028,0.000538525269263,Class 4
0.449590111089,24.0052816901,2215.04128328,77.8619608275,0.893781939424,1.0,283.027857548,0.394117962723,0.426222529393,0.0466803306636,0.147459839421,0.484996158066,1.0,1.0,0.899977992958,5.25264084507,0.596478873239,288.542473592,8265.82388864,241674.242831,1.60035211268,-0.018485915493,66.786971831,0.000369170037526,Class 4
0.415903342591,21.3116197183,3475.20080798,104.888369278,0.905700797707,1.0,391.495389909,0.407799603079,0.436298726201,0.0478754060454,0.136073339213,0.547298630879,1.0,1.0,0.911201584507,7.06954225352,0.481338028169,399.341769366,11615.7411422,342344.062043,1.42077464789,-0.018485915493,95.3873239437,0.000327745016814,Class 4
0.848102806983,2.93133802817,4140.32896447,206.865922095,0.987029477751,1.0,821.748506329,0.138420311857,0.141985378273,0.0569864455217,0.0301806615919,0.791606268204,1.0,1.0,0.987786091549,13.8723591549,0.918309859155,822.48965669,24528.6060189,732148.909534,0.195422535211,0.0343309859155,206.61971831,4.50801695989e-05,Class 4
0.867802767308,8.39788732394,3982.50854677,211.736960827,0.962841206531,1.0,838.567404951,0.130234540548,0.141467281682,0.0541023916386,0.0692023017753,0.377969877438,1.0,1.0,0.965008802817,14.2394366197,0.930633802817,838.864216549,24937.1758638,743155.451719,0.55985915493,-0.00528169014085,209.392605634,0.000129148593986,Class 4
0.933456407459,2.45598591549,3943.25959319,216.765129842,0.989132805684,1.0,867.41172131,0.0739607687393,0.077244192648,0.0572442068786,0.0261302950026,0.636795409578,1.0,1.0,0.989766725352,14.5695422535,0.965845070423,864.447403169,25789.1269256,769911.27155,0.163732394366,0.00264084507042,217.315140845,3.77698718261e-05,Class 4
0.397916336044,26.5404929577,3357.3722589,105.281194982,0.882564190452,1.0,383.716967355,0.422141836335,0.457584666636,0.0455882854344,0.157577715217,0.475880339534,1.0,1.0,0.889414612676,7.03257042254,0.472183098592,391.913072183,11316.6817782,332262.334517,1.76936619718,0.0448943661972,92.2183098592,0.000408158292314,Class 4
0.721499454473,10.2200704225,4311.53939286,192.724196743,0.954778449458,1.0,755.358492902,0.231362690376,0.245035643232,0.0531738339367,0.0802619334311,0.582152582875,1.0,1.0,0.957416373239,12.9586267606,0.841197183099,760.833846831,22579.1013424,672308.153564,0.681338028169,-0.00264084507042,189.269366197,0.000157171402115,Class 4
0.453172733585,28.6003521127,1847.11096021,72.1267055458,0.873449769413,1.0,252.799066135,0.395309143177,0.433538069327,0.0447243695447,0.165405801404,0.410454390996,1.0,1.0,0.880831866197,4.81426056338,0.615492957746,257.863776408,7281.50682218,211259.513215,1.90669014085,0.0343309859155,57.9137323944,0.00043983624933,Class 4
0.393190339218,32.9577464789,2617.33694236,90.0395576585,0.854169263368,1.0,320.943970868,0.428496865343,0.472584782933,0.0429658983833,0.180906408533,0.387709932959,1.0,1.0,0.862676056338,6.06866197183,0.522183098592,328.143265845,9316.87420224,271110.001152,2.19718309859,-0.0158450704225,74.551056338,0.000506847312247,Class 4
0.491748413013,13.5475352113,2329.82602772,76.8406139965,0.940055153932,1.0,289.248631534,0.3589650347,0.377089985187,0.0515205161426,0.0988230307809,0.651855970251,1.0,1.0,0.94355193662,5.16813380282,0.625352112676,293.972051056,8582.28163512,253423.076677,0.903169014085,-0.00264084507042,70.7482394366,0.000208343486525,Class 4
0.403250347153,37.5528169014,2034.18658582,79.1975682218,0.833837093357,1.0,272.724020021,0.424108030184,0.474349715209,0.0412130839615,0.195840238116,0.320353976696,1.0,1.0,0.843529929577,5.31866197183,0.561971830986,278.923195423,7778.62387214,224146.516502,2.50352112676,0.00528169014085,61.0035211268,0.000577513524051,Class 4
0.84274003174,5.38732394366,4102.9687132,208.201529489,0.976162283435,1.0,821.472286334,0.147250383356,0.153410481851,0.0556724546221,0.0490812173819,0.67131917675,1.0,1.0,0.977552816901,13.9172535211,0.915845070423,822.704885563,24498.8115922,730719.903826,0.359154929577,0.0792253521127,206.065140845,8.2850041425e-05,Class 4
0.342575629835,46.6637323944,2732.10272237,98.5245928697,0.79352330799,1.0,338.384814812,0.456472227724,0.518902984552,0.0380460071166,0.221700330232,0.258769686458,1.0,1.0,0.80556778169,6.61531690141,0.455281690141,346.963248239,9676.97496699,278860.616235,3.11091549296,0.00792253521127,75.8978873239,0.000717627564696,Class 4
0.850167625471,6.49647887324,4062.07892887,208.358659771,0.97125451826,1.0,826.861766693,0.143257167738,0.151915280927,0.0550888030649,0.0568071745366,0.554280380488,1.0,1.0,0.972931338028,14.0228873239,0.920422535211,827.880941901,24637.0895412,734607.584284,0.433098591549,-0.0158450704225,207.095070423,9.99074028949e-05,Class 4
0.608014778814,19.1725352113,880.259813021,43.6861245599,0.915165773401,1.0,152.908319044,0.305519420089,0.33116551215,0.0488499615652,0.126516994346,0.455731681524,1.0,1.0,0.92011443662,2.92605633803,0.762323943662,154.943441901,4345.7631217,125622.8468,1.27816901408,0.0105633802817,34.3045774648,0.000294848676836,Class 4
0.886091301329,1.50528169014,4074.96196671,210.637048856,0.993339461548,1.0,841.218410207,0.107944788207,0.109856921019,0.0577630771424,0.0174438948138,0.850615990978,1.0,1.0,0.993727992958,14.1470070423,0.939788732394,840.257262324,25080.456151,748948.339111,0.100352112676,0.0132042253521,211.452464789,2.31492762805e-05,Class 4
0.439076572109,27.411971831,2138.91638331,77.4691351232,0.878708089243,1.0,277.764997937,0.40202946585,0.438696291206,0.0452202254017,0.160930989926,0.437611673145,1.0,1.0,0.885783450704,5.2235915493,0.590845070423,283.407350352,8062.1624945,234842.356456,1.82746478873,-0.0158450704225,64.6478873239,0.000421560504898,Class 4
0.307477187066,64.014084507,3467.44939426,128.065085827,0.716751838464,1.0,436.945646158,0.467978078896,0.553622854076,0.0331484018548,0.259343218482,0.131046680466,1.0,1.0,0.733274647887,8.61443661972,0.432042253521,448.560519366,12456.3382207,358087.038839,4.2676056338,-0.00528169014085,97.2095070423,0.000984453433403,Class 4
0.303522862527,61.9542253521,3279.96292624,120.130006602,0.725866259504,1.0,408.181110817,0.471892708794,0.554780389667,0.0336520841599,0.255586560741,0.14891307425,1.0,1.0,0.741857394366,8.08626760563,0.401408450704,419.194322183,11609.3894971,333236.425943,4.13028169014,-0.0105633802817,90.3169014085,0.000952775476388,Class 4
0.440142580837,14.9735915493,4095.85365991,119.265790053,0.933745170136,1.0,453.07504554,0.386180751035,0.406203970278,0.0508286891242,0.106237188917,0.646307144992,1.0,1.0,0.937610035211,8.00440140845,0.500352112676,461.303917254,13560.3754401,401830.710068,0.99823943662,0.0132042253521,112.579225352,0.000230274379843,Class 4
0.541991420353,25.8274647887,4401.91282281,171.197348151,0.885719182351,1.0,649.524439354,0.34571314502,0.380264243888,0.0458922150863,0.15478762356,0.384314231002,1.0,1.0,0.89238556338,11.5193661972,0.710563380282,659.590448944,19324.2007868,571643.40135,1.72183098592,-0.0105633802817,159.876760563,0.000397192845655,Class 4
0.868611634596,3.40669014085,4079.43494653,210.794179137,0.984926149819,1.0,833.603736397,0.125682055016,0.126919007647,0.0567298000149,0.0340796175009,0.807464972,1.0,1.0,0.985805457746,14.0677816901,0.930281690141,833.641945423,24854.7753081,741788.913633,0.227112676056,0.102992957746,209.313380282,5.23904673717e-05,Class 4
0.417648284071,22.3415492958,3164.70832912,98.5245928697,0.901143587187,1.0,363.47960511,0.408222694774,0.438103939761,0.0474142345269,0.14050854067,0.529780994589,1.0,1.0,0.906910211268,6.6073943662,0.50985915493,370.814040493,10748.2693387,316202.35464,1.48943661972,0.0158450704225,87.9401408451,0.000343583995321,Class 4
0.406930916485,23.3714788732,3664.92677321,110.859319982,0.896586376667,1.0,412.051456538,0.414596237711,0.445862865801,0.0469583013043,0.144841962654,0.518848798547,1.0,1.0,0.902618838028,7.46038732394,0.450704225352,420.537191901,12218.5836818,359902.003229,1.55809859155,-0.00792253521127,100.220070423,0.000359422973829,Class 4
