0.535241612804,6844.73684211,5135683.04509,15970.5633376,0.894738460891,1.0,56952.2264931,0.348741054056,0.38042842202,0.00315518788684,0.146138250702,0.42865732069,1.0,1.0,0.895148026316,62.6315789474,0.701754385965,57037.5165084,27343386.8445,13499875564.1,26.8421052632,0.0,12548.6842105,1.59371312048e-06,Class 1
0.412011388119,9411.51315789,9196802.88714,23670.6563681,0.855265383725,1.0,85688.2344277,0.418545163177,0.462086429098,0.00292389676842,0.179567701248,0.380996627384,1.0,1.0,0.855828536184,93.3881578947,0.561403508772,85841.4895758,41378700.2269,20490886448.3,36.9078947368,-0.559210526316,19108.2236842,2.19135554066e-06,Class 1
0.524161280394,5703.94736842,6325193.18681,17111.3178607,0.912282050742,1.0,64927.5230628,0.351881289432,0.377520346734,0.00326579884406,0.129084962853,0.521704801701,1.0,1.0,0.912623355263,69.3421052632,0.684210526316,65022.8331202,31706719.423,15799314108.3,22.3684210526,-2.23684210526,14830.2631579,1.32809426707e-06,Class 1
0.472414589104,6559.53947368,8094768.82025,21103.9586912,0.899124358354,1.0,77163.2379848,0.381351170093,0.4116768093,0.00318238976626,0.142016944611,0.493365176201,1.0,1.0,0.899516858553,82.2039473684,0.627192982456,77285.9180298,37742634.3049,18821953779.2,25.7236842105,0.559210526316,17682.2368421,1.52730840713e-06,Class 1
0.535241612804,6844.73684211,5135683.04509,15970.5633376,0.894738460891,1.0,56952.2264931,0.348741054056,0.38042842202,0.00315518788684,0.146138250702,0.42865732069,1.0,1.0,0.895148026316,62.6315789474,0.701754385965,57037.5165084,27343386.8445,13499875564.1,26.8421052632,0.0,12548.6842105,1.59371312048e-06,Class 1
0.524161280394,5703.94736842,6325193.18681,17111.3178607,0.912282050742,1.0,64927.5230628,0.351881289432,0.377520346734,0.00326579884406,0.129084962853,0.521704801701,1.0,1.0,0.912623355263,69.3421052632,0.684210526316,65022.8331202,31706719.423,15799314108.3,22.3684210526,-2.23684210526,14830.2631579,1.32809426707e-06,Class 1
0.504424438289,7129.93421053,6103119.00727,17681.6951222,0.890352563428,1.0,64067.1985505,0.366027876173,0.398997444963,0.00312828658067,0.150170829837,0.437281051575,1.0,1.0,0.890779194079,69.9013157895,0.671052631579,64167.2235397,30906760.8577,15298625217.5,27.9605263158,-0.559210526316,14259.8684211,1.66011783384e-06,Class 1
0.660703293321,5418.75,18223262.4505,54756.2171205,0.916667948205,1.0,213947.24758,0.274100746623,0.299136430102,0.00329420301649,0.124571284653,0.410784205987,1.0,1.0,0.9169921875,215.296052632,0.802631578947,214176.495744,107846642.988,54648623538.0,21.25,-0.559210526316,52191.1184211,1.26168955372e-06,Class 1
0.412011388119,9411.51315789,9196802.88714,23670.6563681,0.855265383725,1.0,85688.2344277,0.418545163177,0.462086429098,0.00292389676842,0.179567701248,0.380996627384,1.0,1.0,0.855828536184,93.3881578947,0.561403508772,85841.4895758,41378700.2269,20490886448.3,36.9078947368,-0.559210526316,19108.2236842,2.19135554066e-06,Class 1
0.765620190828,1711.18421053,18361391.534,57037.7261666,0.973684615223,1.0,227409.765716,0.197699386583,0.204973981082,0.00369080942423,0.0528503389726,0.719645253802,1.0,1.0,0.973787006579,224.802631579,0.868421052632,227580.474979,115627939.027,58858086033.7,6.71052631579,-1.11842105263,56469.0789474,3.98428280121e-07,Class 1
0.635464758387,4277.96052632,3688021.76921,11407.5452455,0.934211538057,1.0,44151.1776837,0.28662558889,0.304812075137,0.00341082543878,0.105363687271,0.558310542023,1.0,1.0,0.934467516447,47.5328947368,0.780701754386,44204.1067633,21452935.9883,10662680936.5,16.7763157895,-2.79605263158,9981.90789474,9.96070700301e-07,Class 1
0.914935364728,1425.98684211,17068979.6607,63026.6874125,0.978070512686,1.0,250027.953317,0.0913856555568,0.0977954198822,0.00372342162222,0.0457996080469,0.466535747852,1.0,1.0,0.978155838816,246.611842105,0.956140350877,250110.385546,127190738.276,64773566571.2,5.59210526316,0.559210526316,62173.0263158,3.32023566767e-07,Class 1
0.591682056017,5989.14473684,3914816.27961,13403.8656608,0.90789615328,1.0,46991.9972651,0.315672434307,0.343353511731,0.00323769524487,0.133494203584,0.439560683142,1.0,1.0,0.908254523026,52.0065789474,0.75,47055.9406449,22471023.7521,11070638215.6,23.4868421053,0.559210526316,10267.1052632,1.39449898042e-06,Class 1
0.30647891659,17111.8421053,12205713.9101,33081.881183,0.736846152227,1.0,111558.938567,0.472087630439,0.550733654013,0.00237610201426,0.250298731417,0.169542700579,1.0,1.0,0.737870065789,126.381578947,0.372807017544,111793.419058,52650517.9534,25738757558.0,67.1052631579,3.35526315789,23671.3815789,3.98428280121e-06,Class 1
0.321906740536,15115.4605263,12648355.2918,31370.7493985,0.767547434468,1.0,112988.79287,0.466490993986,0.536017350779,0.00249708274872,0.235486252224,0.21863933944,1.0,1.0,0.768451891447,125.822368421,0.390350877193,113219.423375,53886815.1237,26499062237.3,59.2763157895,-2.79605263158,24526.9736842,3.51944980773e-06,Class 1
0.471799015082,7700.32894737,7144290.17178,19678.0155375,0.881580768502,1.0,71465.1389396,0.384497515997,0.420110522808,0.00307538568808,0.157982087466,0.428054900402,1.0,1.0,0.882041529605,77.7302631579,0.635964912281,71582.110464,34542853.5158,17115917557.3,30.1973684211,-0.559210526316,15971.0526316,1.79292726054e-06,Class 1
0.412011388119,9411.51315789,9196802.88714,23670.6563681,0.855265383725,1.0,85688.2344277,0.418545163177,0.462086429098,0.00292389676842,0.179567701248,0.380996627384,1.0,1.0,0.855828536184,93.3881578947,0.561403508772,85841.4895758,41378700.2269,20490886448.3,36.9078947368,-0.559210526316,19108.2236842,2.19135554066e-06,Class 1
0.591682056017,5989.14473684,3914816.27961,13403.8656608,0.90789615328,1.0,46991.9972651,0.315672434307,0.343353511731,0.00323769524487,0.133494203584,0.439560683142,1.0,1.0,0.908254523026,52.0065789474,0.75,47055.9406449,22471023.7521,11070638215.6,23.4868421053,0.559210526316,10267.1052632,1.39449898042e-06,Class 1
0.516312711604,5703.94736842,6655459.36029,17681.6951222,0.912282050742,1.0,67204.7859167,0.355969698086,0.381608755387,0.00326579884406,0.129084962853,0.526620607353,1.0,1.0,0.912623355263,71.5789473684,0.675438596491,67304.3421663,32870271.2125,16392716430.7,22.3684210526,-2.23684210526,15400.6578947,1.32809426707e-06,Class 1
0.578985841797,5418.75,4595706.49141,13689.0542916,0.916667948205,1.0,52118.5538503,0.321652321239,0.345470115912,0.00329420301649,0.124571284653,0.507926459976,1.0,1.0,0.9169921875,56.4802631579,0.736842105263,52189.3534739,25234465.9361,12517058648.9,21.25,-2.79605263158,11693.0921053,1.26168955372e-06,Class 1
0.546129578332,7700.32894737,4291355.22454,13974.2429223,0.881580768502,1.0,50971.2801857,0.343613891643,0.37837521784,0.00307538568808,0.157982087466,0.377722574583,1.0,1.0,0.882041529605,57.5986842105,0.714912280702,51048.5290495,24070887.4106,11775296655.9,30.1973684211,-2.79605263158,10837.5,1.79292726054e-06,Class 1
0.434172052939,7985.52631579,9092536.72115,23100.2791065,0.877194871039,1.0,84271.9377597,0.404690527232,0.441659123191,0.00304938610167,0.161766320639,0.436998241939,1.0,1.0,0.877672697368,90.5921052632,0.583333333333,84415.5901104,41015107.0027,20398173016.7,31.3157894737,0.0,19108.2236842,1.8593319739e-06,Class 1
0.484687596183,7985.52631579,6327222.145,18252.0723837,0.877194871039,1.0,66055.996271,0.378060909053,0.414893331912,0.00304938610167,0.161766320639,0.404247669375,1.0,1.0,0.877672697368,72.6973684211,0.65350877193,66163.517742,31706692.687,15650954437.7,31.3157894737,-1.11842105263,14545.0657895,1.8593319739e-06,Class 1
0.489958448753,7700.32894737,6306567.90758,17966.8837529,0.881580768502,1.0,65772.5727592,0.37483577037,0.410165936133,0.00307538568808,0.157982087466,0.418495123255,1.0,1.0,0.882041529605,72.1381578947,0.657894736842,65878.3378489,31633974.0421,15632411751.4,30.1973684211,-1.67763157895,14545.0657895,1.79292726054e-06,Class 1
0.486034164358,7129.93421053,6927964.86665,18252.0723837,0.890352563428,1.0,69759.9360866,0.376061241661,0.407177021965,0.00312828658067,0.150170829837,0.465409787924,1.0,1.0,0.890779194079,75.4934210526,0.649122807018,69870.9961548,33815640.3314,16782131023.5,27.9605263158,-3.91447368421,15685.8552632,1.66011783384e-06,Class 1
0.470337026777,10552.3026316,5212511.11418,16826.1292299,0.837721793874,1.0,59500.0299765,0.386613174812,0.434819047087,0.00282891562037,0.192580299041,0.287136315008,1.0,1.0,0.838353207237,68.7828947368,0.649122807018,59604.1005956,27706953.3327,13444229325.0,41.3815789474,-2.79605263158,12263.4868421,2.45697439408e-06,Class 1
0.517005232379,6274.34210526,6203554.85617,17111.3178607,0.903510255817,1.0,64355.6001241,0.357405061143,0.38575529278,0.00320989221894,0.137803503254,0.488804331134,1.0,1.0,0.903885690789,69.3421052632,0.679824561404,64452.4383834,31270380.818,15539698319.8,24.6052631579,-2.23684210526,14545.0657895,1.46090369378e-06,Class 1
0.497268390274,4848.35526316,8309015.76676,20533.5814297,0.925439743131,1.0,77741.6513861,0.361843626797,0.384232789878,0.00335191308113,0.115210155197,0.586747273963,1.0,1.0,0.925729851974,81.0855263158,0.644736842105,77856.3477173,38469874.2253,19304099983.6,19.0131578947,-0.559210526316,18252.6315789,1.12888012701e-06,Class 1
0.524815327793,2281.57894737,9344577.77692,20818.7700605,0.964912820297,1.0,83167.1631837,0.329562844157,0.33813193364,0.00362648674803,0.0660150677162,0.778204003284,1.0,1.0,0.965049342105,83.8815789474,0.65350877193,83275.0103406,41887837.6849,21214123935.1,8.94736842105,-2.23684210526,20249.0131579,5.31237706827e-07,Class 1
0.518659587565,5989.14473684,6345630.09334,17111.3178607,0.90789615328,1.0,65210.8568582,0.355741021234,0.382322695416,0.00323769524487,0.133494203584,0.509596922624,1.0,1.0,0.908254523026,69.9013157895,0.679824561404,65308.0130133,31779438.0678,15817856794.6,23.4868421053,-2.79605263158,14830.2631579,1.39449898042e-06,Class 1
0.581024930748,3992.76315789,5406613.83938,14829.8088146,0.93859743552,1.0,57533.9113842,0.314829397421,0.332209923267,0.00344073247748,0.100240373333,0.613590393021,1.0,1.0,0.938836348684,60.3947368421,0.732456140351,57607.9811466,28361528.0803,14204552184.4,15.6578947368,-2.23684210526,13404.2763158,9.29665986948e-07,Class 1
0.42620806402,13689.4736842,5086590.35056,18822.4496452,0.789476921782,1.0,60343.5160672,0.407484080532,0.470779426799,0.00259251475664,0.22351102984,0.187469933459,1.0,1.0,0.790296052632,72.6973684211,0.609649122807,60459.5703735,27343306.6364,13054796552.2,53.6842105263,1.11842105263,11693.0921053,3.18742624096e-06,Class 1
0.568213296399,5703.94736842,4760279.52417,13974.2429223,0.912282050742,1.0,53540.8179854,0.328395317506,0.353060449319,0.00326579884406,0.129084962853,0.499492735233,1.0,1.0,0.912623355263,58.1578947368,0.728070175439,53615.28789,25888960.4757,12832302496.4,22.3684210526,-3.35526315789,11978.2894737,1.32809426707e-06,Class 1
0.62230686365,4848.35526316,3717686.57816,11977.922507,0.925439743131,1.0,44718.5130792,0.295784659496,0.317723016441,0.00335191308113,0.115210155197,0.508388817458,1.0,1.0,0.925729851974,48.6513157895,0.771929824561,44774.4665495,21598373.278,10699766309.1,19.0131578947,-1.67763157895,9981.90789474,1.12888012701e-06,Class 1
0.613265620191,9696.71052632,1785051.22792,9696.41346098,0.850879486262,1.0,30184.4931862,0.297077751358,0.34185607752,0.00289970062153,0.182918097939,0.166658804633,1.0,1.0,0.851459703947,39.1447368421,0.771929824561,30229.6978406,12944400.0298,5971072236.3,38.0263157895,-1.11842105263,5133.55263158,2.25776025402e-06,Class 1
0.598068636504,7700.32894737,2927025.00455,11122.3566148,0.881580768502,1.0,39584.5057219,0.312543520899,0.347304847097,0.00307538568808,0.157982087466,0.324272183279,1.0,1.0,0.882041529605,46.4144736842,0.758771929825,39640.9838193,18253128.4632,8808285043.97,30.1973684211,-2.79605263158,7985.52631579,1.79292726054e-06,Class 1
0.596606648199,3707.56578947,5082515.49576,14259.4315531,0.942983332983,1.0,54972.8976007,0.305074569219,0.321573225633,0.00347094008944,0.0949719853257,0.623164123448,1.0,1.0,0.943205180921,57.5986842105,0.745614035088,55041.2922074,27125257.646,13592607175.7,14.5394736842,-1.67763157895,12833.8815789,8.63261273595e-07,Class 1
0.462950138504,13974.6710526,3605372.81701,15970.5633376,0.785091024319,1.0,49244.1590047,0.383151714068,0.447827318907,0.00257282720855,0.226003704602,0.142619478461,1.0,1.0,0.785927220395,62.0723684211,0.649122807018,49337.2050364,21598266.3339,10106327626.6,54.8026315789,0.559210526316,8841.11842105,3.25383095432e-06,Class 1
0.635464758387,4277.96052632,3688021.76921,11407.5452455,0.934211538057,1.0,44151.1776837,0.28662558889,0.304812075137,0.00341082543878,0.105363687271,0.558310542023,1.0,1.0,0.934467516447,47.5328947368,0.780701754386,44204.1067633,21452935.9883,10662680936.5,16.7763157895,-2.79605263158,9981.90789474,9.96070700301e-07,Class 1
0.651431209603,9696.71052632,1131709.94432,7414.90441493,0.850879486262,1.0,23351.4006006,0.268665326188,0.312542040077,0.00289970062153,0.182918097939,0.115013178045,1.0,1.0,0.851459703947,32.4342105263,0.798245614035,23385.1707025,9453744.66134,4190865269.15,38.0263157895,-3.35526315789,3422.36842105,2.25776025402e-06,Class 1
0.546668205602,5418.75,5661052.3508,15685.3747069,0.916667948205,1.0,60089.5312962,0.339097724837,0.36291551951,0.00329420301649,0.124571284653,0.530653777504,1.0,1.0,0.9169921875,64.3092105263,0.706140350877,60174.635135,29306897.1992,14593966777.2,21.25,-2.79605263158,13689.4736842,1.26168955372e-06,Class 1
0.502269929209,8555.92105263,5244228.75493,16255.7519684,0.868423076114,1.0,58653.4281861,0.368883327633,0.407983074993,0.00299828864861,0.1691043851,0.362275014313,1.0,1.0,0.868935032895,65.9868421053,0.675438596491,58748.595867,27779698.7135,13611131682.0,33.5526315789,-2.23684210526,12548.6842105,1.9921414006e-06,Class 1
0.390389350569,15400.6578947,5663412.30238,20248.392799,0.763161537005,1.0,65460.5328556,0.425154949651,0.496451527571,0.00247889806689,0.237738214406,0.156906162959,1.0,1.0,0.764083059211,79.4078947368,0.570175438596,65592.9133012,29524946.1896,14056156153.6,60.3947368421,0.0,12548.6842105,3.58585452109e-06,Class 1
0.429593721145,10837.5,6855711.48127,19392.8269067,0.833335896411,1.0,71167.4751885,0.409912410769,0.458467970231,0.00280592176649,0.19567624677,0.312163354444,1.0,1.0,0.833984375,80.5263157895,0.600877192982,71296.8257189,33597430.9248,16429783623.3,42.5,-4.47368421053,15115.4605263,2.52337910743e-06,Class 1
0.914935364728,1425.98684211,17068979.6607,63026.6874125,0.978070512686,1.0,250027.953317,0.0913856555568,0.0977954198822,0.00372342162222,0.0457996080469,0.466535747852,1.0,1.0,0.978155838816,246.611842105,0.956140350877,250110.385546,127190738.276,64773566571.2,5.59210526316,0.559210526316,62173.0263158,3.32023566767e-07,Class 1
0.704332102185,5989.14473684,1583168.37866,7414.90441493,0.90789615328,1.0,25352.4296967,0.245446158255,0.272763033922,0.00323769524487,0.133494203584,0.303843956244,1.0,1.0,0.908254523026,30.7565789474,0.833333333333,25381.6047074,11417281.7521,5433316152.95,23.4868421053,-1.67763157895,4848.35526316,1.39449898042e-06,Class 1
0.408048630348,11407.8947368,7583160.96851,22244.7132143,0.824564101485,1.0,76287.9108948,0.421400609468,0.474117609668,0.0027608357785,0.201688902638,0.29416477802,1.0,1.0,0.825246710526,86.1184210526,0.574561403509,76430.2035972,36069971.7935,17653673640.7,44.7368421053,1.11842105263,16256.25,2.65618853414e-06,Class 1
0.446252693136,10837.5,6029875.41733,18537.2610144,0.833335896411,1.0,65475.5907147,0.40023177258,0.450001684065,0.00280592176649,0.19567624677,0.292130694059,1.0,1.0,0.833984375,74.9342105263,0.622807017544,65593.0531038,30688551.4512,14946277817.3,42.5,-2.23684210526,13689.4736842,2.52337910743e-06,Class 1
0.527354570637,7700.32894737,4884351.07569,15400.1860761,0.881580768502,1.0,55525.6615329,0.354226800527,0.38955696629,0.00307538568808,0.157982087466,0.388664054852,1.0,1.0,0.882041529605,62.0723684211,0.697368421053,55611.5471416,26397990.9895,12962101300.6,30.1973684211,-1.67763157895,11978.2894737,1.79292726054e-06,Class 1
0.671629732225,3707.56578947,3137669.51974,9981.60209174,0.942983332983,1.0,39027.8364272,0.263899954357,0.279184344839,0.00347094008944,0.0949719853257,0.583811269455,1.0,1.0,0.943205180921,41.9407894737,0.80701754386,39070.728885,18980395.1197,9438790919.07,14.5394736842,-2.79605263158,8841.11842105,8.63261273595e-07,Class 1
0.4756848261,5703.94736842,8733123.27796,22244.7132143,0.912282050742,1.0,80868.1372158,0.37663903752,0.402278094822,0.00326579884406,0.129084962853,0.549618392449,1.0,1.0,0.912623355263,85.0,0.622807017544,80993.3964426,39851581.9493,19953130365.0,22.3684210526,2.23684210526,18823.0263158,1.32809426707e-06,Class 2
0.748730378578,3137.17105263,18098480.3658,57893.2920588,0.951755127908,1.0,226537.80691,0.215372940369,0.229107121471,0.00353225703311,0.0839564181326,0.551572026972,1.0,1.0,0.951942845395,225.361842105,0.859649122807,226724.865398,114827980.461,58357397142.9,12.3026315789,1.67763157895,55898.6842105,7.30451846888e-07,Class 2
0.412896275777,6274.34210526,15009096.3021,32511.5039215,0.903510255817,1.0,122427.887697,0.409768251453,0.438641602442,0.00320989221894,0.137803503254,0.542762615571,1.0,1.0,0.903885690789,126.381578947,0.456140350877,122630.919058,60940951.4494,30671457540.5,24.6052631579,1.11842105263,29090.1315789,1.46090369378e-06,Class 2
0.493190212373,5418.75,8002545.6876,20818.7700605,0.916667948205,1.0,76030.5622707,0.366617955005,0.391250757573,0.00329420301649,0.124571284653,0.555879009305,1.0,1.0,0.9169921875,79.9671052632,0.644736842105,76145.1984574,37451759.7255,18747783033.9,21.25,1.67763157895,17682.2368421,1.26168955372e-06,Class 2
0.433325638658,9411.51315789,7786879.60771,21959.5245835,0.855265383725,1.0,76580.6985548,0.407265898574,0.450575925058,0.00292389676842,0.179567701248,0.36854902187,1.0,1.0,0.855828536184,84.4407894737,0.59649122807,76715.4533916,36724493.0691,18117277158.8,36.9078947368,1.67763157895,16826.6447368,2.19135554066e-06,Class 2
0.492805478609,5989.14473684,7524792.61806,20533.5814297,0.90789615328,1.0,73181.0870717,0.36913832176,0.395719995942,0.00323769524487,0.133494203584,0.525202014339,1.0,1.0,0.908254523026,77.7302631579,0.649122807018,73293.2946745,35851869.331,17894764923.0,23.4868421053,2.79605263158,16826.6447368,1.39449898042e-06,Class 2
0.487650046168,6274.34210526,7546187.16752,20818.7700605,0.903510255817,1.0,73464.3126739,0.372806707207,0.400275069411,0.00320989221894,0.137803503254,0.513408746876,1.0,1.0,0.903885690789,78.2894736842,0.644736842105,73578.4745676,35924587.9758,17913307609.3,24.6052631579,3.35526315789,16826.6447368,1.46090369378e-06,Class 2
0.603685749461,7700.32894737,2799980.22524,12263.1111378,0.881580768502,1.0,38445.7480145,0.309034792326,0.343796118524,0.00307538568808,0.157982087466,0.31765460348,1.0,1.0,0.882041529605,45.2960526316,0.763157894737,38500.2292962,17671352.5685,8511583882.78,30.1973684211,2.79605263158,7700.32894737,1.79292726054e-06,Class 2
0.732725453986,4563.15789474,17837918.8292,57893.2920588,0.929825640594,1.0,225670.601972,0.227696424102,0.248582612073,0.00338121897333,0.110350977529,0.396683598903,1.0,1.0,0.930098684211,225.921052632,0.850877192982,225869.255818,114028021.896,57856708252.1,17.8947368421,1.11842105263,55328.2894737,1.06247541365e-06,Class 2
0.534202831641,10552.3026316,17752990.5114,51619.1421822,0.837721793874,1.0,195079.695218,0.347520644871,0.396346260137,0.00282891562037,0.192580299041,0.217827185063,1.0,1.0,0.838353207237,201.875,0.710526315789,195353.888836,96938284.8061,48751667506.7,41.3815789474,0.559210526316,46201.9736842,2.45697439408e-06,Class 2
0.516081871345,5133.55263158,7115747.88285,19392.8269067,0.921053845668,1.0,70054.2070031,0.353822738315,0.376734577241,0.00332290776218,0.119948193553,0.565218201993,1.0,1.0,0.921361019737,73.8157894737,0.671052631579,70156.2459492,34470161.607,17245734541.6,20.1315789474,2.23684210526,16256.25,1.19528484036e-06,Class 2
0.450176977532,5703.94736842,10543217.7703,24811.4108911,0.912282050742,1.0,92254.3704594,0.389170847677,0.415386188868,0.00326579884406,0.129084962853,0.558425529546,1.0,1.0,0.912623355263,96.1842105263,0.578947368421,92400.9416729,45669340.8967,22920141976.9,22.3684210526,1.11842105263,21675.0,1.32809426707e-06,Class 2
0.465335487842,5989.14473684,9110117.45001,23385.4677373,0.90789615328,1.0,83428.4277026,0.383126651874,0.408587732619,0.00323769524487,0.133494203584,0.545977183927,1.0,1.0,0.908254523026,87.7960526316,0.609649122807,83560.0853818,41087852.3836,20565075373.7,23.4868421053,3.91447368421,19393.4210526,1.39449898042e-06,Class 2
0.637465373961,3707.56578947,3930320.99941,12548.2997685,0.942983332983,1.0,45861.7783006,0.283024812871,0.300115469878,0.00347094008944,0.0949719853257,0.58585229903,1.0,1.0,0.943205180921,48.6513157895,0.780701754386,45915.2560232,22471050.4881,11218997886.2,14.5394736842,0.559210526316,10552.3026316,8.63261273595e-07,Class 2
0.443482610034,5989.14473684,10745270.3796,25381.7881526,0.90789615328,1.0,93675.9652127,0.393728588985,0.421045464651,0.00323769524487,0.133494203584,0.546400514838,1.0,1.0,0.908254523026,97.8618421053,0.570175438596,93826.876089,46323835.4362,23235385824.4,23.4868421053,1.67763157895,21960.1973684,1.39449898042e-06,Class 2
0.465527854725,6274.34210526,8780502.17519,22244.7132143,0.903510255817,1.0,81434.353077,0.38389483069,0.412768181679,0.00320989221894,0.137803503254,0.51609586045,1.0,1.0,0.903885690789,86.1184210526,0.614035087719,81563.7562288,39997019.239,19990215737.6,24.6052631579,1.11842105263,18823.0263158,1.46090369378e-06,Class 2
0.564289012004,3137.17105263,6623424.61325,17681.6951222,0.951755127908,1.0,65794.637703,0.317949321497,0.331683502599,0.00353225703311,0.0839564181326,0.687704649779,1.0,1.0,0.951942845395,67.6644736842,0.710526315789,65878.4776515,32797579.3037,16522533415.0,12.3026315789,1.67763157895,15685.8552632,7.30451846888e-07,Class 2
0.455409356725,8841.11842105,7057759.97143,20533.5814297,0.864037178651,1.0,71460.1531584,0.394877367468,0.435529947932,0.00297319078196,0.172662658129,0.381497654832,1.0,1.0,0.864566200658,78.8486842105,0.622807017544,71582.0755133,34251952.2004,16893387141.4,34.6710526316,1.67763157895,15685.8552632,2.05854611396e-06,Class 2
0.537626962142,2281.57894737,8619889.55632,21103.9586912,0.964912820297,1.0,78611.7944565,0.323594844404,0.329336219912,0.00362648674803,0.0660150677162,0.789841073688,1.0,1.0,0.965049342105,79.4078947368,0.671052631579,78711.9922485,39560734.106,20027319290.3,8.94736842105,3.35526315789,19108.2236842,5.31237706827e-07,Class 2
0.456717451524,7129.93421053,8489748.43797,22529.901845,0.890352563428,1.0,80006.7417891,0.391166970741,0.423215792368,0.00312828658067,0.150170829837,0.477607828311,1.0,1.0,0.890779194079,85.5592105263,0.609649122807,80137.786862,39051623.384,19452441474.2,27.9605263158,2.79605263158,18252.6315789,1.66011783384e-06,Class 2
0.531702062173,3422.36842105,7836813.47452,19963.2041682,0.947369230445,1.0,74049.1547129,0.336195150903,0.3507443399,0.00350144827465,0.0895480698023,0.682679743275,1.0,1.0,0.947574013158,76.0526315789,0.675438596491,74148.9392058,36942729.2117,18617984229.7,13.4210526316,2.23684210526,17682.2368421,7.96856560241e-07,Class 2
0.540781779009,2281.57894737,8443600.61033,20533.5814297,0.964912820297,1.0,77472.950594,0.322001466954,0.330570556438,0.00362648674803,0.0660150677162,0.77433763071,1.0,1.0,0.965049342105,78.2894736842,0.675438596491,77571.2377255,38978958.2112,19730618129.1,8.94736842105,2.23684210526,18823.0263158,5.31237706827e-07,Class 2
0.473491843644,3707.56578947,11300485.4166,25666.9767834,0.942983332983,1.0,95968.2736113,0.366265579062,0.381549969543,0.00347094008944,0.0949719853257,0.685461644351,1.0,1.0,0.943205180921,97.8618421053,0.587719298246,96108.4550364,48069189.8565,24273848978.6,14.5394736842,2.79605263158,23100.9868421,8.63261273595e-07,Class 2
0.821060326254,2281.57894737,1201505.65024,5988.96126115,0.964912820297,1.0,18239.3501593,0.165271865459,0.171013240967,0.00362648674803,0.0660150677162,0.643909221907,1.0,1.0,0.965049342105,20.1315789474,0.90350877193,18252.0025281,8726611.685,4302157747.23,8.94736842105,3.35526315789,3992.76315789,5.31237706827e-07,Class 2
0.449022776239,8841.11842105,7397895.78811,21389.147322,0.864037178651,1.0,73737.0607519,0.398395354557,0.438553441561,0.00297319078196,0.172662658129,0.389687198462,1.0,1.0,0.864566200658,81.0855263158,0.614035087719,73863.5845594,35415503.9899,17486789463.8,34.6710526316,2.79605263158,16256.25,2.05854611396e-06,Class 2
0.519005847953,1711.18421053,10397329.3775,23385.4677373,0.973684615223,1.0,89435.478208,0.325798646717,0.330948021632,0.00369080942423,0.0528503389726,0.830609891672,1.0,1.0,0.973787006579,89.4736842105,0.635964912281,89549.1776926,45233055.7636,22957245529.6,6.71052631579,2.23684210526,21960.1973684,3.98428280121e-07,Class 2
0.725184672207,2281.57894737,2708042.03192,9981.60209174,0.964912820297,1.0,34191.4178018,0.225746335226,0.231487710734,0.00362648674803,0.0660150677162,0.726329552497,1.0,1.0,0.965049342105,35.7894736842,0.842105263158,34222.5658505,16871474.2113,8455974003.9,8.94736842105,3.35526315789,7985.52631579,5.31237706827e-07,Class 2
0.636311172669,2851.97368421,4440251.05454,13974.2429223,0.956141025371,1.0,49567.0211207,0.278919907213,0.288451574374,0.00356336636483,0.0781825855715,0.703021390468,1.0,1.0,0.956311677632,51.4473684211,0.776315789474,49622.734436,24579998.1325,12350174472.0,11.1842105263,3.35526315789,11693.0921053,6.64047133534e-07,Class 2
0.520198522622,5703.94736842,6489658.64892,18537.2610144,0.912282050742,1.0,66066.156851,0.3539496092,0.379588666502,0.00326579884406,0.129084962853,0.524207262005,1.0,1.0,0.912623355263,70.4605263158,0.679824561404,66163.5876433,32288495.3177,16096015269.5,22.3684210526,2.23684210526,15115.4605263,1.32809426707e-06,Class 2
0.646044936904,4563.15789474,3304471.85464,12548.2997685,0.929825640594,1.0,41018.089545,0.281707785828,0.298845964796,0.00338121897333,0.110350977529,0.546958827642,1.0,1.0,0.930098684211,44.7368421053,0.789473684211,41067.0230874,19780326.9489,9791120139.22,17.8947368421,4.47368421053,9126.31578947,1.06247541365e-06,Class 2
0.564519852262,4563.15789474,5600745.38956,16826.1292299,0.929825640594,1.0,59239.3982782,0.326356381227,0.345285110017,0.00338121897333,0.110350977529,0.588217073324,1.0,1.0,0.930098684211,62.6315789474,0.719298245614,59319.0954558,29088741.2647,14538338718.3,17.8947368421,3.35526315789,13689.4736842,1.06247541365e-06,Class 2
0.511426592798,4277.96052632,8084343.241,20533.5814297,0.934211538057,1.0,76036.8856454,0.351735231387,0.370964524364,0.00341082543878,0.105363687271,0.623991245539,1.0,1.0,0.934467516447,78.8486842105,0.657894736842,76145.2334081,37742661.0409,18970313449.8,16.7763157895,1.67763157895,17967.4342105,9.96070700301e-07,Class 2
0.555670975685,7700.32894737,4005713.23596,14259.4315531,0.881580768502,1.0,48694.0280254,0.337941152021,0.373554158832,0.00307538568808,0.157982087466,0.357942838607,1.0,1.0,0.882041529605,55.3618421053,0.723684210526,48767.0200035,22907335.6211,11181894333.5,30.1973684211,0.559210526316,10267.1052632,1.79292726054e-06,Class 2
0.663896583564,7985.52631579,1521831.48557,9126.03619947,0.877194871039,1.0,26202.2657998,0.267966320536,0.304388821425,0.00304938610167,0.161766320639,0.207257637608,1.0,1.0,0.877672697368,33.5526315789,0.80701754386,26237.109436,11344536.3713,5266413796.0,31.3157894737,2.23684210526,4563.15789474,1.8593319739e-06,Class 2
0.539512157587,8270.72368421,4178424.82374,15400.1860761,0.872808973577,1.0,50399.9880536,0.347520644871,0.384984396288,0.00302368708852,0.165472986717,0.348478901522,1.0,1.0,0.873303865132,57.5986842105,0.710526315789,50478.1343127,23634548.8055,11515680867.3,32.4342105263,2.79605263158,10552.3026316,1.92573668725e-06,Class 2
0.627770083102,4848.35526316,3582993.80525,12548.2997685,0.925439743131,1.0,43579.6362156,0.292675272488,0.314613629432,0.00335191308113,0.115210155197,0.503518788549,1.0,1.0,0.925729851974,47.5328947368,0.776315789474,43633.7120265,21016597.3833,10403065147.9,19.0131578947,1.67763157895,9696.71052632,1.12888012701e-06,Class 2
0.479878424131,2566.77631579,12502604.7575,26522.5426756,0.960526922834,1.0,102810.189017,0.353262928294,0.365039650215,0.0035947762698,0.0722092165841,0.75615422471,1.0,1.0,0.960680509868,103.453947368,0.574561403509,102953.017125,51850746.5402,26276586361.7,10.0657894737,0.559210526316,25097.3684211,5.97642420181e-07,Class 2
0.451177285319,9696.71052632,6612875.30021,20248.392799,0.850879486262,1.0,68895.149317,0.397726943707,0.442168153688,0.00289970062153,0.182918097939,0.342916929008,1.0,1.0,0.851459703947,77.1710526316,0.622807017544,69015.3516235,32724780.4508,16058911716.8,38.0263157895,2.23684210526,14830.2631579,2.25776025402e-06,Class 2
0.429247460757,9126.31578947,8290774.65123,22529.901845,0.859651281188,1.0,79712.6620774,0.409140430176,0.451271126478,0.00294839348856,0.176149806246,0.384150332945,1.0,1.0,0.860197368421,87.2368421053,0.587719298246,79852.5370676,38397102.1084,18988837956.1,35.7894736842,1.11842105263,17682.2368421,2.12495082731e-06,Class 2
0.606802092952,6274.34210526,3385726.09105,12548.2997685,0.903510255817,1.0,42720.5923846,0.307260866801,0.33613421779,0.00320989221894,0.137803503254,0.406640273616,1.0,1.0,0.903885690789,48.0921052632,0.763157894737,42778.1024459,20216638.818,9902376257.13,24.6052631579,1.11842105263,9126.31578947,1.46090369378e-06,Class 2
0.760080024623,5133.55263158,17440975.1586,58748.8579511,0.921053845668,1.0,230817.697268,0.207562971052,0.231116414894,0.00332290776218,0.119948193553,0.277120203802,1.0,1.0,0.921361019737,231.513157895,0.868421052632,231002.633696,116500562.765,59080598269.5,20.1315789474,-1.11842105263,56469.0789474,1.19528484036e-06,Class 2
0.672706986765,3422.36842105,3251921.69382,11692.7338763,0.947369230445,1.0,39883.1366662,0.262138997472,0.274992631697,0.00350144827465,0.0895480698023,0.621999888045,1.0,1.0,0.947574013158,42.5,0.80701754386,39926.303515,19489452.3696,9716949393.94,13.4210526316,3.35526315789,9126.31578947,7.96856560241e-07,Class 2
0.550361649738,3422.36842105,6979444.20783,18537.2610144,0.947369230445,1.0,68355.3179633,0.326982283435,0.341531472432,0.00350144827465,0.0895480698023,0.6750850875,1.0,1.0,0.947574013158,70.4605263158,0.697368421053,68445.1665906,34033849.738,17134478423.7,13.4210526316,2.23684210526,16256.25,7.96856560241e-07,Class 2
0.470337026777,10552.3026316,5212511.11418,18252.0723837,0.837721793874,1.0,59500.0299765,0.386613174812,0.434819047087,0.00282891562037,0.192580299041,0.287136315008,1.0,1.0,0.838353207237,68.7828947368,0.649122807018,59604.1005956,27706953.3327,13444229325.0,41.3815789474,2.79605263158,12263.4868421,2.45697439408e-06,Class 2
0.568213296399,5703.94736842,4760279.52417,15685.3747069,0.912282050742,1.0,53540.8179854,0.328395317506,0.353060449319,0.00326579884406,0.129084962853,0.499492735233,1.0,1.0,0.912623355263,58.1578947368,0.728070175439,53615.28789,25888960.4757,12832302496.4,22.3684210526,3.35526315789,11978.2894737,1.32809426707e-06,Class 2
0.804516774392,3707.56578947,17432921.0721,60174.8011049,0.942983332983,1.0,236261.339384,0.177666701072,0.194757358079,0.00347094008944,0.0949719853257,0.350672131303,1.0,1.0,0.943205180921,235.427631579,0.894736842105,236421.261369,119627624.909,60768091805.1,14.5394736842,0.559210526316,58180.2631579,8.63261273595e-07,Class 2
0.475338565713,5418.75,9064116.53813,23100.2791065,0.916667948205,1.0,82862.3120803,0.375711955042,0.39828277669,0.00329420301649,0.124571284653,0.577260217283,1.0,1.0,0.9169921875,86.6776315789,0.618421052632,82989.7255956,40942415.0939,20527990001.0,21.25,3.91447368421,19393.4210526,1.26168955372e-06,Class 2
0.657317636196,7985.52631579,17553908.3205,56182.1602743,0.877194871039,1.0,216509.867264,0.272554996291,0.30952359225,0.00304938610167,0.161766320639,0.207350705682,1.0,1.0,0.877672697368,220.328947368,0.802631578947,216743.114781,108501110.792,54815507714.9,31.3157894737,0.0,52191.1184211,1.8593319739e-06,Class 2
0.597299168975,7985.52631579,18015247.5471,53330.2739667,0.877194871039,1.0,205080.735617,0.312543520899,0.349512116858,0.00304938610167,0.161766320639,0.291796520098,1.0,1.0,0.877672697368,209.144736842,0.758771929825,205335.569551,102683351.845,51848496103.0,31.3157894737,0.0,49339.1447368,1.8593319739e-06,Class 2
0.419167436134,7700.32894737,10678638.511,26522.5426756,0.881580768502,1.0,94235.5873401,0.411871661599,0.445771617602,0.00307538568808,0.157982087466,0.471317183152,1.0,1.0,0.882041529605,100.098684211,0.548245614035,94397.2009245,46178371.4105,23049940781.1,30.1973684211,3.91447368421,21675.0,1.79292726054e-06,Class 2
0.389389042782,9411.51315789,11325676.4102,27092.9199371,0.855265383725,1.0,99350.226503,0.430300518149,0.47384178407,0.00292389676842,0.179567701248,0.395707288196,1.0,1.0,0.855828536184,106.809210526,0.508771929825,99530.5438522,48360010.9638,24051300382.6,36.9078947368,-0.559210526316,22530.5921053,2.19135554066e-06,Class 3
0.398314866113,8270.72368421,12134224.2596,28518.8630909,0.872808973577,1.0,103910.557979,0.423596015382,0.46158881642,0.00302368708852,0.165472986717,0.446821842035,1.0,1.0,0.873303865132,110.164473684,0.504385964912,104093.596895,50978015.8581,25460635443.3,32.4342105263,1.67763157895,23956.5789474,1.92573668725e-06,Class 3
0.569367497692,6559.53947368,4228252.86051,14259.4315531,0.899124358354,1.0,49836.7411968,0.329227971643,0.35955361085,0.00318238976626,0.142016944611,0.419891150504,1.0,1.0,0.899516858553,55.3618421053,0.732456140351,49907.8094772,23780012.8312,11701125910.6,25.7236842105,0.559210526316,10837.5,1.52730840713e-06,Class 3
0.428285626347,5133.55263158,16156218.6682,33652.2584445,0.921053845668,1.0,130409.330209,0.396758967793,0.420312411635,0.00332290776218,0.119948193553,0.602068612198,1.0,1.0,0.921361019737,133.092105263,0.482456140351,130616.23567,65304284.028,32970896084.7,20.1315789474,-1.11842105263,31371.7105263,1.19528484036e-06,Class 3
0.366805170822,10837.5,12076647.9425,29659.6176139,0.833335896411,1.0,105320.78339,0.443639572654,0.493409484139,0.00280592176649,0.19567624677,0.348263291446,1.0,1.0,0.833984375,114.078947368,0.469298245614,105519.46141,51050707.7669,25330818459.0,42.5,2.23684210526,23671.3815789,2.52337910743e-06,Class 3
0.427631578947,8555.92105263,8956827.21774,23100.2791065,0.868423076114,1.0,83699.924894,0.409166003551,0.448775213507,0.00299828864861,0.1691043851,0.411814879726,1.0,1.0,0.868935032895,90.5921052632,0.578947368421,83845.1953735,40578768.3977,20138557228.2,33.5526315789,0.0,18823.0263158,1.9921414006e-06,Class 3
0.482186826716,6559.53947368,7571051.60621,20533.5814297,0.899124358354,1.0,73747.5532205,0.376375523054,0.406368841687,0.00318238976626,0.142016944611,0.49102038343,1.0,1.0,0.899516858553,78.8486842105,0.640350877193,73863.6544607,35997306.6207,17931850295.6,25.7236842105,1.67763157895,16826.6447368,1.52730840713e-06,Class 3
0.43986611265,5418.75,11970263.5924,27092.9199371,0.916667948205,1.0,101080.913751,0.392805329135,0.417438131703,0.00329420301649,0.124571284653,0.581865504038,1.0,1.0,0.9169921875,104.572368421,0.548245614035,101241.797964,50250829.4097,25275208580.1,21.25,1.67763157895,23956.5789474,1.26168955372e-06,Class 3
0.580024622961,5133.55263158,18904879.5997,50193.1990284,0.921053845668,1.0,196532.80757,0.320113203937,0.343666647779,0.00332290776218,0.119948193553,0.516390011821,1.0,1.0,0.921361019737,197.960526316,0.736842105263,196779.998005,99047285.9226,50179563433.8,20.1315789474,-1.11842105263,47913.1578947,1.19528484036e-06,Class 3
0.435595567867,8555.92105263,18053533.0025,42778.2946287,0.868423076114,1.0,162290.881847,0.405008746106,0.444617956062,0.00299828864861,0.1691043851,0.406389189478,1.0,1.0,0.868935032895,167.763157895,0.592105263158,162557.257462,80721305.1344,40610937350.3,33.5526315789,0.0,38501.6447368,1.9921414006e-06,Class 3
0.382771622038,8841.11842105,14856764.3881,33081.881183,0.864037178651,1.0,123835.556127,0.432642260892,0.47354104993,0.00297319078196,0.172662658129,0.426422086506,1.0,1.0,0.864566200658,130.296052632,0.44298245614,124056.783573,61013643.3583,30541640556.2,34.6710526316,-0.559210526316,28804.9342105,2.05854611396e-06,Class 3
0.417628501077,7415.13157895,11205100.2762,25952.1654141,0.885966665965,1.0,97368.2560088,0.411618285745,0.445799599759,0.00310168584775,0.154117813336,0.479066250239,1.0,1.0,0.886410361842,102.894736842,0.539473684211,97534.2846005,47850980.4499,23921501578.4,29.0789473684,-1.11842105263,22530.5921053,1.72652254719e-06,Class 3
0.379693751924,9126.31578947,13971476.6154,31655.9380292,0.859651281188,1.0,117285.614611,0.43475501998,0.477004843933,0.00294839348856,0.176149806246,0.41463214854,1.0,1.0,0.860197368421,124.144736842,0.44298245614,117497.436327,57595706.6347,28779976275.3,35.7894736842,0.0,27093.75,2.12495082731e-06,Class 3
0.375730994152,11978.2894737,16640918.3396,39926.4083212,0.815792306559,1.0,147457.467126,0.439015678652,0.49446857259,0.00271695208351,0.207470470591,0.2927863177,1.0,1.0,0.816509046053,156.578947368,0.521929824561,147727.343811,72285514.5567,36086231007.1,46.9736842105,0.0,33938.4868421,2.78899796084e-06,Class 3
0.54120498615,6559.53947368,5116210.9584,16540.9405991,0.899124358354,1.0,56668.7153592,0.345081232812,0.374404764145,0.00318238976626,0.142016944611,0.455954358454,1.0,1.0,0.899516858553,62.0723684211,0.706140350877,56752.3366153,27270668.1996,13481332877.7,25.7236842105,2.79605263158,12548.6842105,1.52730840713e-06,Class 3
0.354378270237,13404.2763158,9799081.47082,27092.9199371,0.793862819245,1.0,91932.6855189,0.450120789444,0.511667662629,0.00261250287799,0.220968086587,0.256186186617,1.0,1.0,0.794664884868,103.453947368,0.491228070175,92115.5171252,43560313.0442,21343886379.2,52.5657894737,2.79605263158,19678.6184211,3.12102152761e-06,Class 3
0.422630040012,10267.1052632,7675845.21854,21959.5245835,0.842107691336,1.0,76292.4855544,0.413471002109,0.460896177312,0.0028522100475,0.189422891129,0.334194588492,1.0,1.0,0.842722039474,85.0,0.587719298246,76430.2385479,36360873.1088,17876204056.6,40.2631578947,1.11842105263,16541.4473684,2.39056968072e-06,Class 3
0.361842105263,11407.8947368,11766618.8392,28804.0517217,0.824564101485,1.0,103610.307032,0.44647102948,0.499283309421,0.0027608357785,0.201688902638,0.325676699996,1.0,1.0,0.825246710526,112.960526316,0.469298245614,103808.31215,50032593.2671,24774501509.2,44.7368421053,0.0,23100.9868421,2.65618853414e-06,Class 3
0.414704524469,6274.34210526,14074913.3804,30515.1835062,0.903510255817,1.0,115594.57442,0.408879878942,0.43792663291,0.00320989221894,0.137803503254,0.541269317309,1.0,1.0,0.903885690789,119.671052632,0.482456140351,115786.39192,57450296.081,28891250573.3,24.6052631579,0.0,27378.9473684,1.46090369378e-06,Class 3
0.397545398584,10552.3026316,9099025.46117,23955.8449988,0.837721793874,1.0,85683.1299265,0.427114166464,0.47593978173,0.00282891562037,0.192580299041,0.33831864597,1.0,1.0,0.838353207237,94.5065789474,0.548245614035,85841.4546252,41087798.9116,20268356032.4,41.3815789474,-0.559210526316,18823.0263158,2.45697439408e-06,Class 3
0.413204062789,6274.34210526,14705679.4113,31370.7493985,0.903510255817,1.0,120150.048454,0.409620282544,0.438493633533,0.00320989221894,0.137803503254,0.542727466033,1.0,1.0,0.903885690789,124.144736842,0.464912280702,120349.410012,59777399.66,30078055218.1,24.6052631579,-1.11842105263,28519.7368421,1.46090369378e-06,Class 3
0.422630040012,10267.1052632,7675845.21854,21389.147322,0.842107691336,1.0,76292.4855544,0.413471002109,0.460896177312,0.0028522100475,0.189422891129,0.334194588492,1.0,1.0,0.842722039474,85.0,0.587719298246,76430.2385479,36360873.1088,17876204056.6,40.2631578947,-1.11842105263,16541.4473684,2.39056968072e-06,Class 3
0.492382271468,7985.52631579,6000644.80322,18252.0723837,0.877194871039,1.0,63778.9764767,0.373875409105,0.410707831963,0.00304938610167,0.161766320639,0.398336305134,1.0,1.0,0.877672697368,70.4605263158,0.662280701754,63882.0086959,30543140.8975,15057552115.3,31.3157894737,1.11842105263,13974.6710526,1.8593319739e-06,Class 3
0.654778393352,5418.75,18272560.2205,55041.4057513,0.916667948205,1.0,212804.53743,0.277776370405,0.302409172973,0.00329420301649,0.124571284653,0.426791566031,1.0,1.0,0.9169921875,214.177631579,0.798245614035,213035.741221,107264867.094,54351922376.8,21.25,1.67763157895,51905.9210526,1.26168955372e-06,Class 3
0.382502308403,9126.31578947,13015446.6549,30229.9948755,0.859651281188,1.0,110453.204694,0.433353381606,0.475484077908,0.00294839348856,0.176149806246,0.413662143806,1.0,1.0,0.860197368421,117.434210526,0.469298245614,110652.909189,54105051.2663,26999769308.2,35.7894736842,1.11842105263,25382.5657895,2.12495082731e-06,Class 3
0.3891966759,9126.31578947,11833079.8739,27948.4858294,0.859651281188,1.0,102482.746308,0.429931828342,0.472181652295,0.00294839348856,0.176149806246,0.408761180287,1.0,1.0,0.860197368421,109.605263158,0.5,102667.627528,50032620.0031,24922861179.9,35.7894736842,0.0,23386.1842105,2.12495082731e-06,Class 3
0.378462603878,9411.51315789,15383169.0912,35078.2015983,0.855265383725,1.0,128957.648357,0.435927556352,0.479237582836,0.00292389676842,0.179567701248,0.403322678258,1.0,1.0,0.855828536184,135.888157895,0.460526315789,129190.161451,63486184.2269,31765530573.6,36.9078947368,1.67763157895,29945.7236842,2.19135554066e-06,Class 3
0.403085564789,7700.32894737,12613927.1458,29659.6176139,0.881580768502,1.0,106760.400627,0.419899102867,0.453799058871,0.00307538568808,0.157982087466,0.478558738426,1.0,1.0,0.882041529605,112.401315789,0.5,106945.500678,52577906.2526,26313653554.2,30.1973684211,3.91447368421,24812.1710526,1.79292726054e-06,Class 3
0.352031394275,14830.2631579,8496476.21955,24526.2222603,0.77193333193,1.0,84243.6634344,0.44952455996,0.518107244257,0.0025155680038,0.233187463648,0.206128868483,1.0,1.0,0.772820723684,97.3026315789,0.504385964912,84415.3804064,39269699.1105,19062990521.3,58.1578947368,-1.11842105263,17397.0394737,3.45304509438e-06,Class 3
0.352762388427,13974.6710526,9310382.96128,25096.5995218,0.785091024319,1.0,89084.6077054,0.450446374278,0.514654651958,0.00257282720855,0.226003704602,0.23684778052,1.0,1.0,0.785927220395,101.217105263,0.495614035088,89263.6133423,41960422.6496,20490868268.2,54.8026315789,-2.79605263158,18823.0263158,3.25383095432e-06,Class 3
0.422822406894,6274.34210526,12550940.0862,28518.8630909,0.903510255817,1.0,105345.615261,0.405033257695,0.433383489332,0.00320989221894,0.137803503254,0.54113796331,1.0,1.0,0.903885690789,109.605263158,0.521929824561,105519.601212,52214313.0284,26220940122.6,24.6052631579,2.23684210526,24812.1710526,1.46090369378e-06,Class 3
0.341066481994,14545.0657895,9862330.46258,27378.1085679,0.776319229393,1.0,93066.8476757,0.456283830183,0.523451319427,0.00253435383213,0.23084121925,0.223968639817,1.0,1.0,0.777189555921,105.690789474,0.473684210526,93256.2366975,43851187.6235,21418057124.5,57.0394736842,1.67763157895,19678.6184211,3.38664038102e-06,Class 3
0.470721760542,5989.14473684,8755053.07688,22529.901845,0.90789615328,1.0,81151.2354491,0.380319058318,0.4069007325,0.00323769524487,0.133494203584,0.537213089862,1.0,1.0,0.908254523026,85.5592105263,0.618421052632,81278.5763357,39924300.5941,19971673051.3,23.4868421053,2.79605263158,18823.0263158,1.39449898042e-06,Class 3
0.599953831948,3992.76315789,19099233.0037,50763.5762899,0.93859743552,1.0,198825.182723,0.30474506206,0.323229360039,0.00344073247748,0.100240373333,0.585100458351,1.0,1.0,0.938836348684,199.078947368,0.75,199061.542002,100501739.027,50995496172.1,15.6578947368,0.0,48768.75,9.29665986948e-07,Class 3
0.495036934441,3992.76315789,9313181.40256,21959.5245835,0.93859743552,1.0,83724.8656318,0.357904784886,0.376389082865,0.00344073247748,0.100240373333,0.644796168827,1.0,1.0,0.938836348684,86.1184210526,0.631578947368,83845.3351762,41742373.6592,21028678891.8,15.6578947368,0.0,19963.8157895,9.29665986948e-07,Class 3
0.533356417359,1996.38157895,9139255.12054,20818.7700605,0.96929871776,1.0,81745.7328877,0.322417004358,0.331522629581,0.0036584977995,0.0595735366298,0.787721380813,1.0,1.0,0.969418174342,82.2039473684,0.662280701754,81849.0759245,41233343.1453,20898880087.6,7.82894736842,-0.559210526316,19963.8157895,4.64832993474e-07,Class 3
0.461872883964,7700.32894737,7659873.90944,20818.7700605,0.881580768502,1.0,74880.6558231,0.389724166204,0.425337173015,0.00307538568808,0.157982087466,0.434986504474,1.0,1.0,0.882041529605,81.0855263158,0.622807017544,75004.3740331,36288181.2,18006021040.9,30.1973684211,0.559210526316,16826.6447368,1.79292726054e-06,Class 3
0.375769467528,11978.2894737,9368634.94693,24811.4108911,0.815792306559,1.0,88238.5434044,0.439015678652,0.4943778335,0.00271695208351,0.207470470591,0.293893217308,1.0,1.0,0.816509046053,98.4210526316,0.521929824561,88408.1086137,42033168.0305,20657770625.2,46.9736842105,-1.11842105263,19108.2236842,2.78899796084e-06,Class 3
0.509272083718,4563.15789474,7933052.89951,20248.392799,0.929825640594,1.0,75181.2503744,0.354391455203,0.375277643175,0.00338121897333,0.110350977529,0.602187912433,1.0,1.0,0.930098684211,78.2894736842,0.657894736842,75289.6587781,37233603.791,18692154974.9,17.8947368421,1.11842105263,17682.2368421,1.06247541365e-06,Class 3
0.481802092952,4277.96052632,9881960.86632,23385.4677373,0.934211538057,1.0,87423.8559819,0.366172291432,0.385401584408,0.00341082543878,0.105363687271,0.637032444069,1.0,1.0,0.934467516447,90.0328947368,0.614035087719,87552.7786383,43560419.9883,21937325061.7,16.7763157895,1.67763157895,20819.4078947,9.96070700301e-07,Class 3
0.49095875654,6844.73684211,6909232.25,19678.0155375,0.894738460891,1.0,69476.606158,0.372628830699,0.403678292548,0.00315518788684,0.146138250702,0.470589001939,1.0,1.0,0.895148026316,74.9342105263,0.65350877193,69585.8162617,33742921.6866,16763588337.2,26.8421052632,2.23684210526,15685.8552632,1.59371312048e-06,Class 3
0.372922437673,11122.6973684,16294285.1171,38500.4651674,0.828949998948,1.0,140909.790591,0.440530165067,0.491802136088,0.00278322848587,0.198712037076,0.331758545632,1.0,1.0,0.829615542763,149.309210526,0.5,141168.031517,69158479.1485,34547097142.2,43.6184210526,1.67763157895,32512.5,2.58978382078e-06,Class 3
0.589912280702,6559.53947368,18450602.5545,52474.7080745,0.899124358354,1.0,201375.465519,0.317442047505,0.347435366139,0.00318238976626,0.142016944611,0.406339392032,1.0,1.0,0.899516858553,204.111842105,0.75,201628.16104,101156206.831,51162380349.0,25.7236842105,1.67763157895,48768.75,1.52730840713e-06,Class 3
0.821598953524,1711.18421053,17834558.9465,59604.4238434,0.973684615223,1.0,236562.037229,0.162358203927,0.170280045918,0.00369080942423,0.0528503389726,0.633071446661,1.0,1.0,0.973787006579,233.75,0.90350877193,236706.511163,120282146.184,61231695323.2,6.71052631579,0.0,58750.6578947,3.98428280121e-07,Class 3
0.411472760849,7415.13157895,11914913.0522,27092.9199371,0.885966665965,1.0,101922.737158,0.414676614017,0.448857928031,0.00310168584775,0.154117813336,0.482405381424,1.0,1.0,0.886410361842,107.368421053,0.521929824561,102097.302693,50178084.0288,25108306223.1,29.0789473684,-1.11842105263,23671.3815789,1.72652254719e-06,Class 3
0.466874422899,5418.75,9611222.21225,23385.4677373,0.916667948205,1.0,86278.2070971,0.379693728138,0.404326530706,0.00329420301649,0.124571284653,0.569498201526,1.0,1.0,0.9169921875,90.0328947368,0.605263157895,86411.9891647,42687742.7781,21418093484.6,21.25,1.67763157895,20249.0131579,1.26168955372e-06,Class 3
0.353147122191,16256.25,7209379.03438,23100.2791065,0.750003844616,1.0,76555.7287908,0.445857808736,0.52109859802,0.00242614746094,0.244219050288,0.159820393688,1.0,1.0,0.7509765625,91.1513157895,0.517543859649,76715.2436877,34979085.1768,16782094663.3,63.75,-0.559210526316,15115.4605263,3.78506866115e-06,Class 3
0.393159433672,9981.90789474,10124801.2354,25381.7881526,0.846493588799,1.0,91947.1475363,0.429042956195,0.475226486006,0.00287580504789,0.186202644409,0.366980785777,1.0,1.0,0.847090871711,100.098684211,0.530701754386,92115.6219772,44433016.9903,22011477626.9,39.1447368421,-0.559210526316,20534.2105263,2.32416496737e-06,Class 3
0.393082486919,10267.1052632,9788126.06429,25381.7881526,0.842107691336,1.0,89953.5284216,0.429339881338,0.476765056541,0.0028522100475,0.189422891129,0.354893483995,1.0,1.0,0.842722039474,98.4210526316,0.535087719298,90119.2928242,43342183.8457,21436617990.9,40.2631578947,1.11842105263,19963.8157895,2.39056968072e-06,Class 3
0.365920283164,14259.8684211,7941891.87385,24241.0336296,0.780705126856,1.0,80261.5625945,0.44245645503,0.508166710978,0.00255344023371,0.228446861791,0.216677083235,1.0,1.0,0.781558388158,92.8289473684,0.526315789474,80422.7570512,37378934.1366,18135801665.0,55.9210526316,2.23684210526,16541.4473684,3.32023566767e-06,Class 3
0.549861495845,7985.52631579,4020891.15396,14259.4315531,0.877194871039,1.0,48977.7096359,0.341348417242,0.3783170132,0.00304938610167,0.161766320639,0.343960559429,1.0,1.0,0.877672697368,55.9210526316,0.719298245614,49052.1998966,22980054.266,11200437019.8,31.3157894737,0.0,10267.1052632,1.8593319739e-06,Class 4
0.821637426901,1711.18421053,17834415.2969,59889.6124741,0.973684615223,1.0,236562.037229,0.162358203927,0.169632798425,0.00369080942423,0.0528503389726,0.661955429502,1.0,1.0,0.973787006579,233.75,0.90350877193,236706.511163,120282146.184,61231695323.2,6.71052631579,1.11842105263,58750.6578947,3.98428280121e-07,Class 4
0.354147429978,15971.0526316,7362085.67608,23670.6563681,0.754389742079,1.0,77410.2855505,0.445961735575,0.519830884439,0.002443430423,0.242104047086,0.168131445073,1.0,1.0,0.755345394737,91.7105263158,0.517543859649,77570.8183176,35488142.4267,17060253138.2,62.6315789474,1.11842105263,15400.6578947,3.71866394779e-06,Class 4
0.501115727916,8841.11842105,5107670.00628,17111.3178607,0.864037178651,1.0,57798.4847158,0.369559640388,0.410212220853,0.00297319078196,0.172662658129,0.345204687158,1.0,1.0,0.864566200658,65.4276315789,0.675438596491,57893.021237,27270641.4636,13332973207.1,34.6710526316,1.67763157895,12263.4868421,2.05854611396e-06,Class 4
0.350992613112,13404.2763158,15724788.8896,37930.0879059,0.793862819245,1.0,138621.444886,0.451877226608,0.513911390176,0.00261250287799,0.220968086587,0.256089888926,1.0,1.0,0.794664884868,149.309210526,0.482456140351,138886.452569,67413124.7283,33508633988.0,52.5657894737,-0.559210526316,31371.7105263,3.12102152761e-06,Class 4
0.518120960295,5418.75,6799994.04414,19107.6382759,0.916667948205,1.0,68060.1453438,0.354011788452,0.377829583125,0.00329420301649,0.124571284653,0.548141883876,1.0,1.0,0.9169921875,72.1381578947,0.675438596491,68159.9167962,33379328.4624,16670874905.6,21.25,2.79605263158,15685.8552632,1.26168955372e-06,Class 4
0.775161588181,3992.76315789,17617146.6249,58748.8579511,0.93859743552,1.0,231966.658398,0.198734916598,0.216946167042,0.00344073247748,0.100240373333,0.386894785897,1.0,1.0,0.938836348684,231.513157895,0.877192982456,232143.42317,117373239.975,59599829846.6,15.6578947368,-1.11842105263,57039.4736842,9.29665986948e-07,Class 4
0.898699599877,1996.38157895,17061307.2945,63311.8760432,0.96929871776,1.0,248303.74021,0.105072800727,0.1105411287,0.0036584977995,0.0595735366298,0.496981266651,1.0,1.0,0.969418174342,245.493421053,0.947368421053,248399.236286,126172623.777,64217249621.4,7.82894736842,2.79605263158,61602.6315789,4.64832993474e-07,Class 4
0.423630347799,8841.11842105,8971168.19979,24241.0336296,0.864037178651,1.0,83983.1944194,0.411949531274,0.451360580126,0.00297319078196,0.172662658129,0.410257755777,1.0,1.0,0.864566200658,91.1513157895,0.574561403509,84130.3752666,40651487.0425,20157099914.5,34.6710526316,3.91447368421,18823.0263158,2.05854611396e-06,Class 4
0.37661588181,14830.2631579,6785317.87707,21959.5245835,0.77193333193,1.0,72860.8737973,0.434987458948,0.503643422871,0.0025155680038,0.233187463648,0.1866118671,1.0,1.0,0.772820723684,86.1184210526,0.548245614035,73007.8351762,33451940.1631,16095978909.3,58.1578947368,0.0,14545.0657895,3.45304509438e-06,Class 4
0.276508156356,21960.1973684,10886842.3178,32511.5039215,0.662285895358,1.0,106138.7539,0.477045728857,0.578598020062,0.00214360860283,0.277736141388,0.0774780841933,1.0,1.0,0.663599917763,125.822368421,0.337719298246,106374.686533,48650751.863,23383672774.7,86.1184210526,1.67763157895,21104.6052632,5.11316292821e-06,Class 4
0.32863958141,14830.2631579,14433372.234,35363.3902291,0.77193333193,1.0,127509.75694,0.462935531332,0.53151821563,0.0025155680038,0.233187463648,0.222551537736,1.0,1.0,0.772820723684,139.802631579,0.434210526316,127764.052281,61377183.1104,30337634646.5,58.1578947368,-1.11842105263,28234.5394737,3.45304509438e-06,Class 4
0.42609264389,8555.92105263,17833642.0572,43063.4832595,0.868423076114,1.0,157731.412315,0.410464719134,0.446837691627,0.00299828864861,0.1691043851,0.430737013068,1.0,1.0,0.868935032895,163.289473684,0.574561403509,157994.23937,78394201.5555,39424132705.6,33.5526315789,5.59210526316,37360.8552632,1.9921414006e-06,Class 4
0.474415204678,6274.34210526,8247837.13832,21389.147322,0.903510255817,1.0,78018.6198745,0.379404991951,0.408278342941,0.00320989221894,0.137803503254,0.510902456847,1.0,1.0,0.903885690789,82.7631578947,0.627192982456,78141.4926597,38251691.5548,19100112254.0,24.6052631579,1.11842105263,17967.4342105,1.46090369378e-06,Class 4
0.291820560172,19678.6184211,10389123.8036,30515.1835062,0.697373075061,1.0,100450.967952,0.474450613802,0.565427531422,0.00224219662991,0.266256206528,0.114045074232,1.0,1.0,0.698550575658,117.993421053,0.385964912281,100670.983819,46323675.0201,22345227800.6,77.1710526316,1.67763157895,20249.0131579,4.58192522139e-06,Class 4
0.573291782087,9126.31578947,17881302.5056,52759.8967052,0.859651281188,1.0,201650.192382,0.325809960956,0.368059784908,0.00294839348856,0.176149806246,0.249645927941,1.0,1.0,0.860197368421,206.907894737,0.741228070175,201913.271031,100647122.845,50735862203.5,35.7894736842,0.0,48198.3552632,2.12495082731e-06,Class 4
0.468336411203,2566.77631579,17731587.4706,36789.3333829,0.960526922834,1.0,141540.263053,0.358632477917,0.367713338941,0.0035947762698,0.0722092165841,0.770044867179,1.0,1.0,0.960680509868,141.480263158,0.535087719298,141738.670908,71631126.9612,36364425842.2,10.0657894737,2.79605263158,34794.0789474,5.97642420181e-07,Class 4
0.650854108957,1996.38157895,4531726.93885,13403.8656608,0.96929871776,1.0,49855.814022,0.264282000412,0.272259089303,0.0036584977995,0.0595735366298,0.759230625001,1.0,1.0,0.969418174342,50.8881578947,0.785087719298,49907.9492798,24943618.0928,12591247574.2,7.82894736842,1.67763157895,11978.2894737,4.64832993474e-07,Class 4
0.364535241613,11693.0921053,10920566.0784,28233.6744602,0.820178204022,1.0,98201.0800778,0.445229488298,0.498779895339,0.00273874364438,0.204608011264,0.315282916274,1.0,1.0,0.820877878289,107.927631579,0.486842105263,98389.7194278,47196432.4383,23309538389.6,45.8552631579,2.79605263158,21675.0,2.72259324749e-06,Class 4
0.323214835334,18537.8289474,7676205.48714,25096.5995218,0.714916664913,1.0,81102.1493549,0.458070453594,0.54387575561,0.00229870440153,0.259575427265,0.119459509303,1.0,1.0,0.716025904605,97.8618421053,0.473684210526,81278.1918785,36724386.125,17523838476.3,72.6973684211,0.559210526316,15685.8552632,4.31630636797e-06,Class 4
0.308364112034,21389.8026316,6811749.45776,24811.4108911,0.671057690284,1.0,77111.5228107,0.457844189269,0.556854515113,0.00216645217008,0.275095444941,0.068359669344,1.0,1.0,0.672337582237,96.7434210526,0.456140350877,77285.4636712,33960917.2049,15929058372.3,83.8815789474,0.559210526316,13974.6710526,4.98035350151e-06,Class 4
0.268005540166,23956.5789474,11022435.8286,34222.635706,0.631584613118,1.0,109267.024592,0.475699574876,0.586196843451,0.00207312417493,0.285813536075,0.0507986729229,1.0,1.0,0.633018092105,130.855263158,0.328947368421,109511.700308,49741558.2716,23810172740.1,93.9473684211,3.35526315789,21389.8026316,5.57799592169e-06,Class 4
0.39769929209,9126.31578947,10929843.1034,24811.4108911,0.859651281188,1.0,96789.9272698,0.426291541956,0.464148999535,0.00294839348856,0.176149806246,0.421993586996,1.0,1.0,0.860197368421,104.013157895,0.521929824561,96963.854913,47123740.5295,23439355373.9,35.7894736842,-6.71052631579,21960.1973684,2.12495082731e-06,Class 4
0.294744536781,19108.2236842,10694965.1753,30800.372137,0.706144869987,1.0,102160.133167,0.474232848233,0.562565439998,0.00226984936922,0.262996347781,0.125262084709,1.0,1.0,0.707288240132,119.111842105,0.385964912281,102382.133079,47341789.5199,22901544750.3,74.9342105263,1.67763157895,20819.4078947,4.44911579468e-06,Class 4
0.649507540782,5133.55263158,18397064.4818,54185.839859,0.921053845668,1.0,211378.060529,0.280547701903,0.304313227876,0.00332290776218,0.119948193553,0.444812628517,1.0,1.0,0.921361019737,212.5,0.793859649123,211609.806804,106610372.554,54036678529.3,20.1315789474,0.0,51620.7236842,1.19528484036e-06,Class 4
0.38554170514,14830.2631579,6284066.38944,21389.147322,0.77193333193,1.0,69446.1139627,0.429625069027,0.498207753325,0.0025155680038,0.233187463648,0.180647939661,1.0,1.0,0.772820723684,82.7631578947,0.561403508772,69585.5716071,31706612.4789,15205875425.8,58.1578947368,1.11842105263,13689.4736842,3.45304509438e-06,Class 4
0.365689442906,20249.0131579,4182283.01732,18537.2610144,0.688601280136,1.0,57765.5765292,0.423134006057,0.516217443683,0.00221574618362,0.269357705828,0.0547349320059,1.0,1.0,0.689812911184,76.6118421053,0.543859649123,57892.6717304,24361628.3098,11107669048.0,79.4078947368,-3.91447368421,9411.51315789,4.71473464809e-06,Class 4
0.307286857495,17967.4342105,10008609.4832,27948.4858294,0.723688459839,1.0,96470.9873626,0.469614319596,0.552415326162,0.00232876172687,0.255990525023,0.146014650652,1.0,1.0,0.724763569079,112.401315789,0.421052631579,96678.3954147,44723811.3616,21640569360.3,70.4605263158,-2.79605263158,19678.6184211,4.18349694127e-06,Class 4
0.317905509388,15685.8552632,13220278.9811,32511.5039215,0.758775639542,1.0,118111.07325,0.468087235426,0.539853312673,0.00246101395832,0.239943953301,0.204481129754,1.0,1.0,0.759714226974,131.414473684,0.394736842105,118352.801253,56359355.9923,27722952254.7,61.5131578947,-3.91447368421,25667.7631579,3.65225923444e-06,Class 4
0.621537396122,3707.56578947,4349795.86688,13403.8656608,0.942983332983,1.0,49278.5428872,0.291727295451,0.308817952458,0.00347094008944,0.0949719853257,0.597709296209,1.0,1.0,0.943205180921,52.0065789474,0.767543859649,49337.5195923,24216378.1723,12109101369.8,14.5394736842,0.559210526316,11407.8947368,8.63261273595e-07,Class 4
0.517043705756,9411.51315789,18111599.2087,49908.0103977,0.855265383725,1.0,189375.319149,0.360030270048,0.403571535969,0.00292389676842,0.179567701248,0.295783426859,1.0,1.0,0.855828536184,195.164473684,0.69298245614,189650.151171,94320306.6478,47490692116.7,36.9078947368,0.559210526316,45061.1842105,2.19135554066e-06,Class 4
0.397314558326,9696.71052632,17120197.8779,39070.8424289,0.850879486262,1.0,148607.902618,0.426644837067,0.471086047047,0.00289970062153,0.182918097939,0.380202163568,1.0,1.0,0.851459703947,155.460526316,0.535087719298,148868.168235,73449093.0822,36827993000.1,38.0263157895,-2.23684210526,34794.0789474,2.25776025402e-06,Class 4
0.399622960911,8555.92105263,11453021.4481,27092.9199371,0.868423076114,1.0,99639.2554861,0.423536103741,0.463145313697,0.00299828864861,0.1691043851,0.429855611639,1.0,1.0,0.868935032895,106.25,0.517543859649,99815.7586959,48723630.924,24292373484.8,33.5526315789,0.0,22815.7894737,1.9921414006e-06,Class 4
0.329562942444,14259.8684211,13665700.9716,34222.635706,0.780705126856,1.0,120109.025893,0.463118956132,0.52882921208,0.00255344023371,0.228446861791,0.241529078756,1.0,1.0,0.781558388158,131.973684211,0.407894736842,120349.165357,57741090.4523,28520342306.7,55.9210526316,2.23684210526,26523.3552632,3.32023566767e-06,Class 4
0.373614958449,9981.90789474,12712696.5364,29374.4289832,0.846493588799,1.0,109025.441469,0.439237573982,0.485203115261,0.00287580504789,0.186202644409,0.380467523738,1.0,1.0,0.847090871711,116.875,0.464912280702,109226.939823,53159655.4113,26461995044.8,39.1447368421,-1.67763157895,24812.1710526,2.32416496737e-06,Class 4
0.48688057864,7700.32894737,6466261.80611,17396.5064914,0.881580768502,1.0,66911.0920185,0.376865770269,0.409601445513,0.00307538568808,0.157982087466,0.437933289737,1.0,1.0,0.882041529605,73.2565789474,0.65350877193,67019.0923719,32215749.9369,15929112912.5,30.1973684211,-5.03289473684,14830.2631579,1.79292726054e-06,Class 4
0.761349646045,3707.56578947,17820562.4244,58178.4806896,0.942983332983,1.0,229393.445542,0.20820413246,0.225294789467,0.00347094008944,0.0949719853257,0.442626096614,1.0,1.0,0.943205180921,228.717105263,0.868421052632,229576.73423,116136969.54,58987884837.9,14.5394736842,-0.559210526316,56469.0789474,8.63261273595e-07,Class 4
0.332640812558,14830.2631579,10558441.5822,27948.4858294,0.77193333193,1.0,97904.0797822,0.460667404885,0.529250089182,0.0025155680038,0.233187463648,0.219840439352,1.0,1.0,0.772820723684,110.723684211,0.451754385965,98104.4346827,46251009.8473,22623404455.5,58.1578947368,-1.11842105263,20819.4078947,3.45304509438e-06,Class 4
0.422706986765,6559.53947368,12037317.1602,27948.4858294,0.899124358354,1.0,102212.440532,0.406284715133,0.435608246466,0.00318238976626,0.142016944611,0.527040931001,1.0,1.0,0.899516858553,106.809210526,0.530701754386,102382.517536,50541703.9891,25349379325.4,25.7236842105,2.79605263158,23956.5789474,1.52730840713e-06,Class 4
0.719644506002,1996.38157895,18707098.7357,55041.4057513,0.96929871776,1.0,219689.906981,0.226765123027,0.234742211917,0.0036584977995,0.0595735366298,0.72444155039,1.0,1.0,0.969418174342,217.532894737,0.837719298246,219880.373211,111628226.408,56799720591.7,7.82894736842,-1.67763157895,54472.6973684,4.64832993474e-07,Class 4
0.835064635272,3137.17105263,17316042.4295,60459.9897357,0.951755127908,1.0,240273.073473,0.155300304045,0.169034485147,0.00353225703311,0.0839564181326,0.382096652859,1.0,1.0,0.951942845395,238.782894737,0.912280701754,240413.919675,121809291.198,61917811077.2,12.3026315789,-1.67763157895,59321.0526316,7.30451846888e-07,Class 4
0.383541089566,10552.3026316,10337426.9832,25952.1654141,0.837721793874,1.0,93652.2369189,0.434565945942,0.483391561207,0.00282891562037,0.192580299041,0.347894728055,1.0,1.0,0.838353207237,102.335526316,0.517543859649,93826.7362864,45160230.1747,22345264160.7,41.3815789474,-0.559210526316,20819.4078947,2.45697439408e-06,Class 4
0.948291782087,1140.78947368,16855212.8598,63882.2533047,0.982456410148,1.0,254335.804734,0.0601249334711,0.0654061614653,0.00375633439346,0.0383567940524,0.29479592648,1.0,1.0,0.982524671053,250.526315789,0.973684210526,254388.223745,129445123.211,65941828529.6,4.47368421053,0.0,63313.8157895,2.65618853414e-07,Class 4
0.931825176978,570.394736842,17150008.3862,63311.8760432,0.991228205074,1.0,251470.344332,0.0745841571999,0.0745841571999,0.00382306165569,0.0218358678836,0.837861219996,1.0,1.0,0.991262335526,247.171052632,0.964912280702,251536.354913,128136134.131,65311340834.6,2.23684210526,1.11842105263,62743.4210526,1.32809426707e-07,Class 4
0.453831948292,14259.8684211,3761510.02742,15970.5633376,0.780705126856,1.0,50666.3016159,0.388159336178,0.454098473759,0.00255344023371,0.228446861791,0.141654254519,1.0,1.0,0.781558388158,63.75,0.640350877193,50763.1394525,22252760.8735,10421571474.1,55.9210526316,-1.11842105263,9126.31578947,3.32023566767e-06,Class 4
0.296206525085,19678.6184211,9573452.54882,29374.4289832,0.697373075061,1.0,94758.8238074,0.471797122342,0.562552930079,0.00224219662991,0.266256206528,0.11185121204,1.0,1.0,0.698550575658,112.401315789,0.407894736842,94967.2112041,43414795.5464,20861721994.6,77.1710526316,2.79605263158,18823.0263158,4.58192522139e-06,Class 4
0.819790704832,5133.55263158,328667.066401,3422.26358434,0.921053845668,1.0,9687.56548053,0.157672599399,0.18122604324,0.00332290776218,0.119948193553,0.0956179168758,1.0,1.0,0.921361019737,14.5394736842,0.90350877193,9696.2562288,3636039.18604,1520572998.51,20.1315789474,-1.11842105263,1140.78947368,1.19528484036e-06,Class 4
0.273968913512,23956.5789474,8568191.35635,29374.4289832,0.631584613118,1.0,91050.3627438,0.471442139098,0.582166448794,0.00207312417493,0.285813536075,0.0474273451262,1.0,1.0,0.633018092105,112.960526316,0.372807017544,91259.6279393,40433143.9558,19062954161.1,93.9473684211,2.23684210526,16826.6447368,5.57799592169e-06,Class 4
0.73149430594,6559.53947368,981539.090169,6844.52715342,0.899124358354,1.0,19085.7578955,0.223686621686,0.25367994032,0.00318238976626,0.142016944611,0.194409294709,1.0,1.0,0.899516858553,25.1644736842,0.850877192982,19107.4373554,8072063.67338,3690194558.45,25.7236842105,1.67763157895,3137.17105263,1.52730840713e-06,Class 4
0.35337796245,12833.8815789,10637791.5403,27663.2971986,0.802634614171,1.0,97057.8349186,0.450929589739,0.510322238482,0.00265338084044,0.215728213051,0.275562412122,1.0,1.0,0.803402549342,107.927631579,0.478070175439,97248.9299541,46323755.2282,22790306812.5,50.3289473684,0.559210526316,21104.6052632,2.9882121009e-06,Class 4
0.805747922438,3992.76315789,17352931.2957,61885.9328894,0.93859743552,1.0,236546.59131,0.177187712551,0.184049681497,0.00344073247748,0.100240373333,0.499350522322,1.0,1.0,0.938836348684,235.986842105,0.894736842105,236706.441262,119700343.554,60786634491.4,15.6578947368,6.71052631579,58180.2631579,9.29665986948e-07,Class 4
0.42555401662,6559.53947368,11685257.3162,27092.9199371,0.899124358354,1.0,99935.109385,0.404817281953,0.434810600586,0.00318238976626,0.142016944611,0.52255193609,1.0,1.0,0.899516858553,104.572368421,0.539473684211,100101.00849,49378152.1996,24755977003.0,25.7236842105,1.67763157895,23386.1842105,1.52730840713e-06,Class 4
0.874345952601,2281.57894737,565183.474389,3422.26358434,0.964912820297,1.0,10260.9644437,0.125104751788,0.135185918937,0.00362648674803,0.0660150677162,0.416265798817,1.0,1.0,0.965049342105,12.3026315789,0.934210526316,10266.720867,4654180.42186,2225249618.89,8.94736842105,1.11842105263,1996.38157895,5.31237706827e-07,Class 4
0.528200984918,5703.94736842,6162099.52675,16826.1292299,0.912282050742,1.0,63788.8840721,0.349764126288,0.375403183589,0.00326579884406,0.129084962853,0.519109881931,1.0,1.0,0.912623355263,68.2236842105,0.688596491228,63882.0785972,31124943.5283,15502612947.1,22.3684210526,-2.23684210526,14545.0657895,1.32809426707e-06,Class 4
0.403470298553,9411.51315789,9905363.75932,25666.9767834,0.855265383725,1.0,90242.1101387,0.423134006057,0.465979835436,0.00292389676842,0.179567701248,0.391098662093,1.0,1.0,0.855828536184,97.8618421053,0.543859649123,90404.5076679,43705803.8059,21677691093.1,36.9078947368,2.79605263158,20249.0131579,2.19135554066e-06,Class 4
0.353224068944,11693.0921053,13226410.1344,32226.3152908,0.820178204022,1.0,114141.273625,0.451255802269,0.504806209309,0.00273874364438,0.204608011264,0.321658481291,1.0,1.0,0.820877878289,123.585526316,0.425438596491,114360.28275,55341294.9646,27463354646.3,45.8552631579,2.79605263158,25667.7631579,2.72259324749e-06,Class 4
0.438519544475,10267.1052632,6818718.60281,21103.9586912,0.842107691336,1.0,70600.5031521,0.40489726651,0.451471459284,0.0028522100475,0.189422891129,0.328337289697,1.0,1.0,0.842722039474,79.4078947368,0.609649122807,70726.4659327,33451993.6352,16392698250.6,40.2631578947,3.35526315789,15115.4605263,2.39056968072e-06,Class 4
0.287049861496,25382.5657895,6164539.15911,25381.7881526,0.609655125804,1.0,75397.0575835,0.455779711653,0.573276333171,0.0020317953526,0.290501654778,0.0236855753414,1.0,1.0,0.611173930921,98.9802631579,0.416666666667,75574.2095594,32070098.759,14705150174.8,99.5394736842,0.559210526316,12548.6842105,5.91001948846e-06,Class 4
0.337526931363,18252.6315789,6816745.99583,23100.2791065,0.719302562376,1.0,75127.2641685,0.449903392596,0.534343505799,0.00231358277757,0.257803665357,0.116772259883,1.0,1.0,0.720394736842,91.7105263158,0.5,75289.2393702,33742788.0064,16021789984.0,71.5789473684,-1.11842105263,14259.8684211,4.24990165462e-06,Class 4
0.4472914743,8555.92105263,7724580.19881,21103.9586912,0.868423076114,1.0,75730.6210835,0.398842901545,0.438452111501,0.00299828864861,0.1691043851,0.398163844036,1.0,1.0,0.868935032895,82.7631578947,0.609649122807,75859.9137124,36506337.1345,18061649099.8,33.5526315789,0.0,16826.6447368,1.9921414006e-06,Class 4
0.333833487227,20534.2105263,15244327.5905,43063.4832595,0.684215382673,1.0,150286.502673,0.443936763702,0.538945949668,0.00220297182036,0.27084985978,0.0684736523684,1.0,1.0,0.685444078947,167.763157895,0.5,150578.967989,71558194.4282,35159005790.8,80.5263157895,1.11842105263,32512.5,4.78113936145e-06,Class 4
0.281240381656,23956.5789474,13026882.6678,37644.8992751,0.631584613118,1.0,127491.205889,0.466273233758,0.577133664959,0.00207312417493,0.285813536075,0.0433952650499,1.0,1.0,0.633018092105,148.75,0.399122807018,127763.772676,59049972.5874,28557391319.2,93.9473684211,-1.11842105263,25952.9605263,5.57799592169e-06,Class 4
0.500346260388,5989.14473684,7177172.27444,20533.5814297,0.90789615328,1.0,70903.8937539,0.365543790768,0.38947505744,0.00323769524487,0.133494203584,0.536603170568,1.0,1.0,0.908254523026,75.4934210526,0.657894736842,71011.7856285,34688317.5415,17301362600.6,23.4868421053,5.03289473684,16256.25,1.39449898042e-06,Class 4
0.595683287165,9981.90789474,17508113.15,53330.2739667,0.846493588799,1.0,207075.569133,0.308614858813,0.353483209091,0.00287580504789,0.186202644409,0.186110070555,1.0,1.0,0.847090871711,213.059210526,0.758771929825,207331.828803,103192382.359,51978294907.2,39.1447368421,-3.91447368421,49339.1447368,2.32416496737e-06,Class 4
0.315327793167,19963.8157895,14764368.5182,40496.7855827,0.692987177599,1.0,140598.494114,0.458498626,0.550865685623,0.00222882112014,0.267826590247,0.0923033860456,1.0,1.0,0.694181743421,157.697368421,0.464912280702,140882.572018,66758549.9807,32748311128.6,78.2894736842,1.11842105263,30230.9210526,4.64832993474e-06,Class 4
0.31163434903,16541.4473684,11742734.5468,31941.12666,0.745617947153,1.0,107575.551169,0.470181125792,0.546166727867,0.00240916507213,0.246289494979,0.182545101643,1.0,1.0,0.746607730263,121.907894737,0.394736842105,107800.795702,50759752.9795,24811568701.8,64.8684210526,3.35526315789,22815.7894737,3.8514733745e-06,Class 4
0.362226839027,15115.4605263,7481431.07369,23100.2791065,0.767547434468,1.0,77697.5627588,0.442986081488,0.512944381529,0.00249708274872,0.235486252224,0.188677614202,1.0,1.0,0.768451891447,91.1513157895,0.526315789474,77856.0331614,35851762.3869,17301326240.4,59.2763157895,-0.559210526316,15685.8552632,3.51944980773e-06,Class 4
0.782125269314,4277.96052632,17477192.7285,59319.2352126,0.934211538057,1.0,233396.367559,0.193312253229,0.213053317746,0.00341082543878,0.105363687271,0.325941326476,1.0,1.0,0.934467516447,233.190789474,0.881578947368,233569.357586,118027734.514,59915073694.1,16.7763157895,-0.559210526316,57324.6710526,9.96070700301e-07,Class 4
0.649661434287,5133.55263158,18395561.5009,54756.2171205,0.921053845668,1.0,211378.060529,0.280547701903,0.303459540828,0.00332290776218,0.119948193553,0.462733159736,1.0,1.0,0.921361019737,212.5,0.793859649123,211609.806804,106610372.554,54036678529.3,20.1315789474,2.23684210526,51620.7236842,1.19528484036e-06,Class 4
0.423630347799,8841.11842105,8971168.19979,24241.0336296,0.864037178651,1.0,83983.1944194,0.411949531274,0.451360580126,0.00297319078196,0.172662658129,0.410257755777,1.0,1.0,0.864566200658,91.1513157895,0.574561403509,84130.3752666,40651487.0425,20157099914.5,34.6710526316,3.91447368421,18823.0263158,2.05854611396e-06,Class 4
0.276508156356,21960.1973684,10886842.3178,32511.5039215,0.662285895358,1.0,106138.7539,0.477045728857,0.578598020062,0.00214360860283,0.277736141388,0.0774780841933,1.0,1.0,0.663599917763,125.822368421,0.337719298246,106374.686533,48650751.863,23383672774.7,86.1184210526,1.67763157895,21104.6052632,5.11316292821e-06,Class 4
0.32863958141,14830.2631579,14433372.234,35363.3902291,0.77193333193,1.0,127509.75694,0.462935531332,0.53151821563,0.0025155680038,0.233187463648,0.222551537736,1.0,1.0,0.772820723684,139.802631579,0.434210526316,127764.052281,61377183.1104,30337634646.5,58.1578947368,-1.11842105263,28234.5394737,3.45304509438e-06,Class 4
0.364535241613,11693.0921053,10920566.0784,28233.6744602,0.820178204022,1.0,98201.0800778,0.445229488298,0.498779895339,0.00273874364438,0.204608011264,0.315282916274,1.0,1.0,0.820877878289,107.927631579,0.486842105263,98389.7194278,47196432.4383,23309538389.6,45.8552631579,2.79605263158,21675.0,2.72259324749e-06,Class 4
0.308364112034,21389.8026316,6811749.45776,24811.4108911,0.671057690284,1.0,77111.5228107,0.457844189269,0.556854515113,0.00216645217008,0.275095444941,0.068359669344,1.0,1.0,0.672337582237,96.7434210526,0.456140350877,77285.4636712,33960917.2049,15929058372.3,83.8815789474,0.559210526316,13974.6710526,4.98035350151e-06,Class 4
0.268005540166,23956.5789474,11022435.8286,34222.635706,0.631584613118,1.0,109267.024592,0.475699574876,0.586196843451,0.00207312417493,0.285813536075,0.0507986729229,1.0,1.0,0.633018092105,130.855263158,0.328947368421,109511.700308,49741558.2716,23810172740.1,93.9473684211,3.35526315789,21389.8026316,5.57799592169e-06,Class 4
0.294744536781,19108.2236842,10694965.1753,30800.372137,0.706144869987,1.0,102160.133167,0.474232848233,0.562565439998,0.00226984936922,0.262996347781,0.125262084709,1.0,1.0,0.707288240132,119.111842105,0.385964912281,102382.133079,47341789.5199,22901544750.3,74.9342105263,1.67763157895,20819.4078947,4.44911579468e-06,Class 4
0.317905509388,15685.8552632,13220278.9811,32511.5039215,0.758775639542,1.0,118111.07325,0.468087235426,0.539853312673,0.00246101395832,0.239943953301,0.204481129754,1.0,1.0,0.759714226974,131.414473684,0.394736842105,118352.801253,56359355.9923,27722952254.7,61.5131578947,-3.91447368421,25667.7631579,3.65225923444e-06,Class 4
0.621537396122,3707.56578947,4349795.86688,13403.8656608,0.942983332983,1.0,49278.5428872,0.291727295451,0.308817952458,0.00347094008944,0.0949719853257,0.597709296209,1.0,1.0,0.943205180921,52.0065789474,0.767543859649,49337.5195923,24216378.1723,12109101369.8,14.5394736842,0.559210526316,11407.8947368,8.63261273595e-07,Class 4
0.518120960295,5418.75,6799994.04414,19107.6382759,0.916667948205,1.0,68060.1453438,0.354011788452,0.377829583125,0.00329420301649,0.124571284653,0.548141883876,1.0,1.0,0.9169921875,72.1381578947,0.675438596491,68159.9167962,33379328.4624,16670874905.6,21.25,2.79605263158,15685.8552632,1.26168955372e-06,Class 4
0.399622960911,8555.92105263,11453021.4481,27092.9199371,0.868423076114,1.0,99639.2554861,0.423536103741,0.463145313697,0.00299828864861,0.1691043851,0.429855611639,1.0,1.0,0.868935032895,106.25,0.517543859649,99815.7586959,48723630.924,24292373484.8,33.5526315789,0.0,22815.7894737,1.9921414006e-06,Class 4
0.373614958449,9981.90789474,12712696.5364,29374.4289832,0.846493588799,1.0,109025.441469,0.439237573982,0.485203115261,0.00287580504789,0.186202644409,0.380467523738,1.0,1.0,0.847090871711,116.875,0.464912280702,109226.939823,53159655.4113,26461995044.8,39.1447368421,-1.67763157895,24812.1710526,2.32416496737e-06,Class 4
0.422706986765,6559.53947368,12037317.1602,27948.4858294,0.899124358354,1.0,102212.440532,0.406284715133,0.435608246466,0.00318238976626,0.142016944611,0.527040931001,1.0,1.0,0.899516858553,106.809210526,0.530701754386,102382.517536,50541703.9891,25349379325.4,25.7236842105,2.79605263158,23956.5789474,1.52730840713e-06,Class 4
0.719644506002,1996.38157895,18707098.7357,55041.4057513,0.96929871776,1.0,219689.906981,0.226765123027,0.234742211917,0.0036584977995,0.0595735366298,0.72444155039,1.0,1.0,0.969418174342,217.532894737,0.837719298246,219880.373211,111628226.408,56799720591.7,7.82894736842,-1.67763157895,54472.6973684,4.64832993474e-07,Class 4
0.350992613112,13404.2763158,15724788.8896,37930.0879059,0.793862819245,1.0,138621.444886,0.451877226608,0.513911390176,0.00261250287799,0.220968086587,0.256089888926,1.0,1.0,0.794664884868,149.309210526,0.482456140351,138886.452569,67413124.7283,33508633988.0,52.5657894737,-0.559210526316,31371.7105263,3.12102152761e-06,Class 4
0.292436134195,19678.6184211,13006917.6716,35363.3902291,0.697373075061,1.0,120947.211616,0.474017475714,0.565104855228,0.00224219662991,0.266256206528,0.113333887325,1.0,1.0,0.698550575658,138.125,0.390350877193,121204.565234,56795641.1253,27685848702.0,77.1710526316,0.559210526316,25382.5657895,4.58192522139e-06,Class 4
0.5669052016,6274.34210526,4496215.44712,12833.4883993,0.903510255817,1.0,51830.522819,0.330945192413,0.353404917383,0.00320989221894,0.137803503254,0.493873028704,1.0,1.0,0.903885690789,57.0394736842,0.728070175439,51904.1386301,24870845.9759,12275985546.7,24.6052631579,-6.71052631579,11407.8947368,1.46090369378e-06,Class 4
0.408471837488,15115.4605263,16907539.977,46485.7468286,0.767547434468,1.0,168822.611383,0.414671340471,0.484485796587,0.00249708274872,0.235486252224,0.153080232521,1.0,1.0,0.768451891447,180.625,0.592105263158,169116.395003,82393833.9657,41037419135.7,59.2763157895,1.67763157895,38501.6447368,3.51944980773e-06,Class 4
0.366189596799,13689.4736842,8427209.31434,24526.2222603,0.789476921782,1.0,83109.354015,0.443045427108,0.506340773375,0.00259251475664,0.22351102984,0.235356539034,1.0,1.0,0.790296052632,95.0657894737,0.521929824561,83274.6608341,38978824.5311,18988819776.0,53.6842105263,1.11842105263,17397.0394737,3.18742624096e-06,Class 4
0.31163434903,16541.4473684,11742734.5468,31941.12666,0.745617947153,1.0,107575.551169,0.470181125792,0.546166727867,0.00240916507213,0.246289494979,0.182545101643,1.0,1.0,0.746607730263,121.907894737,0.394736842105,107800.795702,50759752.9795,24811568701.8,64.8684210526,3.35526315789,22815.7894737,3.8514733745e-06,Class 4
0.602185287781,9126.31578947,17679793.64,55326.594382,0.859651281188,1.0,207362.606883,0.307260866801,0.347585535399,0.00294839348856,0.176149806246,0.234001083622,1.0,1.0,0.860197368421,212.5,0.763157894737,207617.043647,103556002.319,52219368009.4,35.7894736842,4.47368421053,49624.3421053,2.12495082731e-06,Class 4
0.703716528163,7415.13157895,17321782.5757,57893.2920588,0.885966665965,1.0,223946.488904,0.240817890067,0.275145872029,0.00310168584775,0.154117813336,0.167780837819,1.0,1.0,0.886410361842,227.039473684,0.833333333333,224158.036656,112428104.766,56855330470.6,29.0789473684,0.0,54187.5,1.72652254719e-06,Class 4
0.705255463219,2851.97368421,2851022.58643,11122.3566148,0.956141025371,1.0,35898.2689194,0.241001413107,0.241001413107,0.00356336636483,0.0781825855715,0.744433355138,1.0,1.0,0.956311677632,38.0263157895,0.828947368421,35933.6801597,17598687.3957,8789760537.73,11.1842105263,5.59210526316,8270.72368421,6.64047133534e-07,Class 4
0.262811634349,26523.3552632,11380070.6079,35078.2015983,0.592111535952,1.0,115244.079875,0.468736776831,0.591433143943,0.00200414261329,0.293619176113,0.0229774048575,1.0,1.0,0.593698601974,139.243421053,0.342105263158,115500.582915,52141353.7594,24867160400.6,104.013157895,-1.67763157895,22245.3947368,6.17563834187e-06,Class 4
0.463681132656,7415.13157895,7811437.70416,20533.5814297,0.885966665965,1.0,75735.878156,0.38818341291,0.422364726924,0.00310168584775,0.154117813336,0.451185701331,1.0,1.0,0.886410361842,81.6447368421,0.622807017544,75859.948663,36797238.4499,18284179515.8,29.0789473684,-1.11842105263,17111.8421053,1.72652254719e-06,Class 4
0.39554478301,7985.52631579,13597538.708,32226.3152908,0.877194871039,1.0,113875.738043,0.424893604433,0.456801959996,0.00304938610167,0.161766320639,0.47756994737,1.0,1.0,0.877672697368,119.671052632,0.469298245614,114075.207709,56141280.2659,28112403207.7,31.3157894737,6.71052631579,26523.3552632,1.8593319739e-06,Class 4
0.287049861496,25382.5657895,6164539.15911,25381.7881526,0.609655125804,1.0,75397.0575835,0.455779711653,0.573276333171,0.0020317953526,0.290501654778,0.0236855753414,1.0,1.0,0.611173930921,98.9802631579,0.416666666667,75574.2095594,32070098.759,14705150174.8,99.5394736842,0.559210526316,12548.6842105,5.91001948846e-06,Class 4
0.290397045245,21675.0,8324287.28714,27948.4858294,0.666671792821,1.0,87639.6192247,0.468923115078,0.569065848993,0.00215488009983,0.276434590944,0.07469737505,1.0,1.0,0.66796875,107.368421053,0.412280701754,87837.4342716,39269618.9024,18617911509.3,85.0,2.23684210526,16541.4473684,5.04675821486e-06,Class 4
0.33391043398,19108.2236842,6521313.75584,24526.2222603,0.706144869987,1.0,73702.3048794,0.449845130822,0.537150802623,0.00226984936922,0.262996347781,0.102185695327,1.0,1.0,0.707288240132,91.1513157895,0.495614035088,73863.2700035,32797392.1515,15484015720.6,74.9342105263,5.03289473684,13689.4736842,4.44911579468e-06,Class 4
0.754039704524,3992.76315789,17806632.2458,57893.2920588,0.93859743552,1.0,228533.656754,0.213315238594,0.231526489038,0.00344073247748,0.100240373333,0.42714118077,1.0,1.0,0.938836348684,228.157894737,0.864035087719,228721.159601,115627912.291,58709726363.1,15.6578947368,-1.11842105263,56183.8815789,9.29665986948e-07,Class 4
0.364304401354,13689.4736842,16361260.5184,41352.351475,0.789476921782,1.0,148020.584888,0.444294754873,0.506953318787,0.00259251475664,0.22351102984,0.239904061638,1.0,1.0,0.790296052632,158.815789474,0.517543859649,148297.668647,72140050.531,35900785963.8,53.6842105263,3.35526315789,33653.2894737,3.18742624096e-06,Class 4
0.314519852262,21960.1973684,6012727.37141,23670.6563681,0.662285895358,1.0,71988.5774344,0.451286742544,0.55293801225,0.00214360860283,0.277736141388,0.0547043877024,1.0,1.0,0.663599917763,92.2697368421,0.469298245614,72152.0508423,31197475.0209,14482637939.0,86.1184210526,0.559210526316,12548.6842105,5.11316292821e-06,Class 4
0.276431209603,21960.1973684,11329956.9007,33081.881183,0.662285895358,1.0,109554.719865,0.477045728857,0.578696998563,0.00214360860283,0.277736141388,0.0773498173944,1.0,1.0,0.663599917763,129.177631579,0.337719298246,109796.950102,50396079.5472,24273776258.3,86.1184210526,0.559210526316,21960.1973684,5.11316292821e-06,Class 4
0.314519852262,21960.1973684,6012727.37141,23670.6563681,0.662285895358,1.0,71988.5774344,0.451286742544,0.55293801225,0.00214360860283,0.277736141388,0.0547043877024,1.0,1.0,0.663599917763,92.2697368421,0.469298245614,72152.0508423,31197475.0209,14482637939.0,86.1184210526,0.559210526316,12548.6842105,5.11316292821e-06,Class 4
0.538704216682,3992.76315789,19350131.8564,47341.3127209,0.93859743552,1.0,182849.938249,0.336501054452,0.353881580298,0.00344073247748,0.100240373333,0.635724466214,1.0,1.0,0.938836348684,183.421052632,0.688596491228,183090.978679,92356876.5012,46841679915.4,15.6578947368,2.23684210526,44775.9868421,9.29665986948e-07,Class 4
0.397814712219,11978.2894737,7783940.89724,23955.8449988,0.815792306559,1.0,77993.2345494,0.427328838499,0.480492186863,0.00271695208351,0.207470470591,0.288763143235,1.0,1.0,0.816509046053,88.3552631579,0.561403508772,78141.3179064,36797184.9779,17987460174.5,46.9736842105,5.59210526316,16541.4473684,2.78899796084e-06,Class 4
0.397814712219,11978.2894737,7783940.89724,23955.8449988,0.815792306559,1.0,77993.2345494,0.427328838499,0.480492186863,0.00271695208351,0.207470470591,0.288763143235,1.0,1.0,0.816509046053,88.3552631579,0.561403508772,78141.3179064,36797184.9779,17987460174.5,46.9736842105,5.59210526316,16541.4473684,2.78899796084e-06,Class 4
0.309441366574,19108.2236842,14374611.673,39641.2196904,0.706144869987,1.0,134048.074117,0.465511401579,0.55281707338,0.00226984936922,0.262996347781,0.118494938405,1.0,1.0,0.707288240132,150.427631579,0.44298245614,134323.259724,63631514.5725,31209177263.7,74.9342105263,5.03289473684,28804.9342105,4.44911579468e-06,Class 4
0.372768544167,12263.4868421,9374397.11544,26522.5426756,0.811406409096,1.0,88521.9871551,0.440968916154,0.495934727028,0.0026954610959,0.210277332332,0.292141465051,1.0,1.0,0.812140213816,98.9802631579,0.517543859649,88693.2885068,42105886.6753,20676313311.5,48.0921052632,5.03289473684,19108.2236842,2.8554026742e-06,Class 4
0.400661742074,9126.31578947,10584665.1863,24526.2222603,0.859651281188,1.0,94512.8694466,0.424551408979,0.463774543102,0.00294839348856,0.176149806246,0.415623189616,1.0,1.0,0.860197368421,101.776315789,0.530701754386,94682.345867,45960188.74,22845953051.5,35.7894736842,-5.59210526316,21389.8026316,2.12495082731e-06,Class 4
0.42986303478,7700.32894737,9775935.01812,25381.7881526,0.881580768502,1.0,88542.8322287,0.406624319846,0.439359995089,0.00307538568808,0.157982087466,0.471041109292,1.0,1.0,0.882041529605,94.5065789474,0.570175438596,88693.4283094,43269491.9368,21566434975.2,30.1973684211,5.03289473684,20249.0131579,1.79292726054e-06,Class 4
0.42986303478,7700.32894737,9775935.01812,25381.7881526,0.881580768502,1.0,88542.8322287,0.406624319846,0.439359995089,0.00307538568808,0.157982087466,0.471041109292,1.0,1.0,0.882041529605,94.5065789474,0.570175438596,88693.4283094,43269491.9368,21566434975.2,30.1973684211,5.03289473684,20249.0131579,1.79292726054e-06,Class 4
0.380694059711,9411.51315789,12689319.4759,30229.9948755,0.855265383725,1.0,108459.03046,0.434869493551,0.47771532293,0.00292389676842,0.179567701248,0.403904989224,1.0,1.0,0.855828536184,115.756578947,0.473684210526,108656.580036,53014218.1216,26424909672.1,36.9078947368,2.79605263158,24812.1710526,2.19135554066e-06,Class 4
0.357840874115,13689.4736842,16142224.8118,39641.2196904,0.789476921782,1.0,144602.025812,0.447762920612,0.511137656542,0.00259251475664,0.22351102984,0.24050001735,1.0,1.0,0.790296052632,155.460526316,0.504385964912,144875.405077,70394722.8468,35010682480.3,53.6842105263,0.0,32797.6973684,3.18742624096e-06,Class 4
0.858687288396,2566.77631579,17261080.7478,62171.1215202,0.960526922834,1.0,243140.717591,0.137599318278,0.146680179302,0.0035947762698,0.0722092165841,0.471538428549,1.0,1.0,0.960680509868,241.019736842,0.925438596491,243265.823457,123409181.593,62770829188.1,10.0657894737,2.79605263158,60176.6447368,5.97642420181e-07,Class 4
0.344606032625,14545.0657895,9511074.69515,27378.1085679,0.776319229393,1.0,90790.0935086,0.454486223626,0.520903934432,0.00253435383213,0.23084121925,0.224409569052,1.0,1.0,0.777189555921,103.453947368,0.482456140351,90974.7276515,42687635.834,20824654802.1,57.0394736842,3.91447368421,19108.2236842,3.38664038102e-06,Class 4
0.593682671591,7129.93421053,18269774.0635,52189.5194437,0.890352563428,1.0,203085.470729,0.315427804923,0.348091788171,0.00312828658067,0.150170829837,0.36201246017,1.0,1.0,0.890779194079,206.348684211,0.754385964912,203339.275349,101883420.015,51496166882.8,27.9605263158,-1.67763157895,49053.9473684,1.66011783384e-06,Class 4
0.292436134195,19678.6184211,13006917.6716,35363.3902291,0.697373075061,1.0,120947.211616,0.474017475714,0.565104855228,0.00224219662991,0.266256206528,0.113333887325,1.0,1.0,0.698550575658,138.125,0.390350877193,121204.565234,56795641.1253,27685848702.0,77.1710526316,0.559210526316,25382.5657895,4.58192522139e-06,Class 4
0.414204370576,11407.8947368,7236777.04837,22244.7132143,0.824564101485,1.0,74011.1956983,0.418133900404,0.47008577655,0.0027608357785,0.201688902638,0.294496818646,1.0,1.0,0.825246710526,83.8815789474,0.583333333333,74148.6945512,34906420.004,17060271318.3,44.7368421053,3.35526315789,15685.8552632,2.65618853414e-06,Class 4
0.372922437673,11122.6973684,10719924.4165,27378.1085679,0.828949998948,1.0,96495.8620378,0.440530165067,0.491802136088,0.00278322848587,0.198712037076,0.331758545632,1.0,1.0,0.829615542763,105.690789474,0.5,96678.6051186,46469219.2539,22975751855.8,43.6184210526,1.67763157895,21389.8026316,2.58978382078e-06,Class 4
0.712334564481,4848.35526316,17938757.7983,57322.9147973,0.925439743131,1.0,222523.932147,0.241199738575,0.263138095519,0.00335191308113,0.115210155197,0.404782453962,1.0,1.0,0.925729851974,223.125,0.837719298246,222732.172142,112355412.857,56985147454.9,19.0131578947,1.67763157895,54472.6973684,1.12888012701e-06,Class 4
0.334179747615,13689.4736842,12793941.0868,31370.7493985,0.789476921782,1.0,112709.459529,0.460975774249,0.524271120516,0.00259251475664,0.22351102984,0.257527488129,1.0,1.0,0.790296052632,124.144736842,0.407894736842,112934.278433,54104997.7942,26703049966.9,53.6842105263,-1.11842105263,24812.1710526,3.18742624096e-06,Class 4
0.362226839027,15115.4605263,7481431.07369,23100.2791065,0.767547434468,1.0,77697.5627588,0.442986081488,0.512944381529,0.00249708274872,0.235486252224,0.188677614202,1.0,1.0,0.768451891447,91.1513157895,0.526315789474,77856.0331614,35851762.3869,17301326240.4,59.2763157895,-0.559210526316,15685.8552632,3.51944980773e-06,Class 4
0.314481378886,17682.2368421,9331627.30354,27378.1085679,0.728074357302,1.0,91633.7158094,0.465811550146,0.547670584055,0.00234424124941,0.254135604178,0.14721791349,1.0,1.0,0.729132401316,107.368421053,0.44298245614,91830.1974295,42323989.1378,20435222029.2,69.3421052632,0.0,18537.8289474,4.11709222791e-06,Class 4
0.467182209911,9411.51315789,6095419.41351,19678.0155375,0.855265383725,1.0,65196.3729115,0.388960790501,0.431105950688,0.00292389676842,0.179567701248,0.351331566886,1.0,1.0,0.855828536184,73.2565789474,0.640350877193,65307.9081614,30906734.1217,15150265546.9,36.9078947368,3.91447368421,13974.6710526,2.19135554066e-06,Class 4
0.413396429671,7700.32894737,11223929.2702,26237.3540449,0.881580768502,1.0,97651.3282534,0.414534578638,0.450147585449,0.00307538568808,0.157982087466,0.465576337746,1.0,1.0,0.882041529605,103.453947368,0.535087719298,97819.4644936,47923699.0947,23940044264.7,30.1973684211,-0.559210526316,22530.5921053,1.79292726054e-06,Class 4
0.383541089566,10552.3026316,10337426.9832,25952.1654141,0.837721793874,1.0,93652.2369189,0.434565945942,0.483391561207,0.00282891562037,0.192580299041,0.347894728055,1.0,1.0,0.838353207237,102.335526316,0.517543859649,93826.7362864,45160230.1747,22345264160.7,41.3815789474,-0.559210526316,20819.4078947,2.45697439408e-06,Class 4
0.395121575869,10267.1052632,9610768.18375,24526.2222603,0.842107691336,1.0,88815.0789533,0.428260259301,0.475685434503,0.0028522100475,0.189422891129,0.353531576302,1.0,1.0,0.842722039474,97.3026315789,0.539473684211,88978.5383012,42760407.9509,21139916829.7,40.2631578947,-1.11842105263,19678.6184211,2.39056968072e-06,Class 4
0.388542628501,9696.71052632,10990418.1004,26522.5426756,0.850879486262,1.0,97356.3775701,0.431146185413,0.475924511575,0.00289970062153,0.182918097939,0.383709788969,1.0,1.0,0.851459703947,105.131578947,0.513157894737,97534.2146992,47269177.8191,23476440746.6,38.0263157895,-1.11842105263,21960.1973684,2.25776025402e-06,Class 4
0.805055401662,3137.17105263,17584684.9368,60174.8011049,0.951755127908,1.0,235691.739472,0.177666701072,0.191400882175,0.00353225703311,0.0839564181326,0.459110881199,1.0,1.0,0.951942845395,234.309210526,0.894736842105,235850.901582,119482187.619,60731006432.4,12.3026315789,1.67763157895,58180.2631579,7.30451846888e-07,Class 4
0.827254539858,4563.15789474,17008520.9094,61030.3669972,0.929825640594,1.0,240557.08512,0.155449622203,0.176335810175,0.00338121897333,0.110350977529,0.150228061759,1.0,1.0,0.930098684211,240.460526316,0.907894736842,240699.064617,121591108.528,61713823347.6,17.8947368421,-1.11842105263,59035.8552632,1.06247541365e-06,Class 4
0.906779008926,1425.98684211,17140609.7481,62741.4987817,0.978070512686,1.0,248880.692884,0.0983930936272,0.104802857953,0.00372342162222,0.0457996080469,0.50626966697,1.0,1.0,0.978155838816,245.493421053,0.951754385965,248969.631023,126608962.382,64476865410.0,5.59210526316,0.559210526316,61887.8289474,3.32023566767e-07,Class 4
0.350415512465,11978.2894737,14108717.8629,34222.635706,0.815792306559,1.0,121257.245897,0.452863204816,0.507496956148,0.00271695208351,0.207470470591,0.312757726188,1.0,1.0,0.816509046053,130.855263158,0.421052631579,121489.989781,58904668.9778,29262104299.7,46.9736842105,3.35526315789,27378.9473684,2.78899796084e-06,Class 4
0.671937519237,5989.14473684,17969810.7278,55896.9716435,0.90789615328,1.0,216801.724244,0.26702838243,0.294709459854,0.00323769524487,0.133494203584,0.34634183789,1.0,1.0,0.908254523026,218.651315789,0.811403508772,217028.364576,109155632.068,55279111233.0,23.4868421053,0.559210526316,52761.5131579,1.39449898042e-06,Class 4
0.948291782087,1140.78947368,16855212.8598,63882.2533047,0.982456410148,1.0,254335.804734,0.0601249334711,0.0654061614653,0.00375633439346,0.0383567940524,0.29479592648,1.0,1.0,0.982524671053,250.526315789,0.973684210526,254388.223745,129445123.211,65941828529.6,4.47368421053,0.0,63313.8157895,2.65618853414e-07,Class 4
0.384502923977,11978.2894737,8664654.61793,23385.4677373,0.815792306559,1.0,83685.0169774,0.434280226302,0.489369750645,0.00271695208351,0.207470470591,0.289450591621,1.0,1.0,0.816509046053,93.9473684211,0.539473684211,83845.0905216,39706064.4516,19470965980.4,46.9736842105,-2.23684210526,17967.4342105,2.78899796084e-06,Class 4
0.395083102493,9981.90789474,9947324.55681,25381.7881526,0.846493588799,1.0,90808.676467,0.42803298887,0.474216518682,0.00287580504789,0.186202644409,0.365701792421,1.0,1.0,0.847090871711,98.9802631579,0.535087719298,90974.8674541,43851241.0956,21714776465.7,39.1447368421,0.559210526316,20249.0131579,2.32416496737e-06,Class 4
0.386157279163,12548.6842105,8006860.69388,23100.2791065,0.807020511633,1.0,79698.5780886,0.432908802797,0.491002310733,0.00267427068154,0.213029596127,0.26237603937,1.0,1.0,0.807771381579,90.5921052632,0.548245614035,79852.4322156,37524398.1623,18321246708.3,49.2105263158,0.0,16826.6447368,2.92180738755e-06,Class 4
0.827600800246,4277.96052632,17082020.8207,62171.1215202,0.934211538057,1.0,240270.340052,0.157425470256,0.173994809659,0.00341082543878,0.105363687271,0.248110637015,1.0,1.0,0.934467516447,239.901315789,0.907894736842,240413.884724,121518389.883,61695280661.3,16.7763157895,3.91447368421,59035.8552632,9.96070700301e-07,Class 4
0.347414589104,14259.8684211,9503718.65977,26237.3540449,0.780705126856,1.0,90506.5252967,0.452994659969,0.519010009896,0.00255344023371,0.228446861791,0.227981543977,1.0,1.0,0.781558388158,102.894736842,0.486842105263,90689.5477584,42614917.1892,20806112115.8,55.9210526316,0.0,19108.2236842,3.32023566767e-06,Class 4
0.835064635272,3137.17105263,17316042.4295,60459.9897357,0.951755127908,1.0,240273.073473,0.155300304045,0.169034485147,0.00353225703311,0.0839564181326,0.382096652859,1.0,1.0,0.951942845395,238.782894737,0.912280701754,240413.919675,121809291.198,61917811077.2,12.3026315789,-1.67763157895,59321.0526316,7.30451846888e-07,Class 4
0.444405971068,8555.92105263,7896826.28927,21959.5245835,0.868423076114,1.0,76869.0875595,0.400452274246,0.439552021607,0.00299828864861,0.1691043851,0.405751409176,1.0,1.0,0.868935032895,83.8815789474,0.605263157895,77000.6682354,37088113.0293,18358350261.0,33.5526315789,2.23684210526,17111.8421053,1.9921414006e-06,Class 4
0.851492767005,1711.18421053,17559118.3659,61030.3669972,0.973684615223,1.0,241141.900013,0.141771977049,0.149046571547,0.00369080942423,0.0528503389726,0.613971968268,1.0,1.0,0.973787006579,238.223684211,0.921052631579,241269.529255,122609249.763,62418499968.0,6.71052631579,1.11842105263,59891.4473684,3.98428280121e-07,Class 4
0.528200984918,5703.94736842,6162099.52675,16826.1292299,0.912282050742,1.0,63788.8840721,0.349764126288,0.375403183589,0.00326579884406,0.129084962853,0.519109881931,1.0,1.0,0.912623355263,68.2236842105,0.688596491228,63882.0785972,31124943.5283,15502612947.1,22.3684210526,-2.23684210526,14545.0657895,1.32809426707e-06,Class 4
0.73149430594,6559.53947368,981539.090169,6844.52715342,0.899124358354,1.0,19085.7578955,0.223686621686,0.25367994032,0.00318238976626,0.142016944611,0.194409294709,1.0,1.0,0.899516858553,25.1644736842,0.850877192982,19107.4373554,8072063.67338,3690194558.45,25.7236842105,1.67763157895,3137.17105263,1.52730840713e-06,Class 4
0.68674976916,10837.5,16614859.3915,58748.8579511,0.833335896411,1.0,223957.779978,0.225050983589,0.275222649533,0.00280592176649,0.19567624677,0.00278916694365,1.0,1.0,0.833984375,230.394736842,0.820175438596,224157.931804,111555400.819,56187739222.8,42.5,0.0,53331.9078947,2.52337910743e-06,Class 4
0.384233610342,9696.71052632,11515570.809,27663.2971986,0.850879486262,1.0,100772.003773,0.433353113706,0.478243551656,0.00289970062153,0.182918097939,0.385311150107,1.0,1.0,0.851459703947,108.486842105,0.5,100956.478268,49014505.5033,24366544230.1,38.0263157895,0.0,22815.7894737,2.25776025402e-06,Class 4
0.472491535857,11122.6973684,17822752.9567,47911.6899824,0.828949998948,1.0,180810.619847,0.384519613138,0.435987162887,0.00278322848587,0.198712037076,0.252208829404,1.0,1.0,0.829615542763,188.453947368,0.65350877193,181094.439823,89520635.4643,44931637783.9,43.6184210526,-0.559210526316,42494.4078947,2.58978382078e-06,Class 4
0.883079409049,3137.17105263,16902603.54,63882.2533047,0.951755127908,1.0,247154.092056,0.114096115432,0.120479095856,0.00353225703311,0.0839564181326,0.335004106556,1.0,1.0,0.951942845395,245.493421053,0.938596491228,247258.446813,125299946.567,63698018044.3,12.3026315789,5.03289473684,61032.2368421,7.30451846888e-07,Class 4
0.413819636811,8555.92105263,10028627.6703,25096.5995218,0.868423076114,1.0,90530.9004918,0.416319644941,0.455801773975,0.00299828864861,0.1691043851,0.422621165364,1.0,1.0,0.868935032895,97.3026315789,0.552631578947,90689.7225117,44069423.7661,21918764195.3,33.5526315789,1.11842105263,20534.2105263,1.9921414006e-06,Class 4
0.406201908279,7985.52631579,11595357.0991,27378.1085679,0.877194871039,1.0,100211.61267,0.418909409226,0.455741832085,0.00304938610167,0.161766320639,0.455855263725,1.0,1.0,0.877672697368,106.25,0.521929824561,100386.153433,49159969.529,24551989273.4,31.3157894737,1.11842105263,23100.9868421,1.8593319739e-06,Class 4
