0.642723945402,13.9639703327,10443.2267287,210.719155438,0.985484438324,1.0,823.966936505,0.256096325614,0.260470198776,0.0293784671215,0.0329677317341,0.861296945049,1.0,1.0,0.985923417003,6.81326394318,0.772951958996,829.181348886,50926.0932538,3140896.53916,0.450450655894,-0.00217129267657,204.229197072,1.33431279331e-05,Class 1
0.502406474701,17.0320573799,24648.613124,383.969659371,0.982295158649,1.0,1506.28450085,0.325542719239,0.33087742645,0.029185365588,0.0386700236759,0.868332243626,1.0,1.0,0.982830587319,12.414323799,0.590676309617,1519.24441899,93572.1912292,5779358.59543,0.549421205803,-0.00321485969942,376.328009078,1.62748068901e-05,Class 1
0.635745468363,10.6182944575,11176.4301719,219.69656699,0.988962271874,1.0,863.190614206,0.256001876029,0.259326888838,0.0295904919581,0.0263916538923,0.890966168843,1.0,1.0,0.989296074136,7.10499142125,0.765282121449,868.628300172,53472.6388208,3301818.99206,0.34252562766,-0.00371981148467,214.94558683,1.01462018324e-05,Class 1
0.52623593639,29.1071714013,18656.2786266,319.624947316,0.969743065071,1.0,1238.58708691,0.325445028429,0.334562747921,0.0284377480375,0.058952574344,0.789629534227,1.0,1.0,0.970658093345,10.3309432282,0.651599556946,1249.35095934,76482.8296501,4709352.12416,0.938941012944,0.000336634523499,305.705654374,2.78130576422e-05,Class 1
0.642723945402,13.9639703327,10443.2267287,210.719155438,0.985484438324,1.0,823.966936505,0.256096325614,0.260470198776,0.0293784671215,0.0329677317341,0.861296945049,1.0,1.0,0.985923417003,6.81326394318,0.772951958996,829.181348886,50926.0932538,3140896.53916,0.450450655894,-0.00217129267657,204.229197072,1.33431279331e-05,Class 1
0.635745468363,10.6182944575,11176.4301719,219.69656699,0.988962271874,1.0,863.190614206,0.256001876029,0.259326888838,0.0295904919581,0.0263916538923,0.890966168843,1.0,1.0,0.989296074136,7.10499142125,0.765282121449,868.628300172,53472.6388208,3301818.99206,0.34252562766,-0.00371981148467,214.94558683,1.01462018324e-05,Class 1
0.597920089114,11.189125619,13843.0508376,255.217747477,0.988368892288,1.0,1002.66274444,0.275006618552,0.278511542504,0.0295542095948,0.0275441524602,0.893071797222,1.0,1.0,0.988720639497,8.24879137347,0.728088350274,1009.6027131,62186.6260452,3840996.31773,0.360939536096,0.000639605594649,250.117969768,1.06916536656e-05,Class 1
0.730700737077,9.0571181913,36519.6979164,811.712075932,0.990585116225,1.0,3223.14814788,0.205215028797,0.208051584786,0.0296899464917,0.0231656280516,0.883176454304,1.0,1.0,0.990869840533,26.2395333811,0.841724220311,3238.08904397,200279.464446,12396157.9792,0.292165102945,-0.00240693684302,808.896975719,8.65443594138e-06,Class 1
0.502406474701,17.0320573799,24648.613124,383.969659371,0.982295158649,1.0,1506.28450085,0.325542719239,0.33087742645,0.029185365588,0.0386700236759,0.868332243626,1.0,1.0,0.982830587319,12.414323799,0.590676309617,1519.24441899,93572.1912292,5779358.59543,0.549421205803,-0.00321485969942,376.328009078,1.62748068901e-05,Class 1
0.784203647595,2.20923138737,35723.0027499,842.456065377,0.997703501676,1.0,3356.55454897,0.166606753173,0.167297101317,0.0301300873041,0.00706282098445,0.959045915883,1.0,1.0,0.99777295223,27.23294186,0.877332551473,3367.87123003,208529.284861,12913672.3268,0.0712655286248,-0.00207030231952,843.116581965,2.11100828297e-06,Class 1
0.646953046275,17.0706693597,9928.20038124,204.388101514,0.982255021456,1.0,796.101852177,0.256910174983,0.262255876818,0.0291829435168,0.0387400632096,0.8352662334,1.0,1.0,0.982791663952,6.61210798367,0.777824472244,801.181599869,49095.937895,3024573.77524,0.55066675354,-0.00565545999479,196.440012814,1.63117021695e-05,Class 1
0.928895316679,1.1374880549,32952.0053464,924.285900698,0.998817579985,1.0,3694.95316451,0.0708324332501,0.0711885779067,0.0301995469129,0.00397802878519,0.949056560217,1.0,1.0,0.998853338654,29.8754050473,0.963130918252,3695.9477928,228882.637687,14175331.8446,0.0366931630614,0.000471288332899,925.56881244,1.08691498745e-06,Class 1
0.631895674794,15.5919348884,10971.4724984,218.717591716,0.983792167476,1.0,853.859708914,0.26308869511,0.267972685219,0.0292758464196,0.0360281671049,0.851005501939,1.0,1.0,0.984282323701,7.07115965164,0.763785726696,859.467978252,52751.7099692,3252415.64388,0.50296564156,-0.00153168708192,211.409981757,1.48987126858e-05,Class 1
0.493917010665,22.8061137173,25047.0839923,391.020364268,0.976293021084,1.0,1527.08791916,0.334978893644,0.342122146314,0.0288254089455,0.0487393957279,0.834666128903,1.0,1.0,0.977009966011,12.6347689167,0.580560985145,1540.75044597,94725.9485081,5845304.06268,0.735681087655,0.00424159499609,380.274779559,2.17921469136e-05,Class 1
0.449907163161,51.0231224481,31673.8526542,488.484643001,0.946961411177,1.0,1884.07885263,0.375091066859,0.391073216175,0.0271312605998,0.090127330105,0.700549499383,1.0,1.0,0.948565400758,15.7956492703,0.482990183303,1903.692381,116334.489158,7156730.18297,1.64590717574,-0.00627823386326,464.153566154,4.87546187904e-05,Class 1
0.53637360069,29.0622980193,17470.7808392,305.684964297,0.969789710999,1.0,1183.65388315,0.320658673895,0.329762327454,0.0284404897902,0.0588822659558,0.786928464752,1.0,1.0,0.97070332861,9.88135099036,0.666125879593,1193.75879329,73040.9718184,4496214.91795,0.937493484493,-0.000656437320824,291.790731691,2.77701793446e-05,Class 1
0.502406474701,17.0320573799,24648.613124,383.969659371,0.982295158649,1.0,1506.28450085,0.325542719239,0.33087742645,0.029185365588,0.0386700236759,0.868332243626,1.0,1.0,0.982830587319,12.414323799,0.590676309617,1519.24441899,93572.1912292,5779358.59543,0.549421205803,-0.00321485969942,376.328009078,1.62748068901e-05,Class 1
0.631895674794,15.5919348884,10971.4724984,218.717591716,0.983792167476,1.0,853.859708914,0.26308869511,0.267972685219,0.0292758464196,0.0360281671049,0.851005501939,1.0,1.0,0.984282323701,7.07115965164,0.763785726696,859.467978252,52751.7099692,3252415.64388,0.50296564156,-0.00153168708192,211.409981757,1.48987126858e-05,Class 1
0.602366717953,8.67412909391,13761.1956069,253.146277457,0.99098323379,1.0,997.70636007,0.269852879189,0.272568275681,0.0297143951539,0.0223562008293,0.913043639124,1.0,1.0,0.991255918252,8.18664864043,0.731401485536,1004.42754641,61943.7391907,3828354.83593,0.279810615933,-0.00417426809139,249.449043306,8.28847465661e-06,Class 1
0.648609709479,11.4896729216,10303.4889453,207.754110114,0.988056473055,1.0,815.154727944,0.250579381004,0.254176554346,0.0295351243557,0.0281455570213,0.88088984032,1.0,1.0,0.988417668426,6.72030231952,0.777238076622,820.151645369,50443.2091985,3113351.35499,0.370634610373,-0.00504951785249,202.584535444,1.0978838543e-05,Class 1
0.633543337191,11.1505136391,11269.8431636,221.099417727,0.988409029481,1.0,868.473020161,0.257686281654,0.26117629752,0.0295566624041,0.0274666231396,0.887043181597,1.0,1.0,0.988759562864,7.15265886978,0.763467552776,873.994927746,53788.6024213,3320880.6122,0.359693988359,-0.00604258969681,216.157168144,1.06547583862e-05,Class 1
0.586884048784,11.4406252715,14739.6414001,266.449926548,0.988107458138,1.0,1047.25943491,0.280542836476,0.284126002104,0.0295382381259,0.0280476591605,0.893091677135,1.0,1.0,0.988467111621,8.61523488402,0.716136738772,1054.69859788,64971.9902197,4013274.57884,0.369052428112,-0.00274357136652,261.351968769,1.09319715665e-05,Class 1
0.60550574341,12.5447191817,13103.0468402,246.102862802,0.98695975137,1.0,965.600865206,0.272886056147,0.276815059842,0.029468224005,0.0302288559052,0.881096568622,1.0,1.0,0.987354113728,7.95772033273,0.736772435062,972.227078243,59829.8164361,3693726.5608,0.404668360698,-0.00291188862827,240.416970724,1.19869771231e-05,Class 1
0.565877203769,18.0182282165,15867.4201841,282.525950297,0.981270033039,1.0,1104.1284483,0.297360328287,0.303003554001,0.0291235678186,0.0404464919738,0.849491025741,1.0,1.0,0.981836463491,9.13649661194,0.69589957432,1112.62713376,68356.8594925,4216641.99798,0.581233168274,-0.00437624880549,274.222280862,1.72171322691e-05,Class 1
0.521510855863,16.490446095,21399.6713763,346.500942967,0.982858164142,1.0,1358.95556526,0.316358221912,0.321521990997,0.0292193613146,0.0376832911801,0.868594583607,1.0,1.0,0.983376566436,11.2058563548,0.629940926071,1370.23818406,84359.8303603,5209285.34138,0.531949874034,-0.00585744070889,339.136323951,1.57572758089e-05,Class 1
0.607962105528,11.9864108244,12975.164767,244.189695166,0.987540113488,1.0,958.844009863,0.271087705709,0.274840752298,0.029503607499,0.0291317046914,0.885135464945,1.0,1.0,0.987916924572,7.89774889236,0.738997480671,965.363920856,59421.9669275,3668998.67759,0.386658413691,-0.00478021023369,238.837010251,1.14534913265e-05,Class 1
0.66585073743,10.1674735036,9429.24403045,194.640007299,0.989430900724,1.0,764.488333896,0.240439762266,0.243623163965,0.0296191775725,0.0254715761603,0.888733938992,1.0,1.0,0.989750530742,6.29558737295,0.791626487707,768.915370149,47310.5819909,2920587.22138,0.327983016245,-0.00422476326992,190.07947181,9.71542451629e-06,Class 1
0.567163041699,4.89746003822,17474.4469911,297.174128195,0.994909085199,1.0,1175.85160941,0.281041016764,0.282573483022,0.0299565474413,0.0138919611367,0.94910197343,1.0,1.0,0.995063044316,9.60864336287,0.687495656329,1184.17606237,73193.5286642,4528746.14208,0.157982581878,-0.00304654243767,295.41921423,4.67971746433e-06,Class 1
0.62059098648,5.13643688646,12743.3649937,238.829284811,0.994660668517,1.0,944.531482018,0.256297169211,0.25790530582,0.0299411675202,0.0144589533838,0.942215881932,1.0,1.0,0.994822140235,7.72192468074,0.748233211711,950.455648605,58710.0773866,3631449.109,0.165691512466,-0.0022217878551,236.81144666,4.90806932866e-06,Class 1
0.630365281997,16.7523814178,10964.5053433,218.94046481,0.982585882102,1.0,853.922459852,0.264943712787,0.270190196064,0.0292029152637,0.0381615024002,0.842568524421,1.0,1.0,0.983112518732,7.08152799496,0.762847493702,859.590614209,52723.4770282,3249558.50847,0.540399400573,-0.00469605160281,211.151177135,1.6007565407e-05,Class 1
0.644830177861,4.04382221353,11196.7677659,217.60843356,0.995796442605,1.0,861.898384062,0.242867399938,0.244130153748,0.0300115484465,0.0118213874932,0.950900454175,1.0,1.0,0.995923566317,7.03806847798,0.770861567197,866.921058186,53569.882828,3314121.97354,0.130445877856,-0.00429209017462,216.158211711,3.86403263888e-06,Class 1
0.496797055739,57.4619309791,18111.1525578,323.462738681,0.940268263016,1.0,1223.91545147,0.356351184138,0.374350844353,0.0267597760511,0.0983242855796,0.651434432925,1.0,1.0,0.942074666352,10.4528217574,0.632915254974,1236.07866776,74785.3248403,4577128.47575,1.85361067674,0.00250792720007,295.306508991,5.49071559212e-05,Class 1
0.649834963149,13.6863815046,10044.4197185,204.854676963,0.985772992199,1.0,801.360430916,0.252250323742,0.256536055311,0.0293960010647,0.0324374629024,0.861948007079,1.0,1.0,0.986203244451,6.62636445574,0.77912540179,806.330126143,49519.31474,3054029.34769,0.441496177569,-0.00483070541221,198.574107376,1.30778807894e-05,Class 1
0.643728352357,14.4857538441,10337.6200619,209.349631518,0.984942043821,1.0,818.249373589,0.256109527705,0.260646087741,0.0293455368093,0.0339576669727,0.856903640696,1.0,1.0,0.98539742556,6.77101631049,0.774043306403,823.431420828,50553.8466887,3117342.11036,0.467282382069,-0.00419109981757,202.658628703,1.38417127898e-05,Class 1
0.736910492867,15.9373555729,5787.93312556,138.178129123,0.983433102315,1.0,534.601291739,0.208204448596,0.213196225523,0.0292541185428,0.036667200562,0.810217267454,1.0,1.0,0.983934117366,4.4694965685,0.847530622882,537.166751029,32778.492519,2014994.54376,0.514108244288,-0.00316436452089,130.585715837,1.52287758609e-05,Class 1
0.699213022087,14.572369907,7439.07397347,165.536322169,0.984852006334,1.0,644.767478559,0.227567981305,0.232130909938,0.0293400739438,0.0341211532459,0.839220424609,1.0,1.0,0.985310110981,5.35615823994,0.819638823734,648.256118536,39701.2410784,2445076.11547,0.470076448614,-0.00552080618539,158.754720485,1.3924477876e-05,Class 1
0.603004699808,9.19278190427,13653.9759432,251.979838833,0.990444093655,1.0,992.473908551,0.270197293957,0.273075664259,0.0296812909644,0.0234505576278,0.908592448643,1.0,1.0,0.990733082758,8.14839012684,0.732365780558,999.174402542,61602.3588879,3806715.17669,0.29654135175,-0.00361882112762,248.00370298,8.7840680041e-06,Class 1
0.615010941664,40.5509273738,9859.98560223,212.125130565,0.957847268842,1.0,802.003372436,0.289150432115,0.30185282143,0.0277474348769,0.0759421620945,0.68485668763,1.0,1.0,0.959122049018,6.85808682999,0.7576730953,808.141224087,48802.0485755,2983942.68129,1.30809443141,-0.0015485188081,192.325228043,3.87480207178e-05,Class 1
0.646953046275,17.0706693597,9928.20038124,204.388101514,0.982255021456,1.0,796.101852177,0.256910174983,0.262255876818,0.0291829435168,0.0387400632096,0.8352662334,1.0,1.0,0.982791663952,6.61210798367,0.777824472244,801.181599869,49095.937895,3024573.77524,0.55066675354,-0.00565545999479,196.440012814,1.63117021695e-05,Class 1
0.622907592864,32.6772141864,10042.0738309,211.814774574,0.966032001885,1.0,808.985659695,0.280681750835,0.290917614792,0.0282204926762,0.0644466740384,0.731673185179,1.0,1.0,0.967059259893,6.84898086613,0.762063461037,814.888074247,49463.0324308,3032403.33351,1.05410368343,-0.00247426374772,195.979799757,3.12243752313e-05,Class 1
0.622875525558,13.8825721049,11722.0741156,228.232398205,0.985569051866,1.0,893.851897704,0.265850481341,0.270196890656,0.029383607573,0.0328125038314,0.867024750693,1.0,1.0,0.986005471668,7.38318619147,0.754609721136,899.790625339,55301.9729369,3412005.33828,0.447824906611,-0.00600892624446,221.937485883,1.32653486955e-05,Class 1
0.665900052335,12.2984373643,9255.97987955,192.81432256,0.987215761576,1.0,755.211063179,0.242703383372,0.246553608174,0.0294838272241,0.0297463117699,0.869747998363,1.0,1.0,0.987602381689,6.23795554252,0.792376856919,759.652467273,46671.0669846,2878941.76569,0.396723785944,-0.00560496481626,187.227403136,1.17516450708e-05,Class 1
0.548955984877,23.065961906,16921.3386844,297.101225781,0.976022908622,1.0,1155.8470507,0.309901881148,0.317127199378,0.0288093160295,0.0491751934192,0.820184702567,1.0,1.0,0.976748022272,9.60258394145,0.678238206932,1165.2577071,71460.8204922,4404071.99089,0.74406328729,0.000656437320824,286.147121232,2.20404421722e-05,Class 1
0.607634416671,25.4651224915,11666.7554441,231.59632388,0.973528978699,1.0,895.239454755,0.283498202277,0.291473393288,0.0286611629652,0.0531366878794,0.786814710459,1.0,1.0,0.974329513617,7.4929122144,0.74504387108,901.786670291,55067.9925851,3386449.53711,0.821455564243,-0.00700199808878,219.547717401,2.4332935343e-05,Class 1
0.928895316679,1.1374880549,32952.0053464,924.285900698,0.998817579985,1.0,3694.95316451,0.0708324332501,0.0711885779067,0.0301995469129,0.00397802878519,0.949056560217,1.0,1.0,0.998853338654,29.8754050473,0.963130918252,3695.9477928,228882.637687,14175331.8446,0.0366931630614,0.000471288332899,925.56881244,1.08691498745e-06,Class 1
0.720054801037,14.2352977587,6560.77611947,150.919388163,0.985202393182,1.0,586.921833699,0.21605999758,0.220518401279,0.0293613387602,0.0334835935373,0.834319872132,1.0,1.0,0.985649901453,4.8816887108,0.835119668144,589.877586453,36095.8241433,2222087.57533,0.459203153505,-0.00351783077057,144.214701155,1.36023920586e-05,Class 1
0.48125464881,42.5984058726,23057.3485441,375.37758915,0.955718912814,1.0,1444.55442612,0.355666489068,0.369010209472,0.0276257957666,0.0788072077012,0.73060762667,1.0,1.0,0.957058058596,12.1313319868,0.586503127443,1458.65783374,89030.2463847,5473620.93066,1.37414212492,0.00205347059335,354.772088654,4.07044676953e-05,Class 1
0.596614399485,11.9707573191,13862.8343863,255.574969306,0.987556385323,1.0,1003.91920477,0.276518210599,0.280266339915,0.0295046001676,0.0291007744308,0.887370670462,1.0,1.0,0.987932704315,8.26577458518,0.727133828512,1010.92275385,62244.253323,3843818.99326,0.386153461906,-0.00479704195986,250.253633481,1.14385337808e-05,Class 1
0.640251390765,9.38479823647,11001.3600613,216.827336267,0.990244492478,1.0,853.152778535,0.252346004883,0.25528428818,0.0296690443225,0.0238522841215,0.900843168343,1.0,1.0,0.990539517907,7.01251791764,0.768906915125,858.418200322,52878.3342347,3266187.48643,0.302735426983,-0.00398911910347,212.695656329,8.96754723134e-06,Class 1
0.721429392461,1.63735665885,7339.68461018,159.051131713,0.998297966051,1.0,632.339196584,0.199924352521,0.200426156002,0.0301671311185,0.00545644317567,0.973741061385,1.0,1.0,0.998349438852,5.14557651377,0.833161758318,635.13164317,39287.7107743,2431818.59691,0.052817956737,-0.00456139779341,158.694193597,1.5645592801e-06,Class 1
0.52449696446,12.6762086265,21651.7568981,348.327669169,0.986823067956,1.0,1368.97161346,0.310816263247,0.314785553039,0.0294598968344,0.0304855760694,0.893772154599,1.0,1.0,0.987221563885,11.2543822214,0.630360090348,1380.05749752,85085.7790484,5257892.14488,0.408909955695,0.00466238815046,342.547744549,1.2112620507e-05,Class 2
0.795126607534,4.50925310572,35404.4597793,850.924201494,0.995312626709,1.0,3387.78503171,0.163651412253,0.165062804379,0.0299815478955,0.0129594937144,0.921888738381,1.0,1.0,0.99545438195,27.5021821519,0.884821040744,3398.88969444,210379.479933,13026071.805,0.145459777604,0.00240693684302,850.313020155,4.30877033099e-06,Class 2
0.47398735344,25.7291449483,31613.8043429,475.153915871,0.973254527081,1.0,1857.11482437,0.346516922949,0.354576056554,0.028644906625,0.0535660497382,0.82205188779,1.0,1.0,0.974063361947,15.3548936886,0.491294196855,1874.44285527,115303.794771,7117052.3371,0.829972417687,0.00358515767527,463.137131874,2.45852192804e-05,Class 2
0.584196033473,8.38923529667,15341.5228524,273.020516975,0.991279381188,1.0,1075.63298414,0.278082797351,0.280708819044,0.0297325946381,0.0217491084387,0.917859477905,1.0,1.0,0.99154310958,8.82061560681,0.711099166015,1083.1658523,66829.3940604,4131232.21444,0.270620493441,0.00425842672227,269.244466163,8.01624732489e-06,Class 2
0.654535112269,26.5796520719,8749.23071851,190.810547639,0.972370424042,1.0,731.301610359,0.260413935575,0.268739286052,0.028592603514,0.0549406801282,0.759612658762,1.0,1.0,0.973205995895,6.16317218313,0.787358830684,736.11681184,44772.3942379,2747701.31734,0.857408131353,0.00440991225784,177.768511641,2.53979125967e-05,Class 2
0.589115840069,12.14920728,14465.7111908,263.510917801,0.987370886403,1.0,1033.99885925,0.280290110804,0.284094375583,0.0294932857115,0.0294528270598,0.887318605827,1.0,1.0,0.987752815242,8.51301581096,0.719065459126,1041.34040558,64122.7389161,3959997.23929,0.391909912258,0.00447723916254,257.8288865,1.16090498018e-05,Class 2
0.565802300557,21.421300278,15453.4366004,278.997473459,0.977732536094,1.0,1085.36432909,0.300518152761,0.307226966692,0.0289113273354,0.0463933943872,0.826666775951,1.0,1.0,0.9784059473,9.01232896794,0.698134393189,1093.85831576,67089.2950073,4134881.61096,0.691009686387,0.00573961862566,268.671547867,2.04689027041e-05,Class 2
0.723793635078,10.1768656068,6668.70148504,151.378673372,0.989421137623,1.0,592.144259057,0.210144488828,0.213331691179,0.029618579675,0.0254908362103,0.873453247095,1.0,1.0,0.989741062896,4.89022239597,0.836955955173,594.992062144,36537.9061408,2253345.64027,0.328285987316,0.00279406654504,146.508461472,9.72439904371e-06,Class 2
0.555856319931,13.83874229,17444.9965181,300.162085705,0.985614613004,1.0,1177.29877991,0.297769004877,0.302103043791,0.0293863758798,0.0327288290096,0.880632932871,1.0,1.0,0.98604965495,9.69839012684,0.679948527495,1186.34094216,73051.5545177,4511411.91252,0.446411041612,0.00378713838937,293.730722787,1.32234675675e-05,Class 2
0.678185063453,18.6944596473,37138.5610648,780.7816646,0.980567089764,1.0,3086.1385114,0.242207445949,0.248063290495,0.0290812682843,0.0416501880822,0.810883769079,1.0,1.0,0.981154778581,25.2356724003,0.804327382504,3104.22390614,191690.631711,11854981.5712,0.603047085397,0.0016831726175,772.958614586,1.78632982433e-05,Class 2
0.595915171988,14.0808498393,13688.6545093,254.36687216,0.985362941955,1.0,995.878848164,0.279137104064,0.283547029008,0.0293710875288,0.0331902428637,0.871254622495,1.0,1.0,0.98580559492,8.21820812701,0.727570367475,1002.92631213,61683.8242359,3807091.85797,0.454220962558,0.00371981148467,247.724027018,1.3454810941e-05,Class 2
0.511717709087,12.2222569716,23918.7230919,373.948701836,0.987294951173,1.0,1471.11318463,0.316029594001,0.319857757108,0.0294886553061,0.0295965951035,0.898611672676,1.0,1.0,0.98767917644,12.0847754322,0.603809399705,1483.27260901,91492.6872615,5655153.63619,0.394266353922,0.00242376856919,368.516909912,1.16788516817e-05,Class 2
0.513619458049,13.6999478759,23245.3688632,366.94902863,0.985758889942,1.0,1441.21854548,0.316891901079,0.321179916832,0.0293951439002,0.032463437871,0.888413589776,1.0,1.0,0.986189568673,11.8535748415,0.610498653462,1453.183845,89583.4389278,5535488.07843,0.44193380245,0.00737229606463,360.610846147,1.30908439957e-05,Class 2
0.717657719122,8.91832377726,7010.30659789,156.635978884,0.990729393163,1.0,614.222661237,0.2120884353,0.214880966228,0.0296988043399,0.0228731636277,0.888381619192,1.0,1.0,0.991009754257,5.05958322474,0.832147511076,617.209006535,37952.8269361,2342184.45512,0.287687863782,0.00336634523499,152.387918078,8.52181236952e-06,Class 2
0.526886861751,12.1878192598,21379.6559859,344.998111776,0.98733074921,1.0,1356.53204341,0.309164835991,0.312982010746,0.0294908381215,0.0295288437121,0.896794049595,1.0,1.0,0.987713891875,11.1484770003,0.634030492572,1367.44011577,84319.368161,5210889.07973,0.393155459995,0.00294555208062,339.508877378,1.16459450812e-05,Class 2
0.558087877728,19.3769524802,16463.674401,290.421281733,0.979857637754,1.0,1132.99407626,0.302311779414,0.308381075998,0.0290386398447,0.0428535974437,0.84203539466,1.0,1.0,0.980466781774,9.38409130397,0.687205716271,1141.90825264,70128.5101155,4325075.75596,0.625062983233,0.00323169142559,281.218354183,1.85154472358e-05,Class 2
0.605136957861,16.6313276431,12709.9197223,242.598339615,0.982711717627,1.0,946.795448382,0.277237141439,0.282446528771,0.0292105146749,0.0379407322986,0.850010584847,1.0,1.0,0.983234548747,7.83905666319,0.738474068283,953.455840677,58540.9979461,3609996.84042,0.536494440101,0.00247426374772,234.695092737,1.58918937202e-05,Class 2
0.488926406951,31.6159065242,23980.5480953,381.898189351,0.967135232303,1.0,1482.01518424,0.3445746289,0.354478164205,0.0282848984857,0.0628333622768,0.785878202501,1.0,1.0,0.968129126488,12.3429404483,0.585391147598,1495.8268802,91671.4905201,5647703.46399,1.01986795239,0.0012118842846,366.823200634,3.02102536329e-05,Class 2
0.559428287441,9.51315698028,17663.014096,301.303529216,0.99011106343,1.0,1186.06389603,0.291044719912,0.294020667372,0.0296608604916,0.0241198273668,0.912201048905,1.0,1.0,0.990410124012,9.73244070889,0.6811006863,1194.88028699,73714.0129011,4556574.72433,0.306876031622,0.00663170011294,296.949083485,9.09019910607e-06,Class 2
0.566651351072,22.1674506993,15283.7590138,277.201991149,0.976956911955,1.0,1077.41053692,0.300763094278,0.307705403667,0.0288650014539,0.0476624226873,0.821549056518,1.0,1.0,0.977653779537,8.95370406568,0.699637303449,1085.85733368,66570.6963277,4102048.18297,0.715079054817,0.00632872904179,266.481100686,2.11818790491e-05,Class 2
0.581295052708,8.65325775345,15575.3400646,275.951194018,0.99100492957,1.0,1087.02264293,0.279784324708,0.282493576775,0.0297157280765,0.0223118717664,0.916051999156,1.0,1.0,0.99127695791,8.91593367214,0.70788702111,1094.69744042,67535.4808513,4174713.27097,0.279137346886,0.00366931630614,272.06731496,8.26853126235e-06,Class 2
0.614351007968,7.24131157154,12987.6463497,242.91702731,0.992472649094,1.0,957.859813345,0.262257119743,0.264524418905,0.0298060372035,0.0192566161531,0.923680792705,1.0,1.0,0.992700290754,7.84892005473,0.743041438624,964.066451451,59488.1094742,3677627.89671,0.233590695856,0.00291188862827,239.695865911,6.91936064031e-06,Class 2
0.53167756162,7.42289223352,21539.6641126,345.140792214,0.992283895807,1.0,1362.11085409,0.30090487282,0.303228299386,0.02979440805,0.0196560897869,0.931315972047,1.0,1.0,0.992517245732,11.1521463166,0.636391277908,1372.65912069,84789.7374288,5244574.03082,0.239448136565,0.00388812874642,342.005089697,7.09286817041e-06,Class 2
0.855803596248,4.05112718269,2732.01204577,72.8023686413,0.995788849082,1.0,285.908494351,0.125884862271,0.127147637003,0.0300110773594,0.011839431043,0.909981643551,1.0,1.0,0.995916202437,2.34779015724,0.922157067153,286.491811026,17619.2841483,1087424.7924,0.130681522022,0.00538615237599,70.7559312831,3.87101282687e-06,Class 2
0.559255669974,20.9569129528,16142.5665199,287.15004627,0.978215267201,1.0,1118.26572333,0.303204965131,0.309768877597,0.0289401975718,0.0455975396073,0.83133086224,1.0,1.0,0.978874079685,9.27727716966,0.689829293719,1127.11004304,69163.1638948,4263775.44746,0.676029450091,0.00430892190079,277.117135783,2.00251621817e-05,Class 2
0.544085297626,6.96267917644,19884.5028909,326.101806068,0.992762287758,1.0,1287.19779195,0.294650053821,0.296828662832,0.0298238906173,0.0186395803911,0.933801101596,1.0,1.0,0.992981170185,10.5362229606,0.656499218139,1296.89881845,80111.5379751,4955257.64762,0.224602554079,0.00440991225784,323.141572192,6.65311632687e-06,Class 2
0.761282466035,1.85546216662,5724.7241968,131.770006933,0.998071245149,1.0,522.63119231,0.178855622433,0.179424194815,0.0301529978726,0.00607832074586,0.96762732315,1.0,1.0,0.998129574429,4.25401681001,0.86180827035,524.583024322,32433.8647215,2007100.17324,0.0598536182782,0.00518417166189,130.946790027,1.77296775018e-06,Class 2
0.686752564346,2.04956563287,8960.5499184,184.968981351,0.997869474394,1.0,733.46963051,0.218606428387,0.219235942874,0.0301404253748,0.0066219366779,0.970478354504,1.0,1.0,0.997933905612,5.97334397533,0.80624511337,737.155657564,45594.1026807,2822027.00351,0.0661150204153,0.00541981582834,184.148880419,1.95844131684e-06,Class 2
0.5612943495,27.0972613153,15187.7484911,277.693561712,0.971832368695,1.0,1074.46061327,0.307330205304,0.315817763061,0.0285608203429,0.0557710477124,0.791433804703,1.0,1.0,0.972684212384,8.97171401268,0.696491399531,1083.156254,66251.1904433,4077549.836,0.874105203718,0.00420793154374,264.574503736,2.58925087745e-05,Class 2
0.655539002082,7.44272000695,10240.4901773,205.804491271,0.992263284816,1.0,810.029273574,0.242368417526,0.244691879723,0.0297931384701,0.0196995870655,0.916324234259,1.0,1.0,0.992497258058,6.64398727304,0.781805446964,814.754611282,50233.8794747,3104251.64152,0.24008774216,0.00824754582573,202.242245461,7.11181439497e-06,Class 2
0.617974880468,8.58646946399,12583.5607827,238.203365514,0.991074356067,1.0,937.403193849,0.262251854117,0.264937903372,0.0297199938251,0.0221698642244,0.911615908118,1.0,1.0,0.991344284815,7.6934790635,0.747355790114,943.485470895,58171.8420266,3594816.68798,0.276982885935,0.00599209451829,234.204616237,8.2047124007e-06,Class 2
0.578216836584,5.9744212058,16204.2324402,282.614474657,0.993789582946,1.0,1116.3282322,0.277555825901,0.279425973177,0.0298872981303,0.0164086405837,0.938764606143,1.0,1.0,0.993977397978,9.1319688776,0.702311919034,1124.11063365,69439.9712728,4295231.46892,0.192723264703,0.00301287898532,280.103824603,5.70879660841e-06,Class 2
0.564170771492,13.1040711059,16670.1010174,290.683730423,0.986378304464,1.0,1140.68875245,0.293093175151,0.297197419004,0.0294328166821,0.0313166448266,0.884458304388,1.0,1.0,0.986790250901,9.39289429676,0.690185474763,1149.27050437,70778.1848634,4371306.83704,0.422711971158,0.00291188862827,284.627687647,1.25214600894e-05,Class 2
0.781251691175,8.23270024325,4666.31996603,114.608778678,0.991442099539,1.0,448.084622674,0.176016092088,0.17859347095,0.0297425990309,0.0214136728792,0.876042559398,1.0,1.0,0.991700907013,3.70074113891,0.876337850751,449.737921947,27601.2446451,1701688.2347,0.265570975589,0.00375347493702,110.606625185,7.8666718679e-06,Class 2
0.630610536819,13.0080629398,11289.5634434,222.340841692,0.986478105052,1.0,870.235422511,0.261137982184,0.265211721752,0.0294388910479,0.0311307255366,0.872142598898,1.0,1.0,0.986887033327,7.18288864999,0.761525931717,875.878313746,53847.9030432,3322779.21481,0.419614933542,0.00385446529407,216.16551668,1.24297204758e-05,Class 2
0.634883470021,10.8604020068,11209.7841943,220.528695972,0.988710600825,1.0,865.098209059,0.256700677565,0.260100208759,0.0295750980743,0.0268821355751,0.889196497385,1.0,1.0,0.989052014106,7.12263107028,0.764587134046,870.56909919,53585.3721272,3308570.15028,0.350335548606,0.00553763791156,215.371362175,1.03775452059e-05,Class 2
0.504258358304,14.480536009,24882.8944392,385.7984685,0.984947467766,1.0,1515.91623992,0.321963959578,0.326499930221,0.0293458659301,0.0339478108271,0.884459547021,1.0,1.0,0.985402685475,12.4705922596,0.590188732517,1528.75916236,94240.2893086,5823176.13142,0.467114064808,-0.000370297975849,379.348092042,1.38367269412e-05,Class 2
0.554426092483,14.0391071584,17573.1126858,301.696160788,0.985406333515,1.0,1183.33610136,0.298650564969,0.303047938756,0.0293737228854,0.0331108258723,0.879403463004,1.0,1.0,0.985847674236,9.74945758405,0.678196942055,1192.46017512,73424.378643,4534312.31839,0.452874424464,0.00230594648597,295.213631526,1.34149241525e-05,Class 2
0.564846447515,24.7398434107,15141.6023013,276.23134758,0.974282907058,1.0,1071.39867939,0.303770926218,0.311520442971,0.0287058682687,0.0519506364245,0.805193837106,1.0,1.0,0.975060641723,8.92655449136,0.699174702459,1079.92518114,66123.8507931,4071914.54017,0.79805946486,0.00210396577187,264.353267527,2.36399023922e-05,Class 2
0.565208094422,35.3570943011,13894.9054777,264.38262238,0.96324626372,1.0,1013.78296418,0.311221870228,0.322297359721,0.0280585417704,0.0684497231428,0.739656943109,1.0,1.0,0.964357767842,8.54582084528,0.705932369038,1022.19214155,62220.2000576,3819990.58318,1.14055142907,-0.000151485535575,247.241899053,3.37851070549e-05,Class 2
0.832481714306,5.05399509165,34634.894746,873.593727857,0.994746366849,1.0,3480.52679103,0.141845312985,0.143428200355,0.0299464723838,0.014263936351,0.900891270254,1.0,1.0,0.994905246883,28.238570172,0.908292068456,3489.47296994,215973.168404,13372010.5472,0.163032099731,-0.00122871601077,872.868677786,4.82929292132e-06,Class 2
0.703755482732,3.07330488229,8043.2934017,171.200839737,0.99680529638,1.0,677.791673756,0.211650531825,0.212604654763,0.0300741999631,0.0093661190173,0.956426871022,1.0,1.0,0.996901910401,5.52822897663,0.820071019025,681.048937226,42087.381263,2603851.57099,0.0991388671705,0.00550397445921,169.838445834,2.93666480555e-06,Class 2
0.609447959454,11.4437559725,12919.7346076,243.581480741,0.988104203771,1.0,955.802938079,0.269763661251,0.273346443527,0.0295380393648,0.0280539108292,0.889212300208,1.0,1.0,0.988463955673,7.86825970811,0.740231083312,962.257289155,59246.3041647,3658636.90873,0.369153418469,0.00504951785249,238.194172965,1.09349630756e-05,Class 2
0.526071287325,12.3902712623,21465.106195,346.187462587,0.987120300143,1.0,1360.45613992,0.309771328081,0.313648533738,0.0294780081147,0.0299265050928,0.895620583956,1.0,1.0,0.987509807195,11.1823087699,0.632833811137,1371.42434526,84559.8909336,5225593.07694,0.399686169751,0.00755744505256,340.456436235,1.18393960055e-05,Class 2
0.669230857975,6.01303318565,9580.18101393,195.587738681,0.993749445753,1.0,771.609694097,0.233622141232,0.235503758179,0.0298848182697,0.0164971271076,0.927876313775,1.0,1.0,0.993938474611,6.31832703501,0.793054469638,775.883843647,47870.4603407,2959233.0048,0.19396881244,0.00366931630614,192.861621492,5.7456918878e-06,Class 2
0.871703922629,2.58595908262,33968.0295004,894.515679211,0.997311892846,1.0,3569.42977936,0.113604088717,0.114413665302,0.0301057085384,0.0080829690986,0.932518820077,1.0,1.0,0.997393186409,28.9124283294,0.931313526192,3575.33095293,221367.203101,13708461.037,0.0834180349231,0.00117822083225,894.992298671,2.47098654946e-06,Class 2
0.571871177375,9.73752389019,16339.0543187,285.680541897,0.989877833794,1.0,1123.92382116,0.285557220274,0.288602683012,0.0296465607772,0.0245855918987,0.908846484466,1.0,1.0,0.990183947691,9.22676515941,0.697296064634,1132.07857084,69817.3003277,4315007.77447,0.314113673877,0.00732180088611,281.160957997,9.30459059442e-06,Class 2
0.77132278808,8.21182890279,35731.6040326,838.253761942,0.991463795319,1.0,3331.89445389,0.181702635375,0.184274960543,0.0297439332006,0.0213688461859,0.879456748157,1.0,1.0,0.991721946671,27.0948880419,0.869756102858,3344.78447253,206914.017541,12807893.0308,0.264897706542,0.000151485535575,835.835614847,7.84672847364e-06,Class 2
0.695859695689,9.45263009295,37198.1592129,787.0908478,0.990173981192,1.0,3122.26145919,0.224198807254,0.227159461315,0.0296647192559,0.0239937679075,0.888355851455,1.0,1.0,0.990471139019,25.439336287,0.815705629398,3138.66914168,194109.426566,12013623.4658,0.304923551386,0.0019524802363,783.893109851,9.0323632627e-06,Class 2
0.541748500166,10.4408880636,19619.8669625,324.337567649,0.989146686005,1.0,1276.29359996,0.30031036503,0.303578000387,0.029601776996,0.0260306508539,0.907448326148,1.0,1.0,0.989474911226,10.4776653853,0.65657849014,1286.17410962,79339.8861646,4904141.08122,0.336802840761,0.00594159933976,319.587182912,9.97668298116e-06,Class 2
0.491662329111,14.6339403614,28117.8911288,424.255533345,0.984788003782,1.0,1667.70497363,0.327740068695,0.332323878569,0.0293361913196,0.0342372226442,0.88533122701,1.0,1.0,0.985248043991,13.7113429546,0.55008470159,1682.14865652,103736.124437,6411177.88734,0.472062592303,0.00193564851012,417.734661411,1.3983310889e-05,Class 3
0.553550468377,14.8416101989,17556.4342788,301.793016853,0.98457213077,1.0,1182.82180626,0.299918910188,0.30456756986,0.0293230994725,0.0346278371107,0.873921599283,1.0,1.0,0.985038699396,9.75220115542,0.677690904352,1191.99718903,73370.9251825,4530234.9944,0.478761619321,0.00269307618799,294.897430718,1.4181747662e-05,Class 3
0.594880982603,19.0033554861,13244.0324104,250.340575981,0.980245992218,1.0,975.066851963,0.284421590969,0.290374222834,0.0290619668687,0.0421962488196,0.835399629975,1.0,1.0,0.980843391647,8.09027017635,0.729136260968,982.171485088,60246.3387747,3713355.62873,0.613011467292,0.00151485535575,241.296697724,1.81584604785e-05,Class 3
0.510552472461,8.05738098341,25143.2437053,386.35044392,0.991624344092,1.0,1525.14310333,0.311225831237,0.313749657327,0.0297538078884,0.0210363730748,0.928410735636,1.0,1.0,0.991877640138,12.4891239901,0.592932846842,1537.47561904,94978.4799003,5875033.20384,0.259915515594,-0.00106039874902,383.134153201,7.69914735608e-06,Class 3
0.495760609426,13.2146892103,27328.4780869,414.137719746,0.986263316829,1.0,1629.0867332,0.324302626835,0.328441600779,0.0294258195032,0.031530456749,0.894050543421,1.0,1.0,0.986678740715,13.3835282556,0.561397793415,1643.00083867,101355.223287,6265066.49013,0.426280297107,0.00270990791417,408.282031318,1.2627160079e-05,Class 3
0.533526304691,9.42027951525,20906.8111657,338.435853053,0.990207609652,1.0,1334.2555486,0.302754800766,0.305704889567,0.0296667819023,0.0239263188333,0.91591982783,1.0,1.0,0.990503750489,10.9422210277,0.642123838068,1344.68347891,82995.3251438,5131524.71726,0.303879984363,-0.00291188862827,334.498712101,9.00145100159e-06,Class 3
0.536916897357,18.496181913,18956.9553065,319.317715714,0.980773199675,1.0,1248.71048344,0.311327002273,0.317120826899,0.0290936645121,0.0412984388803,0.852400504499,1.0,1.0,0.98135465533,10.322291721,0.65739944401,1258.89132481,77401.350269,4776378.60387,0.59665102945,-0.000942576665798,310.742952393,1.76738359978e-05,Class 3
0.532331684198,16.5227966727,19859.6727526,329.18557818,0.982824535683,1.0,1289.23527397,0.311457142054,0.316632043593,0.0292173296264,0.0377424560709,0.866384880654,1.0,1.0,0.983343954967,10.6363885631,0.648294023108,1299.73419426,79991.9862192,4938721.09392,0.532993441056,0.00392179219877,321.46664712,1.578818807e-05,Class 3
0.614535984281,16.9235264095,38296.9517501,725.679937176,0.982407976705,1.0,2866.4691877,0.272924358345,0.278225190154,0.0291921746529,0.0384729398198,0.84544514892,1.0,1.0,0.982939993539,23.4591005343,0.7479400139,2886.14407096,178237.975604,11023449.2784,0.545920206759,-0.00281089827122,718.770353358,1.61711012399e-05,Class 3
0.528711309857,20.5634881852,38372.3720605,630.71516978,0.978624232656,1.0,2481.35094976,0.317075745934,0.323516964367,0.0289646790162,0.0449195825226,0.840898288074,1.0,1.0,0.979270677233,20.3844154504,0.646862783425,2502.01183006,154333.377092,9539381.32098,0.663338328555,0.00230594648597,621.635134871,1.96492291998e-05,Class 3
0.496199826755,22.652709365,24590.1993242,385.474573489,0.976452485068,1.0,1506.02741541,0.333810259612,0.34090604607,0.0288349138729,0.048481475165,0.835053232856,1.0,1.0,0.977164607495,12.4613516419,0.586234905742,1519.44346257,93410.9822282,5764004.87052,0.73073256016,-0.00159901398662,374.975546217,2.16455629657e-05,Class 3
0.476320386967,23.8235915646,30922.7677955,464.461214664,0.975235351804,1.0,1817.10160116,0.343784454654,0.351247064858,0.0287624466848,0.0504381483763,0.832349256139,1.0,1.0,0.975984282697,15.0116947919,0.503356571975,1833.87754519,112850.112157,6966897.55347,0.768502953696,0.00116138910607,453.450742768,2.2764387384e-05,Class 3
0.491853948953,26.1183954478,24673.3237455,387.900140949,0.972849900782,1.0,1511.37131945,0.338825037344,0.347006244424,0.0286209569768,0.0541967704002,0.815868597195,1.0,1.0,0.973670972331,12.5351924246,0.582049778473,1525.11557335,93655.2961087,5775826.64082,0.842528885414,0.00296238380679,375.53176744,2.49571635835e-05,Class 3
0.486409342796,26.8395002606,36239.2821507,558.479292141,0.972100311579,1.0,2187.08447927,0.341894062305,0.350301434888,0.0285766433166,0.0553581181619,0.813006983697,1.0,1.0,0.972944052157,18.0523797889,0.568370471723,2207.14640487,135876.359728,8390204.96727,0.865790330988,-0.000555446963774,546.204023326,2.56462078553e-05,Class 3
0.51497579004,25.5517385544,20744.9589212,342.673566232,0.973438941212,1.0,1332.62237984,0.32780336186,0.335805650421,0.0286558288176,0.0532776851612,0.813725821119,1.0,1.0,0.974242199038,11.06919957,0.629634697246,1344.26561448,82471.3858596,5083664.47071,0.824249630788,0.00708615671966,330.369317392,2.44157004292e-05,Class 3
0.481652910606,32.8629691165,25268.4154677,397.531591301,0.965838909442,1.0,1542.00626734,0.348826862265,0.359120314056,0.0282092357532,0.0647273705134,0.78115397681,1.0,1.0,0.966872006939,12.8441050951,0.56857571019,1556.59894266,95397.0609963,5877264.7919,1.06009577795,0.00536932064981,381.735773391,3.14018714403e-05,Class 3
0.525770434671,16.3276496395,20799.8970633,339.802252584,0.983027391227,1.0,1331.79596514,0.314251288956,0.319365819214,0.029229587444,0.0373851141102,0.868782725968,1.0,1.0,0.983540675767,10.9824993484,0.637230692381,1342.76055098,82662.9590571,5104340.87819,0.526698375467,0.000976240118148,332.293654982,1.56017173337e-05,Class 3
0.488763303635,23.2193662584,26167.1665308,404.161545122,0.975863444638,1.0,1579.2899079,0.337672050589,0.34494539503,0.0287998196826,0.049431834307,0.833269998462,1.0,1.0,0.976593380788,13.0648531839,0.566472287377,1593.5601215,97984.0919739,6046710.58488,0.749011814786,-0.0010772304752,393.400765572,2.218702612e-05,Class 3
0.495966387039,11.0638975762,28009.2633398,421.381095308,0.988499066969,1.0,1660.53774728,0.321620801714,0.3250864831,0.0295621653862,0.0272924833133,0.908496593777,1.0,1.0,0.988846877443,13.621141734,0.55485188081,1674.55629826,103376.097113,6392288.79711,0.356899921814,-0.000774259404048,416.723444966,1.05719933e-05,Class 3
0.51820191295,21.0518775519,21067.7896189,344.46800708,0.978116551401,1.0,1345.60126423,0.322349067188,0.328943319696,0.0289342913965,0.0457606708046,0.840102774487,1.0,1.0,0.978778349242,11.1363581574,0.629809530015,1357.07635068,83403.784566,5145713.17927,0.679092824255,-0.00207030231952,334.701164104,2.01159046256e-05,Class 3
0.503755744723,7.54290244114,36626.6657269,552.28883573,0.992159145072,1.0,2184.19593126,0.313513489012,0.315874972544,0.0297867245646,0.0199189962305,0.932890965592,1.0,1.0,0.9923962677,17.8550951264,0.572046303536,2202.0290257,136155.182972,8425906.67722,0.243319433585,-0.00336634523499,549.736497698,7.20754268744e-06,Class 3
0.563225208161,17.6477619234,16173.1564834,286.198149036,0.981655133136,1.0,1118.61173549,0.298251213877,0.303779279269,0.029146767417,0.0397821306006,0.852478771434,1.0,1.0,0.982209917416,9.25167611415,0.692376856919,1127.25106345,69274.0681844,4273805.48039,0.56928264269,-0.000858418034923,277.978078577,1.68631370209e-05,Class 3
0.573672225306,14.5316707932,15560.6699881,277.746676328,0.984894313105,1.0,1088.22469975,0.290183508602,0.294735433722,0.029342640706,0.0340443639028,0.872269894297,1.0,1.0,0.985351138313,8.9765447181,0.702873338546,1096.31964432,67454.4605762,4164080.0221,0.468763573973,0.00109406220137,271.007050864,1.38855882571e-05,Class 3
0.719030655297,7.96972135349,36802.243558,802.83672776,0.991715466369,1.0,3188.00968667,0.210277064184,0.212773518785,0.0297594138772,0.0208470735291,0.897780073457,1.0,1.0,0.9919660067,25.9496910564,0.832940231083,3203.30845312,198158.812713,12265848.7933,0.257087785596,0.000555446963774,800.455562071,7.61538510016e-06,Class 3
0.485621452329,18.3250369212,28858.8886125,434.836798005,0.980951105072,1.0,1706.19643784,0.334365377902,0.340105245573,0.0291043686927,0.0409940365965,0.863109652307,1.0,1.0,0.981527180523,14.0581606724,0.536976587612,1721.37625254,106051.823769,6551080.78199,0.591130223265,-0.00286139344974,426.640462384,1.75103001648e-05,Class 3
0.49099528399,21.4098210407,26115.6397149,402.838887039,0.977744468773,1.0,1576.00172978,0.334995955294,0.341702456085,0.0289120406298,0.0463737780744,0.84349243,1.0,1.0,0.978417519112,13.0221679263,0.568790721918,1590.08736609,97824.8675609,6038577.099,0.690639388411,-0.0011445573799,392.982295196,2.04579338372e-05,Class 3
0.473770768027,33.9336688819,27085.0246021,419.678303209,0.964725915923,1.0,1628.4436996,0.353199159794,0.363827972139,0.0281444413868,0.0663358217083,0.777587019471,1.0,1.0,0.965792672498,13.5597564286,0.544933107462,1644.09009541,100782.992006,6209833.16188,1.09463448006,0.00557130136391,403.385614847,3.24249675661e-05,Class 3
0.514056803856,24.3307651377,21098.334857,346.184338198,0.974708144348,1.0,1348.18566913,0.32718433869,0.334805328783,0.0287311147506,0.051277336586,0.821130917152,1.0,1.0,0.975473019014,11.1858770958,0.626506168013,1359.92543172,83479.0142557,5147240.72729,0.784863391539,0.00388812874642,334.596807402,2.32490118646e-05,Class 3
0.506794236497,20.600013031,23005.4226572,366.448084899,0.978586265041,1.0,1433.04330818,0.327112907318,0.333565564148,0.0289624053209,0.0449826682208,0.84526068665,1.0,1.0,0.979233857832,11.8470777952,0.607118191295,1445.47977037,88893.2282427,5486147.21728,0.664516549388,-0.00232277821214,356.959405134,1.96841301397e-05,Class 3
0.510867771331,11.2924387542,24296.0719031,377.759415162,0.988261498176,1.0,1487.86399751,0.315287545708,0.318824165659,0.0295476476648,0.0277512967492,0.905164604123,1.0,1.0,0.988616493191,12.2133866519,0.60014442707,1500.11806567,92564.7618754,5722443.41915,0.364272217879,-0.00301287898532,372.968766832,1.07903734672e-05,Class 3
0.493872456863,22.8071572843,25056.7519668,391.153671539,0.976291936295,1.0,1527.53384116,0.334999912555,0.34214326365,0.028825344297,0.0487411486503,0.834679776224,1.0,1.0,0.977008914028,12.6384214013,0.580442620103,1541.20139737,94753.8471188,5847031.03607,0.735714751108,0.00489803231691,380.387484797,2.17931440833e-05,Class 3
0.491491631004,29.6477391191,23914.1094786,380.435975219,0.969181144367,1.0,1478.1162075,0.341880225689,0.351167039696,0.028404740899,0.0597970254597,0.796069546942,1.0,1.0,0.970113166211,12.294027452,0.587993006689,1491.74206432,91479.2540229,5637676.80793,0.956378681261,0.00286139344974,366.290981453,2.83295915537e-05,Class 3
0.531939474087,16.9496155851,19841.6427956,329.118924544,0.98238085698,1.0,1288.56150942,0.312074251491,0.317383008652,0.0291905377129,0.0385203449032,0.863619054412,1.0,1.0,0.982913693967,10.6345875684,0.648130049518,1299.08450226,79938.5678725,4935004.79798,0.546761793068,0.00356832594909,321.197406828,1.61960304828e-05,Class 3
0.678992296677,2.94912040657,37810.0000149,768.872534542,0.996934386272,1.0,3056.57584652,0.22410766543,0.225031411004,0.0300822258627,0.00904271605063,0.959630515257,1.0,1.0,0.997027096364,24.8528516202,0.800170489097,3072.59517384,190217.761463,11778795.6061,0.0951329163409,-0.000437624880549,768.963840023,2.81800160967e-06,Class 3
0.555296353003,3.90294066545,18967.2588036,314.373890582,0.995942889121,1.0,1244.46631441,0.284860546344,0.286082725745,0.0300206351115,0.011472220198,0.958696825166,1.0,1.0,0.996065584007,10.1602021979,0.670220875684,1253.42598757,77513.4060014,4797258.50851,0.125901311789,0.001346538094,313.014797802,3.72941472759e-06,Class 3
0.528687817165,6.19043957953,22236.720147,352.491438471,0.993565031622,1.0,1393.0535834,0.300468701232,0.302407822587,0.0298734269092,0.0169022485385,0.941186506624,1.0,1.0,0.993759637521,11.3939340631,0.629232907654,1403.81280698,86757.3727376,5367621.68046,0.19969159934,-0.000302971071149,350.116736165,5.91521073906e-06,Class 3
0.499308788711,30.4617213969,22299.9067402,362.115598582,0.968335008943,1.0,1404.97892332,0.338944357967,0.348486320665,0.0283551136481,0.061059946979,0.789447776113,1.0,1.0,0.96929261956,11.7031665364,0.606629528277,1417.80904373,86874.8912412,5351716.57319,0.982636174094,0.0015485188081,347.567301929,2.910738393e-05,Class 3
0.483191423582,20.8504691165,28736.408767,434.420212782,0.978325915679,1.0,1701.62633515,0.337949120247,0.344480390921,0.0289468191314,0.0454144529037,0.848320113836,1.0,1.0,0.978981381939,14.0431131092,0.536148032317,1716.9886844,105702.09593,6527007.22315,0.672595777952,-0.0012792111893,424.911271827,1.99234508709e-05,Class 3
0.566923717334,9.99319781079,16802.7600493,291.141974168,0.989612060488,1.0,1145.94796492,0.288174969828,0.291305049004,0.0296302740599,0.0251134723916,0.907298184585,1.0,1.0,0.989926211884,9.40890126835,0.691287681348,1154.3622404,71189.6026018,4399760.52695,0.322361219703,0.00171683606985,286.679340414,9.54889717417e-06,Class 3
0.526630802026,7.39054165581,22330.9204811,354.069255003,0.992317524266,1.0,1397.70268548,0.303125882692,0.305440432849,0.029796479584,0.0195850687297,0.931985544496,1.0,1.0,0.992549857202,11.4425440883,0.62704043958,1408.62819552,87018.5730936,5382653.44092,0.238404569542,0.0020871340457,351.023595908,7.0619559093e-06,Class 3
0.555044538293,9.20008687343,18199.0236968,307.344014947,0.990436500132,1.0,1210.80150803,0.292664119034,0.295545413249,0.0296808249683,0.0234658739503,0.915002800951,1.0,1.0,0.990725718878,9.9317956737,0.674832768656,1219.863534,75271.0803594,4653314.63425,0.296776995917,0.00252475892624,303.285622448,8.7910481921e-06,Class 3
0.482164439298,22.5295684563,28426.8647496,431.273952887,0.97658049017,1.0,1687.30178632,0.33999307058,0.347050357477,0.0288425459832,0.0482740891512,0.83863974859,1.0,1.0,0.977288741476,13.9409276996,0.538570714968,1702.66414062,104763.026509,6467239.73657,0.726760272783,-0.000791091130223,420.903974459,2.15278969396e-05,Class 3
0.670152910415,16.5113174355,37384.0406698,772.871752682,0.982836468362,1.0,3056.64626631,0.244540163461,0.249712146045,0.0292180505318,0.0377214654141,0.83203235355,1.0,1.0,0.983355526779,24.9800994701,0.797218964469,3074.77989824,189934.345991,11748286.9602,0.532623143081,0.00158218226045,766.127424854,1.57772192032e-05,Class 3
0.898252392914,1.88468204326,33490.7712638,908.550435368,0.998040871057,1.0,3628.56589478,0.094475954801,0.0950663250688,0.0301511049125,0.00616072090466,0.938935902698,1.0,1.0,0.998100118908,29.3672552341,0.946350230215,3632.31705943,224918.435555,13929085.3561,0.060796194944,0.0,909.442571236,1.80088850215e-06,Class 3
0.495523339468,22.0401355225,24885.7757631,388.723938227,0.977089256214,1.0,1519.32363711,0.33355151059,0.340455507691,0.0288729006779,0.0474467219792,0.838810794062,1.0,1.0,0.977782121449,12.5646479454,0.583221483798,1532.83895398,94259.5795014,5817149.99414,0.71097211363,0.0001346538094,378.484018547,2.1060224344e-05,Class 3
0.537786371493,19.5846223178,18683.7735682,316.622409322,0.979641764742,1.0,1236.54415542,0.311970243183,0.318104887802,0.0290256813163,0.0432175544439,0.845173963166,1.0,1.0,0.98025743718,10.2322588177,0.659737425072,1246.66131262,76610.2475882,4726340.00419,0.631762010251,0.00196931196247,307.407712188,1.87138840087e-05,Class 3
0.497695161903,16.2754712883,25898.0874451,398.358512968,0.983081630677,1.0,1563.45609212,0.326852440318,0.331950548611,0.0292328658087,0.0372893869686,0.87388869196,1.0,1.0,0.983593274911,12.8746546781,0.576220571627,1576.96695138,97170.7437709,6002966.6337,0.525015202849,0.0015485188081,390.976559378,1.5551858848e-05,Class 3
0.505553379255,15.939442707,24266.6705587,379.246624407,0.983430932737,1.0,1488.40828214,0.322978132331,0.32797110483,0.0292539873056,0.0366710512601,0.874750101603,1.0,1.0,0.9839320134,12.2587144905,0.596264442707,1501.08038174,92480.8894342,5712809.75526,0.514175571193,-0.000269307618799,372.050427852,1.52307702003e-05,Class 3
0.486981188751,29.598691469,24879.8168637,391.546303112,0.96923212945,1.0,1522.46193557,0.343890644565,0.35316233436,0.0284077341237,0.0597205961928,0.797451941258,1.0,1.0,0.970162609406,12.6560610503,0.576340022587,1536.59276976,94258.7117656,5809876.32197,0.954796499001,-5.04951785249e-05,377.538546825,2.82827245772e-05,Class 3
0.476556189682,25.5246058118,29501.1858262,446.281435539,0.973467145726,1.0,1743.20876814,0.345191378422,0.353186787747,0.0286574996462,0.0532335320215,0.822648547197,1.0,1.0,0.974269550593,14.4236279428,0.521441447311,1759.40325836,108184.837608,6676317.30388,0.823374381027,0.00159901398662,434.370163322,2.43897740166e-05,Class 3
0.634615623302,27.5199059595,9778.16996012,206.239822829,0.971393029148,1.0,791.838572473,0.271355012606,0.279975508485,0.0285348952522,0.0564456556429,0.761559296584,1.0,1.0,0.972258159315,6.66548138737,0.770666101989,797.337321977,48535.21317,2979862.78493,0.88773890192,0.000824754582573,192.869970029,2.62963625084e-05,Class 4
0.84290726607,0.735714751108,34602.5249071,877.141992493,0.999235223751,1.0,3500.10143892,0.12907613822,0.129303697062,0.0302256258774,0.00271788962261,0.980514096124,1.0,1.0,0.999258352065,28.3504674876,0.914148423247,3507.63854309,217231.62637,13454081.1055,0.0237327339067,0.00156535053427,878.496634741,7.03004647848e-07,Class 4
0.545233331629,57.9336232734,13157.6642358,263.108913061,0.939777938385,1.0,985.25800438,0.332704816219,0.350852302339,0.026732782546,0.0989106738073,0.624917057788,1.0,1.0,0.941599170087,8.5032029146,0.695560767961,994.341643659,59798.1591793,3648410.34346,1.86882655721,0.00129604291547,234.632478716,5.53578766316e-05,Class 4
0.533285295783,46.9626031622,15465.7096345,288.114441061,0.951182325195,1.0,1095.05717393,0.33350472099,0.348215348376,0.0273684158801,0.0847612358774,0.688086745639,1.0,1.0,0.952658666167,9.30908913213,0.675272565372,1105.04108319,66993.3422572,4104541.50479,1.51492268265,0.00366931630614,265.100461515,4.48746314361e-05,Class 4
0.439942233052,76.916107419,24074.8665461,400.560165871,0.920045626384,1.0,1508.27957104,0.391601535613,0.415695228743,0.0256714650185,0.12110784906,0.591390829578,1.0,1.0,0.922463601392,12.9461390192,0.542363825906,1525.17250246,92090.4460086,5630381.80276,2.48116475545,0.00122871601077,362.872255886,7.34963937158e-05,Class 4
0.602795247189,28.0813450178,11754.1222308,234.009393783,0.970809412663,1.0,900.8935388,0.287812865625,0.296609035856,0.028500493881,0.0573371386354,0.770773667957,1.0,1.0,0.971692192522,7.5612658544,0.741477716966,907.629210714,55349.0895961,3401360.96948,0.905849839284,0.00264258100947,220.358568977,2.68328398141e-05,Class 4
0.838988277913,2.33028516202,34615.8369439,875.756846627,0.997577666152,1.0,3492.68563062,0.134241805081,0.13497152573,0.0301222515895,0.00739357974016,0.947254115903,1.0,1.0,0.997650922216,28.3080515377,0.911950525584,3500.79499887,216758.521657,13423255.0499,0.0751704890974,-0.000791091130223,876.384455086,2.22667996971e-06,Class 4
0.908779979433,0.812938710798,33334.4536111,913.736921392,0.999154949365,1.0,3650.76760855,0.0853040123112,0.0855256909654,0.0302206116011,0.00296648722397,0.971106386323,1.0,1.0,0.999180505332,29.5294289158,0.952139258101,3653.45779587,226260.93126,14013259.9122,0.0262238293806,0.00547031100686,915.005827035,7.76795206629e-07,Class 4
0.551891919123,24.7774118235,16390.2752573,291.491905755,0.974243854653,1.0,1131.34677537,0.309956066335,0.317716642369,0.0287035508498,0.0520123120032,0.808746508846,1.0,1.0,0.975022770339,9.41696366519,0.683335505169,1140.57574799,69879.2391838,4304478.02307,0.799271349144,0.00496535922161,279.537167709,2.36758005019e-05,Class 4
0.575826522694,40.6438048388,12492.3640448,248.178498675,0.957750722621,1.0,944.452790986,0.309125402536,0.321856877426,0.027741904813,0.0760731647528,0.704036502021,1.0,1.0,0.959028422541,8.02356604552,0.72002866823,952.276399544,57726.562519,3536616.04661,1.31109047867,-0.00166634089132,228.408644992,3.88367688223e-05,Class 4
0.392697682039,120.876368256,26136.0852085,444.621343426,0.874348889546,1.0,1636.66462188,0.42613241577,0.463996505916,0.0234008884803,0.164288739541,0.452702756362,1.0,1.0,0.878148822322,14.3697832508,0.473567674398,1657.38821528,98922.2947904,6011538.62918,3.89923768569,0.00178416297455,385.025096647,0.000115502167887,Class 4
0.492915134597,59.1128540092,37204.2912994,632.086776626,0.93855212681,1.0,2445.36314885,0.358974827499,0.377491675682,0.0266654305358,0.100368594428,0.645318221966,1.0,1.0,0.940410429426,20.4329581487,0.628371774824,2469.46962315,151127.582861,9304000.11665,1.90686625836,-0.00190198505777,603.865275606,5.64846784076e-05,Class 4
0.522933111777,20.2566794805,38239.2611968,621.322214468,0.978943160623,1.0,2443.54153342,0.319440500897,0.325783277564,0.0289837851858,0.0443884747481,0.844216021733,1.0,1.0,0.979579960201,20.0753849579,0.637053687777,2464.07611531,151993.204064,9394729.91765,0.653441273564,0.00772576231431,612.208593954,1.93560613041e-05,Class 4
0.858138219998,13.5277593172,2255.78503083,65.8808051639,0.985937880128,1.0,249.495546137,0.132302534023,0.136540031151,0.0294060251434,0.032133296528,0.744077588437,1.0,1.0,0.98636314585,2.13010544262,0.92424854487,250.076695457,15071.2302099,920552.630091,0.436379332812,-0.000656437320824,59.2693890626,1.2926310993e-05,Class 4
0.525121271589,45.8835548606,37859.587051,659.81885491,0.952303997026,1.0,2569.65235544,0.336879989739,0.35125261231,0.0274318131884,0.0833077251988,0.697280480167,1.0,1.0,0.953746416471,21.3238445834,0.663993136999,2592.94611859,159183.869869,9815623.00897,1.48011467292,0.00360198940144,638.097404656,4.38435579526e-05,Class 4
0.703744041666,9.41923594822,37044.2322415,792.84493119,0.990208694441,1.0,3145.86127524,0.220026119336,0.222976662995,0.0296668484416,0.0239241422135,0.886529268829,1.0,1.0,0.990504802472,25.627313005,0.821786769177,3161.96465466,195553.324914,12103086.8177,0.30384632091,-3.36634523499e-05,789.737085179,9.00045383188e-06,Class 4
0.498323395327,4.03234297628,34798.9462296,513.654722165,0.995808375285,1.0,2033.40520344,0.310467933412,0.311721753331,0.0300122887409,0.0117930212395,0.960770316709,1.0,1.0,0.995935138129,16.5963849796,0.533269264182,2049.7742045,126833.278673,7851884.51401,0.13007557988,0.00656437320824,512.471762879,3.85306377203e-06,Class 4
0.724495046335,5.52151311789,6945.21206939,154.277065059,0.994260381374,1.0,608.295891991,0.204327953238,0.206054959131,0.0299164012903,0.0153620430006,0.924287613039,1.0,1.0,0.994433958551,4.9826454044,0.836396707497,611.084761926,37678.3824637,2328430.68153,0.178113326383,0.00405644600817,151.701250977,5.27602495286e-06,Class 4
0.509506025444,40.1658511424,19086.6060343,328.700256395,0.958247555985,1.0,1262.38688751,0.340963317013,0.353544735485,0.0277703753505,0.075397943025,0.733544628875,1.0,1.0,0.959510230703,10.6203310963,0.636510728868,1274.10402828,77674.5383814,4772600.34132,1.2956726175,0.00429209017462,309.147338415,3.83800650936e-05,Class 4
0.47189357657,70.2153635653,19521.6893429,344.501333897,0.927011056585,1.0,1294.23990745,0.373741948191,0.39573664713,0.026040536522,0.113566131843,0.60456409059,1.0,1.0,0.929218383503,11.136812614,0.604215532968,1307.96910367,78844.2818273,4816348.05496,2.26501172791,-0.00144752845105,310.133509252,6.70935669869e-05,Class 4
0.457730906502,107.469662714,16094.1151696,317.519109015,0.888285173894,1.0,1149.37503345,0.390896540612,0.424561043024,0.0240656321642,0.152144908675,0.460392215429,1.0,1.0,0.891663646458,10.2640371167,0.612986491182,1162.70883672,68696.9907386,4152264.93613,3.46676331335,-0.000824754582573,264.45031926,0.000102691528581,Class 4
0.408555139196,105.375223699,25224.7735626,426.391574075,0.890462345427,1.0,1580.18397728,0.415170735993,0.448178872012,0.0241716777535,0.150173117136,0.497784579446,1.0,1.0,0.89377497611,13.7763302493,0.50077643124,1599.44955091,95812.3119676,5833720.74955,3.39920076449,0.00599209451829,374.37862588,0.000100690208966,Class 4
0.493899199818,11.5794196855,28519.9016687,427.50385662,0.9879631812,1.0,1685.58659214,0.323171167521,0.32678778197,0.0295294276617,0.0283244416297,0.90536012632,1.0,1.0,0.988327197898,13.8301581096,0.547841195378,1699.90655263,104930.313381,6488060.64081,0.373529667275,-0.0118831986795,422.945191556,1.10645951383e-05,Class 4
0.420519246102,87.1159315003,27136.7386497,442.73525383,0.909442898648,1.0,1664.19876346,0.404373110214,0.431661849605,0.0251213331725,0.13204384395,0.55991643234,1.0,1.0,0.912181520665,14.3088355703,0.493098992268,1683.60637658,101588.535164,6208926.83519,2.81019133872,0.00176733124837,400.01593693,8.32427304932e-05,Class 4
0.728238251736,3.61595973417,36806.357597,806.122543705,0.996241206098,1.0,3206.79722947,0.199638247106,0.2007704191,0.0300391532945,0.0107537220044,0.946418984084,1.0,1.0,0.9963548793,26.0579190557,0.838696681435,3221.05542966,199392.439308,12346415.2501,0.116643862392,-0.00146436017722,805.987510859,3.45519305644e-06,Class 4
0.511772635706,49.8835472591,17381.9295154,312.15869866,0.94814600077,1.0,1187.04907358,0.345436727363,0.361062395865,0.0271975924036,0.0886374374854,0.682228395543,1.0,1.0,0.949714166069,10.0866980497,0.648668664755,1198.34924264,72682.4383092,4454119.80762,1.60914668578,0.00324852315177,287.745865911,4.76657094635e-05,Class 4
0.566320307478,60.2399063939,11319.5022538,239.51352604,0.937380554684,1.0,890.569264389,0.32283751289,0.341706967703,0.0266012346127,0.101751414647,0.600832382692,1.0,1.0,0.939274287909,7.74766039006,0.718733168274,898.536973126,53793.0450042,3274265.62478,1.9432227869,-0.00584060898271,210.057518895,5.75616216979e-05,Class 4
0.46110752091,53.6842183564,24778.2524803,399.521827203,0.944195199214,1.0,1529.38044337,0.371369077558,0.388184790645,0.0269770493737,0.0935596020483,0.684132707615,1.0,1.0,0.945882844399,12.9203191512,0.555284076101,1545.20918286,94048.7522742,5773865.47938,1.73174897924,-0.00651387802971,373.68778451,5.12974015592e-05,Class 4
0.425447672467,94.2518428025,34045.2504527,559.307255271,0.902025111432,1.0,2119.20168771,0.404109129004,0.433632836341,0.0247448266819,0.139337605038,0.529925143322,1.0,1.0,0.904988061691,18.0848650204,0.534344322822,2143.75410972,129868.643625,7953709.83422,3.04038202589,-0.00627823386326,513.504894232,9.00613769925e-05,Class 4
0.714205825133,8.82335917818,7165.97341337,159.178190206,0.990828108962,1.0,624.379560087,0.213823329944,0.216585975538,0.0297048664752,0.0226724895833,0.890291893551,1.0,1.0,0.991105484699,5.14157056294,0.829552167492,627.449904236,38590.05521,2381743.4914,0.284624489619,0.00355149422292,154.977007862,8.43106992561e-06,Class 4
0.640259616081,18.1090185475,37848.8872732,749.713780144,0.981175656396,1.0,2961.62529454,0.261212440275,0.266885010408,0.0291178851174,0.0406087693434,0.828855746878,1.0,1.0,0.98174494098,24.2337638997,0.772312353401,2980.8231703,184065.566301,11383263.2957,0.584161888628,-0.000622773868474,742.192171618,1.73038860342e-05,Class 4
0.49792114112,23.796458822,37133.0677464,580.141723728,0.975263556318,1.0,2277.0558212,0.334063178664,0.341516612598,0.0287641238599,0.0503931134501,0.827982545649,1.0,1.0,0.976011634252,18.7564845582,0.592666796977,2297.32241151,141555.595544,8744869.34613,0.767627703935,-0.00446040743637,569.552791895,2.27384609715e-05,Class 4
0.467770282016,32.1710841803,31174.2935607,471.883721871,0.966558124553,1.0,1837.77721201,0.354575113794,0.364652574664,0.0282511883281,0.0636793402903,0.788430709771,1.0,1.0,0.967569471592,15.2536845192,0.49120732343,1855.47628132,113930.156932,7025819.30818,1.03777690904,-0.000908913213448,456.778678004,3.07407479204e-05,Class 4
0.469033412841,35.534500695,28149.4998068,433.289183902,0.963061849589,1.0,1681.41272924,0.356512974728,0.36764400565,0.0280478550262,0.0687112798981,0.770472641323,1.0,1.0,0.964178930751,14.0064031144,0.52969225089,1697.76179096,104057.860456,6411141.21301,1.14627421597,-0.00112772565372,416.431246199,3.39546259062e-05,Class 4
0.501020186734,17.2960798367,24876.9315959,386.617058462,0.98202070703,1.0,1516.84550349,0.3264383512,0.331854341752,0.0291688078851,0.0391481434938,0.86695033391,1.0,1.0,0.982564435649,12.5029091738,0.587681348276,1529.94283668,94226.6734731,5819643.39532,0.557938059248,-0.00622773868474,378.942144471,1.65270908276e-05,Class 4
0.519830720954,16.1940730606,21713.0595841,349.957558853,0.98316624422,1.0,1372.99433349,0.316810632893,0.321881268421,0.0292379807935,0.0371398989829,0.870839123619,1.0,1.0,0.983675329576,11.3179893146,0.62647793415,1384.41101087,85246.8112141,5264505.81325,0.522389453566,-0.00626140213709,342.760632221,1.54740796104e-05,Class 4
0.795740906553,19.8152506298,34767.2548418,860.686876191,0.979402026372,1.0,3410.39153531,0.176371441254,0.182578470364,0.0290112970277,0.0436205577981,0.728676148566,1.0,1.0,0.980024948962,27.8209918773,0.88714164712,3423.03640044,211402.496353,13074814.6075,0.63920163322,-0.000841586308748,852.543122882,1.89342585154e-05,Class 4
0.486187742891,48.0082573191,21136.6805433,355.002405902,0.950095366612,1.0,1359.14688676,0.356571177297,0.371609275821,0.027307130933,0.0861585212783,0.701870344468,1.0,1.0,0.951604579315,11.4790352706,0.604730258014,1372.52626367,83528.4380037,5127685.1885,1.54865346191,-0.00424159499609,331.845964729,4.58737954888e-05,Class 4
0.456100100896,44.5947495874,32125.2145465,492.327641682,0.953643711448,1.0,1905.03190915,0.368456719175,0.382425723238,0.0275077408711,0.0815558589424,0.72897008126,1.0,1.0,0.955045615335,15.9108119408,0.490049735036,1924.37213433,117813.818292,7254496.50788,1.43854030927,0.00277723481887,470.93779537,4.26120533567e-05,Class 4
0.817629489688,1.87528994006,35059.854919,862.836455941,0.998050634158,1.0,3440.37987453,0.146547333308,0.147132576004,0.0301517133513,0.00613425766393,0.960160856299,1.0,1.0,0.998109586754,27.8918029494,0.898759881852,3449.73923129,213610.299778,13228696.6686,0.0604932238728,-0.00217129267657,863.70824646,1.79191397473e-06,Class 4
0.892889019933,2.10278755104,33583.3675371,905.719738779,0.997814150155,1.0,3616.8341805,0.0985395135615,0.0991961949691,0.0301369789679,0.00676950326334,0.936251166521,1.0,1.0,0.997880254485,29.2779629268,0.943356354791,3621.04903089,224213.787331,13885232.8727,0.0678318564851,-0.00220495612892,906.565456954,2.00929697222e-06,Class 4
0.456945726405,56.2545239336,25141.6038055,405.032208238,0.941523363894,1.0,1547.80924887,0.374636065514,0.392257583201,0.0268290094607,0.0968147738,0.673798573313,1.0,1.0,0.943291810551,13.0930968204,0.548373295109,1564.02011384,95134.4974771,5838658.66892,1.81466206238,-0.00117822083225,377.758739467,5.3753430563e-05,Class 4
0.464760964156,36.2754332812,33014.6239052,501.946594477,0.962291649396,1.0,1952.03825558,0.358976754367,0.370339707973,0.028003268202,0.0697991936908,0.767840748735,1.0,1.0,0.963432022902,16.2215929328,0.504403396751,1971.15059841,120968.02073,7457806.52565,1.17017526714,0.00291188862827,484.731664278,3.46626164026e-05,Class 4
0.934327276178,0.709625575536,32868.9630126,926.897890045,0.999262343477,1.0,3706.24978738,0.0659364048128,0.0661547803709,0.0302273200721,0.00263309355424,0.965232083713,1.0,1.0,0.999284651638,29.9585201112,0.966034662497,3706.66114444,229559.406807,14217657.9258,0.0228911475979,0.00178416297455,928.359310659,6.78075405016e-07,Class 4
0.461877691769,62.8331704457,22519.9521705,376.701288696,0.934684854007,1.0,1428.92387986,0.375465872226,0.395148147019,0.026454177469,0.104894856678,0.641966307232,1.0,1.0,0.936660110438,12.1766429937,0.574513508818,1444.03030627,87499.5058996,5359482.46053,2.02687646599,-0.000471288332899,346.059347581,6.00395884354e-05,Class 4
0.437764083971,87.5510989488,22187.1382788,382.431418436,0.908990541633,1.0,1425.20175055,0.396190379523,0.423615205033,0.0250981754349,0.132496746478,0.549492506681,1.0,1.0,0.911742843802,12.3562711754,0.555858526627,1441.54136526,86582.1824764,5279055.19492,2.82422899835,0.00511684475719,339.268856963,8.36585502636e-05,Class 4
0.627198023363,69.0465684997,7087.49924925,180.794797419,0.928226020271,1.0,649.347624894,0.292451915087,0.314080303174,0.026105535274,0.112219451046,0.506772109197,1.0,1.0,0.930396604335,5.84798127878,0.775431109374,654.645020999,38415.0666855,2313379.97683,2.22730866128,-0.00414060463904,146.764135392,6.59767369081e-05,Class 4
0.409420284709,99.8036193641,31542.132779,513.390190548,0.896254033925,1.0,1930.52417892,0.413383463107,0.444646601972,0.0244566696781,0.14482388357,0.517592363752,1.0,1.0,0.899391512738,16.5935067544,0.483347450265,1953.64674774,117922.44614,7208489.17557,3.21947159239,0.000892081487273,464.496899705,9.5366319867e-05,Class 4
0.767212378999,28.2921455564,34987.9511654,848.323668241,0.970590285284,1.0,3350.29419049,0.19815100905,0.207013391089,0.0284875883978,0.0576705041764,0.667632164291,1.0,1.0,0.971479691979,27.4216255104,0.869848405873,3365.1379176,207554.681821,12828393.4717,0.912649856659,-0.00109406220137,835.924318044,2.70342680962e-05,Class 4
0.479561404539,36.9214012684,24711.9624446,392.415924764,0.961620165002,1.0,1518.10570421,0.3527068849,0.364272387111,0.0279644566574,0.070741866003,0.760231065883,1.0,1.0,0.962780845496,12.6838502302,0.571633654765,1532.70897097,93792.0705304,5773979.08377,1.19101294414,0.000269307618799,374.738656502,3.52798644551e-05,Class 4
0.816992794107,3.04512857267,35024.6024396,863.609221529,0.996834585683,1.0,3440.3409026,0.148723176178,0.149637755816,0.0300760207825,0.00929294476145,0.941826897075,1.0,1.0,0.996930313939,27.9029287204,0.898510120754,3449.94620682,213587.000644,13226136.1495,0.0982299539571,0.0116812179654,863.468226045,2.90974122329e-06,Class 4
0.530198989664,12.6887314308,20805.3067286,338.631648108,0.986810050488,1.0,1330.77894061,0.30824824478,0.312222254153,0.0294591038926,0.0305099929309,0.89281951946,1.0,1.0,0.98720894009,10.9424566719,0.640415689341,1341.44418796,82693.7781096,5109725.6251,0.409313917123,0.00318119624707,332.871791113,1.21245865435e-05,Class 4
0.921315837301,0.933992485449,1380.83641026,38.9402388035,0.99902911384,1.0,154.357652272,0.076284265938,0.0765669444816,0.0302127530085,0.00334960550793,0.961869352672,1.0,1.0,0.999058475317,1.25539429676,0.959017461559,154.424957989,9535.6264377,589720.728116,0.0301287898532,0.00324852315177,38.4502269568,8.92466893367e-07,Class 4
0.51072295737,35.9373175658,19595.3674516,332.915057387,0.962643121033,1.0,1284.12471313,0.337628396138,0.348885610236,0.0280236056481,0.0693036274168,0.755833297651,1.0,1.0,0.963772865357,10.7619532404,0.634142342108,1295.85830218,79152.5008018,4868180.73063,1.15926830857,-0.00109406220137,315.651891669,3.43395334155e-05,Class 4
0.479148378329,31.7578316393,26209.2190685,408.210753488,0.966987700999,1.0,1585.53479756,0.349125365306,0.359072866624,0.0282762768822,0.063050057723,0.787743661058,1.0,1.0,0.967986056815,13.1902495439,0.557984753714,1600.53945567,98152.750345,6049000.92722,1.02444618191,0.00440991225784,393.018820042,3.03458687139e-05,Class 4
0.480203035762,41.5026604987,23500.3885321,380.171443602,0.95685794127,1.0,1464.37322992,0.355461178044,0.368461351227,0.0276908225736,0.0772798545124,0.73653877854,1.0,1.0,0.958162640626,12.2839957432,0.582148596994,1478.64571897,90302.0783572,5553441.6785,1.33879549996,0.00434258535314,360.05253779,3.96574394963e-05,Class 4
0.451094438641,49.6320476066,31500.3401245,485.356087978,0.94840743492,1.0,1872.33397147,0.373756293591,0.389303359968,0.0272122552421,0.0883069619334,0.706625754092,1.0,1.0,0.949967693945,15.6877410738,0.480233037964,1891.72981652,115636.506414,7114827.63039,1.60103379376,0.000504951785249,461.503949483,4.74253915626e-05,Class 4
0.438405330895,107.036582399,18689.3185242,348.502634963,0.888735361331,1.0,1271.55512046,0.400671508714,0.434200293847,0.0240875111842,0.151738904004,0.474317669799,1.0,1.0,0.892100219355,11.2619396664,0.581021414299,1286.63235757,76385.8829617,4628909.37569,3.45279298063,0.00276040309269,295.601838459,0.00010227770315,Class 4
0.412465384497,94.8727651811,31229.3086705,505.301146984,0.901379661974,1.0,1903.69433983,0.410575288984,0.440293859065,0.0247123913945,0.139959186502,0.534325944801,1.0,1.0,0.904362131874,16.3324298497,0.477491095474,1926.26933497,116378.995719,7117601.66335,3.06041178004,0.000504951785249,458.86894275,9.06546929718e-05,Class 4
0.531699928074,32.0802938494,17575.8844338,307.927234259,0.966652501196,1.0,1189.6168772,0.325087326146,0.335136160722,0.0282566982261,0.0635413026479,0.770785237603,1.0,1.0,0.967660994103,9.95594920076,0.662149248545,1199.972326,73332.6424621,4511397.48115,1.03484818869,-0.00277723481887,292.594278299,3.06539941553e-05,Class 4
0.519870973419,42.342731952,37895.2042105,648.414834435,0.955984686121,1.0,2528.24346679,0.337381048805,0.350644740111,0.0276409541525,0.0784520296273,0.718068248516,1.0,1.0,0.957315794403,20.957704044,0.654024411433,2551.17704974,156706.118214,9665539.45728,1.3658945791,0.00112772565372,628.517459387,4.04601611155e-05,Class 4
0.422743186897,81.5777213101,30946.3617683,493.44096569,0.915199873898,1.0,1871.03571958,0.401457930289,0.427011803696,0.0254182917071,0.126183850607,0.580630112474,1.0,1.0,0.917764393841,15.952167492,0.472141864304,1892.50691207,114698.31716,7026204.05077,2.6315393971,-0.00259208583094,453.728331596,7.79507508249e-05,Class 4
0.582513612804,16.1575482148,14572.2456118,266.306204646,0.983204211835,1.0,1040.60160649,0.28765943902,0.292718502,0.0292402762704,0.0370727599675,0.858950448474,1.0,1.0,0.983712148977,8.60139920511,0.714128876727,1048.26950967,64428.1534648,3975085.08873,0.521211232734,0.00644655112501,258.564601251,1.54391786704e-05,Class 4
0.768679685244,9.13642928503,35746.238412,836.963389214,0.990502672261,1.0,3326.3588104,0.184170371171,0.187028538002,0.0296848860348,0.0233323139557,0.87014540598,1.0,1.0,0.990789889834,27.0596424073,0.86813808531,3339.49822486,206558.053264,12784962.3159,0.294723525324,-0.00631189731561,834.280699983,8.73022083959e-06,Class 4
0.523342782712,36.8994863609,38040.0022075,646.02155233,0.961642945571,1.0,2524.72376629,0.332338817902,0.343897455547,0.0279657724402,0.0707099727478,0.746298480733,1.0,1.0,0.962802937136,20.8812206802,0.654389279819,2547.15547907,156625.09179,9665720.26716,1.19030601164,0.000252475892625,628.868097906,3.52589238911e-05,Class 4
0.453172669342,47.6210939536,30395.8020843,468.578118128,0.950497823333,1.0,1807.29095753,0.37163158258,0.38654793899,0.0273298050122,0.0856424381957,0.715423854438,1.0,1.0,0.951994864966,15.1393466032,0.486857136652,1825.87695445,111619.828679,6867965.51481,1.53616432108,0.00658120493441,445.509197724,4.55038455252e-05,Class 4
0.457670285126,46.5472634871,33786.9199784,521.090768392,0.951614071219,1.0,2017.4139518,0.36893371842,0.383514475664,0.0273927996698,0.0842031694953,0.719039520512,1.0,1.0,0.953077355356,16.8442153158,0.519143645209,2037.92828809,124786.925991,7684528.32579,1.50152462862,-0.000908913213448,498.897043046,4.44777578902e-05,Class 4
0.903621195616,4.44455195031,33294.276829,912.799604641,0.995379883628,1.0,3643.19034005,0.0935997415795,0.09499184949,0.029985716621,0.0128026407701,0.868327795949,1.0,1.0,0.995519604889,29.5054268743,0.949475501694,3646.85592999,225739.901946,13977519.745,0.143372643558,-0.000824754582573,912.445957128,4.24694580877e-06,Class 4
0.598227553176,44.6730171141,37413.9628364,735.722765436,0.953562352272,1.0,2875.15477807,0.299862705834,0.313855957552,0.0275031234662,0.0816627461919,0.669082906603,1.0,1.0,0.954966716619,23.7762607506,0.743733168274,2897.64315702,178093.437199,10987990.639,1.4410650682,0.00464555642429,714.727574711,4.26868410852e-05,Class 4
0.551891919123,24.7774118235,16390.2752573,291.491905755,0.974243854653,1.0,1131.34677537,0.309956066335,0.317716642369,0.0287035508498,0.0520123120032,0.808746508846,1.0,1.0,0.975022770339,9.41696366519,0.683335505169,1140.57574799,69879.2391838,4304478.02307,0.799271349144,0.00496535922161,279.537167709,2.36758005019e-05,Class 4
0.392697682039,120.876368256,26136.0852085,444.621343426,0.874348889546,1.0,1636.66462188,0.42613241577,0.463996505916,0.0234008884803,0.164288739541,0.452702756362,1.0,1.0,0.878148822322,14.3697832508,0.473567674398,1657.38821528,98922.2947904,6011538.62918,3.89923768569,0.00178416297455,385.025096647,0.000115502167887,Class 4
0.492915134597,59.1128540092,37204.2912994,632.086776626,0.93855212681,1.0,2445.36314885,0.358974827499,0.377491675682,0.0266654305358,0.100368594428,0.645318221966,1.0,1.0,0.940410429426,20.4329581487,0.628371774824,2469.46962315,151127.582861,9304000.11665,1.90686625836,-0.00190198505777,603.865275606,5.64846784076e-05,Class 4
0.509506025444,40.1658511424,19086.6060343,328.700256395,0.958247555985,1.0,1262.38688751,0.340963317013,0.353544735485,0.0277703753505,0.075397943025,0.733544628875,1.0,1.0,0.959510230703,10.6203310963,0.636510728868,1274.10402828,77674.5383814,4772600.34132,1.2956726175,0.00429209017462,309.147338415,3.83800650936e-05,Class 4
0.457730906502,107.469662714,16094.1151696,317.519109015,0.888285173894,1.0,1149.37503345,0.390896540612,0.424561043024,0.0240656321642,0.152144908675,0.460392215429,1.0,1.0,0.891663646458,10.2640371167,0.612986491182,1162.70883672,68696.9907386,4152264.93613,3.46676331335,-0.000824754582573,264.45031926,0.000102691528581,Class 4
0.408555139196,105.375223699,25224.7735626,426.391574075,0.890462345427,1.0,1580.18397728,0.415170735993,0.448178872012,0.0241716777535,0.150173117136,0.497784579446,1.0,1.0,0.89377497611,13.7763302493,0.50077643124,1599.44955091,95812.3119676,5833720.74955,3.39920076449,0.00599209451829,374.37862588,0.000100690208966,Class 4
0.420519246102,87.1159315003,27136.7386497,442.73525383,0.909442898648,1.0,1664.19876346,0.404373110214,0.431661849605,0.0251213331725,0.13204384395,0.55991643234,1.0,1.0,0.912181520665,14.3088355703,0.493098992268,1683.60637658,101588.535164,6208926.83519,2.81019133872,0.00176733124837,400.01593693,8.32427304932e-05,Class 4
0.425447672467,94.2518428025,34045.2504527,559.307255271,0.902025111432,1.0,2119.20168771,0.404109129004,0.433632836341,0.0247448266819,0.139337605038,0.529925143322,1.0,1.0,0.904988061691,18.0848650204,0.534344322822,2143.75410972,129868.643625,7953709.83422,3.04038202589,-0.00627823386326,513.504894232,9.00613769925e-05,Class 4
0.714205825133,8.82335917818,7165.97341337,159.178190206,0.990828108962,1.0,624.379560087,0.213823329944,0.216585975538,0.0297048664752,0.0226724895833,0.890291893551,1.0,1.0,0.991105484699,5.14157056294,0.829552167492,627.449904236,38590.05521,2381743.4914,0.284624489619,0.00355149422292,154.977007862,8.43106992561e-06,Class 4
0.602795247189,28.0813450178,11754.1222308,234.009393783,0.970809412663,1.0,900.8935388,0.287812865625,0.296609035856,0.028500493881,0.0573371386354,0.770773667957,1.0,1.0,0.971692192522,7.5612658544,0.741477716966,907.629210714,55349.0895961,3401360.96948,0.905849839284,0.00264258100947,220.358568977,2.68328398141e-05,Class 4
0.467770282016,32.1710841803,31174.2935607,471.883721871,0.966558124553,1.0,1837.77721201,0.354575113794,0.364652574664,0.0282511883281,0.0636793402903,0.788430709771,1.0,1.0,0.967569471592,15.2536845192,0.49120732343,1855.47628132,113930.156932,7025819.30818,1.03777690904,-0.000908913213448,456.778678004,3.07407479204e-05,Class 4
0.501020186734,17.2960798367,24876.9315959,386.617058462,0.98202070703,1.0,1516.84550349,0.3264383512,0.331854341752,0.0291688078851,0.0391481434938,0.86695033391,1.0,1.0,0.982564435649,12.5029091738,0.587681348276,1529.94283668,94226.6734731,5819643.39532,0.557938059248,-0.00622773868474,378.942144471,1.65270908276e-05,Class 4
0.456100100896,44.5947495874,32125.2145465,492.327641682,0.953643711448,1.0,1905.03190915,0.368456719175,0.382425723238,0.0275077408711,0.0815558589424,0.72897008126,1.0,1.0,0.955045615335,15.9108119408,0.490049735036,1924.37213433,117813.818292,7254496.50788,1.43854030927,0.00277723481887,470.93779537,4.26120533567e-05,Class 4
0.817629489688,1.87528994006,35059.854919,862.836455941,0.998050634158,1.0,3440.37987453,0.146547333308,0.147132576004,0.0301517133513,0.00613425766393,0.960160856299,1.0,1.0,0.998109586754,27.8918029494,0.898759881852,3449.73923129,213610.299778,13228696.6686,0.0604932238728,-0.00217129267657,863.70824646,1.79191397473e-06,Class 4
0.439942233052,76.916107419,24074.8665461,400.560165871,0.920045626384,1.0,1508.27957104,0.391601535613,0.415695228743,0.0256714650185,0.12110784906,0.591390829578,1.0,1.0,0.922463601392,12.9461390192,0.542363825906,1525.17250246,92090.4460086,5630381.80276,2.48116475545,0.00122871601077,362.872255886,7.34963937158e-05,Class 4
0.456415637247,45.4212546694,32914.3073937,505.274068944,0.952784558556,1.0,1955.98735553,0.36882364919,0.383051656543,0.0274590229278,0.0826813232388,0.724873756263,1.0,1.0,0.95421244489,16.3336249023,0.503258839371,1975.86873324,120977.873846,7449680.72151,1.46520176353,-0.00156535053427,483.631744636,4.34018117696e-05,Class 4
0.608318884252,14.5504549996,12685.8537607,241.099674276,0.984874786903,1.0,944.808405422,0.273637755857,0.27818708353,0.0293414560187,0.0340798116287,0.865477497783,1.0,1.0,0.985332202621,7.80505657632,0.740653505343,951.32920257,58473.5259756,3607805.44319,0.469369516115,-0.0119673573104,234.681526366,1.3903537312e-05,Class 4
0.491903944693,62.8237783425,37138.2604559,635.713150991,0.934694617108,1.0,2455.40979073,0.361080924134,0.380760221563,0.0264547084279,0.104883566581,0.628351042721,1.0,1.0,0.936669578284,20.5466059639,0.630107071497,2479.82261594,151654.247451,9333075.73261,2.02657349492,0.00166634089132,605.532895708,6.00306139079e-05,Class 4
0.469842966055,34.2644796282,28360.8664989,435.450219746,0.964382037809,1.0,1691.14950903,0.35521991908,0.365953149883,0.0281244534516,0.0668295567223,0.77686246196,1.0,1.0,0.965459193923,14.0748914082,0.528143732082,1707.50723839,104700.681542,6452169.06709,1.10530579446,0.00023564416645,419.189393841,3.27410703652e-05,Class 4
0.453172669342,47.6210939536,30395.8020843,468.578118128,0.950497823333,1.0,1807.29095753,0.37163158258,0.38654793899,0.0273298050122,0.0856424381957,0.715423854438,1.0,1.0,0.951994864966,15.1393466032,0.486857136652,1825.87695445,111619.828679,6867965.51481,1.53616432108,0.00658120493441,445.509197724,4.55038455252e-05,Class 4
0.700549755628,9.48289353662,37104.5945407,790.75992215,0.990142522311,1.0,3136.44531885,0.221776513324,0.22474239663,0.0296627898118,0.0240568196783,0.887400903289,1.0,1.0,0.990440631516,25.5527989532,0.819349969594,3152.67988317,194976.28337,12067285.5014,0.305899791504,0.00708615671966,787.39532078,9.06128118439e-06,Class 4
0.762514477293,33.9127975415,34855.2963678,848.938131444,0.964747611703,1.0,3346.0289481,0.203279397027,0.2139022013,0.028145702952,0.0663046207165,0.619575400265,1.0,1.0,0.965813712156,27.4371780254,0.867425723221,3361.44188935,207152.221563,12798097.2471,1.09396121102,0.00321485969942,833.596120016,3.24050241718e-05,Class 4
0.710121989016,2.73831986795,7770.59305431,166.946463149,0.997153513651,1.0,660.474628396,0.207791429682,0.208603066748,0.0300958544376,0.00848826260118,0.960868800492,1.0,1.0,0.997239596907,5.3842335592,0.8248903223,663.564489334,41014.779809,2537737.29593,0.0883328989662,0.0119841890366,165.542080401,2.61657332759e-06,Class 4
0.494981756366,52.6427384676,19071.47588,332.785915968,0.945277818641,1.0,1266.44067538,0.354887819186,0.371377804622,0.0270372892591,0.0922239922183,0.675580549698,1.0,1.0,0.946932723319,10.7599334332,0.625515810963,1278.90293015,77586.5475602,4755232.49673,1.69815285379,-0.00324852315177,307.236567197,5.03022261854e-05,Class 4
0.53715297087,19.0617952393,18840.815719,318.118991735,0.980185244034,1.0,1243.57741717,0.311764814533,0.317735543172,0.0290583167023,0.0422992960742,0.84871787376,1.0,1.0,0.980784480606,10.2852282599,0.658300755799,1253.73910818,77064.7712505,4754991.46752,0.614896620624,-0.00262574928329,309.311178438,1.82143019824e-05,Class 4
0.499967563012,9.54237685692,27313.5019517,412.775486067,0.990080689338,1.0,1626.55091556,0.31790903831,0.320884995614,0.0296589978173,0.0241806206782,0.918854132123,1.0,1.0,0.990380668491,13.3301885153,0.565029102598,1640.07235817,101287.222753,6264362.49697,0.307818608288,0.0120178524889,408.464655547,9.11811985804e-06,Class 4
0.438405330895,107.036582399,18689.3185242,348.502634963,0.888735361331,1.0,1271.55512046,0.400671508714,0.434200293847,0.0240875111842,0.151738904004,0.474317669799,1.0,1.0,0.892100219355,11.2619396664,0.581021414299,1286.63235757,76385.8829617,4628909.37569,3.45279298063,0.00276040309269,295.601838459,0.00010227770315,Class 4
0.419257960179,112.042573408,21057.6464979,378.440532001,0.883531628474,1.0,1384.52127803,0.411264421558,0.446361332079,0.0238361600322,0.156378330284,0.467673543975,1.0,1.0,0.887053857452,12.2299490705,0.547190730606,1401.41753031,83340.8371886,5054900.13395,3.61427656155,0.00244060029537,323.10713448,0.000107061126264,Class 4
0.584862560348,24.8755071236,38340.4064448,704.765276064,0.974141884487,1.0,2772.22408228,0.294235220308,0.302025394249,0.0286975007122,0.0521732293154,0.79846260409,1.0,1.0,0.974923883948,22.7727027409,0.72166080271,2793.25036331,172238.848819,10644282.6378,0.802435713665,0.00755744505256,693.516031405,2.3769534455e-05,Class 4
0.787171505667,16.8348232126,35056.7158523,853.623673738,0.982500183771,1.0,3384.96829775,0.179744146352,0.185017433474,0.029197740938,0.0383116239767,0.76996256627,1.0,1.0,0.983029412084,27.5936289202,0.881358048823,3397.88066191,209936.431718,12986857.1312,0.543058813309,-0.00178416297455,846.985084919,1.60863418143e-05,Class 4
0.486258838924,28.0030774911,36314.55269,561.489120376,0.970890771839,1.0,2197.08559904,0.342929114345,0.351700182067,0.0285052870519,0.0572131770542,0.806569848923,1.0,1.0,0.971771091239,18.1440285379,0.570721483798,2217.32436033,136470.832113,8425913.65253,0.903325080358,0.00508318130484,548.46334593,2.67580520856e-05,Class 4
0.446454008626,56.1042502823,29046.39126,453.942437787,0.941679573511,1.0,1741.10180667,0.379423155913,0.396997611357,0.0268376400451,0.0966260348449,0.678483830838,1.0,1.0,0.943443296086,14.672013726,0.497518677786,1759.56135456,107250.485108,6589236.19332,1.80981452524,0.000841586308748,426.780300365,5.36098381243e-05,Class 4
0.428200064296,89.5870982104,34053.6391638,556.04643444,0.906874118284,1.0,2110.41955359,0.401438706188,0.429501560706,0.0249901688186,0.134601512683,0.546413462844,1.0,1.0,0.909690425191,17.9734389931,0.533176961168,2134.62988344,129447.534978,7932083.17786,2.88990639388,-0.000252475892624,512.383059682,8.56040283742e-05,Class 4
0.446454008626,56.1042502823,29046.39126,453.942437787,0.941679573511,1.0,1741.10180667,0.379423155913,0.396997611357,0.0268376400451,0.0966260348449,0.678483830838,1.0,1.0,0.943443296086,14.672013726,0.497518677786,1759.56135456,107250.485108,6589236.19332,1.80981452524,0.000841586308748,426.780300365,5.36098381243e-05,Class 4
0.574536365133,2.57552341239,39154.8106797,668.070366711,0.997322740736,1.0,2651.13049578,0.273727685389,0.274530859747,0.0301063835917,0.0080550630591,0.970302391009,1.0,1.0,0.997403706238,21.5908967509,0.695140517766,2669.30185577,165250.290898,10232729.7591,0.0830814003996,0.00326535487794,668.030037573,2.46101485232e-06,Class 4
0.511976213472,30.3709310659,20344.8430624,339.926186688,0.968429385586,1.0,1316.23126626,0.333039887885,0.342550170549,0.0283606445518,0.0609195905282,0.786678038606,1.0,1.0,0.969384142071,10.9767260664,0.63011032925,1328.0028259,81315.3161005,5007457.11113,0.97970745374,0.0107554730258,325.093042525,2.9020630165e-05,Class 4
0.511976213472,30.3709310659,20344.8430624,339.926186688,0.968429385586,1.0,1316.23126626,0.333039887885,0.342550170549,0.0283606445518,0.0609195905282,0.786678038606,1.0,1.0,0.969384142071,10.9767260664,0.63011032925,1328.0028259,81315.3161005,5007457.11113,0.97970745374,0.0107554730258,325.093042525,2.9020630165e-05,Class 4
0.403907986894,104.107289766,30257.6296933,495.025031,0.891780364068,1.0,1852.41666969,0.417142297018,0.449752940598,0.0242361642759,0.148969187016,0.504877772814,1.0,1.0,0.895053135316,15.9922101685,0.461711623664,1874.93262484,112914.209631,6894180.6645,3.35829966988,0.00856734862306,443.704870341,9.94786477645e-05,Class 4
0.484918294967,24.8222852055,26722.530948,411.703820581,0.974197208726,1.0,1606.25756347,0.340830358946,0.348603377154,0.028700783072,0.0520859454286,0.824909225193,1.0,1.0,0.974977535075,13.2991508123,0.558080314482,1620.95153406,99631.1592974,6147194.71019,0.800718877595,0.00841586308748,399.862532578,2.37186787996e-05,Class 4
0.492698393516,22.9501259665,25285.5730537,393.386568333,0.976143320201,1.0,1538.15759207,0.335658732789,0.342843223284,0.028816488851,0.0489810904893,0.834181179163,1.0,1.0,0.976864792373,12.7264681609,0.57752801668,1551.95421519,95415.4363024,5887871.65251,0.74032664408,-0.0109742854661,383.045450004,2.1929756334e-05,Class 4
0.49993113903,23.1327501955,23727.1496881,376.019130394,0.975953482125,1.0,1466.82470705,0.332560132747,0.339803388729,0.0288051811741,0.0492869861122,0.831550546137,1.0,1.0,0.976680695367,12.1451844974,0.596184084788,1479.83773761,90943.0789078,5610690.57415,0.746217748241,0.00893764659891,364.934344323,2.21042610338e-05,Class 4
0.49993113903,23.1327501955,23727.1496881,376.019130394,0.975953482125,1.0,1466.82470705,0.332560132747,0.339803388729,0.0288051811741,0.0492869861122,0.831550546137,1.0,1.0,0.976680695367,12.1451844974,0.596184084788,1479.83773761,90943.0789078,5610690.57415,0.746217748241,0.00893764659891,364.934344323,2.21042610338e-05,Class 4
0.492372896369,26.3333702545,24510.1313054,386.151524476,0.972626434247,1.0,1503.97096583,0.338772417541,0.347020415555,0.0286077388839,0.0545439463862,0.814553559521,1.0,1.0,0.973454263856,12.4765843541,0.583828511858,1517.64784981,93186.1261771,5746562.08445,0.849463556598,0.00504951785249,373.60742985,2.51625805444e-05,Class 4
0.475650876997,46.2915895665,36356.483935,578.989865587,0.951879844525,1.0,2247.41378702,0.360498746397,0.374999423555,0.0274078214022,0.0838587618922,0.714109166342,1.0,1.0,0.953335091163,18.7142032621,0.579598861958,2269.59497037,139143.689667,8573994.59453,1.49327708279,0.000589110416124,556.994506342,4.42334513105e-05,Class 4
0.880672102544,2.63605029971,33794.507069,899.619889654,0.997259822973,1.0,3589.91293904,0.107652545798,0.108468084612,0.0301024684873,0.00821665379114,0.929423690752,1.0,1.0,0.99734269123,29.0730366606,0.936468378073,3595.1561427,222593.580481,13784371.9388,0.0850338806359,0.00555446963774,899.946111328,2.51885069569e-06,Class 4
0.488926258492,12.2525204153,34078.4548988,506.118695484,0.987263492292,1.0,1994.25846439,0.326181950526,0.33001690855,0.0294867372069,0.0296560975344,0.901338018598,1.0,1.0,0.987648668936,16.3527457432,0.521133046651,2011.40367156,124202.903908,7681113.76999,0.39524259404,0.00661486838676,500.808857832,1.17077696034e-05,Class 4
0.713334873658,9.33679415342,36856.9219437,799.71962883,0.990294392772,1.0,3173.94050548,0.214856226077,0.217780871194,0.0296721055151,0.0237520220238,0.884932415243,1.0,1.0,0.99058790912,25.8503838719,0.82902549735,3189.65211625,197270.764199,12209539.4616,0.301186908175,-0.000892081487273,796.693502954,8.92167742453e-06,Class 4
0.456415637247,45.4212546694,32914.3073937,505.274068944,0.952784558556,1.0,1955.98735553,0.36882364919,0.383051656543,0.0274590229278,0.0826813232388,0.724873756263,1.0,1.0,0.95421244489,16.3336249023,0.503258839371,1975.86873324,120977.873846,7449680.72151,1.46520176353,-0.00156535053427,483.631744636,4.34018117696e-05,Class 4
0.492475078905,29.3565839197,23784.529489,378.967512308,0.969483800499,1.0,1472.06817696,0.341202143926,0.350396393591,0.0284225139607,0.0593427719116,0.797515704463,1.0,1.0,0.970406669436,12.2420679133,0.589820606377,1485.6032266,91108.0187727,5614961.53587,0.946986578056,0.00735546433846,364.825813352,2.80513812037e-05,Class 4
0.476477497988,29.1687418556,27889.0383475,427.42887128,0.96967906252,1.0,1664.76929626,0.348289958498,0.357426947851,0.0284339865413,0.0590489915363,0.802431260154,1.0,1.0,0.970596026355,13.8150263878,0.539177743028,1680.44467989,103181.823198,6362962.22328,0.940927156633,0.000824754582573,413.681447094,2.78718906553e-05,Class 4
0.814794015026,3.28514898792,35058.8336372,862.165753732,0.996585084212,1.0,3435.24719205,0.150381327471,0.15140822343,0.0300605135401,0.00991260254187,0.936219464875,1.0,1.0,0.996688357875,27.8650909999,0.897164668578,3445.0237685,213274.706195,13206564.1447,0.105972547998,0.00286139344974,862.175246503,3.13909025734e-06,Class 4
0.477110493394,24.0771783511,30062.9458746,452.880145469,0.974971748076,1.0,1771.35040199,0.343661200805,0.351203138239,0.0287467763657,0.050858361503,0.830743198247,1.0,1.0,0.975728650856,14.640605725,0.515195248024,1787.70168636,109982.26251,6789027.89023,0.776683172617,-0.0020871340457,441.820188298,2.30066996243e-05,Class 4
0.457670285126,46.5472634871,33786.9199784,521.090768392,0.951614071219,1.0,2017.4139518,0.36893371842,0.383514475664,0.0273927996698,0.0842031694953,0.719039520512,1.0,1.0,0.953077355356,16.8442153158,0.519143645209,2037.92828809,124786.925991,7684528.32579,1.50152462862,-0.000908913213448,498.897043046,4.44777578902e-05,Class 4
0.454962488263,72.2847569716,21923.3480729,373.369648376,0.924859919988,1.0,1405.73754482,0.382685226608,0.405328165736,0.0259259074114,0.115927303042,0.603732973116,1.0,1.0,0.92713230144,12.0673209322,0.573122448093,1421.05011463,85784.351692,5244221.94878,2.33176635392,0.00116138910607,337.944570411,6.90709545283e-05,Class 4
0.573654312202,31.9686321779,13559.9535965,259.152394907,0.96676857362,1.0,995.740981505,0.304872211657,0.314884919554,0.0282634762972,0.0633713674526,0.757162441761,1.0,1.0,0.967773556272,8.36954217705,0.713381765268,1003.76611848,61183.5556445,3759020.0763,1.03124619929,0.00706932499348,243.4714914,3.0547296996e-05,Class 4
0.532866536605,25.3837242637,18407.1866593,315.338285373,0.973613592241,1.0,1225.80484809,0.319383390239,0.327334655046,0.0286661767041,0.0530040597627,0.810029003032,1.0,1.0,0.974411568283,10.1944379289,0.657940231083,1236.18187569,75782.1298956,4669509.16698,0.81882981496,-0.00171683606985,303.335713665,2.42551561053e-05,Class 4
0.456945726405,56.2545239336,25141.6038055,405.032208238,0.941523363894,1.0,1547.80924887,0.374636065514,0.392257583201,0.0268290094607,0.0968147738,0.673798573313,1.0,1.0,0.943291810551,13.0930968204,0.548373295109,1564.02011384,95134.4974771,5838658.66892,1.81466206238,-0.00117822083225,377.758739467,5.3753430563e-05,Class 4
0.507508722089,38.1444618191,19676.0834843,334.632429968,0.960348792288,1.0,1288.63840699,0.340605070677,0.35255364865,0.0278911264967,0.072512221474,0.744956078558,1.0,1.0,0.961547921553,10.8177840761,0.631192989315,1300.56022385,79375.5809324,4879889.49372,1.23046651029,-0.0014138649987,316.27907545,3.64485473591e-05,Class 4
0.495143821829,25.2605833551,24189.1845312,381.8263284,0.973741597344,1.0,1488.79999169,0.336601940865,0.34451466101,0.0286737632957,0.0528031868112,0.820017209875,1.0,1.0,0.974535702263,12.3432770828,0.588686908175,1502.22386189,92263.9241791,5690467.92347,0.814857527582,-0.00144752845105,370.011297889,2.41374900792e-05,Class 4
0.849551694376,1.14374945704,34455.2574593,881.278683756,0.99881107125,1.0,3516.31287207,0.125691484399,0.126038691826,0.0301991406604,0.00399708708367,0.971010065985,1.0,1.0,0.998847026757,28.4819401008,0.918177178351,3523.50024426,218201.463442,13513760.6346,0.0368951437755,0.00380397011554,882.368268395,1.09289800573e-06,Class 4
0.917842168853,3.6128290331,33062.8646577,919.855516853,0.996244460465,1.0,3673.48241572,0.0822285558959,0.0833602579968,0.0300393553725,0.0107458283005,0.875762446734,1.0,1.0,0.996358035249,29.7328066632,0.957243071844,3675.82590179,227559.910796,14091041.0041,0.116542872035,-0.0001346538094,919.910592042,3.4522015473e-06,Class 4
0.44893826586,51.8704988706,31062.2641415,480.057123943,0.946080562505,1.0,1848.73768474,0.376008845783,0.392257004156,0.0270820508963,0.0912273098252,0.696949737038,1.0,1.0,0.947711190655,15.5145257797,0.473480800973,1868.05597262,114101.094171,7017589.86778,1.67324189905,0.00244060029537,455.015049735,4.95643205976e-05,Class 4
0.476135426668,25.4932988011,29754.0286632,449.697434366,0.973499689396,1.0,1756.23337481,0.345352077142,0.353336550146,0.0286594276491,0.0531825694518,0.822940254383,1.0,1.0,0.974301110079,14.5296678177,0.518037094953,1772.55699989,109000.514906,6726868.22093,0.822364477456,0.00597526279211,437.673052949,2.43598589252e-05,Class 4
0.776323089807,3.99268742942,35808.2111978,838.668264238,0.995849597267,1.0,3338.67023094,0.173770564682,0.175021248419,0.0300148462588,0.0116949143519,0.933313350717,1.0,1.0,0.995975113478,27.1086732256,0.872395969073,3350.70953049,207411.266919,12842721.5348,0.128796368691,-0.000235644166449,838.372526279,3.81517132293e-06,Class 4
0.464760964156,36.2754332812,33014.6239052,501.946594477,0.962291649396,1.0,1952.03825558,0.358976754367,0.370339707973,0.028003268202,0.0697991936908,0.767840748735,1.0,1.0,0.963432022902,16.2215929328,0.504403396751,1971.15059841,120968.02073,7457806.52565,1.17017526714,0.00291188862827,484.731664278,3.46626164026e-05,Class 4
0.475024883383,44.7471103727,23823.1574466,384.977795611,0.953485332253,1.0,1480.68426484,0.359867082378,0.373883913539,0.0274987530869,0.0817638729023,0.72196390911,1.0,1.0,0.954892025834,12.4452941751,0.575257362523,1495.36195005,91237.2687899,5608265.93986,1.44345517331,-0.00159901398662,363.430564243,4.27576401349e-05,Class 4
0.506953952577,8.63864781513,25791.8779092,394.089555897,0.991020116616,1.0,1555.14293323,0.313615450359,0.316321374984,0.0297166611575,0.0222808277664,0.924474014284,1.0,1.0,0.99129168567,12.7392266093,0.584562592303,1567.84455134,96841.510985,5989869.46591,0.278666058553,-0.0010099035705,390.596700982,8.25457088636e-06,Class 4
0.470180798312,42.9114759795,25385.4977785,402.695165138,0.955393476113,1.0,1552.42697928,0.360964655567,0.374406528978,0.0276072465278,0.0792411317492,0.732673560893,1.0,1.0,0.95674246373,13.0161421684,0.557797975849,1567.84002361,95783.0591423,5891574.22608,1.38424116063,0.00023564416645,382.044669229,4.10036186092e-05,Class 4
0.859470641632,3.60761119798,34164.1991094,888.515810539,0.99624988441,1.0,3542.41251372,0.122966412231,0.124077028827,0.0300396921722,0.0107326693919,0.918230037286,1.0,1.0,0.996363295163,28.7107000912,0.924274606898,3549.34543134,219726.179773,13605844.2734,0.116374554774,0.00897131005126,888.227897229,3.44721569874e-06,Class 4
0.459137166529,49.3596766137,26558.6195525,419.433559391,0.948690564851,1.0,1611.71111913,0.369906839913,0.38536857291,0.0272281445701,0.087948375942,0.705116167076,1.0,1.0,0.950242261478,13.5563900834,0.537015680653,1628.24750246,99325.4633898,6104822.57268,1.5922476327,0.00102673529667,395.568254279,4.71651302675e-05,Class 4
0.892889019933,2.10278755104,33583.3675371,905.719738779,0.997814150155,1.0,3616.8341805,0.0985395135615,0.0991961949691,0.0301369789679,0.00676950326334,0.936251166521,1.0,1.0,0.997880254485,29.2779629268,0.943356354791,3621.04903089,224213.787331,13885232.8727,0.0678318564851,-0.00220495612892,906.565456954,2.00929697222e-06,Class 4
0.664495881544,26.6547888976,8231.6840299,182.846479641,0.972292319233,1.0,700.024868759,0.255234468886,0.263583895194,0.0285879875779,0.0550615059506,0.754088627791,1.0,1.0,0.973130253127,5.9084408392,0.795536877769,704.518671203,42812.9625626,2626267.24744,0.859831899922,0.00171683606985,169.834271566,2.54697088161e-05,Class 4
0.899342572922,0.593789636,33519.2317143,908.477532954,0.999382755056,1.0,3629.65702801,0.0916191964334,0.0917994853843,0.0302348434091,0.00225111833357,0.978263546346,1.0,1.0,0.999401421738,29.3629294805,0.946882329945,3633.07263983,225005.090585,13935685.6115,0.0191545043871,0.00196931196247,909.953919077,5.67389566845e-07,Class 4
0.51072295737,35.9373175658,19595.3674516,332.915057387,0.962643121033,1.0,1284.12471313,0.337628396138,0.348885610236,0.0280236056481,0.0693036274168,0.755833297651,1.0,1.0,0.963772865357,10.7619532404,0.634142342108,1295.85830218,79152.5008018,4868180.73063,1.15926830857,-0.00109406220137,315.651891669,3.43395334155e-05,Class 4
0.767212378999,28.2921455564,34987.9511654,848.323668241,0.970590285284,1.0,3350.29419049,0.19815100905,0.207013391089,0.0284875883978,0.0576705041764,0.667632164291,1.0,1.0,0.971479691979,27.4216255104,0.869848405873,3365.1379176,207554.681821,12828393.4717,0.912649856659,-0.00109406220137,835.924318044,2.70342680962e-05,Class 4
0.844423207294,14.8750043437,34015.4493678,886.229799129,0.984537417522,1.0,3520.94269679,0.142327919242,0.146987460738,0.0293209947957,0.0346905245205,0.74059210802,1.0,1.0,0.985005035944,28.6460157675,0.916325688472,3530.07335314,218184.63416,13499602.1869,0.479838849796,-0.000235644166449,880.588986621,1.42136570928e-05,Class 4
0.49417099526,19.6242778647,25828.2153996,398.762600634,0.97960054276,1.0,1561.76293525,0.331854067406,0.338001265251,0.0290232074872,0.0432869379324,0.853642309563,1.0,1.0,0.98021746183,12.8902240248,0.573975979498,1575.54485146,96979.2681756,5987908.33658,0.63304122144,-0.000959408391973,389.784805838,1.87517764578e-05,Class 4
0.627720416811,16.0406687082,38139.0102353,736.953774769,0.983325708204,1.0,2912.65361799,0.265589304771,0.270613894181,0.0292476230101,0.0368576596687,0.848600301616,1.0,1.0,0.98382997106,23.8220262141,0.76010663713,2931.93898153,181101.658944,11201661.9701,0.517440926071,-0.00132970636782,730.462478282,1.53274956625e-05,Class 4
0.87716280248,1.1646207975,33918.4441925,897.05684907,0.99878937547,1.0,3580.31597018,0.107825751751,0.108071781583,0.0301977865237,0.00406050320563,0.970045912179,1.0,1.0,0.998825987099,28.9836265311,0.934349752411,3585.56306868,222044.839146,13751789.7807,0.0375684128225,0.012118842846,897.910112067,1.1128414e-06,Class 4
0.539872014817,13.384790635,19387.5642421,322.544168265,0.986086496221,1.0,1266.67993021,0.304631819709,0.308824514087,0.0294150629219,0.0318584163335,0.886399131335,1.0,1.0,0.986507267505,10.4247969334,0.656752236991,1276.68773612,78661.4305013,4859307.22016,0.43176743984,0.000841586308748,316.476309617,1.27896987423e-05,Class 4
0.506719238747,21.3545119885,22861.7170885,365.17437558,0.97780196259,1.0,1426.83326876,0.32785663149,0.334545840685,0.0289154776621,0.0462792232114,0.840634045003,1.0,1.0,0.978473274205,11.8028945139,0.60815089914,1439.25759036,88484.546468,5460113.79307,0.688855225437,0.000690100773173,355.212473938,2.04050838424e-05,Class 4
