0.615324059311,1152.07142857,499252.83438,3131.80889893,0.928575856877,1.0,11634.6315289,0.299060935271,0.320320090885,0.00671511280293,0.111752065679,0.526948440939,1.0,1.0,0.929129464286,25.2299107143,0.765625,11663.146589,2815979.87805,696639986.851,9.07142857143,-0.566964285714,2628.16294643,4.29232446539e-06,Class 1
0.413713727679,1908.11830357,1399987.85374,6479.60455322,0.881703762953,1.0,24144.3950625,0.414361200793,0.449891772209,0.00612165489975,0.157879634843,0.466235364088,1.0,1.0,0.882620675223,51.4520089286,0.535714285714,24226.2867257,5910826.85986,1470492983.49,15.0245535714,-0.425223214286,5580.34598214,7.1091623958e-06,Class 1
0.54443359375,1116.06919643,797412.238558,4247.74078369,0.93080786135,1.0,16047.5403853,0.336302439337,0.356991699038,0.00674508542431,0.109249113478,0.586080278383,1.0,1.0,0.931344168527,33.8761160714,0.698660714286,16090.8807547,3945126.33544,984006009.816,8.78794642857,-0.425223214286,3744.23214286,4.15818932585e-06,Class 1
0.455994897959,1728.10714286,1084610.21841,5471.66607666,0.892863785316,1.0,20094.0191456,0.390953912645,0.423207126466,0.00625672632334,0.147877174879,0.478722414583,1.0,1.0,0.893694196429,43.0892857143,0.607142857143,20158.5571638,4900542.89738,1216798971.22,13.6071428571,0.0,4608.28571429,6.43848669809e-06,Class 1
0.615324059311,1152.07142857,499252.83438,3131.80889893,0.928575856877,1.0,11634.6315289,0.299060935271,0.320320090885,0.00671511280293,0.111752065679,0.526948440939,1.0,1.0,0.929129464286,25.2299107143,0.765625,11663.146589,2815979.87805,696639986.851,9.07142857143,-0.566964285714,2628.16294643,4.29232446539e-06,Class 1
0.54443359375,1116.06919643,797412.238558,4247.74078369,0.93080786135,1.0,16047.5403853,0.336302439337,0.356991699038,0.00674508542431,0.109249113478,0.586080278383,1.0,1.0,0.931344168527,33.8761160714,0.698660714286,16090.8807547,3945126.33544,984006009.816,8.78794642857,-0.425223214286,3744.23214286,4.15818932585e-06,Class 1
0.532216597577,1692.10491071,655869.628598,4031.75396729,0.895095789788,1.0,14320.7155078,0.350366290507,0.381937248751,0.00628420771385,0.145810396267,0.433604027288,1.0,1.0,0.89590890067,31.6082589286,0.698660714286,14362.915353,3433111.58714,844674812.733,13.3236607143,0.141741071429,3168.19642857,6.30435155854e-06,Class 1
0.624930245536,1476.09151786,2290130.26257,13247.1914673,0.908487816624,1.0,51467.5175315,0.296202157512,0.323739954438,0.00645236579739,0.132909570516,0.406998146839,1.0,1.0,0.909197126116,104.463169643,0.776785714286,51584.6699568,12914282.6526,3256226914.29,11.6227678571,-0.141741071429,12528.7767857,5.49954072128e-06,Class 1
0.413713727679,1908.11830357,1399987.85374,6479.60455322,0.881703762953,1.0,24144.3950625,0.414361200793,0.449891772209,0.00612165489975,0.157879634843,0.466235364088,1.0,1.0,0.882620675223,51.4520089286,0.535714285714,24226.2867257,5910826.85986,1470492983.49,15.0245535714,-0.425223214286,5580.34598214,7.1091623958e-06,Class 1
0.737035634566,324.020089286,2338314.63715,13787.1585083,0.979911959747,1.0,54955.6001477,0.210683777422,0.216237150901,0.0074438756826,0.0427286680802,0.791538410764,1.0,1.0,0.98006766183,108.998883929,0.848214285714,55040.6007603,13938312.1492,3534889308.45,2.55133928571,-0.425223214286,13680.8482143,1.20721625589e-06,Class 1
0.569754464286,1296.08035714,623358.518135,3599.78033447,0.919647838987,1.0,13642.5040546,0.3260487853,0.349369764206,0.00659677933673,0.121446444727,0.525108524216,1.0,1.0,0.920270647321,29.4821428571,0.727678571429,13679.0058245,3309691.99449,819713287.364,10.2053571429,-1.13392857143,3096.19196429,4.82886502356e-06,Class 1
0.856335698342,540.033482143,2165817.99337,15191.0728149,0.966519932911,1.0,60093.1810751,0.139278396748,0.149325188511,0.00724582282864,0.0636873264829,0.475777492836,1.0,1.0,0.966779436384,119.487723214,0.924107142857,60152.2621722,15209167.3328,3854183873.74,4.25223214286,0.141741071429,14904.9241071,2.01202709315e-06,Class 1
0.577537069515,1260.078125,603201.6756,3599.78033447,0.921879843459,1.0,13319.9540723,0.32127959434,0.344672771598,0.00662612915039,0.119068744163,0.520723637174,1.0,1.0,0.922485351562,28.7734375,0.734375,13355.0300293,3231978.3627,800555704.867,9.921875,-0.425223214286,3024.1875,4.69472988402e-06,Class 1
0.351024394133,3240.20089286,1326467.63018,6911.57818604,0.799119597467,1.0,24024.2933871,0.452114974476,0.512503552459,0.00524310676419,0.217858484114,0.26905007309,1.0,1.0,0.800676618304,53.8616071429,0.475446428571,24118.1294294,5714223.73647,1399081631.07,25.5133928571,0.566964285714,5220.32366071,1.20721625589e-05,Class 1
0.339783960459,3240.20089286,1637441.0525,7775.52545166,0.799119597467,1.0,28327.6372275,0.458327045716,0.518456688133,0.00524310676419,0.217858484114,0.277058852115,1.0,1.0,0.800676618304,62.3660714286,0.408482142857,28437.8657575,6811369.27209,1677739454.21,25.5133928571,-1.13392857143,6300.390625,1.20721625589e-05,Class 1
0.47756895727,1980.12276786,829959.913387,4715.71221924,0.877239754008,1.0,16900.2546236,0.381878702021,0.418826696245,0.00606871624382,0.161732879579,0.40736426697,1.0,1.0,0.878191266741,37.2779017857,0.645089285714,16954.7217146,4054820.64148,997935472.71,15.5915178571,-0.141741071429,3744.23214286,7.37743267489e-06,Class 1
0.413713727679,1908.11830357,1399987.85374,6479.60455322,0.881703762953,1.0,24144.3950625,0.414361200793,0.449891772209,0.00612165489975,0.157879634843,0.466235364088,1.0,1.0,0.882620675223,51.4520089286,0.535714285714,24226.2867257,5910826.85986,1470492983.49,15.0245535714,-0.425223214286,5580.34598214,7.1091623958e-06,Class 1
0.577537069515,1260.078125,603201.6756,3599.78033447,0.921879843459,1.0,13319.9540723,0.32127959434,0.344672771598,0.00662612915039,0.119068744163,0.520723637174,1.0,1.0,0.922485351562,28.7734375,0.734375,13355.0300293,3231978.3627,800555704.867,9.921875,-0.425223214286,3024.1875,4.69472988402e-06,Class 1
0.535226004464,1080.06696429,859346.134695,4427.72979736,0.933039865822,1.0,16872.9374472,0.34025021558,0.360149194148,0.00677521374761,0.106712559928,0.603457522222,1.0,1.0,0.933558872768,35.4352678571,0.6875,16918.834647,4159984.84648,1039157180.16,8.50446428571,-0.566964285714,3960.24553571,4.0240541863e-06,Class 1
0.564044563138,1224.07589286,669545.028762,3779.76934814,0.924111847932,1.0,14288.8241332,0.328029209102,0.35035932242,0.00665563466598,0.11666099524,0.546632607422,1.0,1.0,0.924700055804,30.6160714286,0.720982142857,14326.9751325,3483408.39159,864995469.314,9.63839285714,-0.850446428571,3276.203125,4.56059474448e-06,Class 1
0.580367107781,900.055803571,707615.032138,3779.76934814,0.944199888185,1.0,14686.4898673,0.313100215542,0.328935925161,0.00692819089306,0.0934867737829,0.641754592836,1.0,1.0,0.944632393973,30.7578125,0.729910714286,14722.9908273,3625130.6161,906214891.253,7.08705357143,-0.9921875,3456.21428571,3.35337848859e-06,Class 1
0.479143415179,1620.10044643,968123.252044,5003.69464111,0.899559798734,1.0,18553.1030056,0.377823940149,0.407964315438,0.00633963760065,0.141607262403,0.491676069611,1.0,1.0,0.900338309152,39.8292410714,0.636160714286,18610.6649344,4521115.93058,1122171847.31,12.7566964286,-0.425223214286,4248.26339286,6.03608127946e-06,Class 1
0.443189971301,1836.11383929,1134332.50591,5687.65289307,0.886167771898,1.0,20774.2488399,0.39868427629,0.432943811372,0.0061752163634,0.153943393092,0.463040259475,1.0,1.0,0.887050083705,44.6484375,0.591517857143,20842.5021275,5060540.75705,1255694530.5,14.4575892857,0.141741071429,4752.29464286,6.84089211672e-06,Class 1
0.537896603954,1404.08705357,725791.211089,4067.75177002,0.912951825569,1.0,15183.9494888,0.344458961101,0.370353133049,0.00650966410734,0.128406691121,0.510966110924,1.0,1.0,0.913626534598,32.7421875,0.698660714286,15226.8980539,3689118.96129,914340411.275,11.0558035714,-0.708705357143,3456.21428571,5.2312704422e-06,Class 1
0.462980309311,1152.07142857,1360923.25699,5939.63751221,0.928575856877,1.0,23256.8128019,0.377532637568,0.397494411184,0.00671511280293,0.111752065679,0.625804834891,1.0,1.0,0.929129464286,48.1919642857,0.584821428571,23326.4346749,5778272.82422,1449016109.35,9.07142857143,-1.41741071429,5544.34375,4.29232446539e-06,Class 1
0.503079161352,2124.13169643,650148.728117,4031.75396729,0.868311736117,1.0,14460.7849026,0.368411380226,0.407652455279,0.00596470735511,0.169200639885,0.36017546431,1.0,1.0,0.869332449777,32.7421875,0.676339285714,14506.853411,3414815.70445,833062355.97,16.7254464286,-0.9921875,3096.19196429,7.91397323306e-06,Class 1
0.574457908163,1296.08035714,604340.02024,3599.78033447,0.919647838987,1.0,13355.5260646,0.323436561332,0.347410602386,0.00659677933673,0.121446444727,0.513905849102,1.0,1.0,0.920270647321,28.9151785714,0.732142857143,13391.0234026,3236548.95879,801136099.154,10.2053571429,-0.566964285714,3024.1875,4.82886502356e-06,Class 1
0.49508729273,1080.06696429,1114868.38924,5291.67706299,0.933039865822,1.0,20172.940055,0.360169328747,0.380262912273,0.00677521374761,0.106712559928,0.621405957578,1.0,1.0,0.933558872768,41.9553571429,0.636160714286,20230.6324986,5001129.75712,1252794844.57,8.50446428571,-0.283482142857,4788.296875,4.0240541863e-06,Class 1
0.523626833546,900.055803571,1005153.18094,4859.70343018,0.944199888185,1.0,18704.4141784,0.341549276306,0.358172910638,0.00692819089306,0.0934867737829,0.661429100437,1.0,1.0,0.944632393973,38.6953125,0.667410714286,18754.7447335,4649133.116,1166295526.19,7.08705357143,-0.425223214286,4464.27678571,3.35337848859e-06,Class 1
0.540975765306,1584.09821429,652275.078608,3887.76275635,0.901791803206,1.0,14214.0021947,0.344743391181,0.374132337724,0.00636758609694,0.139470002235,0.458392161834,1.0,1.0,0.902553013393,31.1830357143,0.705357142857,14254.935233,3419399.79888,842933629.871,12.4732142857,-0.566964285714,3168.19642857,5.90194613991e-06,Class 1
0.627162388393,540.033482143,636424.915618,3419.7913208,0.966519932911,1.0,13470.1547792,0.27822203652,0.287477658985,0.00724582282864,0.0636873264829,0.746459229006,1.0,1.0,0.966779436384,27.6395089286,0.765625,13499.1098284,3359995.54812,844679383.751,4.25223214286,-0.708705357143,3240.20089286,2.01202709315e-06,Class 1
0.390515385842,3276.203125,897002.027176,5435.66827393,0.796887592994,1.0,18467.5183758,0.429685843215,0.490827234563,0.00522232055664,0.219190246469,0.233859782101,1.0,1.0,0.798461914062,42.9475446429,0.560267857143,18538.4655762,4292505.13625,1037406855.26,25.796875,-0.141741071429,3816.23660714,1.22062976985e-05,Class 1
0.541723134566,1548.09598214,660840.778732,3851.76495361,0.904023807679,1.0,14321.8992318,0.344054861568,0.372393563089,0.00639569029516,0.137308308659,0.471964858112,1.0,1.0,0.904767717634,31.3247767857,0.705357142857,14362.9330706,3451400.72065,851641829.689,12.1897321429,-0.9921875,3204.19866071,5.76781100037e-06,Class 1
0.627640704719,900.055803571,527652.417777,3131.80889893,0.944199888185,1.0,11959.5936146,0.288044495611,0.304355056618,0.00692819089306,0.0934867737829,0.607794532209,1.0,1.0,0.944632393973,25.3716517857,0.772321428571,11987.1578195,2930271.77687,729731603.26,7.08705357143,-0.708705357143,2772.171875,3.35337848859e-06,Class 1
0.682607222577,1620.10044643,216822.041363,2051.87481689,0.899559798734,1.0,6787.29550709,0.259193418623,0.289333793912,0.00633963760065,0.141607262403,0.285135199301,1.0,1.0,0.900338309152,16.5837053571,0.819196428571,6803.38563756,1522251.46657,360507130.703,12.7566964286,-0.425223214286,1296.08035714,6.03608127946e-06,Class 1
0.631188217474,1440.08928571,379317.522738,2699.83526611,0.910719821096,1.0,9766.83241278,0.2923828381,0.31882263221,0.0064809371014,0.130671437673,0.421134351453,1.0,1.0,0.911411830357,22.1116071429,0.78125,9791.22541155,2303971.87893,561954229.575,11.3392857143,-0.850446428571,2088.12946429,5.36540558174e-06,Class 1
0.577058753189,756.046875,773177.979986,3995.75616455,0.953127906076,1.0,15549.054664,0.310864124175,0.324392297642,0.00705337524414,0.0821724161743,0.687413592413,1.0,1.0,0.953491210938,32.1752232143,0.723214285714,15586.9558105,3862848.85673,968913472.838,5.953125,-0.708705357143,3708.22991071,2.81683793041e-06,Class 1
0.55442841199,2232.13839286,422184.554166,3239.80230713,0.861615722699,1.0,10981.5474981,0.337895208189,0.379430437639,0.00588833555883,0.174601709641,0.282448487479,1.0,1.0,0.862688337054,26.0803571429,0.725446428571,11015.0532575,2514239.54636,602588686.209,17.5758928571,-0.566964285714,2196.13616071,8.3163786517e-06,Class 1
0.569754464286,1296.08035714,623358.518135,3599.78033447,0.919647838987,1.0,13642.5040546,0.3260487853,0.349369764206,0.00659677933673,0.121446444727,0.525108524216,1.0,1.0,0.920270647321,29.4821428571,0.727678571429,13679.0058245,3309691.99449,819713287.364,10.2053571429,-1.13392857143,3096.19196429,4.82886502356e-06,Class 1
0.487972337372,2268.140625,674747.703135,4319.73638916,0.859383718227,1.0,14889.9848027,0.376988738971,0.41931338808,0.00586318969727,0.17636543481,0.335953738025,1.0,1.0,0.860473632812,33.8761160714,0.662946428571,14938.8093262,3506241.1245,853961121.329,17.859375,0.141741071429,3168.19642857,8.45051379124e-06,Class 1
0.509675940689,1656.10267857,775878.090395,4283.73858643,0.897327794261,1.0,16006.5915654,0.362329449198,0.392560967517,0.00631184480628,0.143720572933,0.468448878499,1.0,1.0,0.898123604911,34.8683035714,0.674107142857,16054.8165109,3867399.2053,955557547.705,13.0401785714,-1.13392857143,3600.22321429,6.170216419e-06,Class 1
0.612693319515,1152.07142857,508095.495296,3131.80889893,0.928575856877,1.0,11778.1499834,0.30055284695,0.321506457013,0.00671511280293,0.111752065679,0.533671000573,1.0,1.0,0.929129464286,25.5133928571,0.763392857143,11807.1377999,2852551.39591,705928580.956,9.07142857143,-0.850446428571,2664.16517857,4.29232446539e-06,Class 1
0.440997688138,3060.18973214,659539.890372,4571.7210083,0.81027961983,1.0,15099.5290734,0.401359171524,0.458468535138,0.00534937333088,0.210995171199,0.226683172926,1.0,1.0,0.811750139509,35.8604910714,0.622767857143,15154.6986956,3460508.16696,829575419.229,24.0959821429,0.141741071429,3024.1875,1.14014868612e-05,Class 1
0.571767378827,1080.06696429,684216.722648,3743.77154541,0.933039865822,1.0,14433.629529,0.321490861821,0.340602468265,0.00677521374761,0.106712559928,0.590421816823,1.0,1.0,0.933558872768,30.6160714286,0.725446428571,14470.9840611,3538269.04296,881251080.375,8.50446428571,-1.13392857143,3348.20758929,4.0240541863e-06,Class 1
0.856335698342,540.033482143,2165817.99337,15191.0728149,0.966519932911,1.0,60093.1810751,0.139278396748,0.149325188511,0.00724582282864,0.0636873264829,0.475777492836,1.0,1.0,0.966779436384,119.487723214,0.924107142857,60152.2621722,15209167.3328,3854183873.74,4.25223214286,0.141741071429,14904.9241071,2.01202709315e-06,Class 1
0.635702327806,1296.08035714,400585.634615,2735.83306885,0.919647838987,1.0,10054.8266036,0.288923532206,0.3126264696,0.00659677933673,0.121446444727,0.464368504175,1.0,1.0,0.920270647321,22.3950892857,0.783482142857,10079.2255511,2395404.04815,587498434.741,10.2053571429,-0.850446428571,2196.13616071,4.82886502356e-06,Class 1
0.90524354273,324.020089286,2140550.42614,15515.0530396,0.979911959747,1.0,61623.2635227,0.0994969082332,0.105490418496,0.0074438756826,0.0427286680802,0.53899031656,1.0,1.0,0.98006766183,122.0390625,0.950892857143,61664.1964634,15620601.9705,3962164637.28,2.55133928571,0.141741071429,15336.9508929,1.20721625589e-06,Class 1
0.484524473852,2232.13839286,703707.306321,4283.73858643,0.861615722699,1.0,15284.6694711,0.378959830597,0.420338349999,0.00588833555883,0.174601709641,0.350719738606,1.0,1.0,0.862688337054,34.5848214286,0.658482142857,15334.7895857,3611385.08198,881246509.357,17.5758928571,-0.850446428571,3276.203125,8.3163786517e-06,Class 1
0.548459422832,1692.10491071,588270.044281,3671.77593994,0.895095789788,1.0,13316.4899161,0.341403284278,0.372726246524,0.00628420771385,0.145810396267,0.424937828569,1.0,1.0,0.89590890067,29.6238839286,0.714285714286,13354.9768764,3177110.96216,779654653.999,13.3236607143,-0.708705357143,2916.18080357,6.30435155854e-06,Class 1
0.637794961735,648.040178571,565265.142571,3167.80670166,0.959823919493,1.0,12428.339576,0.276284224086,0.287390971043,0.00714889837771,0.0731835028573,0.701213566795,1.0,1.0,0.960135323661,25.796875,0.776785714286,12455.1602609,3081135.19355,772111813.774,5.10267857143,-0.850446428571,2952.18303571,2.41443251178e-06,Class 1
0.484325175383,1764.109375,875260.202545,4931.69903564,0.890631780843,1.0,17404.1943223,0.376736684561,0.409175474415,0.00622940063477,0.149921332524,0.457988770163,1.0,1.0,0.891479492188,37.8448660714,0.647321428571,17458.7175293,4210254.65424,1040896077.51,13.890625,0.9921875,3924.24330357,6.57262183763e-06,Class 2
0.718082350128,1188.07366071,2231663.58506,14219.1321411,0.926343852405,1.0,55373.5740435,0.237386438741,0.259428148648,0.00668529588349,0.11422238866,0.39321530124,1.0,1.0,0.926914760045,111.550223214,0.841517857143,55472.4680873,13938291.9017,3520952989.03,9.35491071429,0.425223214286,13572.8415179,4.42645960493e-06,Class 2
0.411531409439,1584.09821429,1881555.16355,8135.503479,0.901791803206,1.0,30426.1515282,0.41092975283,0.440097384818,0.00636758609694,0.139470002235,0.537864319934,1.0,1.0,0.902553013393,63.2165178571,0.453125,30525.9420689,7551981.31637,1892544763.73,12.4732142857,0.850446428571,7236.44866071,5.90194613991e-06,Class 2
0.528449856505,1116.06919643,882231.039903,4679.7144165,0.93080786135,1.0,17195.3877547,0.344456402282,0.364894000133,0.00674508542431,0.109249113478,0.598178012338,1.0,1.0,0.931344168527,36.1439732143,0.680803571429,17242.8104422,4237698.47827,1058314762.66,8.78794642857,0.708705357143,4032.25,4.15818932585e-06,Class 2
0.49319395727,1296.08035714,1021756.57835,5219.68145752,0.919647838987,1.0,19094.428872,0.365750747341,0.389453684735,0.00659677933673,0.121446444727,0.568632668599,1.0,1.0,0.920270647321,40.2544642857,0.642857142857,19150.6718401,4699409.67294,1172679863.35,10.2053571429,0.850446428571,4464.27678571,4.82886502356e-06,Class 2
0.534548389668,900.055803571,938536.930865,4823.70562744,0.944199888185,1.0,17843.468061,0.336228844177,0.352064553796,0.00692819089306,0.0934867737829,0.663621861595,1.0,1.0,0.944632393973,36.9944196429,0.680803571429,17890.7974679,4429704.00888,1110563961.56,7.08705357143,0.9921875,4248.26339286,3.35337848859e-06,Class 2
0.525659677934,1224.07589286,854328.06149,4643.71661377,0.924111847932,1.0,16871.4473856,0.348016356731,0.370346470049,0.00665563466598,0.11666099524,0.570467387371,1.0,1.0,0.924700055804,35.71875,0.680803571429,16918.8169294,4141695.71296,1032190163.2,9.63839285714,0.850446428571,3924.24330357,4.56059474448e-06,Class 2
0.667779416454,1404.08705357,292925.707124,2483.84844971,0.912951825569,1.0,8152.23328984,0.269821269511,0.295715441459,0.00650966410734,0.128406691121,0.387260792924,1.0,1.0,0.913626534598,18.8515625,0.808035714286,8171.32871791,1897114.58645,459199300.134,11.0558035714,0.708705357143,1692.10491071,5.2312704422e-06,Class 2
0.743582589286,936.058035714,2238757.88342,14327.1255493,0.941967883713,1.0,56136.4893774,0.220018474097,0.237414321407,0.00689728406011,0.0962084574065,0.463666546361,1.0,1.0,0.942417689732,112.542410714,0.857142857143,56228.4529506,14162298.3541,3581910387.76,7.37053571429,0.283482142857,13824.8571429,3.48751362813e-06,Class 2
0.547702088648,1908.11830357,2296320.8849,12563.2332153,0.881703762953,1.0,48000.112482,0.342577380626,0.378107952042,0.00612165489975,0.157879634843,0.367280548693,1.0,1.0,0.882620675223,98.5100446429,0.716517857143,48128.8277414,11981698.8236,3012399604.9,15.0245535714,0.425223214286,11556.7165179,7.1091623958e-06,Class 2
0.604103555485,792.049107143,645048.757785,3707.77374268,0.950895901603,1.0,13718.8116286,0.298007652323,0.312435895209,0.00702184560348,0.0850686653467,0.658728754006,1.0,1.0,0.951276506696,28.6316964286,0.75,13751.0634417,3391989.72072,848742143.762,6.23660714286,0.566964285714,3240.20089286,2.95097306996e-06,Class 2
0.462252869898,1224.07589286,1317726.62652,6047.63092041,0.924111847932,1.0,22753.7077661,0.379431119508,0.402220089073,0.00665563466598,0.11666099524,0.598655011443,1.0,1.0,0.924700055804,47.3415178571,0.589285714286,22822.4565778,5641127.94497,1413022521.5,9.63839285714,0.283482142857,5400.33482143,4.56059474448e-06,Class 2
0.436762595663,1224.07589286,1671278.16461,7271.55621338,0.924111847932,1.0,27201.9082831,0.391670793396,0.413595825561,0.00665563466598,0.11666099524,0.614086770971,1.0,1.0,0.924700055804,56.1294642857,0.520089285714,27286.1841169,6774844.99844,1700968938.76,9.63839285714,1.13392857143,6516.40401786,4.56059474448e-06,Class 2
0.60354551977,936.058035714,602255.292431,3563.78253174,0.941967883713,1.0,13143.3791674,0.301721781126,0.319117628437,0.00689728406011,0.0962084574065,0.60447652896,1.0,1.0,0.942417689732,27.78125,0.752232142857,13175.0808803,3227414.51579,804620750.386,7.37053571429,0.283482142857,3060.18973214,3.48751362813e-06,Class 2
0.457639110332,1260.078125,1342285.06544,6191.62213135,0.921879843459,1.0,23076.0703855,0.382470470839,0.40564103502,0.00662612915039,0.119068744163,0.594089430055,1.0,1.0,0.922485351562,48.0502232143,0.582589285714,23146.432373,5718841.57676,1432180104.0,9.921875,0.708705357143,5472.33928571,4.69472988402e-06,Class 2
0.517269212372,1116.06919643,947600.042105,4895.70123291,0.93080786135,1.0,18056.251499,0.350072713373,0.370510311224,0.00674508542431,0.109249113478,0.604049320675,1.0,1.0,0.931344168527,37.8448660714,0.667410714286,18106.7577079,4457127.58539,1114046327.28,8.78794642857,0.708705357143,4248.26339286,4.15818932585e-06,Class 2
0.572694116709,756.046875,793834.13833,4247.74078369,0.953127906076,1.0,15836.0811307,0.313061334807,0.326589508274,0.00705337524414,0.0821724161743,0.689390479528,1.0,1.0,0.953491210938,32.7421875,0.71875,15874.9382324,3935991.89244,987490661.048,5.953125,0.708705357143,3780.234375,2.81683793041e-06,Class 2
0.416643415179,1692.10491071,1539962.13884,6947.57598877,0.895095789788,1.0,25796.7145723,0.410129602721,0.441617995864,0.00628420771385,0.145810396267,0.51095774234,1.0,1.0,0.89590890067,54.2868303571,0.520089285714,25882.212228,6358833.01545,1587762341.13,13.3236607143,0.425223214286,6048.375,6.30435155854e-06,Class 2
0.487972337372,828.051339286,1324531.6034,6047.63092041,0.94866389713,1.0,22651.4298115,0.356562906324,0.370264098792,0.00699047166474,0.0879185597575,0.706347682983,1.0,1.0,0.949061802455,46.3493303571,0.609375,22714.5118931,5663994.42374,1425215372.55,6.52008928571,1.27566964286,5472.33928571,3.0851082095e-06,Class 2
0.520796795281,1512.09375,770705.076677,4427.72979736,0.906255812151,1.0,15864.4274826,0.354833311543,0.382869944467,0.00642395019531,0.135121675094,0.492354272427,1.0,1.0,0.906982421875,34.3013392857,0.683035714286,15910.8430176,3849116.82096,953235970.556,11.90625,0.566964285714,3600.22321429,5.63367586083e-06,Class 2
0.555275430485,468.029017857,1008706.49568,4823.70562744,0.970983941856,1.0,18566.5512869,0.310820151482,0.319216789122,0.00731121763891,0.0570278123123,0.793283571704,1.0,1.0,0.971208844866,37.5613839286,0.689732142857,18610.8066755,4667428.99869,1177907982.95,3.68526785714,0.425223214286,4536.28125,1.74375681407e-06,Class 2
0.63427734375,828.051339286,525564.251538,3239.80230713,0.94866389713,1.0,11888.4326077,0.282864837748,0.298129294552,0.00699047166474,0.0879185597575,0.624520019346,1.0,1.0,0.949061802455,25.0881696429,0.776785714286,11915.1710728,2921130.5847,728570814.685,6.52008928571,0.425223214286,2772.171875,3.0851082095e-06,Class 2
0.476403061224,864.053571429,1419912.2465,6335.61334229,0.946431892658,1.0,23834.7895568,0.363135818195,0.377944814139,0.00695925342793,0.090724011774,0.697321278401,1.0,1.0,0.946847098214,48.7589285714,0.589285714286,23902.434954,5961137.16266,1500104519.68,6.80357142857,1.13392857143,5760.35714286,3.21924334904e-06,Class 2
0.829051737883,612.037946429,128956.937928,1295.92095947,0.962055923966,1.0,4062.3858948,0.159877063062,0.169860560137,0.00718105082609,0.0700786052867,0.535111584383,1.0,1.0,0.962350027902,9.21316964286,0.908482142857,4067.67665318,955416.561937,232792961.401,4.81919642857,0.9921875,864.053571429,2.28029737224e-06,Class 2
0.479183274872,1908.11830357,848552.623719,4859.70343018,0.881703762953,1.0,17116.0277289,0.380589354705,0.415973304144,0.00612165489975,0.157879634843,0.42584672041,1.0,1.0,0.882620675223,37.5613839286,0.645089285714,17170.7173898,4118822.48502,1015351872.35,15.0245535714,0.708705357143,3816.23660714,7.1091623958e-06,Class 2
0.492835220026,900.055803571,1234151.85975,5759.64849854,0.944199888185,1.0,21574.2103863,0.35646490732,0.372300616939,0.00692819089306,0.0934867737829,0.679929277259,1.0,1.0,0.944632393973,44.3649553571,0.622767857143,21634.5689523,5380563.47308,1352067408.29,7.08705357143,0.9921875,5184.32142857,3.35337848859e-06,Class 2
0.699587452168,540.033482143,407358.396179,2735.83306885,0.966519932911,1.0,9737.24334718,0.239515477539,0.246791884167,0.00724582282864,0.0636873264829,0.732328120227,1.0,1.0,0.966779436384,20.2689732143,0.823660714286,9755.33834403,2409136.08392,603175937.023,4.25223214286,1.27566964286,2304.14285714,2.01202709315e-06,Class 2
0.673319913903,684.042410714,443806.158533,2879.82427979,0.957591915021,1.0,10454.0390181,0.258048048886,0.270169605104,0.00711690163126,0.0762322622898,0.661613981151,1.0,1.0,0.95792061942,21.9698660714,0.805803571429,10475.2766811,2573704.53968,642651890.592,5.38616071429,0.708705357143,2448.15178571,2.54856765133e-06,Class 2
0.575633769133,1368.08482143,578330.193023,3671.77593994,0.915183830042,1.0,12996.2129763,0.323651867511,0.348981197463,0.00653854681521,0.126114715055,0.49154391701,1.0,1.0,0.915841238839,28.3482142857,0.734375,13031.0365165,3135975.5974,774431105.414,10.7723214286,0.566964285714,2916.18080357,5.09713530265e-06,Class 2
0.635792012117,756.046875,541305.569937,3383.79351807,0.953127906076,1.0,12104.3729691,0.280410330304,0.292589635664,0.00705337524414,0.0821724161743,0.670684962021,1.0,1.0,0.953491210938,25.3716517857,0.776785714286,12131.166748,2985132.42824,745987214.321,5.953125,1.27566964286,2844.17633929,2.81683793041e-06,Class 2
0.561423788265,864.053571429,808399.269407,4391.73199463,0.946431892658,1.0,16086.0375899,0.321859898654,0.336668894597,0.00695925342793,0.090724011774,0.665622219183,1.0,1.0,0.946847098214,33.4508928571,0.709821428571,16126.9095633,3986275.19855,998520438.015,6.80357142857,1.13392857143,3816.23660714,3.21924334904e-06,Class 2
0.546526227679,684.042410714,962513.804355,4751.71002197,0.957591915021,1.0,18061.3377047,0.323628529827,0.336164866848,0.00711690163126,0.0762322622898,0.720488391858,1.0,1.0,0.95792061942,36.9944196429,0.6875,18106.8108608,4511994.98593,1134947378.15,5.38616071429,0.425223214286,4356.27008929,2.54856765133e-06,Class 2
0.445242745536,1908.11830357,1080331.48568,5579.65948486,0.881703762953,1.0,20128.0741492,0.398354312101,0.433884883517,0.00612165489975,0.157879634843,0.44715144468,1.0,1.0,0.882620675223,43.5145089286,0.598214285714,20194.5328195,4886824.35995,1210412348.55,15.0245535714,0.425223214286,4572.28348214,7.1091623958e-06,Class 2
0.710588727679,1332.08258929,213100.258635,2051.87481689,0.917415834514,1.0,6501.50111145,0.242099265748,0.266632611459,0.00656758522501,0.123794860914,0.351426783508,1.0,1.0,0.91805594308,15.4497767857,0.837053571429,6515.43865095,1485686.69789,355863976.405,10.4888392857,0.708705357143,1296.08035714,4.96300016311e-06,Class 2
0.568907445791,1476.09151786,572273.097923,3707.77374268,0.908487816624,1.0,12959.4839595,0.32844664747,0.355699979624,0.00645236579739,0.132909570516,0.467257417118,1.0,1.0,0.909197126116,28.4899553571,0.729910714286,12995.0254255,3113115.8678,766883694.17,11.6227678571,0.708705357143,2880.17857143,5.49954072128e-06,Class 2
0.587262834821,1620.10044643,467849.474829,3311.7979126,0.899559798734,1.0,11380.0812824,0.318922702522,0.349063077811,0.00633963760065,0.141607262403,0.406251386863,1.0,1.0,0.900338309152,25.6551339286,0.747767857143,11411.1043876,2692540.03789,657742142.06,12.7566964286,0.425223214286,2448.15178571,6.03608127946e-06,Class 2
0.469477439413,612.037946429,1766826.84865,7199.56060791,0.962055923966,1.0,28037.1152658,0.356979570207,0.368374054989,0.00718105082609,0.0700786052867,0.765883206696,1.0,1.0,0.962350027902,56.5546875,0.535714285714,28114.2088797,7062860.04353,1783988176.92,4.81919642857,0.141741071429,6876.42633929,2.28029737224e-06,Class 2
0.463538345026,2052.12723214,886264.957719,5003.69464111,0.872775745062,1.0,17688.4740406,0.389816845259,0.428040969142,0.00601640039561,0.165505739634,0.403307103222,1.0,1.0,0.873761858259,38.9787946429,0.629464285714,17746.6645159,4246819.42292,1045539231.81,16.1584821429,0.425223214286,3924.24330357,7.64570295398e-06,Class 2
0.45849609375,1980.12276786,949091.802158,5147.68585205,0.877239754008,1.0,18477.9576972,0.392026556793,0.428974551017,0.00606871624382,0.161732879579,0.421211514295,1.0,1.0,0.878191266741,40.3962053571,0.620535714286,18538.6250349,4457107.33787,1100110007.86,15.5915178571,0.141741071429,4140.25669643,7.37743267489e-06,Class 2
0.558125398597,1872.11607143,501121.748203,3491.78692627,0.883935767425,1.0,12059.8544232,0.336470851172,0.371411832811,0.00614835778061,0.155922059767,0.363130706099,1.0,1.0,0.884835379464,27.4977678571,0.725446428571,12095.0316336,2834248.76405,689670684.386,14.7410714286,0.0,2556.15848214,6.97502725626e-06,Class 2
0.713917012117,1332.08258929,2216114.30222,14183.1343384,0.917415834514,1.0,55372.2206853,0.239812667937,0.264661418563,0.00656758522501,0.123794860914,0.335918437264,1.0,1.0,0.91805594308,111.833705357,0.839285714286,55472.4503697,13920002.7682,3513985972.08,10.4888392857,-0.141741071429,13536.8392857,4.96300016311e-06,Class 2
0.679398517219,504.03125,472803.450625,2987.81768799,0.968751937384,1.0,10850.3919608,0.249433739946,0.256485322978,0.00727844238281,0.060393337418,0.75364795095,1.0,1.0,0.968994140625,22.3950892857,0.808035714286,10871.2746582,2697137.63067,676904295.575,3.96875,1.13392857143,2592.16071429,1.87789195361e-06,Class 2
0.628956074617,828.051339286,543515.815856,3347.79571533,0.94866389713,1.0,12175.513634,0.285758793858,0.300682376769,0.00699047166474,0.0879185597575,0.633432549579,1.0,1.0,0.949061802455,25.6551339286,0.772321428571,12203.1534947,2994273.62041,747148002.895,6.52008928571,0.708705357143,2844.17633929,3.0851082095e-06,Class 2
0.399254623724,2016.125,1536681.71908,7199.56060791,0.875007749535,1.0,25972.2947118,0.422855588174,0.459614135648,0.00604248046875,0.163629201979,0.455819379932,1.0,1.0,0.8759765625,55.2790178571,0.502232142857,26062.161377,6363396.86236,1583697295.61,15.875,1.41741071429,6012.37276786,7.51156781443e-06,Class 2
0.559809470663,1440.08928571,618506.833974,3815.76715088,0.910719821096,1.0,13641.302536,0.333073944686,0.359903132288,0.0064809371014,0.130671437673,0.480356518558,1.0,1.0,0.911411830357,29.765625,0.720982142857,13678.9881069,3291402.86098,812746270.408,11.3392857143,0.283482142857,3060.18973214,5.36540558174e-06,Class 2
0.797443000638,972.060267857,2172733.17196,14867.0925903,0.93973587924,1.0,58346.2463556,0.182598759558,0.200723236238,0.00686653292909,0.0988905497591,0.334193099389,1.0,1.0,0.940202985491,116.936383929,0.890625,58424.314488,14715441.718,3721819693.62,7.65401785714,0.141741071429,14364.890625,3.62164876767e-06,Class 2
0.536820392219,1260.078125,782077.387566,4355.73419189,0.921879843459,1.0,15902.6463716,0.342867121009,0.366260298267,0.00662612915039,0.119068744163,0.54906565785,1.0,1.0,0.922485351562,33.8761160714,0.694196428571,15946.8718262,3890265.68407,967750398.755,9.921875,0.425223214286,3672.22767857,4.69472988402e-06,Class 2
0.676369180485,1548.09598214,2226889.55892,13895.1519165,0.904023807679,1.0,53995.7796332,0.263870784602,0.292753015455,0.00639569029516,0.137308308659,0.316332499657,1.0,1.0,0.904767717634,109.565848214,0.814732142857,54104.5072893,13545139.6483,3415293802.65,12.1897321429,-0.141741071429,13140.8147321,5.76781100037e-06,Class 2
0.56959502551,2016.125,2265909.83272,12959.2090454,0.875007749535,1.0,49405.4024345,0.329544946094,0.36703509079,0.00604248046875,0.163629201979,0.318970725688,1.0,1.0,0.8759765625,101.486607143,0.736607142857,49532.7287598,12324554.2725,3097738134.71,15.875,0.566964285714,11880.7366071,7.51156781443e-06,Class 2
0.471849091199,1548.09598214,1054293.38262,5507.66387939,0.904023807679,1.0,19629.6885927,0.380721306435,0.408235597139,0.00639569029516,0.137308308659,0.522928043173,1.0,1.0,0.904767717634,41.8136160714,0.622767857143,19690.6078753,4804546.88125,1195319811.57,12.1897321429,1.55915178571,4536.28125,5.76781100037e-06,Class 2
0.428780691964,1548.09598214,1479406.9773,6659.59356689,0.904023807679,1.0,24937.6257098,0.401927474545,0.430809705399,0.00639569029516,0.137308308659,0.536176502376,1.0,1.0,0.904767717634,52.3024553571,0.540178571429,25018.28268,6157693.04184,1538997793.45,12.1897321429,0.141741071429,5868.36383929,5.76781100037e-06,Class 3
0.448889907526,972.060267857,1731419.8997,7271.55621338,0.93973587924,1.0,27815.6548722,0.379229548175,0.397210078965,0.00686653292909,0.0988905497591,0.670561041739,1.0,1.0,0.940202985491,56.8381696429,0.522321428571,27898.1777693,6962279.93297,1752637743.37,7.65401785714,0.425223214286,6732.41741071,3.62164876767e-06,Class 3
0.514200015944,1728.10714286,727159.815549,4283.73858643,0.892863785316,1.0,15360.4482047,0.360441467353,0.392694681174,0.00625672632334,0.147877174879,0.437938297039,1.0,1.0,0.893694196429,33.734375,0.680803571429,15406.8472028,3693682.8082,910275365.755,13.6071428571,0.0,3420.21205357,6.43848669809e-06,Class 3
0.481076610332,972.060267857,1295789.80322,5795.64630127,0.93973587924,1.0,22362.4323055,0.364103198099,0.382083728888,0.00686653292909,0.0988905497591,0.658608100824,1.0,1.0,0.940202985491,46.0658482143,0.607142857143,22426.5117536,5572562.25452,1399671167.39,7.65401785714,-0.425223214286,5364.33258929,3.62164876767e-06,Class 3
0.409199617347,1728.10714286,1650287.68616,7343.55181885,0.892863785316,1.0,27266.9704397,0.414303236915,0.446394695328,0.00625672632334,0.147877174879,0.507262626917,1.0,1.0,0.893694196429,57.2633928571,0.495535714286,27358.1177107,6729118.79007,1681228676.46,13.6071428571,0.566964285714,6408.39732143,6.43848669809e-06,Class 3
0.464594626913,1404.08705357,1185893.07502,5651.65509033,0.912951825569,1.0,21209.2633304,0.38188178314,0.408075089709,0.00650966410734,0.128406691121,0.551445931142,1.0,1.0,0.913626534598,44.6484375,0.604910714286,21274.5289132,5225122.71115,1304461363.68,11.0558035714,-0.141741071429,4968.30803571,5.2312704422e-06,Class 3
0.474659199617,1548.09598214,1032181.648,5291.67706299,0.904023807679,1.0,19342.7909459,0.379157682651,0.407949654634,0.00639569029516,0.137308308659,0.511903705379,1.0,1.0,0.904767717634,41.2466517857,0.627232142857,19402.6254534,4731403.84554,1176742623.36,12.1897321429,0.425223214286,4464.27678571,5.76781100037e-06,Class 3
0.519840162628,1224.07589286,886591.670531,4715.71221924,0.924111847932,1.0,17301.8625216,0.350954803079,0.373572204587,0.00665563466598,0.11666099524,0.570814322803,1.0,1.0,0.924700055804,36.5691964286,0.674107142857,17350.7905622,4251410.26652,1060055945.52,9.63839285714,0.566964285714,4032.25,4.56059474448e-06,Class 3
0.573790258291,1332.08258929,2355358.95913,12419.2420044,0.917415834514,1.0,48439.720839,0.324238803741,0.348982625647,0.00656758522501,0.123794860914,0.50203284299,1.0,1.0,0.91805594308,98.2265625,0.732142857143,48560.8722447,12164569.9112,3068133455.04,10.4888392857,-0.425223214286,11808.7321429,4.96300016311e-06,Class 3
0.488032126913,1476.09151786,2355855.91642,11159.3189087,0.908487816624,1.0,42820.9052881,0.371324301931,0.398767428559,0.00645236579739,0.132909570516,0.52169774806,1.0,1.0,0.909197126116,87.4542410714,0.642857142857,42945.1973005,10719991.5814,2698911267.99,11.6227678571,0.425223214286,10368.6428571,5.49954072128e-06,Class 3
0.400221221301,1944.12053571,1590289.65256,7163.56280518,0.87947175848,1.0,26618.7266855,0.421477754564,0.457762620113,0.00609510772082,0.159816463932,0.465529172674,1.0,1.0,0.880405970982,56.4129464286,0.495535714286,26710.130685,6537113.25946,1628979477.56,15.3080357143,0.0,6192.38392857,7.24329753535e-06,Class 3
0.420768893495,1548.09598214,1613784.69514,7055.56939697,0.904023807679,1.0,26659.4010852,0.405813272047,0.434695502901,0.00639569029516,0.137308308659,0.540271711938,1.0,1.0,0.904767717634,55.7042410714,0.513392857143,26746.1772112,6596551.25608,1650460922.71,12.1897321429,-0.141741071429,6300.390625,5.76781100037e-06,Class 3
0.428840481505,1800.11160714,1293419.65985,6155.62432861,0.888399776371,1.0,22746.9474364,0.405525885788,0.439122983518,0.00620223064812,0.151943275377,0.479266784554,1.0,1.0,0.889264787946,48.4754464286,0.5625,22822.3857073,5567971.41092,1385154453.68,14.1741071429,0.0,5256.32589286,6.70675697717e-06,Class 3
0.420629384566,2268.140625,2219245.84899,10331.3694458,0.859383718227,1.0,39143.2686747,0.413701800992,0.455964874559,0.00586318969727,0.17636543481,0.388619802918,1.0,1.0,0.860473632812,81.7845982143,0.573660714286,39273.3239746,9686827.64181,2423733525.06,17.859375,-0.425223214286,9252.57366071,8.45051379124e-06,Class 3
0.424595424107,1476.09151786,1622378.79906,7235.55841064,0.908487816624,1.0,26732.0797664,0.402776373338,0.429360565718,0.00645236579739,0.132909570516,0.559570603981,1.0,1.0,0.909197126116,55.7042410714,0.515625,26818.1816755,6623981.58177,1658588728.24,11.6227678571,1.27566964286,6336.39285714,5.49954072128e-06,Class 3
0.38479551977,2412.14955357,1425908.51572,6947.57598877,0.850455700337,1.0,24784.6522025,0.433163023598,0.477828002055,0.00576416327029,0.183243577584,0.386021932553,1.0,1.0,0.851614815848,53.7198660714,0.502232142857,24874.1851632,6011386.7229,1487907097.61,18.9933035714,0.9921875,5616.34821429,8.98705434941e-06,Class 3
0.46849091199,1656.10267857,1025334.08753,5255.67926025,0.897327794261,1.0,19305.8229369,0.383713813825,0.414623143737,0.00631184480628,0.143720572933,0.487552299366,1.0,1.0,0.898123604911,41.3883928571,0.622767857143,19366.6143624,4708544.11594,1169195212.12,13.0401785714,0.0,4428.27455357,6.170216419e-06,Class 3
0.423678651148,1584.09821429,1525642.70698,6731.58917236,0.901791803206,1.0,25546.9512087,0.405025946026,0.434414892569,0.00636758609694,0.139470002235,0.531937602471,1.0,1.0,0.902553013393,53.578125,0.529017857143,25630.240897,6308549.70934,1576732564.16,12.4732142857,-0.566964285714,6012.37276786,5.90194613991e-06,Class 3
0.421486367985,1476.09151786,1688166.93643,7235.55841064,0.908487816624,1.0,27593.0709763,0.404183823565,0.431626950193,0.00645236579739,0.132909570516,0.557033360056,1.0,1.0,0.909197126116,57.4051339286,0.502232142857,27682.1289411,6843410.68889,1714320292.87,11.6227678571,-0.425223214286,6552.40625,5.49954072128e-06,Class 3
0.431710379464,2052.12723214,1119892.57964,5687.65289307,0.872775745062,1.0,20700.3859499,0.40654436447,0.444836551874,0.00601640039561,0.165505739634,0.424053836115,1.0,1.0,0.873761858259,44.9319196429,0.582589285714,20770.4799456,5014821.29785,1240599708.01,16.1584821429,-0.141741071429,4680.29017857,7.64570295398e-06,Class 3
0.486178651148,1008.0625,2377292.83036,10403.3650513,0.937503874768,1.0,40778.9987861,0.362661107155,0.381197558499,0.0068359375,0.101534427291,0.647545788984,1.0,1.0,0.93798828125,82.4933035714,0.618303571429,40893.380127,10258287.1359,2589191607.1,7.9375,-0.566964285714,9972.61830357,3.75578390722e-06,Class 3
0.474519690689,2232.13839286,755008.677812,4571.7210083,0.861615722699,1.0,16001.7736031,0.384488410178,0.426148811364,0.00588833555883,0.174601709641,0.354203229231,1.0,1.0,0.862688337054,36.0022321429,0.647321428571,16054.7456403,3794242.67125,927689479.881,17.5758928571,0.0,3456.21428571,8.3163786517e-06,Class 3
0.417829241071,2376.14732143,1075439.65693,5759.64849854,0.852687704809,1.0,20302.9660619,0.415660906704,0.45989149975,0.00578868632414,0.18155010244,0.370012059131,1.0,1.0,0.853829520089,44.7901785714,0.573660714286,20374.4642508,4873099.07335,1199380286.07,18.7098214286,0.566964285714,4500.27901786,8.85291920987e-06,Class 3
0.67385801977,1080.06696429,2296175.41876,13643.1672974,0.933039865822,1.0,53242.0096841,0.264492990668,0.284586574194,0.00677521374761,0.106712559928,0.492242692175,1.0,1.0,0.933558872768,107.15625,0.810267857143,53348.6110142,13412578.8635,3389171488.7,8.50446428571,0.283482142857,13068.8102679,4.0240541863e-06,Class 3
0.377840003189,2340.14508929,1660255.50298,7487.54302979,0.854919709282,1.0,27869.7906056,0.43626982179,0.479759440067,0.00581336507992,0.179839401025,0.402331900847,1.0,1.0,0.85604422433,59.6729910714,0.457589285714,27970.0050572,6806818.92352,1691095379.35,18.4263392857,-0.708705357143,6408.39732143,8.71878407033e-06,Class 3
0.42190489477,1980.12276786,1254104.225,6119.62652588,0.877239754008,1.0,22350.5728592,0.410958824453,0.447906818677,0.00606871624382,0.161732879579,0.445380612416,1.0,1.0,0.878191266741,48.0502232143,0.560267857143,22426.3877302,5444538.31993,1350902048.7,15.5915178571,0.141741071429,5112.31696429,7.37743267489e-06,Class 3
0.930395009566,252.015625,2122497.23054,15731.039856,0.984375968692,1.0,62425.5855561,0.0775439794243,0.0816037478776,0.00751113891602,0.0349541206155,0.576299527319,1.0,1.0,0.984497070312,123.456473214,0.964285714286,62456.1569824,15830889.8855,4016735413.33,1.984375,0.425223214286,15552.9642857,9.38945976804e-07,Class 3
0.438087930485,1800.11160714,1201243.88617,6011.63311768,0.888399776371,1.0,21599.3959307,0.400954610845,0.433928613274,0.00620223064812,0.151943275377,0.47920102557,1.0,1.0,0.889264787946,46.2075892857,0.580357142857,21670.4560198,5275399.26809,1310845700.84,14.1741071429,1.13392857143,4968.30803571,6.70675697717e-06,Class 3
0.402094626913,2700.16741071,1053494.13074,5687.65289307,0.832599664556,1.0,20192.6157588,0.424752125185,0.47508959182,0.00557358410894,0.196195449224,0.320776584395,1.0,1.0,0.83389718192,45.2154017857,0.560267857143,20266.430978,4804519.88455,1176738052.34,21.2611607143,-0.425223214286,4392.27232143,1.00601354658e-05,Class 3
0.389200015944,2700.16741071,1176926.10025,6047.63092041,0.832599664556,1.0,21770.0707327,0.43174104745,0.481975006264,0.00557358410894,0.196195449224,0.330693230319,1.0,1.0,0.83389718192,48.3337053571,0.535714285714,21850.3342983,5206806.58095,1278912587.5,21.2611607143,-0.708705357143,4788.296875,1.00601354658e-05,Class 3
0.433025749362,1548.09598214,1422149.20805,6551.60015869,0.904023807679,1.0,24220.2735059,0.399887141713,0.428498202808,0.00639569029516,0.137308308659,0.536210437111,1.0,1.0,0.904767717634,50.8850446429,0.551339285714,24298.3266253,5974835.45257,1492554822.93,12.1897321429,0.708705357143,5688.35267857,5.76781100037e-06,Class 3
0.377381616709,2808.17410714,1247773.88764,6515.60235596,0.825903651138,1.0,22737.1602599,0.438204791676,0.490392333608,0.00550468600526,0.200791369099,0.320561031119,1.0,1.0,0.827253069196,50.4598214286,0.515625,22822.2616839,5439947.47633,1336385334.99,22.1116071429,0.850446428571,5004.31026786,1.04625408844e-05,Class 3
0.478784677934,1224.07589286,1166785.85453,5651.65509033,0.924111847932,1.0,20888.5745459,0.371438958394,0.393769071712,0.00665563466598,0.11666099524,0.594774317951,1.0,1.0,0.924700055804,43.65625,0.618303571429,20950.5708357,5165698.21287,1292270798.14,9.63839285714,0.850446428571,4932.30580357,4.56059474448e-06,Class 3
0.59205596301,792.049107143,2417574.97227,12311.2485962,0.950895901603,1.0,48341.1177843,0.304224202792,0.319006925793,0.00702184560348,0.0850686653467,0.657484205482,1.0,1.0,0.951276506696,96.9508928571,0.738839285714,48452.9452776,12205725.5235,3087293323.05,6.23660714286,0.0,11916.7388393,2.95097306996e-06,Class 3
0.520358338648,612.037946429,1175070.37668,5435.66827393,0.962055923966,1.0,20717.2430871,0.333491370129,0.344190934023,0.00718105082609,0.0700786052867,0.756876700038,1.0,1.0,0.962350027902,42.0970982143,0.649553571429,20770.6571219,5197712.63299,1310269877.57,4.81919642857,0.708705357143,5040.3125,2.28029737224e-06,Class 3
0.511957908163,720.044642857,1179910.29203,5327.67486572,0.955359910548,1.0,20823.3269127,0.341493278768,0.354541727574,0.00708506058673,0.0792277170095,0.722898372412,1.0,1.0,0.955705915179,42.5223214286,0.642857142857,20878.6372419,5211424.42124,1312011060.43,5.66964285714,-0.566964285714,5040.3125,2.68270279087e-06,Class 3
0.438068000638,1836.11383929,1179982.9633,5867.64190674,0.886167771898,1.0,21347.9994725,0.401299123519,0.435482577866,0.0061752163634,0.153943393092,0.4673771322,1.0,1.0,0.887050083705,45.7823660714,0.582589285714,21418.4669713,5206826.82847,1292848906.92,14.4575892857,0.425223214286,4896.30357143,6.84089211672e-06,Class 3
0.401197783801,2124.13169643,1406798.04514,6659.59356689,0.868311736117,1.0,24357.249794,0.422755262799,0.462391622411,0.00596470735511,0.169200639885,0.428779994681,1.0,1.0,0.869332449777,52.3024553571,0.522321428571,24442.2469657,5938250.43637,1473975349.21,16.7254464286,0.141741071429,5580.34598214,7.91397323306e-06,Class 3
0.508808992347,1224.07589286,952113.682027,4895.70123291,0.924111847932,1.0,18162.6814217,0.356513044099,0.379302013663,0.00665563466598,0.11666099524,0.574639250206,1.0,1.0,0.924700055804,38.2700892857,0.660714285714,18214.7378278,4470839.37365,1115787510.15,9.63839285714,0.283482142857,4248.26339286,4.56059474448e-06,Class 3
0.495744977679,576.035714286,1420331.84561,6155.62432861,0.964287928439,1.0,23695.7713511,0.343466488126,0.353727676118,0.0072133589764,0.0669144016175,0.77347551941,1.0,1.0,0.964564732143,47.9084821429,0.604910714286,23758.4791783,5961143.91183,1504749959.49,4.53571428571,0.566964285714,5796.359375,2.1461622327e-06,Class 3
0.502461336097,1044.06473214,1079057.3279,5255.67926025,0.935271870295,1.0,19707.0705558,0.355693964231,0.375029586188,0.00680549777284,0.104141367655,0.62905996793,1.0,1.0,0.935773577009,40.9631696429,0.645089285714,19762.6654925,4886844.60747,1224348667.97,8.22098214286,0.425223214286,4680.29017857,3.88991904676e-06,Class 3
0.369200414541,2520.15625,1859296.02755,8495.48150635,0.843759686919,1.0,31060.9268083,0.441703644463,0.488628731504,0.00569152832031,0.188222739133,0.374594877242,1.0,1.0,0.844970703125,66.3348214286,0.444196428571,31173.7873535,7597673.77888,1889057826.99,19.84375,0.566964285714,7164.44419643,9.38945976804e-06,Class 3
0.524683115434,1872.11607143,2313616.42501,12203.255188,0.883935767425,1.0,46523.1473941,0.355560907877,0.390352602499,0.00614835778061,0.155922059767,0.397961458073,1.0,1.0,0.884835379464,95.5334821429,0.694196428571,46652.9222586,11611413.049,2918933269.57,14.7410714286,0.566964285714,11196.6941964,6.97502725626e-06,Class 3
0.872169961735,576.035714286,2143159.19553,15335.0640259,0.964287928439,1.0,60710.5297765,0.126806143454,0.137557214727,0.0072133589764,0.0669144016175,0.382986095213,1.0,1.0,0.964564732143,120.763392857,0.933035714286,60764.2203892,15360024.0003,3891918644.45,4.53571428571,0.0,15048.9330357,2.1461622327e-06,Class 3
0.415547273597,2016.125,1301098.89634,6227.61993408,0.875007749535,1.0,22959.8125836,0.414527829167,0.452121949571,0.00604248046875,0.163629201979,0.442244997798,1.0,1.0,0.8759765625,49.3258928571,0.549107142857,23038.3459473,5595394.98743,1388636819.4,15.875,-0.283482142857,5256.32589286,7.51156781443e-06,Class 3
0.445621412628,1800.11160714,1132861.55775,5723.6506958,0.888399776371,1.0,20738.7577916,0.397075392391,0.430517219079,0.00620223064812,0.151943275377,0.471458784217,1.0,1.0,0.889264787946,44.5066964286,0.59375,20806.5087542,5055970.16096,1255114136.21,14.1741071429,0.566964285714,4752.29464286,6.70675697717e-06,Class 3
0.37379424426,2808.17410714,1292697.70999,6587.59796143,0.825903651138,1.0,23310.8219486,0.440085375716,0.492471988853,0.00550468600526,0.200791369099,0.321594339785,1.0,1.0,0.827253069196,51.59375,0.506696428571,23398.2265276,5586233.54774,1373539711.41,22.1116071429,0.283482142857,5148.31919643,1.04625408844e-05,Class 3
0.433404416454,1728.10714286,1290751.94654,6155.62432861,0.892863785316,1.0,22676.0137851,0.402343057837,0.434555867991,0.00625672632334,0.147877174879,0.493410324212,1.0,1.0,0.893694196429,48.1919642857,0.566964285714,22750.3989607,5558830.21875,1383993665.11,13.6071428571,0.283482142857,5256.32589286,6.43848669809e-06,Class 3
0.393126195791,2340.14508929,1357102.6867,6587.59796143,0.854919709282,1.0,23853.0128768,0.428405275964,0.47207404574,0.00581336507992,0.179839401025,0.391989845558,1.0,1.0,0.85604422433,51.7354910714,0.520089285714,23938.2511509,5782816.42361,1431014744.41,18.4263392857,0.141741071429,5400.33482143,8.71878407033e-06,Class 3
0.379773198342,2268.140625,1729941.68562,7883.51885986,0.859383718227,1.0,28803.2449572,0.434779747251,0.476919545235,0.00586318969727,0.17636543481,0.414506119133,1.0,1.0,0.860473632812,61.3738839286,0.446428571429,28905.9567871,7053678.35633,1754954749.51,17.859375,0.708705357143,6660.41294643,8.45051379124e-06,Class 3
0.541145169005,2268.140625,457883.28184,3491.78692627,0.859383718227,1.0,11590.9996807,0.345818603597,0.388143252705,0.00586318969727,0.17636543481,0.285446480884,1.0,1.0,0.860473632812,27.3560267857,0.714285714286,11627.0114746,2665096.21386,640323456.916,17.859375,0.141741071429,2340.14508929,8.45051379124e-06,Class 4
0.811902104592,360.022321429,2243032.12306,14687.1035767,0.977679955274,1.0,58174.5358128,0.167068720767,0.17359294517,0.00741047761878,0.0464439506035,0.705587764543,1.0,1.0,0.977852957589,115.377232143,0.897321428571,58244.4007743,14747456.1381,3739818773.05,2.83482142857,0.283482142857,14472.8973214,1.34135139543e-06,Class 4
0.431690449617,3204.19866071,663890.771166,4643.71661377,0.80135160194,1.0,15241.9770152,0.40585019832,0.465647586057,0.00526404867367,0.2165132425,0.211241040995,1.0,1.0,0.802891322545,36.4274553571,0.613839285714,15298.6721889,3478790.5513,831896996.378,25.2299107143,0.141741071429,3024.1875,1.19380274194e-05,Class 4
0.445461973852,2268.140625,915930.256548,5255.67926025,0.859383718227,1.0,18188.5717803,0.400534800887,0.44248937273,0.00586318969727,0.17636543481,0.374086274016,1.0,1.0,0.860473632812,40.3962053571,0.611607142857,18250.6071777,4347386.03514,1067598785.74,17.859375,0.9921875,3996.24776786,8.45051379124e-06,Class 4
0.336405851403,3348.20758929,1570084.70129,7739.52764893,0.792423584049,1.0,27430.0683714,0.459860036391,0.522345426202,0.00518121524733,0.221813773931,0.262580764148,1.0,1.0,0.79403250558,60.8069196429,0.417410714286,27537.9074009,6569080.43536,1614460478.34,26.3638392857,0.141741071429,6048.375,1.24745679775e-05,Class 4
0.472347337372,1692.10491071,982023.466016,5219.68145752,0.895095789788,1.0,18767.5564817,0.382195566956,0.413518529203,0.00628420771385,0.145810396267,0.480646260906,1.0,1.0,0.89590890067,40.3962053571,0.629464285714,18826.642892,4566828.64061,1132621229.99,13.3236607143,0.708705357143,4284.265625,6.30435155854e-06,Class 4
0.753607302296,1008.0625,2217117.22269,14399.1211548,0.937503874768,1.0,56642.4341367,0.213609423918,0.232354496266,0.0068359375,0.101534427291,0.412211351078,1.0,1.0,0.93798828125,113.676339286,0.863839285714,56732.4133301,14281154.0998,3610936958.65,7.9375,-0.283482142857,13932.8638393,3.75578390722e-06,Class 4
0.88479551977,396.024553571,2153684.27729,15479.0552368,0.975447950802,1.0,60967.4158263,0.116581581842,0.1216375572,0.0073772352569,0.050059916916,0.615339764865,1.0,1.0,0.975638253348,120.905133929,0.939732142857,61016.2271554,15446885.5734,3916882455.33,3.11830357143,0.9921875,15156.9397321,1.47548653498e-06,Class 4
0.533482142857,1152.07142857,840782.42969,4607.71881104,0.928575856877,1.0,16656.9687248,0.342688314041,0.363210690024,0.00671511280293,0.111752065679,0.590350294555,1.0,1.0,0.929129464286,35.1517857143,0.6875,16702.8389718,4095983.00294,1021740780.52,9.07142857143,1.13392857143,3888.24107143,4.29232446539e-06,Class 4
0.543008609694,2088.12946429,497889.610271,3527.784729,0.87054374059,1.0,12130.1120653,0.345287657994,0.384226856894,0.00599047602439,0.167362789965,0.326566723052,1.0,1.0,0.871547154018,28.0647321429,0.714285714286,12167.0006627,2825100.82271,683864456.004,16.4419642857,-0.283482142857,2520.15625,7.77983809352e-06,Class 4
0.306301817602,4824.29910714,1061082.71321,6623.59576416,0.700911400673,1.0,21576.3403286,0.465966327929,0.556006549846,0.00447580765705,0.264965620079,0.109261015236,1.0,1.0,0.703229631696,52.1607142857,0.439732142857,21670.0839495,4891327.46431,1164538344.77,37.9866071429,0.0,4212.26116071,1.79741086988e-05,Class 4
0.315250318878,3960.24553571,1515250.46874,7775.52545166,0.754479508015,1.0,27174.5328555,0.468901100474,0.542797088922,0.00485696597975,0.242065871004,0.195609223929,1.0,1.0,0.756382533482,61.515625,0.392857142857,27285.8474819,6427351.46169,1568595616.59,31.1830357143,-0.283482142857,5832.36160714,1.47548653498e-05,Class 4
0.474898357781,1728.10714286,2325899.55994,11267.3123169,0.892863785316,1.0,42493.5950801,0.381369275789,0.412605255782,0.00625672632334,0.147877174879,0.476367059828,1.0,1.0,0.893694196429,87.3125,0.633928571429,42621.18607,10605699.6826,2665819651.58,13.6071428571,1.41741071429,10224.6339286,6.43848669809e-06,Class 4
0.43873565051,1944.12053571,1115748.75777,5687.65289307,0.87947175848,1.0,20593.8716497,0.402025032918,0.438273986279,0.00609510772082,0.159816463932,0.442897932705,1.0,1.0,0.880405970982,44.5066964286,0.589285714286,20662.4998256,5001109.5096,1238858525.15,15.3080357143,0.283482142857,4680.29017857,7.24329753535e-06,Class 4
0.312081473214,4392.27232143,1788539.74553,9287.4331665,0.727695454344,1.0,32338.6025862,0.467226254425,0.549139593799,0.0046551762795,0.254302931488,0.148616049551,1.0,1.0,0.729806082589,72.5714285714,0.435267857143,32469.4779227,7689058.70389,1882083953.5,34.5848214286,0.566964285714,7020.43526786,1.63644870243e-05,Class 4
0.599709024235,2088.12946429,2230238.21667,13319.1870728,0.87054374059,1.0,51065.0918266,0.310278739926,0.349251373293,0.00599047602439,0.167362789965,0.260625569419,1.0,1.0,0.871547154018,104.888392857,0.761160714286,51188.6188267,12735982.1611,3201073458.44,16.4419642857,0.0,12276.7611607,7.77983809352e-06,Class 4
0.481913663903,468.029017857,2284558.75881,9359.42877197,0.970983941856,1.0,36226.4516805,0.344884467946,0.350294923419,0.00731121763891,0.0570278123123,0.822518393597,1.0,1.0,0.971208844866,72.4296875,0.555803571429,36321.7256208,9165725.69472,2320405057.86,3.68526785714,1.27566964286,8964.55580357,1.74375681407e-06,Class 4
0.652682557398,576.035714286,535958.04321,3239.80230713,0.964287928439,1.0,11926.5569567,0.266137543158,0.27577091406,0.0072133589764,0.0669144016175,0.723674891841,1.0,1.0,0.964564732143,24.6629464286,0.787946428571,11951.1998814,2962279.44781,743085242.884,4.53571428571,0.850446428571,2844.17633929,2.1461622327e-06,Class 4
0.369947783801,2916.18080357,1273444.86792,6623.59576416,0.81920763772,1.0,23130.6218083,0.442225137523,0.496502740799,0.00543718921895,0.205251826253,0.307221474463,1.0,1.0,0.820608956473,51.4520089286,0.504464285714,23218.2242257,5526802.30029,1356703706.06,22.9620535714,0.708705357143,5076.31473214,1.0864946303e-05,Class 4
0.335698341837,4464.27678571,890133.782307,5903.63970947,0.723231445399,1.0,19069.3670587,0.451831882731,0.535152685102,0.0046237244898,0.256186781259,0.123972027503,1.0,1.0,0.725376674107,46.4910714286,0.495535714286,19150.2820522,4297048.73565,1019405490.32,35.1517857143,0.0,3672.22767857,1.66327573034e-05,Class 4
0.29345703125,5580.34598214,918195.281304,6443.60675049,0.654039306749,1.0,20175.099655,0.463653005336,0.567800881158,0.00421586328623,0.280086884578,0.0581862485975,1.0,1.0,0.656720842634,50.8850446429,0.426339285714,20266.0766253,4438737.21429,1037397713.22,43.9397321429,-0.141741071429,3672.22767857,2.07909466292e-05,Class 4
0.276715959821,5472.33928571,1308445.26495,7955.51446533,0.660735320167,1.0,25517.06705,0.476667327155,0.578483389832,0.00424879424426,0.278191916139,0.0759440333028,1.0,1.0,0.663364955357,61.2321428571,0.348214285714,25629.7625209,5814743.10448,1388623106.35,43.0892857143,1.41741071429,5040.3125,2.03885412106e-05,Class 4
0.417839205995,1692.10491071,1527235.78108,6587.59796143,0.895095789788,1.0,25653.2400016,0.409807566144,0.439027358759,0.00628420771385,0.145810396267,0.520181093285,1.0,1.0,0.89590890067,54.0033482143,0.522321428571,25738.221017,6322261.49759,1578473747.02,13.3236607143,-2.12611607143,6012.37276786,6.30435155854e-06,Class 4
0.323710538903,3744.23214286,1473456.20133,7595.53643799,0.767871534851,1.0,26387.0442034,0.465365749153,0.535229068835,0.00496626873406,0.235323613258,0.21704203798,1.0,1.0,0.769670758929,59.53125,0.415178571429,26493.9223982,6253641.81376,1527958874.45,29.4821428571,0.283482142857,5688.35267857,1.39500545125e-05,Class 4
0.644660794005,1044.06473214,2332594.14944,13211.1936646,0.935271870295,1.0,51762.1783394,0.281046066037,0.300515665487,0.00680549777284,0.104141367655,0.532515806594,1.0,1.0,0.935773577009,104.1796875,0.787946428571,51872.7055315,13042293.0889,3295705153.37,8.22098214286,-0.141741071429,12708.7879464,3.88991904676e-06,Class 4
0.504793128189,2772.171875,461330.043423,3743.77154541,0.828135655611,1.0,11946.493189,0.364655725059,0.416338587547,0.00552749633789,0.199274651709,0.219054978074,1.0,1.0,0.829467773438,29.0569196429,0.685267857143,11986.9274902,2692513.0412,639160382.833,21.828125,0.425223214286,2304.14285714,1.03284057448e-05,Class 4
0.420370296556,4356.27008929,415759.335112,3995.75616455,0.729927458817,1.0,12224.9309083,0.396948282686,0.477928488298,0.00467113572724,0.253344654783,0.0723639922003,1.0,1.0,0.73202078683,32.7421875,0.607142857143,12274.7150181,2564475.60826,581100384.527,34.3013392857,-1.27566964286,1980.12276786,1.62303518848e-05,Class 4
0.308962452168,4356.27008929,1285504.76279,7055.56939697,0.729927458817,1.0,24267.5224975,0.469497293674,0.550605875594,0.00467113572724,0.253344654783,0.155028911062,1.0,1.0,0.73202078683,56.5546875,0.419642857143,24369.9767369,5636483.10799,1361342289.34,34.3013392857,-0.9921875,5004.31026786,1.62303518848e-05,Class 4
0.314134247449,4392.27232143,1808675.84258,9215.43756104,0.727695454344,1.0,32769.3949949,0.466013542728,0.547847376167,0.0046551762795,0.254302931488,0.147535993681,1.0,1.0,0.729806082589,73.421875,0.441964285714,32901.4515555,7798773.25745,1909949735.82,34.5848214286,-0.850446428571,7128.44196429,1.63644870243e-05,Class 4
0.665228396046,828.051339286,430753.035898,2879.82427979,0.94866389713,1.0,10309.3518205,0.265812507271,0.280736090182,0.00699047166474,0.0879185597575,0.60775704859,1.0,1.0,0.949061802455,21.9698660714,0.801339285714,10331.2677525,2518843.88831,626396279.531,6.52008928571,0.708705357143,2376.14732143,3.0851082095e-06,Class 4
0.515116788903,2412.14955357,2251520.90742,12347.2463989,0.850455700337,1.0,46914.4920992,0.360857300541,0.405870176848,0.00576416327029,0.183243577584,0.280170131962,1.0,1.0,0.851614815848,97.3761160714,0.691964285714,47048.8316476,11643400.4724,2918350589.77,18.9933035714,-0.141741071429,11160.6919643,8.98705434941e-06,Class 4
0.373365752551,2448.15178571,1640825.89655,7415.54742432,0.848223695864,1.0,27689.3180749,0.439257054725,0.484491857741,0.00573979591837,0.184920039046,0.386252894167,1.0,1.0,0.849400111607,59.53125,0.455357142857,27790.0027553,6747387.67607,1674259374.0,19.2767857143,-1.13392857143,6336.39285714,9.12118948896e-06,Class 4
0.365314094388,2592.16071429,1796942.76627,8135.503479,0.839295677974,1.0,30127.2752078,0.444027444606,0.492299497936,0.00564388352997,0.19145977865,0.364229879365,1.0,1.0,0.840541294643,64.6339285714,0.428571428571,30237.8356236,7350814.34607,1825198456.83,20.4107142857,-0.566964285714,6912.42857143,9.65773004713e-06,Class 4
0.35813934949,2880.17857143,1910033.70246,8855.45953369,0.821439642193,1.0,32421.1119883,0.448498374018,0.502253730386,0.00545953244579,0.203779808125,0.319839543684,1.0,1.0,0.822823660714,69.7366071429,0.459821428571,32541.6595633,7899380.36471,1959881928.59,22.6785714286,0.0,7416.45982143,1.07308111635e-05,Class 4
0.418397241709,1548.09598214,1667816.14132,7127.56500244,0.904023807679,1.0,27376.8710205,0.407016270508,0.435354972029,0.00639569029516,0.137308308659,0.544145805714,1.0,1.0,0.904767717634,57.1216517857,0.502232142857,27466.1332659,6779408.84535,1696903893.24,12.1897321429,-0.9921875,6480.40178571,5.76781100037e-06,Class 4
0.480100047832,1188.07366071,1176613.13078,5399.67047119,0.926343852405,1.0,20996.6094572,0.370070045315,0.391039196819,0.00668529588349,0.11422238866,0.607919360987,1.0,1.0,0.926914760045,43.7979910714,0.618303571429,21058.5686733,5197699.13464,1300978997.96,9.35491071429,-1.27566964286,4968.30803571,4.42645960493e-06,Class 4
0.684978874362,1224.07589286,2263157.18594,13787.1585083,0.924111847932,1.0,53962.7901321,0.258663442384,0.281452411949,0.00665563466598,0.11666099524,0.423849627715,1.0,1.0,0.924700055804,108.857142857,0.819196428571,54068.5493513,13577147.3193,3428647442.27,9.63839285714,-0.283482142857,13212.8191964,4.56059474448e-06,Class 4
0.373465401786,2952.18303571,1207568.13574,6263.61773682,0.816975633248,1.0,22305.7127362,0.440291045254,0.495295671664,0.00541500169404,0.206709234646,0.298603109019,1.0,1.0,0.818394252232,49.8928571429,0.515625,22390.2703334,5311943.78925,1301552535.72,23.2455357143,-0.566964285714,4860.30133929,1.09990814426e-05,Class 4
0.438765545281,1548.09598214,1352994.08017,6371.61114502,0.904023807679,1.0,23359.4854429,0.397106449679,0.4254451512,0.00639569029516,0.137308308659,0.535021327105,1.0,1.0,0.904767717634,49.1841517857,0.564732142857,23434.3793597,5755406.34545,1436823258.3,12.1897321429,0.9921875,5472.33928571,5.76781100037e-06,Class 4
0.744788345026,468.029017857,2306745.70514,13967.147522,0.970983941856,1.0,55530.1383502,0.211370496411,0.21976713405,0.00731121763891,0.0570278123123,0.705462977754,1.0,1.0,0.971208844866,110.416294643,0.854910714286,55616.5478864,14066309.0871,3565076667.92,3.68526785714,-0.425223214286,13788.8549107,1.74375681407e-06,Class 4
0.851981026786,720.044642857,2146145.1713,15191.0728149,0.955359910548,1.0,60127.5270366,0.142239308344,0.155581044486,0.00708506058673,0.0792277170095,0.345569205791,1.0,1.0,0.955705915179,119.912946429,0.921875,60188.2378278,15195448.7953,3847797251.07,5.66964285714,-0.283482142857,14868.921875,2.68270279087e-06,Class 4
0.382463727679,2340.14508929,1533972.82651,7091.56719971,0.854919709282,1.0,26148.1530605,0.433891690245,0.477500780632,0.00581336507992,0.179839401025,0.399167777081,1.0,1.0,0.85604422433,56.2712053571,0.484375,26242.1105259,6367960.70927,1579632250.09,18.4263392857,-0.425223214286,5976.37053571,8.71878407033e-06,Class 4
0.938805404974,324.020089286,2103761.48533,15803.0354614,0.979911959747,1.0,62789.4724437,0.0692387836074,0.0752322938707,0.0074438756826,0.0427286680802,0.326252266671,1.0,1.0,0.98006766183,124.306919643,0.96875,62816.1261509,15913174.1133,4036473390.12,2.55133928571,0.141741071429,15624.96875,1.20721625589e-06,Class 4
0.918297592474,108.006696429,2155621.28883,15551.0508423,0.993303986582,1.0,61846.7092664,0.0842658224046,0.0842658224046,0.007647533806,0.01745754826,0.879942733991,1.0,1.0,0.993355887277,122.0390625,0.957589285714,61880.2098563,15702892.9476,3986548053.87,0.850446428571,0.425223214286,15444.9575893,4.0240541863e-07,Class 4
0.370306521046,2844.17633929,1316036.87995,6659.59356689,0.823671646665,1.0,23633.2002117,0.441977887563,0.495055166324,0.00548203137456,0.202293037827,0.317705339403,1.0,1.0,0.825038364955,52.3024553571,0.5,23722.2023228,5663947.17953,1392697293.91,22.3950892857,0.141741071429,5220.32366071,1.05966760239e-05,Class 4
0.322355309311,4896.30357143,858697.318708,6155.62432861,0.696447391728,1.0,18923.7723532,0.454827133523,0.54585451775,0.00444809271365,0.266596038837,0.0935135911437,1.0,1.0,0.698800223214,47.0580357143,0.477678571429,19006.2376883,4205609.81725,989215845.347,38.5535714286,1.41741071429,3528.21875,1.82423789779e-05,Class 4
0.354452327806,4752.29464286,656607.045828,5111.68804932,0.705375409618,1.0,16057.5758182,0.435555565035,0.524119665577,0.00450414540816,0.263293913492,0.0835166378869,1.0,1.0,0.707659040179,41.1049107143,0.529017857143,16126.4311872,3492468.59369,810410980.205,37.4196428571,-0.850446428571,2844.17633929,1.77058384197e-05,Class 4
0.284508529974,5148.31919643,1296647.41412,7595.53643799,0.68082336042,1.0,25052.2254561,0.475764502374,0.571848812319,0.00435599502252,0.271982245341,0.0953777222189,1.0,1.0,0.683297293527,59.6729910714,0.370535714286,25161.8309501,5737036.22186,1374110963.66,40.5379464286,0.141741071429,5004.31026786,1.91813249547e-05,Class 4
0.650759327168,2772.171875,2094998.20177,14219.1321411,0.828135655611,1.0,54068.1405393,0.25706343478,0.308796670255,0.00552749633789,0.199274651709,0.0320995269255,1.0,1.0,0.829467773438,112.1171875,0.796875,54176.3522949,13407967.7724,3360718455.57,21.828125,-0.141741071429,12852.796875,1.03284057448e-05,Class 4
0.36695830676,3132.19419643,1179710.24643,6335.61334229,0.805815610885,1.0,22053.2984692,0.443563149371,0.502016527993,0.00530639959841,0.213781864744,0.273681162396,1.0,1.0,0.807320731027,49.7511160714,0.511160714286,22138.2635672,5225082.21611,1276588724.84,24.6629464286,0.141741071429,4752.29464286,1.16697571403e-05,Class 4
0.75830078125,900.055803571,2227377.52178,14687.1035767,0.944199888185,1.0,56679.957169,0.21052446199,0.222651806369,0.00692819089306,0.0934867737829,0.533800745786,1.0,1.0,0.944632393973,113.534598214,0.866071428571,56768.424421,14304013.8294,3618484369.89,7.08705357143,2.12611607143,13968.8660714,3.35337848859e-06,Class 4
0.442940848214,1296.08035714,1493779.56167,6695.59136963,0.919647838987,1.0,24976.7104353,0.390322906235,0.414025843628,0.00659677933673,0.121446444727,0.592355828442,1.0,1.0,0.920270647321,51.8772321429,0.551339285714,25054.3114886,6198841.90495,1553512221.65,10.2053571429,0.850446428571,5940.36830357,4.82886502356e-06,Class 4
0.909488600128,288.017857143,65175.3521953,683.958312988,0.982143964219,1.0,2158.29828742,0.0957005896419,0.100061644111,0.00747742944834,0.0389032426815,0.625837931383,1.0,1.0,0.982282366071,4.81919642857,0.953125,2159.83297294,511994.500778,125394877.662,2.26785714286,0.566964285714,468.029017857,1.07308111635e-06,Class 4
0.417420679209,2340.14508929,1096704.7139,5759.64849854,0.854919709282,1.0,20554.2648098,0.415715800018,0.459384569794,0.00581336507992,0.179839401025,0.375777245535,1.0,1.0,0.85604422433,45.2154017857,0.571428571429,20626.4532994,4941671.51297,1217377080.0,18.4263392857,0.141741071429,4572.28348214,8.71878407033e-06,Class 4
0.41647401148,2160.13392857,1203363.34559,6119.62652588,0.866079731645,1.0,21810.8941976,0.415255922893,0.455281131319,0.00593909438776,0.171019566334,0.414580171114,1.0,1.0,0.867117745536,47.3415178571,0.560267857143,21886.3985421,5284533.71109,1307361049.61,17.0089285714,0.850446428571,4932.30580357,8.04810837261e-06,Class 4
0.356993383291,2916.18080357,1491944.59758,7343.55181885,0.81920763772,1.0,25999.1899708,0.449173326573,0.50345092985,0.00543718921895,0.205251826253,0.315652165827,1.0,1.0,0.820608956473,57.1216517857,0.459821428571,26098.0484445,6258232.65737,1542475588.16,22.9620535714,0.708705357143,5796.359375,1.0864946303e-05,Class 4
0.41403260523,2880.17857143,883509.344461,5363.67266846,0.821439642193,1.0,18076.1042171,0.417964266223,0.471501300998,0.00545953244579,0.203779808125,0.281970660894,1.0,1.0,0.822823660714,41.3883928571,0.584821428571,18142.5384696,4242228.57932,1031022518.1,22.6785714286,0.850446428571,3816.23660714,1.07308111635e-05,Class 4
0.324926259566,4716.29241071,897002.35665,6083.62872314,0.707607414091,1.0,19318.8984179,0.455487777095,0.543478869986,0.00451854783662,0.262442465217,0.106981783015,1.0,1.0,0.70987374442,47.4832589286,0.479910714286,19402.2356655,4329042.90824,1023468250.33,37.1361607143,0.425223214286,3672.22767857,1.75717032802e-05,Class 4
0.323311941964,4176.25892857,1153475.50419,6731.58917236,0.74108748118,1.0,22368.5836903,0.462506271078,0.540384668879,0.0047532684949,0.248387454757,0.164811342572,1.0,1.0,0.743094308036,52.4441964286,0.457589285714,22462.115339,5174771.91331,1246977188.64,32.8839285714,0.566964285714,4572.28348214,1.5559676187e-05,Class 4
0.418556680485,2052.12723214,1245272.505,6083.62872314,0.872775745062,1.0,22278.1184748,0.413309791173,0.451601978576,0.00601640039561,0.165505739634,0.432541451617,1.0,1.0,0.873761858259,48.0502232143,0.558035714286,22354.3832659,5417107.99425,1342774243.17,16.1584821429,-0.141741071429,5076.31473214,7.64570295398e-06,Class 4
0.335329639668,4500.27901786,1935079.07363,10295.3716431,0.720999440926,1.0,36324.7668335,0.451633882958,0.535591725269,0.00460823214784,0.257112464134,0.120944351906,1.0,1.0,0.723161969866,80.6506696429,0.495535714286,36465.220738,8690201.4742,2134617177.2,35.4352678571,0.425223214286,7992.49553571,1.67668924429e-05,Class 4
0.305335220026,4896.30357143,1783775.86498,9539.41778564,0.696447391728,1.0,33126.3490023,0.465672233344,0.557056339171,0.00444809271365,0.266596038837,0.103405160737,1.0,1.0,0.698800223214,75.1227678571,0.439732142857,33261.3675711,7826190.08479,1908786661.73,38.5535714286,0.0,7092.43973214,1.82423789779e-05,Class 4
0.506895727041,1440.08928571,873460.191311,4823.70562744,0.910719821096,1.0,17227.9561917,0.361206492312,0.387303389923,0.0064809371014,0.130671437673,0.525872932896,1.0,1.0,0.911411830357,36.8526785714,0.665178571429,17278.7683803,4205690.80733,1044961123.03,11.3392857143,1.13392857143,3960.24553571,5.36540558174e-06,Class 4
0.662019690689,2124.13169643,2164804.08777,13931.1497192,0.868311736117,1.0,53993.3017469,0.266767314328,0.30600838938,0.00596470735511,0.169200639885,0.166615570554,1.0,1.0,0.869332449777,110.699776786,0.805803571429,54104.4364188,13471983.1143,3387425734.82,16.7254464286,-0.9921875,12996.8058036,7.91397323306e-06,Class 4
0.346570073342,4788.296875,1952744.36847,10763.3430786,0.703143405146,1.0,38049.5536647,0.440231222903,0.529595858443,0.00448989868164,0.264134949953,0.0850606234359,1.0,1.0,0.705444335938,84.6194196429,0.517857142857,38193.079834,9092481.42142,2232146272.54,37.703125,0.141741071429,8352.51785714,1.78399735593e-05,Class 4
0.375269052934,2664.16517857,1377000.22929,6947.57598877,0.834831669028,1.0,24316.0828578,0.439178347121,0.488245038543,0.00559686154735,0.194632642384,0.348388594898,1.0,1.0,0.836111886161,53.2946428571,0.497767857143,24406.1827218,5860523.30623,1445526887.1,20.9776785714,1.41741071429,5436.33705357,9.92600032622e-06,Class 4
0.325155452806,3672.22767857,1523063.5529,7703.52984619,0.772335543796,1.0,27033.0835017,0.464911169225,0.533449248595,0.00500394860092,0.232979916449,0.22536783323,1.0,1.0,0.774100167411,60.6651785714,0.408482142857,27141.8917062,6427358.21086,1573241056.4,28.9151785714,0.0,5868.36383929,1.36817842334e-05,Class 4
0.857102997449,360.022321429,2190126.62582,15047.081604,0.977679955274,1.0,59914.8232636,0.136627989388,0.143152213791,0.00741047761878,0.0464439506035,0.641110361918,1.0,1.0,0.977852957589,118.779017857,0.924107142857,59972.2953055,15186314.3524,3851281902.31,2.83482142857,-0.283482142857,14904.9241071,1.34135139543e-06,Class 4
0.436971859056,2700.16741071,2220950.37554,11303.3101196,0.832599664556,1.0,42015.573697,0.405427270176,0.455661228991,0.00557358410894,0.196195449224,0.295394540332,1.0,1.0,0.83389718192,88.3046875,0.611607142857,42153.0950405,10363390.5983,2588604356.29,21.2611607143,0.708705357143,9864.61160714,1.00601354658e-05,Class 4
0.533482142857,1152.07142857,840782.42969,4607.71881104,0.928575856877,1.0,16656.9687248,0.342688314041,0.363210690024,0.00671511280293,0.111752065679,0.590350294555,1.0,1.0,0.929129464286,35.1517857143,0.6875,16702.8389718,4095983.00294,1021740780.52,9.07142857143,1.13392857143,3888.24107143,4.29232446539e-06,Class 4
0.306301817602,4824.29910714,1061082.71321,6623.59576416,0.700911400673,1.0,21576.3403286,0.465966327929,0.556006549846,0.00447580765705,0.264965620079,0.109261015236,1.0,1.0,0.703229631696,52.1607142857,0.439732142857,21670.0839495,4891327.46431,1164538344.77,37.9866071429,0.0,4212.26116071,1.79741086988e-05,Class 4
0.315250318878,3960.24553571,1515250.46874,7775.52545166,0.754479508015,1.0,27174.5328555,0.468901100474,0.542797088922,0.00485696597975,0.242065871004,0.195609223929,1.0,1.0,0.756382533482,61.515625,0.392857142857,27285.8474819,6427351.46169,1568595616.59,31.1830357143,-0.283482142857,5832.36160714,1.47548653498e-05,Class 4
0.369947783801,2916.18080357,1273444.86792,6623.59576416,0.81920763772,1.0,23130.6218083,0.442225137523,0.496502740799,0.00543718921895,0.205251826253,0.307221474463,1.0,1.0,0.820608956473,51.4520089286,0.504464285714,23218.2242257,5526802.30029,1356703706.06,22.9620535714,0.708705357143,5076.31473214,1.0864946303e-05,Class 4
0.29345703125,5580.34598214,918195.281304,6443.60675049,0.654039306749,1.0,20175.099655,0.463653005336,0.567800881158,0.00421586328623,0.280086884578,0.0581862485975,1.0,1.0,0.656720842634,50.8850446429,0.426339285714,20266.0766253,4438737.21429,1037397713.22,43.9397321429,-0.141741071429,3672.22767857,2.07909466292e-05,Class 4
0.276715959821,5472.33928571,1308445.26495,7955.51446533,0.660735320167,1.0,25517.06705,0.476667327155,0.578483389832,0.00424879424426,0.278191916139,0.0759440333028,1.0,1.0,0.663364955357,61.2321428571,0.348214285714,25629.7625209,5814743.10448,1388623106.35,43.0892857143,1.41741071429,5040.3125,2.03885412106e-05,Class 4
0.323710538903,3744.23214286,1473456.20133,7595.53643799,0.767871534851,1.0,26387.0442034,0.465365749153,0.535229068835,0.00496626873406,0.235323613258,0.21704203798,1.0,1.0,0.769670758929,59.53125,0.415178571429,26493.9223982,6253641.81376,1527958874.45,29.4821428571,0.283482142857,5688.35267857,1.39500545125e-05,Class 4
0.314134247449,4392.27232143,1808675.84258,9215.43756104,0.727695454344,1.0,32769.3949949,0.466013542728,0.547847376167,0.0046551762795,0.254302931488,0.147535993681,1.0,1.0,0.729806082589,73.421875,0.441964285714,32901.4515555,7798773.25745,1909949735.82,34.5848214286,-0.850446428571,7128.44196429,1.63644870243e-05,Class 4
0.665228396046,828.051339286,430753.035898,2879.82427979,0.94866389713,1.0,10309.3518205,0.265812507271,0.280736090182,0.00699047166474,0.0879185597575,0.60775704859,1.0,1.0,0.949061802455,21.9698660714,0.801339285714,10331.2677525,2518843.88831,626396279.531,6.52008928571,0.708705357143,2376.14732143,3.0851082095e-06,Class 4
0.472347337372,1692.10491071,982023.466016,5219.68145752,0.895095789788,1.0,18767.5564817,0.382195566956,0.413518529203,0.00628420771385,0.145810396267,0.480646260906,1.0,1.0,0.89590890067,40.3962053571,0.629464285714,18826.642892,4566828.64061,1132621229.99,13.3236607143,0.708705357143,4284.265625,6.30435155854e-06,Class 4
0.365314094388,2592.16071429,1796942.76627,8135.503479,0.839295677974,1.0,30127.2752078,0.444027444606,0.492299497936,0.00564388352997,0.19145977865,0.364229879365,1.0,1.0,0.840541294643,64.6339285714,0.428571428571,30237.8356236,7350814.34607,1825198456.83,20.4107142857,-0.566964285714,6912.42857143,9.65773004713e-06,Class 4
0.418397241709,1548.09598214,1667816.14132,7127.56500244,0.904023807679,1.0,27376.8710205,0.407016270508,0.435354972029,0.00639569029516,0.137308308659,0.544145805714,1.0,1.0,0.904767717634,57.1216517857,0.502232142857,27466.1332659,6779408.84535,1696903893.24,12.1897321429,-0.9921875,6480.40178571,5.76781100037e-06,Class 4
0.438765545281,1548.09598214,1352994.08017,6371.61114502,0.904023807679,1.0,23359.4854429,0.397106449679,0.4254451512,0.00639569029516,0.137308308659,0.535021327105,1.0,1.0,0.904767717634,49.1841517857,0.564732142857,23434.3793597,5755406.34545,1436823258.3,12.1897321429,0.9921875,5472.33928571,5.76781100037e-06,Class 4
0.744788345026,468.029017857,2306745.70514,13967.147522,0.970983941856,1.0,55530.1383502,0.211370496411,0.21976713405,0.00731121763891,0.0570278123123,0.705462977754,1.0,1.0,0.971208844866,110.416294643,0.854910714286,55616.5478864,14066309.0871,3565076667.92,3.68526785714,-0.425223214286,13788.8549107,1.74375681407e-06,Class 4
0.336405851403,3348.20758929,1570084.70129,7739.52764893,0.792423584049,1.0,27430.0683714,0.459860036391,0.522345426202,0.00518121524733,0.221813773931,0.262580764148,1.0,1.0,0.79403250558,60.8069196429,0.417410714286,27537.9074009,6569080.43536,1614460478.34,26.3638392857,0.141741071429,6048.375,1.24745679775e-05,Class 4
0.336226482781,3348.20758929,1738940.62315,8351.49029541,0.792423584049,1.0,30012.8171648,0.459958427124,0.522443816934,0.00518121524733,0.221813773931,0.262700119642,1.0,1.0,0.79403250558,65.9095982143,0.415178571429,30129.7491978,7227367.75673,1781655172.23,26.3638392857,-0.141741071429,6696.41517857,1.24745679775e-05,Class 4
0.587940449617,1008.0625,642415.36223,3419.7913208,0.937503874768,1.0,13788.5359905,0.311815510854,0.325918676919,0.0068359375,0.101534427291,0.631122716945,1.0,1.0,0.93798828125,29.1986607143,0.738839285714,13823.0324707,3382841.77937,842935915.38,7.9375,-2.26785714286,3204.19866071,3.75578390722e-06,Class 4
0.309420838648,4500.27901786,1778154.53534,9323.43096924,0.720999440926,1.0,32302.1789572,0.467766050023,0.551661827748,0.00460823214784,0.257112464134,0.13921989217,1.0,1.0,0.723161969866,72.7131696429,0.433035714286,32433.4668318,7666198.97429,1874536542.26,35.4352678571,0.708705357143,6984.43303571,1.67668924429e-05,Class 4
0.346729512117,3240.20089286,1402456.132,7091.56719971,0.799119597467,1.0,25028.2476092,0.454450561737,0.514925337651,0.00524310676419,0.217858484114,0.27129346624,1.0,1.0,0.800676618304,55.8459821429,0.459821428571,25126.067906,5970224.36145,1464101789.8,25.5133928571,0.0,5472.33928571,1.20721625589e-05,Class 4
0.375269052934,2664.16517857,1377000.22929,6947.57598877,0.834831669028,1.0,24316.0828578,0.439178347121,0.488245038543,0.00559686154735,0.194632642384,0.348388594898,1.0,1.0,0.836111886161,53.2946428571,0.497767857143,24406.1827218,5860523.30623,1445526887.1,20.9776785714,1.41741071429,5436.33705357,9.92600032622e-06,Class 4
0.728724888393,1152.07142857,2224945.57107,14435.1189575,0.928575856877,1.0,55772.0155908,0.230497978176,0.250459751792,0.00671511280293,0.111752065679,0.417366564158,1.0,1.0,0.929129464286,112.258928571,0.848214285714,55868.4483468,14043435.8592,3548238377.06,9.07142857143,1.41741071429,13680.8482143,4.29232446539e-06,Class 4
0.543088329082,2952.18303571,2166992.92146,13175.1958618,0.816975633248,1.0,49184.4365278,0.337049790009,0.391936043265,0.00541500169404,0.206709234646,0.144781144246,1.0,1.0,0.818394252232,102.904017857,0.71875,49316.6267787,12150817.6279,3038519633.34,23.2455357143,0.850446428571,11592.71875,1.09990814426e-05,Class 4
0.696279097577,576.035714286,408154.729485,2843.82647705,0.964287928439,1.0,9772.86047035,0.242587310138,0.246213539684,0.0072133589764,0.0669144016175,0.755779314173,1.0,1.0,0.964564732143,20.4107142857,0.821428571429,9791.33171735,2413706.68001,603756331.311,4.53571428571,1.984375,2304.14285714,2.1461622327e-06,Class 4
0.321956712372,4788.296875,898946.987033,6047.63092041,0.703143405146,1.0,19390.208255,0.456424573595,0.545789209135,0.00448989868164,0.264134949953,0.102076400947,1.0,1.0,0.705444335938,47.7667410714,0.475446428571,19474.2224121,4338184.10041,1024629038.91,37.703125,-0.141741071429,3672.22767857,1.78399735593e-05,Class 4
0.443180006378,2160.13392857,977925.46528,5183.68365479,0.866079731645,1.0,18942.4521214,0.401274668743,0.441299877169,0.00593909438776,0.171019566334,0.397093826956,1.0,1.0,0.867117745536,41.671875,0.604910714286,19006.5743234,4553103.35401,1121589167.51,17.0089285714,-0.850446428571,4212.26116071,8.04810837261e-06,Class 4
0.398786272321,2088.12946429,1482265.27936,7163.56280518,0.87054374059,1.0,25325.9298595,0.423980243689,0.460785499597,0.00599047602439,0.167362789965,0.446856461815,1.0,1.0,0.871547154018,54.1450892857,0.508928571429,25414.1920689,6189680.46526,1538415113.66,16.4419642857,2.26785714286,5832.36160714,7.77983809352e-06,Class 4
0.324926259566,4716.29241071,897002.35665,6083.62872314,0.707607414091,1.0,19318.8984179,0.455487777095,0.543478869986,0.00451854783662,0.262442465217,0.106981783015,1.0,1.0,0.70987374442,47.4832589286,0.479910714286,19402.2356655,4329042.90824,1023468250.33,37.1361607143,0.425223214286,3672.22767857,1.75717032802e-05,Class 4
0.293726084184,5688.35267857,878265.219068,6407.60894775,0.647343293331,1.0,19708.7711065,0.461720400008,0.567874957529,0.00418433364557,0.281895783798,0.0512518639777,1.0,1.0,0.650076729911,50.1763392857,0.428571428571,19798.0919015,4306162.93113,1001984519.67,44.7901785714,0.283482142857,3528.21875,2.11933520479e-05,Class 4
0.342922911352,3852.23883929,1961439.2229,10043.3870239,0.761175521433,1.0,35393.6888281,0.453746576941,0.525095273663,0.00491091669822,0.238748309871,0.192163495919,1.0,1.0,0.763026646205,77.5323660714,0.491071428571,35529.3575963,8534787.70896,2105592891.82,30.3325892857,1.55915178571,7920.49107143,1.43524599312e-05,Class 4
0.725546077806,1080.06696429,2238625.47924,14111.1387329,0.933039865822,1.0,55555.6880745,0.232373063343,0.25227204191,0.00677521374761,0.106712559928,0.431492631234,1.0,1.0,0.933558872768,111.691964286,0.845982142857,55652.4703892,13997723.1492,3537788994.38,8.50446428571,-0.566964285714,13644.8459821,4.0240541863e-06,Class 4
0.329629703444,3708.22991071,1829037.65495,9143.44195557,0.770103539323,1.0,32091.4169317,0.462310179122,0.531138539188,0.00498503081653,0.234157875728,0.219112575772,1.0,1.0,0.77188546317,70.7287946429,0.441964285714,32217.5774623,7711931.93183,1898922244.36,29.1986607143,1.27566964286,7128.44196429,1.3815919373e-05,Class 4
0.274842554209,5580.34598214,1270456.33258,7739.52764893,0.654039306749,1.0,25050.4933783,0.476235714483,0.580358571606,0.00421586328623,0.280086884578,0.068997479796,1.0,1.0,0.656720842634,60.5234375,0.350446428571,25161.7777972,5682168.82132,1353209912.79,43.9397321429,0.425223214286,4896.30357143,2.07909466292e-05,Class 4
0.330845424107,4320.26785714,1917376.1802,9971.39141846,0.732159463289,1.0,35283.5335791,0.456509758834,0.53712663585,0.00468725087691,0.252375401804,0.143044181457,1.0,1.0,0.734235491071,78.2410714286,0.482142857143,35421.3066057,8447919.38665,2075983641.13,34.0178571429,0.283482142857,7776.48214286,1.60962167452e-05,Class 4
0.274842554209,5580.34598214,1270456.33258,7739.52764893,0.654039306749,1.0,25050.4933783,0.476235714483,0.580358571606,0.00421586328623,0.280086884578,0.068997479796,1.0,1.0,0.656720842634,60.5234375,0.350446428571,25161.7777972,5682168.82132,1353209912.79,43.9397321429,0.425223214286,4896.30357143,2.07909466292e-05,Class 4
0.542879065689,684.042410714,2449595.33559,11447.3013306,0.957591915021,1.0,44634.4608017,0.325417738042,0.337539294259,0.00711690163126,0.0762322622898,0.725693200827,1.0,1.0,0.95792061942,89.4386160714,0.683035714286,44745.1848842,11277725.7889,2853337287.56,5.38616071429,0.708705357143,11016.6830357,2.54856765133e-06,Class 4
0.389479033801,3132.19419643,967810.342455,5903.63970947,0.805815610885,1.0,19328.8546284,0.43127788914,0.488477009607,0.00530639959841,0.213781864744,0.264260574082,1.0,1.0,0.807320731027,44.3649553571,0.553571428571,19402.4305594,4530223.37689,1100105436.85,24.6629464286,2.12611607143,4068.25223214,1.16697571403e-05,Class 4
0.389479033801,3132.19419643,967810.342455,5903.63970947,0.805815610885,1.0,19328.8546284,0.43127788914,0.488477009607,0.00530639959841,0.213781864744,0.264260574082,1.0,1.0,0.807320731027,44.3649553571,0.553571428571,19402.4305594,4530223.37689,1100105436.85,24.6629464286,2.12611607143,4068.25223214,1.16697571403e-05,Class 4
0.305036272321,4680.29017857,1758356.82839,9395.42657471,0.709839418563,1.0,32193.6735007,0.468570066686,0.555683746604,0.004533105967,0.261580558742,0.124626411533,1.0,1.0,0.712088448661,72.8549107143,0.428571428571,32325.4512765,7615908.91901,1858861325.49,36.8526785714,1.13392857143,6912.42857143,1.74375681407e-05,Class 4
0.384367028061,2664.16517857,1254131.22675,6551.60015869,0.834831669028,1.0,22738.4247156,0.434363766478,0.4834304579,0.00559686154735,0.194632642384,0.342785294286,1.0,1.0,0.836111886161,50.1763392857,0.522321428571,22822.2794015,5458236.60984,1343352351.94,20.9776785714,1.41741071429,5040.3125,9.92600032622e-06,Class 4
0.479860889668,792.049107143,1439311.06827,5939.63751221,0.950895901603,1.0,24051.1286716,0.359362460365,0.367857140713,0.00702184560348,0.0850686653467,0.737989398056,1.0,1.0,0.951276506696,49.0424107143,0.589285714286,24118.4306292,6025139.0062,1517520919.32,6.23660714286,-2.26785714286,5832.36160714,2.95097306996e-06,Class 4
0.42112763074,1980.12276786,1264899.4841,6335.61334229,0.877239754008,1.0,22494.0105124,0.411505684874,0.447388919088,0.00606871624382,0.161732879579,0.452710406263,1.0,1.0,0.878191266741,48.3337053571,0.558035714286,22570.3789411,5481109.83778,1360190642.8,15.5915178571,1.55915178571,5148.31919643,7.37743267489e-06,Class 4
0.42112763074,1980.12276786,1264899.4841,6335.61334229,0.877239754008,1.0,22494.0105124,0.411505684874,0.447388919088,0.00606871624382,0.161732879579,0.452710406263,1.0,1.0,0.878191266741,48.3337053571,0.558035714286,22570.3789411,5481109.83778,1360190642.8,15.5915178571,1.55915178571,5148.31919643,7.37743267489e-06,Class 4
0.393265704719,2016.125,1676325.16289,7595.53643799,0.875007749535,1.0,27837.494202,0.42576287349,0.463079428817,0.00604248046875,0.163629201979,0.456428011621,1.0,1.0,0.8759765625,58.9642857143,0.473214285714,27934.0471191,6838826.59446,1704449018.97,15.875,0.850446428571,6480.40178571,7.51156781443e-06,Class 4
0.338069993622,3528.21875,1333320.38845,6983.5737915,0.781263561686,1.0,24308.9026363,0.458313600475,0.524163912027,0.00508117675781,0.228144150292,0.235870886547,1.0,1.0,0.782958984375,54.9955357143,0.457589285714,24406.076416,5750788.50515,1403724785.36,27.78125,0.0,5220.32366071,1.31452436753e-05,Class 4
0.816854671556,828.051339286,2170775.26602,15083.0794067,0.94866389713,1.0,58928.0672093,0.168991369082,0.183396841061,0.00699047166474,0.0879185597575,0.405131719232,1.0,1.0,0.949061802455,117.786830357,0.901785714286,59000.2970494,14880016.9229,3765941086.99,6.52008928571,0.9921875,14544.9017857,3.0851082095e-06,Class 4
0.363630022321,2808.17410714,1955451.16219,9179.4397583,0.825903651138,1.0,33211.4473476,0.445576225459,0.497589292128,0.00550468600526,0.200791369099,0.330141328753,1.0,1.0,0.827253069196,71.1540178571,0.473214285714,33333.6200823,8109668.27966,2014452704.65,22.1116071429,1.13392857143,7632.47321429,1.04625408844e-05,Class 4
0.582459741709,1800.11160714,2284315.02445,12923.2112427,0.888399776371,1.0,49768.0801707,0.322091990635,0.355689088365,0.00620223064812,0.151943275377,0.35719476436,1.0,1.0,0.889264787946,101.770089286,0.745535714286,49892.7333636,12443416.7674,3131410145.4,14.1741071429,0.0,12024.7455357,6.70675697717e-06,Class 4
0.336226482781,3348.20758929,1738940.62315,8351.49029541,0.792423584049,1.0,30012.8171648,0.459958427124,0.522443816934,0.00518121524733,0.221813773931,0.262700119642,1.0,1.0,0.79403250558,65.9095982143,0.415178571429,30129.7491978,7227367.75673,1781655172.23,26.3638392857,-0.141741071429,6696.41517857,1.24745679775e-05,Class 4
0.415547273597,2736.16964286,932535.670812,5579.65948486,0.830367660083,1.0,18650.7898941,0.417537263833,0.467682611917,0.00555046237245,0.197742731299,0.310264803853,1.0,1.0,0.831682477679,42.2388392857,0.582589285714,18718.521031,4406803.78425,1075143911.48,21.5446428571,1.70089285714,3996.24776786,1.01942706053e-05,Class 4
0.36402861926,2628.16294643,1693221.82823,7847.52105713,0.837063673501,1.0,28584.2726653,0.444813892466,0.493859015168,0.0056202946877,0.193054143046,0.358466256034,1.0,1.0,0.838326590402,61.6573660714,0.433035714286,28689.9256766,6953098.24576,1723604315.96,20.6941964286,0.141741071429,6516.40401786,9.79186518667e-06,Class 4
0.735301737883,720.044642857,2279876.99014,14147.1365356,0.955359910548,1.0,55488.6977599,0.222836909157,0.235885357963,0.00708506058673,0.0792277170095,0.587686076876,1.0,1.0,0.955705915179,110.841517857,0.850446428571,55580.5190778,14025160.224,3550562239.72,5.66964285714,0.566964285714,13716.8504464,2.68270279087e-06,Class 4
0.353415975765,2880.17857143,1694335.74271,7919.5166626,0.821439642193,1.0,28832.9764942,0.451007028657,0.504738147317,0.00545953244579,0.203779808125,0.323082947947,1.0,1.0,0.822823660714,62.6495535714,0.417410714286,28941.8792899,6985092.41836,1727667075.97,22.6785714286,-0.283482142857,6516.40401786,1.07308111635e-05,Class 4
0.325155452806,3672.22767857,1523063.5529,7703.52984619,0.772335543796,1.0,27033.0835017,0.464911169225,0.533449248595,0.00500394860092,0.232979916449,0.22536783323,1.0,1.0,0.774100167411,60.6651785714,0.408482142857,27141.8917062,6427358.21086,1573241056.4,28.9151785714,0.0,5868.36383929,1.36817842334e-05,Class 4
0.336326132015,3420.21205357,1469145.42169,7415.54742432,0.787959575104,1.0,26066.714436,0.459696961639,0.523526345089,0.00514073274574,0.224384680283,0.252335221475,1.0,1.0,0.789603097098,58.2555803571,0.435267857143,26169.9820382,6212506.449,1522735325.87,26.9308035714,0.141741071429,5688.35267857,1.27428382566e-05,Class 4
0.492018096301,1944.12053571,765322.491315,4715.71221924,0.87947175848,1.0,16004.1151918,0.374064253012,0.409045721372,0.00609510772082,0.159816463932,0.416841268937,1.0,1.0,0.880405970982,35.4352678571,0.660714285714,16054.7810756,3830820.93827,941623513.793,15.3080357143,1.70089285714,3528.21875,7.24329753535e-06,Class 4
0.428850446429,1800.11160714,1293397.54914,6119.62652588,0.888399776371,1.0,22746.9474364,0.405525885788,0.439084196878,0.00620223064812,0.151943275377,0.480154518543,1.0,1.0,0.889264787946,48.4754464286,0.5625,22822.3857073,5567971.41092,1385154453.68,14.1741071429,-0.283482142857,5256.32589286,6.70675697717e-06,Class 4
0.382463727679,2340.14508929,1533972.82651,7091.56719971,0.854919709282,1.0,26148.1530605,0.433891690245,0.477500780632,0.00581336507992,0.179839401025,0.399167777081,1.0,1.0,0.85604422433,56.2712053571,0.484375,26242.1105259,6367960.70927,1579632250.09,18.4263392857,-0.425223214286,5976.37053571,8.71878407033e-06,Class 4
0.465282206633,1512.09375,1121425.90545,5543.66168213,0.906255812151,1.0,20454.9130699,0.383340774425,0.411516156803,0.00642395019531,0.135121675094,0.525322920923,1.0,1.0,0.906982421875,43.3727678571,0.611607142857,20518.5617676,5019405.39228,1250470981.91,11.90625,0.283482142857,4752.29464286,5.63367586083e-06,Class 4
0.409159757653,1728.10714286,1650417.46892,7271.55621338,0.892863785316,1.0,27266.9704397,0.414303236915,0.446556450737,0.00625672632334,0.147877174879,0.506160443122,1.0,1.0,0.893694196429,57.2633928571,0.495535714286,27358.1177107,6729118.79007,1681228676.46,13.6071428571,0.0,6408.39732143,6.43848669809e-06,Class 4
0.864805883291,396.024553571,2176263.52238,15263.0684204,0.975447950802,1.0,60240.8034407,0.131713839295,0.137962133663,0.0073772352569,0.050059916916,0.627212627099,1.0,1.0,0.975638253348,119.487723214,0.928571428571,60296.2711007,15264027.9841,3870439484.8,3.11830357143,0.708705357143,14976.9285714,1.47548653498e-06,Class 4
0.872050382653,720.044642857,2124037.30222,15407.0596313,0.955359910548,1.0,60855.0186709,0.125223804857,0.138662643949,0.00708506058673,0.0792277170095,0.249821537423,1.0,1.0,0.955705915179,121.330357143,0.933035714286,60908.1938825,15378306.3846,3894240221.6,5.66964285714,0.0,15048.9330357,2.68270279087e-06,Class 4
0.926169882015,252.015625,2127123.06165,15659.0442505,0.984375968692,1.0,62279.8423404,0.081243661946,0.0858777747822,0.00751113891602,0.0349541206155,0.553122654878,1.0,1.0,0.984497070312,123.172991071,0.962053571429,62312.1657715,15794318.3676,4007446819.23,1.984375,0.141741071429,15516.9620536,9.38945976804e-07,Class 4
0.371641820791,2520.15625,1589826.99688,7595.53643799,0.843759686919,1.0,27042.9687934,0.440552435454,0.486893563817,0.00569152832031,0.188222739133,0.375384989297,1.0,1.0,0.844970703125,58.3973214286,0.462053571429,27142.0334473,6573671.27897,1628977192.05,19.84375,1.41741071429,6156.38169643,9.38945976804e-06,Class 4
0.671426578444,1332.08258929,2262444.35068,13715.1629028,0.917415834514,1.0,53491.7116844,0.267418308479,0.292267059105,0.00656758522501,0.123794860914,0.399485430989,1.0,1.0,0.91805594308,108.1484375,0.810267857143,53600.5646275,13444573.0361,3393234248.71,10.4888392857,-0.141741071429,13068.8102679,4.96300016311e-06,Class 4
0.938805404974,324.020089286,2103761.48533,15803.0354614,0.979911959747,1.0,62789.4724437,0.0692387836074,0.0752322938707,0.0074438756826,0.0427286680802,0.326252266671,1.0,1.0,0.98006766183,124.306919643,0.96875,62816.1261509,15913174.1133,4036473390.12,2.55133928571,0.141741071429,15624.96875,1.20721625589e-06,Class 4
0.455466757015,2268.140625,851137.772074,4859.70343018,0.859383718227,1.0,17328.0869731,0.395055737673,0.43731881124,0.00586318969727,0.17636543481,0.363648517591,1.0,1.0,0.860473632812,38.6953125,0.625,17386.6599121,4127956.92802,1011867221.11,17.859375,-0.425223214286,3780.234375,8.45051379124e-06,Class 4
0.436812420281,1836.11383929,1191469.32921,5831.644104,0.886167771898,1.0,21491.4384172,0.401925631958,0.436185167041,0.0061752163634,0.153943393092,0.467005430092,1.0,1.0,0.887050083705,46.0658482143,0.580357142857,21562.4581822,5243398.34632,1302137501.02,14.4575892857,-0.141741071429,4932.30580357,6.84089211672e-06,Class 4
0.375847018495,3276.203125,1017499.37251,5795.64630127,0.796887592994,1.0,20044.7128674,0.438105669051,0.499204440508,0.00522232055664,0.219190246469,0.24565778055,1.0,1.0,0.798461914062,46.0658482143,0.535714285714,20122.3688965,4694791.83265,1139581390.41,25.796875,-0.425223214286,4212.26116071,1.22062976985e-05,Class 4
0.868313536352,684.042410714,2133182.2179,15551.0508423,0.957591915021,1.0,60673.2470556,0.129306522269,0.138785784695,0.00711690163126,0.0762322622898,0.403787017867,1.0,1.0,0.95792061942,120.905133929,0.930803571429,60728.2092983,15337164.2707,3884371233.21,5.38616071429,1.55915178571,15012.9308036,2.54856765133e-06,Class 4
0.362972337372,3348.20758929,1108495.24934,6191.62213135,0.792423584049,1.0,21262.9690566,0.445072504789,0.5075578946,0.00518121524733,0.221813773931,0.243872324016,1.0,1.0,0.79403250558,48.6171875,0.513392857143,21346.2853306,4996505.16765,1215050931.83,26.3638392857,0.141741071429,4500.27901786,1.24745679775e-05,Class 4
0.851981026786,720.044642857,2146145.1713,15191.0728149,0.955359910548,1.0,60127.5270366,0.142239308344,0.155581044486,0.00708506058673,0.0792277170095,0.345569205791,1.0,1.0,0.955705915179,119.912946429,0.921875,60188.2378278,15195448.7953,3847797251.07,5.66964285714,-0.283482142857,14868.921875,2.68270279087e-06,Class 4
0.522450972577,2016.125,598194.146118,3995.75616455,0.875007749535,1.0,13636.8230533,0.357228243844,0.39471838854,0.00604248046875,0.163629201979,0.365146823764,1.0,1.0,0.8759765625,30.8995535714,0.694196428571,13678.9172363,3218246.32693,784878202.584,15.875,0.566964285714,2916.18080357,7.51156781443e-06,Class 4
0.857511559311,288.017857143,2199915.96802,15083.0794067,0.982143964219,1.0,59843.9137004,0.134643710053,0.139774304049,0.00747742944834,0.0389032426815,0.706886982009,1.0,1.0,0.982282366071,118.495535714,0.924107142857,59900.3085589,15177173.1602,3850121113.73,2.26785714286,0.283482142857,14904.9241071,1.07308111635e-06,Class 4
0.417420679209,2340.14508929,1096704.7139,5759.64849854,0.854919709282,1.0,20554.2648098,0.415715800018,0.459384569794,0.00581336507992,0.179839401025,0.375777245535,1.0,1.0,0.85604422433,45.2154017857,0.571428571429,20626.4532994,4941671.51297,1217377080.0,18.4263392857,0.141741071429,4572.28348214,8.71878407033e-06,Class 4
0.650759327168,2772.171875,2094998.20177,14219.1321411,0.828135655611,1.0,54068.1405393,0.25706343478,0.308796670255,0.00552749633789,0.199274651709,0.0320995269255,1.0,1.0,0.829467773438,112.1171875,0.796875,54176.3522949,13407967.7724,3360718455.57,21.828125,-0.141741071429,12852.796875,1.03284057448e-05,Class 4
0.298808195153,4608.28571429,1331074.89807,7487.54302979,0.714303427509,1.0,25090.7405698,0.473092305028,0.559085727612,0.00456268933355,0.259825181013,0.135040661097,1.0,1.0,0.716517857143,58.6808035714,0.395089285714,25197.8951939,5814763.352,1402559425.77,36.2857142857,0.283482142857,5148.31919643,1.71692978616e-05,Class 4
0.395717075893,1980.12276786,1655113.19858,7379.54962158,0.877239754008,1.0,27515.0636378,0.424115118429,0.461063112653,0.00606871624382,0.161732879579,0.460917402487,1.0,1.0,0.878191266741,58.2555803571,0.479910714286,27610.0713239,6761112.96267,1685291436.47,15.5915178571,-0.141741071429,6408.39732143,7.37743267489e-06,Class 4
0.554727359694,1944.12053571,2286791.42842,12599.2310181,0.87947175848,1.0,48468.4003199,0.338504109671,0.374753063032,0.00609510772082,0.159816463932,0.350283687795,1.0,1.0,0.880405970982,99.5022321429,0.723214285714,48596.7947475,12095983.9732,3040845781.5,15.3080357143,-0.283482142857,11664.7232143,7.24329753535e-06,Class 4
0.872678172832,612.037946429,2138240.42342,15623.0464478,0.962055923966,1.0,60746.5541797,0.126611538495,0.130298395506,0.00718105082609,0.0700786052867,0.566888849501,1.0,1.0,0.962350027902,120.905133929,0.933035714286,60800.2137626,15364594.5964,3892499038.74,4.81919642857,2.12611607143,15048.9330357,2.28029737224e-06,Class 4
0.423160475128,1908.11830357,1285854.49164,6191.62213135,0.881703762953,1.0,22709.9255549,0.409603943505,0.445207721204,0.00612165489975,0.157879634843,0.459798119819,1.0,1.0,0.882620675223,48.6171875,0.558035714286,22786.3746164,5545111.68132,1377607042.44,15.0245535714,0.141741071429,5220.32366071,7.1091623958e-06,Class 4
0.394242267219,2196.13616071,1453658.39393,6839.58258057,0.863847727172,1.0,25002.0131974,0.426866389403,0.467846902316,0.00591363712233,0.172819836771,0.418886711852,1.0,1.0,0.864903041295,53.7198660714,0.508928571429,25090.1985561,6093677.69996,1512290514.2,17.2924107143,0.141741071429,5724.35491071,8.18224351215e-06,Class 4
