0.650314650225,220.580994266,651390.695165,3447.07784916,0.986324798868,1.0,13546.6606465,0.251460339396,0.255576933595,0.00754069898937,0.0313913257137,0.866192778922,1.0,1.0,0.986430795136,27.1545109026,0.779346929024,13572.2136315,3419123.25469,864847445.019,1.73685822257,-0.00882634002259,3338.3323875,8.21828555773e-07,Class 1
0.495462990035,287.82019047,1677544.85201,6762.30316939,0.982156218818,1.0,26700.9108911,0.328770268953,0.3341416759,0.00747761410173,0.0388819120533,0.868751991372,1.0,1.0,0.982294525685,53.2651002302,0.571667318217,26767.5219019,6761988.11473,1712798786.44,2.26630071236,-0.0120672617496,6620.757634,1.07234466071e-06,Class 1
0.606558238445,176.934191208,854212.359575,4154.46485088,0.989030738301,1.0,16414.2650705,0.270118636303,0.273420092776,0.00758193980982,0.0262368021937,0.896912063877,1.0,1.0,0.989115760875,32.7293100078,0.736803926679,16447.509955,4154945.37711,1052438486.38,1.39318260794,-0.0129636869082,4068.15527539,6.59211693697e-07,Class 1
0.663084706183,288.62586982,584526.89224,3216.71692968,0.982106269695,1.0,12554.013425,0.248790521969,0.254177400326,0.00747686149328,0.0389688313102,0.82865137551,1.0,1.0,0.982244963717,25.330285705,0.791601511598,12577.5763696,3157861.35769,797393914.631,2.27264464425,0.0013101598471,3072.63334962,1.07534641659e-06,Class 1
0.650314650225,220.580994266,651390.695165,3447.07784916,0.986324798868,1.0,13546.6606465,0.251460339396,0.255576933595,0.00754069898937,0.0313913257137,0.866192778922,1.0,1.0,0.986430795136,27.1545109026,0.779346929024,13572.2136315,3419123.25469,864847445.019,1.73685822257,-0.00882634002259,3338.3323875,8.21828555773e-07,Class 1
0.606558238445,176.934191208,854212.359575,4154.46485088,0.989030738301,1.0,16414.2650705,0.270118636303,0.273420092776,0.00758193980982,0.0262368021937,0.896912063877,1.0,1.0,0.989115760875,32.7293100078,0.736803926679,16447.509955,4154945.37711,1052438486.38,1.39318260794,-0.0129636869082,4068.15527539,6.59211693697e-07,Class 1
0.589039755868,190.000208496,939310.791605,4445.7171279,0.988220693832,1.0,17553.7025929,0.279383259303,0.282929308948,0.00756957004332,0.0278077154653,0.893582962772,1.0,1.0,0.988311995048,35.0054024411,0.718476891669,17590.5566381,4443602.39974,1125542195.84,1.49606463383,0.00455108157415,4350.68600578,7.07892343419e-07,Class 1
0.720864483503,144.566899053,2386266.83947,13528.1613383,0.991037390015,1.0,53890.3844374,0.210031696879,0.212729269604,0.00761267066674,0.0222275832557,0.890650798519,1.0,1.0,0.991106859064,106.544129528,0.834448570932,53973.1921374,13689991.9833,3474713198.64,1.13832203979,-0.0100675440883,13458.8210006,5.38619413955e-07,Class 1
0.495462990035,287.82019047,1677544.85201,6762.30316939,0.982156218818,1.0,26700.9108911,0.328770268953,0.3341416759,0.00747761410173,0.0388819120533,0.868751991372,1.0,1.0,0.982294525685,53.2651002302,0.571667318217,26767.5219019,6761988.11473,1712798786.44,2.26630071236,-0.0120672617496,6620.757634,1.07234466071e-06,Class 1
0.783037339289,41.7376932934,2326757.92249,14156.8466544,0.997412418271,1.0,56522.1540902,0.167721009208,0.168498499499,0.0077111360039,0.00781708017277,0.954808148355,1.0,1.0,0.997432474576,111.49343074,0.87660715837,56589.9570274,14367665.4766,3648489597.46,0.328643254279,-0.00848156111545,14138.7968574,1.55504005749e-07,Class 1
0.606848722954,372.328948397,777514.157353,3958.09591442,0.97691699018,1.0,15440.2193414,0.28131441217,0.288261936313,0.00739909688196,0.0476906861745,0.809738238091,1.0,1.0,0.977095906226,31.196009252,0.742819911389,15473.2942452,3882700.78011,980142253.588,2.93172400313,-0.0260652853792,3775.72870081,1.38720275041e-06,Class 1
0.931193738823,16.4288528364,2153764.8598,15560.7453248,0.998981472236,1.0,62199.5057457,0.0688132697289,0.0691196990278,0.0077355655721,0.0034897672582,0.954213416256,1.0,1.0,0.998989366828,122.538698853,0.964362349057,62225.5717401,15802236.9943,4013256403.43,0.129361045956,0.00193076187994,15554.2003279,6.12097177477e-08,Class 1
0.658434096453,221.929631439,621222.464561,3332.98317147,0.986241188379,1.0,13090.0961444,0.247440796994,0.251582578008,0.00753942833911,0.0315465762343,0.863407426869,1.0,1.0,0.986347832712,26.2558102033,0.786381504648,13114.3812078,3302669.7375,835248327.098,1.74747741291,-0.00861947267831,3223.5230801,8.26853234095e-07,Class 1
0.486658231221,386.007982582,1715308.55028,6924.59255975,0.976068940943,1.0,27232.2509884,0.338415714453,0.345619282846,0.00738646834092,0.0490633111811,0.835036158168,1.0,1.0,0.976254430205,54.5116828468,0.55880787942,27302.5201676,6885402.53425,1742561034.21,3.03943293372,0.0193765745808,6729.97973026,1.43816734482e-06,Class 1
0.455939008384,781.561513987,1853722.92705,7544.2939051,0.951546093367,1.0,29324.2762713,0.369737533012,0.384323820332,0.00703101424096,0.0842298507441,0.719544538405,1.0,1.0,0.951921658834,59.4362289332,0.507769741986,29408.3282639,7370021.95243,1859269265.83,6.15402766919,-0.0250309486578,7157.62031752,2.91189897128e-06,Class 1
0.574692990092,437.536431457,910406.257883,4437.53873734,0.972874368788,1.0,17274.3773134,0.300094954037,0.308261073085,0.00733909887665,0.0541174454188,0.793602933806,1.0,1.0,0.973084619128,34.9483760099,0.711252280427,17314.0545522,4341945.82543,1095731976.04,3.44516875163,-0.00282718703849,4219.67553753,1.63014921008e-06,Class 1
0.495462990035,287.82019047,1677544.85201,6762.30316939,0.982156218818,1.0,26700.9108911,0.328770268953,0.3341416759,0.00747761410173,0.0388819120533,0.868751991372,1.0,1.0,0.982294525685,53.2651002302,0.571667318217,26767.5219019,6761988.11473,1712798786.44,2.26630071236,-0.0120672617496,6620.757634,1.07234466071e-06,Class 1
0.658434096453,221.929631439,621222.464561,3332.98317147,0.986241188379,1.0,13090.0961444,0.247440796994,0.251582578008,0.00753942833911,0.0315465762343,0.863407426869,1.0,1.0,0.986347832712,26.2558102033,0.786381504648,13114.3812078,3302669.7375,835248327.098,1.74747741291,-0.00861947267831,3223.5230801,8.26853234095e-07,Class 1
0.592990870945,114.791792633,950853.736681,4454.17572027,0.992883335857,1.0,17674.7704669,0.271871076547,0.274011289537,0.0076410515283,0.0183652772534,0.929833226885,1.0,1.0,0.992938497008,35.0938037529,0.720112283902,17710.6673953,4483657.77392,1136928223.89,0.903872382938,-0.0172389453566,4399.51718031,4.27684957482e-07,Class 1
0.619598670404,210.685150074,780249.779449,3910.25145403,0.986938304397,1.0,15409.3671637,0.266059796386,0.269990454329,0.00755002927529,0.0302451742921,0.878277231667,1.0,1.0,0.987039545394,30.8125461515,0.750850273651,15440.1627549,3894809.61009,985823897.858,1.65893818956,-0.0193765745808,3807.8507862,7.84959162886e-07,Class 1
0.649027404282,149.751270524,679547.083299,3524.41355088,0.990715978269,1.0,13934.394148,0.247444252385,0.250235853781,0.00760773994385,0.0228819738457,0.903527919157,1.0,1.0,0.990787938575,27.7786986361,0.776627790809,13960.0917121,3526631.38836,893294822.165,1.17914386239,-0.0239966119364,3453.01909152,5.57935060494e-07,Class 1
0.586884048784,192.014406872,950284.784223,4480.44464069,0.988095821025,1.0,17698.1509756,0.280542836476,0.284126002104,0.00756766500021,0.0280476591605,0.893091677135,1.0,1.0,0.988188090128,35.2946719442,0.716136738772,17735.4732679,4480153.21929,1134793057.88,1.51192446356,-0.0112397923725,4386.41613348,7.15396733122e-07,Class 1
0.60550574341,210.545031926,845899.843274,4138.30070851,0.986946991201,1.0,16315.2435355,0.272886056147,0.276815059842,0.00755016146999,0.0302288559052,0.881096568622,1.0,1.0,0.987048164867,32.6009832986,0.736772435062,16348.7171664,4125586.02595,1044439760.74,1.65783489705,-0.0119293501868,4035.05236296,7.84437118385e-07,Class 1
0.577787551456,269.779978933,966638.049171,4560.56484798,0.983274644827,1.0,17942.5042177,0.289822224307,0.294856278646,0.00749448640699,0.036919156714,0.860482104645,1.0,1.0,0.983404282792,35.9327887455,0.708701459474,17981.8311486,4532850.47448,1146923519.29,2.12425180262,-0.0184111936409,4428.57418122,1.0051314312e-06,Class 1
0.52626078538,255.557986926,1343047.3565,5727.46531832,0.984156355429,1.0,22613.0397797,0.312863491492,0.317631208218,0.00750781523941,0.035348626286,0.876154218132,1.0,1.0,0.984279159269,45.1279042872,0.636739857528,22666.5971411,5724513.59013,1449816632.78,2.01226761359,-0.0242034792807,5603.46485101,9.52143914346e-07,Class 1
0.602390292431,200.894394492,865103.869721,4199.08699037,0.987545294824,1.0,16571.3825649,0.273750781616,0.277498572151,0.00755927205542,0.0290987120805,0.886319064405,1.0,1.0,0.987641831047,33.0874663365,0.733241030319,16605.470782,4192022.76213,1061469251.34,1.58184562592,-0.019721353488,4101.6610275,7.48481303376e-07,Class 1
0.637784647213,180.83998458,713544.982711,3661.60736594,0.98878859364,1.0,14445.9606175,0.255172090776,0.258546092709,0.00757823999611,0.0267090603888,0.889230020926,1.0,1.0,0.988875493075,28.8507541699,0.767222656589,14473.5402057,3653091.98848,924912593.831,1.42393688646,-0.0156529623838,3573.62578729,6.73763684163e-07,Class 1
0.563089751059,85.7873360264,1150664.55768,5079.93642993,0.994681504276,1.0,20197.5757929,0.283243739259,0.284843270214,0.00766880022552,0.0143997717265,0.947542695505,1.0,1.0,0.994722727853,40.0169707237,0.682246329598,20240.3329751,5129835.96717,1301515028.67,0.675490834854,-0.0125499522196,5039.26161389,3.19621745766e-07,Class 1
0.618289167935,86.9082812093,833604.693013,4052.45387658,0.994612009844,1.0,16096.7164906,0.257464470955,0.259085690048,0.00766772593478,0.0145574663071,0.942048694705,1.0,1.0,0.994653772071,31.9221136304,0.745950612458,16127.5305551,4085106.08607,1036151889.73,0.684317174876,-0.00910216314829,4010.65429046,3.23798101774e-07,Class 1
0.608802092535,343.622242855,779329.064738,3954.75100522,0.978696699141,1.0,15453.2499375,0.278921710567,0.285333937224,0.0074256721131,0.0447644445937,0.821180419024,1.0,1.0,0.978861820691,31.1644964599,0.743957953262,15485.9944219,3889571.28106,982350093.057,2.70568695161,-0.0208936017722,3786.07992898,1.28024888325e-06,Class 1
0.643471528901,73.2117322561,727893.992581,3674.40908649,0.995461144931,1.0,14606.9281828,0.244027511766,0.245390286251,0.00768086277003,0.0126021593223,0.947750205687,1.0,1.0,0.995496325526,28.9534293285,0.769750673269,14633.3210214,3707339.24379,940425844.504,0.576470332725,-0.0175147684823,3640.47965859,2.72768251797e-07,Class 1
0.582387757948,758.809829728,747487.149411,3996.57112653,0.95295661316,1.0,15188.8472863,0.308218777647,0.322381110325,0.00705095001782,0.0823963744694,0.674232723512,1.0,1.0,0.953321245711,31.469212058,0.728687776909,15225.5833141,3770715.07984,945468385.847,5.97488054904,0.00372361219703,3617.18501651,2.82713199542e-06,Class 1
0.627125517635,287.942793849,720101.572256,3723.54948029,0.982148617864,1.0,14587.7567772,0.26692693624,0.272299674584,0.00747749956933,0.0388951428811,0.840403675183,1.0,1.0,0.982286983646,29.3444086092,0.760015420033,14617.1829982,3675976.30377,928998028.655,2.2672660933,-0.0215142038051,3582.76849644,1.07280144965e-06,Class 1
0.648836513238,223.646078751,655947.729497,3464.29274835,0.986134775031,1.0,13616.3865958,0.252389024574,0.256562005247,0.00753781146387,0.0317438443697,0.865175610424,1.0,1.0,0.986242244171,27.2982837069,0.77811984189,13642.1761458,3436503.47028,869212329.709,1.76099274607,-0.0170320780123,3355.0589914,8.33248279233e-07,Class 1
0.736910492867,267.485544262,376353.683751,2323.50358491,0.983416891242,1.0,9019.05172504,0.208204448596,0.213196225523,0.00749663510445,0.036667200562,0.810217267454,1.0,1.0,0.983545426657,18.3105182,0.847530622882,9033.11353808,2260307.338,569770064.387,2.10618538789,-0.0129636869082,2191.69303927,9.96582952498e-07,Class 1
0.691351381996,251.459531101,504321.330037,2876.14913273,0.984410444445,1.0,11244.9420437,0.232100681918,0.236792161754,0.00751166081672,0.0348920663541,0.838286504357,1.0,1.0,0.984531278845,22.672040331,0.813684736339,11264.5201987,2829084.56905,714488982.102,1.97999630788,-0.0224106289636,2753.61935649,9.36874112691e-07,Class 1
0.611001989849,115.650016289,857155.877636,4142.34612226,0.992830129182,1.0,16429.1299623,0.263389372983,0.265546139901,0.00764023200112,0.0184793042866,0.927255475891,1.0,1.0,0.992885702738,32.6360128355,0.739438363305,16461.4049975,4166255.67583,1056299213.2,0.910630049518,-0.0151013161324,4086.94862197,4.30882480051e-07,Class 1
0.58684173135,731.66193858,737196.223527,3949.12945625,0.954639681427,1.0,15030.7499047,0.305148994447,0.318804642287,0.00707481926138,0.0801833512086,0.681344862525,1.0,1.0,0.954991268542,31.1029189471,0.732413560942,15066.6771982,3733802.34294,936530834.176,5.76111762662,-0.00358570063418,3584.23973699,2.72598587334e-06,Class 1
0.606848722954,372.328948397,777514.157353,3958.09591442,0.97691699018,1.0,15440.2193414,0.28131441217,0.288261936313,0.00739909688196,0.0476906861745,0.809738238091,1.0,1.0,0.977095906226,31.196009252,0.742819911389,15473.2942452,3882700.78011,980142253.588,2.93172400313,-0.0260652853792,3775.72870081,1.38720275041e-06,Class 1
0.592527965513,591.351128269,761950.112812,3985.24046553,0.963338429742,1.0,15317.6870648,0.297633692863,0.308670543733,0.00719959600193,0.0682679265479,0.72908855884,1.0,1.0,0.963622592995,31.3903955999,0.73449960907,15353.0081809,3824341.02694,961788483.121,4.6563080966,-0.00668871079837,3690.90467705,2.2032235611e-06,Class 1
0.604956532342,279.360557293,821487.627502,4077.61950234,0.982680684607,1.0,16010.3013834,0.277337873606,0.282549871305,0.00748552119826,0.0379654938831,0.850153091866,1.0,1.0,0.982814926348,32.1362902876,0.738298149596,16043.8666348,4039421.33274,1021445758.99,2.1996894275,-0.0250999044392,3941.62858787,1.04082622396e-06,Class 1
0.624344389469,292.198882591,730218.921023,3760.97393558,0.981884756194,1.0,14735.1938174,0.268539179627,0.27399067595,0.0074735247781,0.0393535585604,0.839324768184,1.0,1.0,0.982025167163,29.6440214795,0.757524324559,14765.1115218,3713007.44725,938334739.366,2.30077860308,-0.0264100642863,3618.6912866,1.08865855137e-06,Class 1
0.588600627995,313.129030927,889045.129954,4322.07807578,0.980587164853,1.0,16938.8596248,0.287137022908,0.292981227531,0.00745400962742,0.0415836155976,0.839426979295,1.0,1.0,0.980737633432,34.0374011815,0.722281947702,16975.7436758,4271816.00063,1079925922.76,2.46558292068,-0.00110329250282,4166.18543458,1.16663894871e-06,Class 1
0.57237267569,513.743189123,890810.293585,4396.03384307,0.968149833284,1.0,17046.199632,0.304562455302,0.314149277309,0.00726962761693,0.0612887633957,0.766035351603,1.0,1.0,0.968396703425,34.6497285205,0.711241421249,17086.1535354,4274386.65121,1077344316.22,4.0452219616,-0.0310301016419,4143.64392755,1.91407616309e-06,Class 1
0.931193738823,16.4288528364,2153764.8598,15560.7453248,0.998981472236,1.0,62199.5057457,0.0688132697289,0.0691196990278,0.0077355655721,0.0034897672582,0.954213416256,1.0,1.0,0.998989366828,122.538698853,0.964362349057,62225.5717401,15802236.9943,4013256403.43,0.129361045956,0.00193076187994,15554.2003279,6.12097177477e-08,Class 1
0.715780863095,237.762982148,438018.791191,2589.09988298,0.985259579532,1.0,10109.5315709,0.218317942804,0.222754753245,0.00752452691505,0.0333528704466,0.83666284935,1.0,1.0,0.985373832299,20.4036709452,0.831970506472,10126.0268727,2541664.08581,641709500.415,1.87214946573,-0.014549669881,2472.38471896,8.85844262713e-07,Class 1
0.494247407182,702.920203501,1345456.66943,5903.22190855,0.956421562089,1.0,22843.0678682,0.349184677508,0.362303787677,0.00710018634321,0.0778094104691,0.72984745169,1.0,1.0,0.956759337875,46.477920576,0.612241551559,22904.9588232,5728252.7122,1443553469.05,5.53480475198,0.00986067674398,5551.2358114,2.61890149506e-06,Class 1
0.608467995296,199.87853792,835831.469504,4099.12499186,0.987608274152,1.0,16173.6084511,0.270757872073,0.274486741172,0.00756023171523,0.0289790244088,0.885651947005,1.0,1.0,0.987704322224,32.2999913127,0.739473112675,16206.4985436,4090819.02918,1035781463.18,1.57384675528,-0.0194455303623,4002.15962775,7.44696480743e-07,Class 1
0.631553861463,169.157634002,743481.859923,3765.47467728,0.989512855921,1.0,14871.6755268,0.257443454244,0.260599455691,0.00758931171164,0.0252894797387,0.896374015232,1.0,1.0,0.989594141609,29.6679491356,0.761150204153,14900.3065242,3762967.25899,953007550.835,1.33194987403,-0.0148944487881,3683.25072322,6.30238223889e-07,Class 1
0.72080817806,29.0044566067,477957.288158,2680.8484657,0.99820183158,1.0,10688.3369126,0.200421348384,0.200952101829,0.00772341724851,0.00571681537802,0.972502454128,1.0,1.0,0.998215769156,21.1303959256,0.832719789766,10703.916268,2714944.77209,689085910.865,0.228381548084,-0.018755972548,2669.05805425,1.08063211717e-07,Class 1
0.519820478365,221.106437321,1430077.36241,5983.77993117,0.986292223353,1.0,23647.9712567,0.313501496107,0.317626675892,0.00754020390485,0.0314518396213,0.891020040305,1.0,1.0,0.986398472114,47.1024530884,0.622260229346,23703.9960724,5992370.98047,1518403688.63,1.74099556946,0.019721353488,5871.45832356,8.23786222652e-07,Class 2
0.795126607534,75.6813146121,2306514.88251,14308.610964,0.995308040012,1.0,57087.0677919,0.163651412253,0.165062804379,0.00767849244262,0.0129594937144,0.921888738381,1.0,1.0,0.99534440732,112.670230106,0.884821040744,57153.753934,14506551.3029,3683217152.64,0.595915863087,0.00986067674398,14271.2785662,2.81969286128e-07,Class 2
0.475424152219,415.450308401,1973635.15908,7805.84478943,0.974243626262,1.0,30718.950582,0.345017755064,0.352771141772,0.00735936331898,0.0519729112118,0.827251655149,1.0,1.0,0.974443263509,61.4549094345,0.503224090001,30799.8029966,7769919.47587,1966739816.78,3.27126227087,0.0159977412909,7597.04834398,1.5478619456e-06,Class 2
0.584196033473,140.801223829,988683.907013,4590.93171999,0.991270847872,1.0,18176.2045858,0.278082797351,0.280708819044,0.00761625412826,0.0217491084387,0.917859477905,1.0,1.0,0.991338507392,36.1360703892,0.711099166015,18214.0642736,4608210.33099,1168143275.95,1.10867105377,0.0174458127009,4518.88032751,5.24589467989e-07,Class 2
0.744672976342,194.519018765,374394.305226,2289.30145052,0.987940544404,1.0,8940.68020099,0.20009683793,0.203725993752,0.0075652968003,0.0283452214688,0.851470895297,1.0,1.0,0.988034017054,18.0109742855,0.852151203197,8953.9304765,2249460.54599,568191591.46,1.53164581704,0.0172389453566,2190.13422487,7.24728278578e-07,Class 2
0.580181944865,244.366049865,964467.249807,4549.21667436,0.984850213896,1.0,17904.0288111,0.287137457577,0.291696992835,0.00751832139198,0.0340975313179,0.87093924119,1.0,1.0,0.984967639649,35.8059790635,0.710487794284,17942.8336848,4526172.50275,1145637168.8,1.92414212492,0.0190317956737,4425.17631613,9.10445609825e-07,Class 2
0.57955677398,279.413101598,952322.432972,4522.66755212,0.982677427055,1.0,17760.0487392,0.289551732074,0.294764848237,0.00748547205933,0.0379712073726,0.856069168644,1.0,1.0,0.982811694045,35.5917334506,0.711088306837,17798.9632521,4485181.78036,1134661100.51,2.20010316219,0.0242034792807,4380.44359743,1.04102199065e-06,Class 2
0.712300960596,179.088507732,462614.190351,2676.55787537,0.98889717869,1.0,10504.1763362,0.216827480384,0.220169279615,0.00757989887877,0.0264975724736,0.871920106448,1.0,1.0,0.988983236483,21.06592227,0.828574841456,10521.0836294,2649452.15425,670031996.955,1.41014573017,0.0119293501868,2585.82787442,6.672381279e-07,Class 2
0.545268732736,244.926522457,1191741.24879,5266.84855504,0.98481546668,1.0,20767.5337623,0.30348217091,0.30805272475,0.00751779490438,0.0341605121542,0.877157770803,1.0,1.0,0.984933161758,41.4620080792,0.665934758058,20815.1824504,5255633.04902,1330899713.2,1.92855529494,0.0143428025367,5143.21176483,9.12533787829e-07,Class 2
0.678185063453,313.759562592,2408514.18738,13129.1364371,0.980548074235,1.0,52105.6413134,0.242207445949,0.248063290495,0.00745342253983,0.0416501880822,0.810883769079,1.0,1.0,0.980698845805,103.384851446,0.804327382504,52199.2836631,13217964.7656,3352097759.41,2.47054773695,0.00689557814265,12972.9963524,1.16898814897e-06,Class 2
0.584987566272,282.565759925,921088.179932,4419.74592191,0.982481973966,1.0,17351.5336395,0.287146409304,0.292419573295,0.00748252433027,0.0383135230577,0.85338727388,1.0,1.0,0.98261775591,34.7912947398,0.717293241248,17389.2377561,4380717.61686,1108078004.77,2.22492724351,0.0141359351924,4277.21155199,1.05276799192e-06,Class 2
0.518495847701,197.969428156,1461609.3841,6069.34656129,0.987726631856,1.0,24017.6932494,0.312481276617,0.316175719007,0.00756203554924,0.0287537127198,0.900668236057,1.0,1.0,0.98782176254,47.7860117496,0.617595126401,24074.3381591,6089369.76136,1543412902.47,1.55881439493,0.00999858830684,5969.83877813,7.37583624416e-07,Class 2
0.513619458049,229.933880636,1490207.34528,6170.37682923,0.985744954703,1.0,24377.8127696,0.316891901079,0.321179916832,0.00753189144381,0.032463437871,0.888413589776,1.0,1.0,0.985855445335,48.5614195118,0.610498653462,24436.2323868,6177226.7544,1565211841.55,1.81050299713,0.0302026322648,6052.33333768,8.56675026217e-07,Class 2
0.704298366147,145.75790331,494423.308983,2799.0586076,0.990963552182,1.0,11026.0964198,0.218908268687,0.22162769883,0.00761153764743,0.0223783567691,0.894129290149,1.0,1.0,0.991033593546,22.029717227,0.82201915559,11043.9618348,2786486.9941,705374096.029,1.14770002606,0.0128257753453,2724.89513617,5.43056792214e-07,Class 2
0.526886861751,204.554981105,1372029.63175,5801.26347209,0.98731835207,1.0,22940.8376947,0.309164835991,0.312982010746,0.00755581499912,0.0295288437121,0.896794049595,1.0,1.0,0.987416647324,45.672792872,0.634030492572,22994.3694925,5814238.4341,1473427665.09,1.61066914256,0.0120672617496,5698.1672042,7.62119715965e-07,Class 2
0.548139498253,352.782466771,1112174.42657,5058.23830167,0.978128799332,1.0,19826.6145821,0.308482320197,0.31506614755,0.00741718128205,0.045705120911,0.833590703096,1.0,1.0,0.978298322664,39.8197571888,0.67552232647,19873.1656944,5002681.17678,1264914923.5,2.77781469898,0.0137911562853,4880.71792959,1.31437754251e-06,Class 2
0.635821232102,185.218676701,720040.576285,3690.39810272,0.988517131017,1.0,14541.9084802,0.256434627597,0.259890750124,0.00757409440169,0.0272357687073,0.8873585774,1.0,1.0,0.988606134553,29.0489330857,0.765526452958,14569.8240167,3676990.61505,930911873.703,1.45841477717,0.0128947311267,3596.60516354,6.90077574821e-07,Class 2
0.50720304294,531.310501911,1335989.18757,5810.40505639,0.967060725238,1.0,22649.2651755,0.336215425006,0.346131710335,0.00725371192757,0.0628955332722,0.780560319708,1.0,1.0,0.967316037038,45.7519541091,0.623277734341,22707.8229325,5699972.34517,1439137569.09,4.18354725914,0.00489586048128,5544.8429209,1.97952749241e-06,Class 2
0.559428287441,159.664629485,1136293.31307,5066.5217679,0.990101386889,1.0,20048.7812527,0.291044719912,0.294020667372,0.00759832059164,0.0241198273668,0.912201048905,1.0,1.0,0.990178110883,39.8716119364,0.6811006863,20092.6225026,5082939.70747,1288412984.34,1.25720180697,0.027168577882,4983.86240118,5.94869708943e-07,Class 2
0.555733774709,409.232565589,1033739.95618,4832.09792207,0.974629103187,1.0,18861.6052585,0.307813505355,0.315449945377,0.0073650787877,0.0513633930235,0.810223055536,1.0,1.0,0.974825752609,38.0267000043,0.687890930414,18905.954612,4749857.27515,1199791455.23,3.22230366606,0.0259963295978,4624.77461776,1.52469622087e-06,Class 2
0.589211433957,153.709608201,954415.262682,4483.71949944,0.990470576057,1.0,17736.7510762,0.276702920459,0.2795704637,0.00760397744395,0.023378316397,0.910881136354,1.0,1.0,0.990544438472,35.2941892538,0.717327990618,17773.53289,4494683.28102,1139101056.62,1.2103118756,0.015032360351,4405.50723113,5.72682817648e-07,Class 2
0.606295379198,131.133071627,874114.18631,4208.70141524,0.991870237345,1.0,16664.3176706,0.266870711709,0.269317201233,0.00762546225836,0.0205079426222,0.919747957171,1.0,1.0,0.991933251007,33.1313911693,0.735057770828,16697.5431746,4224265.21921,1070783096.78,1.03254387108,0.0120672617496,4142.12014269,4.88568397417e-07,Class 2
0.542076488926,116.876050083,1294170.46394,5534.37124061,0.992754119648,1.0,21963.5413438,0.29556217502,0.297741518669,0.00763906140148,0.0186419007327,0.933965478966,1.0,1.0,0.992810282352,43.5666074841,0.653332681783,22012.237883,5575924.83435,1414313385.98,0.920283858918,0.0164804317609,5474.52112545,4.35450369435e-07,Class 2
0.859213335961,56.940512336,174750.341193,1198.26562236,0.996469900041,1.0,4720.99544584,0.122863862965,0.123919294486,0.00769649834884,0.0101874871075,0.921488560828,1.0,1.0,0.99649726179,9.41446388237,0.924105203718,4725.01898006,1192851.26942,302047529.542,0.448350490835,0.0218589827122,1167.16665689,2.12145834113e-07,Class 2
0.548853881475,390.52679285,1087797.63348,4995.73578368,0.975788791516,1.0,19536.978171,0.310123289692,0.317411310032,0.00738230149567,0.049513790387,0.819059018544,1.0,1.0,0.975976452211,39.3232066067,0.678262097124,19583.2047071,4924243.26649,1244384366.31,3.07501411693,0.0181353705152,4798.78384263,1.45500327998e-06,Class 2
0.544085297626,116.858535314,1277364.49616,5483.51461067,0.992755205498,1.0,21759.9339352,0.294650053821,0.296828662832,0.00763907812306,0.0186395803911,0.933801101596,1.0,1.0,0.992811359786,43.1645263226,0.656499218139,21808.0232978,5524059.7442,1401140745.86,0.920145947355,0.0180664147337,5423.46557532,4.35385113873e-07,Class 2
0.759454039721,37.2188830249,375351.361462,2231.96515355,0.997692567698,1.0,8868.13427475,0.180490021642,0.1811737601,0.00771549218033,0.00708572656342,0.962331131722,1.0,1.0,0.99771045257,17.5551076145,0.860617018504,8879.67883503,2250573.99062,571010546.577,0.293062071062,0.0215831595865,2210.88922552,1.38668070591e-07,Class 2
0.686752564346,34.3990052993,580861.349596,3110.31028936,0.997867389628,1.0,12375.7425811,0.218606428387,0.219235942874,0.00771821181245,0.0066219366779,0.970478354504,1.0,1.0,0.997883919457,24.4714414473,0.80624511337,12395.564029,3143911.93391,797949890.789,0.270858309443,0.0222037616193,3090.67356116,1.28161925007e-07,Class 2
0.594865432592,333.183440839,849146.729054,4196.75781276,0.979343866036,1.0,16410.3594052,0.285188453702,0.291406316389,0.00743536037708,0.0436842678802,0.829525529957,1.0,1.0,0.979503971405,33.0337497828,0.72956302667,16445.8970836,4134696.96121,1044776491.03,2.62349166015,0.0156529623838,4028.694502,1.24135656793e-06,Class 2
0.684783314243,100.096901876,567871.083065,3084.3741086,0.993794364422,1.0,12201.2034396,0.22566094946,0.227520671807,0.00765509756812,0.0163847058576,0.926439767809,1.0,1.0,0.993842464205,24.2581612154,0.805887846408,12221.5331046,3091369.21843,783545611.725,0.788164581704,0.0312369689862,3030.73802341,3.72935540435e-07,Class 2
0.613102266028,164.79645665,827554.027848,4063.78453759,0.989783232694,1.0,16045.798309,0.266112960174,0.269185473536,0.0075934491333,0.0247539806159,0.901936587475,1.0,1.0,0.989862422696,31.9774851229,0.743100078186,16077.7676371,4062577.71821,1029174241.53,1.29760989488,0.0247551255321,3978.74238229,6.13989588793e-07,Class 2
0.58721928661,70.9172975849,1003624.24116,4613.85573121,0.995603391346,1.0,18341.0422735,0.270686965693,0.272008564959,0.00768306564564,0.0122681497883,0.953704258962,1.0,1.0,0.995637469391,36.3212856181,0.711807184432,18378.0259602,4658727.11233,1182100490.96,0.558403917991,0.0127568195639,4577.34462471,2.64219773092e-07,Class 2
0.564170771492,219.932947833,1073105.61736,4887.94564688,0.986364975336,1.0,19283.1674041,0.293093175151,0.297197419004,0.00754130963929,0.0313166448266,0.884458304388,1.0,1.0,0.986470660197,38.4805669577,0.690185474763,19325.7902754,4880524.10978,1236030876.31,1.73175549474,0.0119293501868,4777.06552971,8.19414099955e-07,Class 2
0.775079786637,143.375894796,316028.717044,1989.52053067,0.991111227849,1.0,7796.60791774,0.179897620583,0.182572127985,0.00761380385644,0.0220765431486,0.87453735067,1.0,1.0,0.991180124582,15.6519970029,0.872311267483,7806.86057699,1964616.29185,496670184.623,1.12894405351,0.0154460950395,1916.11567197,5.34182035696e-07,Class 2
0.618406222251,255.873252758,768847.626814,3890.95255383,0.98413681012,1.0,15268.4797382,0.26941207825,0.274186732771,0.00750751950935,0.03538367143,0.857308458528,1.0,1.0,0.984259765455,30.6245726913,0.750929545652,15299.4958828,3853344.94549,974563951.004,2.01475002172,0.0166183433238,3761.38410542,9.53318514474e-07,Class 2
0.650886268303,167.125920858,666663.351929,3488.5477182,0.989638814578,1.0,13750.9217993,0.247733241793,0.250850148425,0.00759123890092,0.0250403957573,0.893830515204,1.0,1.0,0.989719123963,27.4511586743,0.778668230388,13776.3472324,3477757.12374,880601390.296,1.31595213274,0.0211004691165,3402.73419121,6.22668578623e-07,Class 2
0.504258358304,243.034927461,1593922.38704,6487.33762303,0.984932738533,1.0,25644.5870862,0.321963959578,0.326499930221,0.00751957195126,0.0339478108271,0.884459547021,1.0,1.0,0.985049524639,51.0892005473,0.590188732517,25707.0861197,6498340.32317,1646558441.81,1.91366084615,-0.00151702719138,6366.81100578,9.05486187065e-07,Class 2
0.554426092483,235.626180393,1130474.00163,5073.12402324,0.985392053292,1.0,20006.9427388,0.298650564969,0.303047938756,0.0075265361901,0.0331108258723,0.879403463004,1.0,1.0,0.985505279257,39.9413262314,0.678196942055,20052.0714564,5062995.63221,1282122769.15,1.85532425506,0.00944694205543,4954.7353412,8.77883084072e-07,Class 2
0.538857159716,407.533633047,1148784.82556,5191.47426604,0.974734430685,1.0,20304.4346978,0.315667617279,0.323273578706,0.00736664128699,0.0511963962299,0.815241495066,1.0,1.0,0.974930263715,40.8729877943,0.665531882547,20353.3898489,5117698.92187,1293244877.94,3.20892624446,0.00979172096256,4987.10263335,1.51836643129e-06,Class 2
0.662048037504,302.234844931,583998.125205,3219.97427581,0.98126256386,1.0,12552.2714922,0.250024719872,0.255665568421,0.0074641607373,0.0404278259217,0.822438690459,1.0,1.0,0.981407797433,25.353937538,0.79099339762,12575.9810474,3155728.25624,796632722.039,2.37980192859,0.00330987750847,3068.83264486,1.12604998876e-06,Class 2
0.845730307053,79.9724328903,2244290.85169,14815.6361534,0.99504200664,1.0,59130.455892,0.133182757055,0.134675040096,0.0076743755311,0.0135752480939,0.900166401532,1.0,1.0,0.995080435969,116.678284901,0.916247502389,59185.3041484,15021988.4784,3814060955.61,0.629704195986,-0.00537855095126,14778.155966,2.97956898972e-07,Class 2
0.701588846398,62.1949428807,525526.247979,2897.89979884,0.996144144893,1.0,11499.5070301,0.213772750688,0.21492590774,0.00769144570768,0.0109794894468,0.949063866859,1.0,1.0,0.996174031565,22.7975398532,0.818563765094,11517.5307004,2917375.97146,739965140.727,0.489723959691,0.0233760099036,2864.19008991,2.31722502902e-07,Class 2
0.685440702546,88.4145512988,569156.969526,3083.63857883,0.994518626702,1.0,12216.052689,0.2243696903,0.226016133695,0.0076662825943,0.0147687529265,0.933441273471,1.0,1.0,0.99456111274,24.2641603683,0.806202762575,12236.2626499,3096593.58626,785060874.615,0.696177569282,0.0194455303623,3037.34109113,3.2941008016e-07,Class 2
0.531896869435,201.752618148,1327765.57091,5668.32522214,0.98749208815,1.0,22405.3080625,0.306698115905,0.310460147306,0.00755846140495,0.0291997183519,0.897385507972,1.0,1.0,0.987589036777,44.609632634,0.642488706455,22457.152902,5678149.62614,1438908416.88,1.5886032925,0.0283408261663,5564.54703544,7.51678825944e-07,Class 2
0.672293994737,94.2469692034,611887.722304,3252.82793895,0.994157038487,1.0,12887.5478629,0.231531306912,0.233288333981,0.00766069641649,0.0155804234294,0.931502489263,1.0,1.0,0.99420232719,25.601281926,0.795493441056,12909.6044132,3266871.33901,828214726.872,0.742102119712,0.0146875814438,3204.23932,3.51140182516e-07,Class 2
0.868999032358,45.4333094431,2221649.75347,15017.5390757,0.997183303816,1.0,59975.0120903,0.115559512651,0.116407029779,0.00770757521784,0.00840530393612,0.930840848907,1.0,1.0,0.997205135984,118.258061854,0.92975740596,60022.2712276,15238950.429,3869722776.97,0.35774259404,0.00482690469985,14996.0572007,1.69272929464e-07,Class 2
0.582277504526,139.154835592,1000628.70134,4630.0548988,0.991372917818,1.0,18329.364294,0.278854780488,0.281447596663,0.00761782138616,0.0215390595013,0.919014190226,1.0,1.0,0.991439786196,36.435200569,0.708794848406,18367.6500976,4647427.7705,1178130437.61,1.09570736687,0.0264100642863,4557.69305447,5.18455445102e-07,Class 2
0.777987791131,136.737797541,2317990.98665,14166.250928,0.991522765187,1.0,56455.6788214,0.177811818997,0.180363877694,0.00762012284404,0.0212297295029,0.87780108964,1.0,1.0,0.9915884721,111.558524998,0.874174702459,56528.0207377,14339872.5823,3639898945.37,1.07667557119,0.000482690469985,14099.563776,5.09450177459e-07,Class 2
0.700178851841,153.184165146,2409282.67179,13285.1212866,0.990503151572,1.0,52897.1079514,0.221573767777,0.224432418464,0.0076044767825,0.0233125912851,0.890534870076,1.0,1.0,0.990576761494,104.612126444,0.81896881244,52983.2380548,13437464.9899,3410436351.46,1.20617452871,0.00799887064547,13209.1479758,5.70725150769e-07,Class 2
0.541748500166,175.235258666,1260491.45895,5453.84824321,0.989136065799,1.0,21579.0036962,0.30031036503,0.303578000387,0.00758354971774,0.0260306508539,0.907448326148,1.0,1.0,0.989220271982,42.9246291591,0.65657849014,21627.793809,5470872.2504,1386690742.8,1.37980518634,0.0243413908435,5363.81027387,6.52881904121e-07,Class 2
0.493766984817,255.925797064,1743468.51628,6960.00306448,0.984133552569,1.0,27511.488059,0.327488934264,0.332265258859,0.00750747022217,0.0353895112537,0.881068385043,1.0,1.0,0.984256533153,54.8013660846,0.56055946486,27579.7433327,6972329.25921,1766736385.39,2.01516375641,0.00855051689688,6831.81059421,9.53514281162e-07,Class 3
0.560296432529,253.105919338,1081631.73656,4926.4383716,0.984308374499,1.0,19403.719085,0.297032252199,0.30175581304,0.00751011576969,0.0350756887077,0.870982164336,1.0,1.0,0.984430000041,38.7850756885,0.686759404048,19447.2887073,4907170.8825,1242263890.82,1.99295999479,0.0105502345582,4799.15165277,9.43008135578e-07,Class 3
0.585314742832,296.770237164,913246.134136,4397.76759182,0.981601349215,1.0,17253.7422142,0.287803235652,0.293342026612,0.00746925798162,0.0398440379547,0.847186007026,1.0,1.0,0.981743956867,34.626559378,0.718150030406,17291.358011,4354054.16618,1101076885.45,2.33677352098,0.00579228563982,4249.18792242,1.10569025322e-06,Class 3
0.509257047663,126.929527191,1636579.2838,6573.30704327,0.992130841464,1.0,26107.3440713,0.311109650341,0.313478528895,0.00762946929546,0.0199623488595,0.932224064533,1.0,1.0,0.992191835188,51.7688976848,0.588436061159,26168.4351847,6630257.53498,1681935325.3,0.999445095995,-0.00420630266701,6511.18524238,4.72907062386e-07,Class 3
0.493458395303,213.645145947,1805887.12774,7143.60530561,0.986754795664,1.0,28285.2410531,0.32475184762,0.328738713335,0.00754723721331,0.0305893086697,0.897574919761,1.0,1.0,0.986857459034,56.2437831205,0.55051255321,28354.681687,7174519.81491,1818771320.26,1.68224524368,0.0119983059682,7036.13788333,7.95987352971e-07,Class 3
0.533526304691,158.10581509,1342127.09196,5690.9164937,0.990198027583,1.0,22560.2253412,0.302754800766,0.305704889567,0.00759980094432,0.0239263188333,0.91591982783,1.0,1.0,0.990274002517,44.8278087264,0.642123838068,22611.619524,5722923.51472,1450984004.48,1.24492767787,-0.0119293501868,5614.07880071,5.89061963868e-07,Class 3
0.529645755634,308.487617279,1278833.74761,5554.24805706,0.980874915234,1.0,21857.5953895,0.314557692235,0.32031525504,0.00745833271407,0.0410924907171,0.854620264202,1.0,1.0,0.981023153465,43.7421689037,0.646010337938,21909.8005444,5525578.66983,1398436884.43,2.42903635653,-0.00255136391278,5401.01164212,1.14934622462e-06,Class 3
0.540644688317,288.801017505,1201821.62154,5313.60723339,0.98209541119,1.0,20909.286654,0.308332659487,0.313722163122,0.00747669789307,0.0389877186357,0.860239967537,1.0,1.0,0.982234189376,41.8298871731,0.661677960212,20958.1675426,5286378.33868,1338001145.81,2.27402375988,0.0146875814438,5167.99516224,1.07599897222e-06,Class 3
0.614535984281,284.037000478,2474475.19783,12202.579076,0.982390762525,1.0,48433.2900553,0.272924358345,0.278225190154,0.00748114913197,0.0384729398198,0.84544514892,1.0,1.0,0.982527251447,96.1066376727,0.7479400139,48532.1285165,12290338.4907,3116974398.02,2.23651181479,-0.0115156154982,12063.5244842,1.05824945918e-06,Class 3
0.528711309857,345.128512944,2464673.28856,10605.7089162,0.978603315999,1.0,41972.3119629,0.317075745934,0.323516964367,0.0074242752228,0.0449195825226,0.840898288074,1.0,1.0,0.978769161359,83.5103471679,0.646862783425,42072.9086958,10642040.8624,2697347573.72,2.71754734602,0.00944694205543,10433.2498339,1.28586086164e-06,Class 3
0.489381212422,394.169864695,1660363.14384,6751.35778588,0.975562934613,1.0,26546.3526656,0.33763526723,0.344991910315,0.0073789439645,0.0498759161292,0.831594932974,1.0,1.0,0.975752345922,53.173664864,0.569090435236,26614.7287763,6709677.96299,1697798144.39,3.10369972201,-0.00682662236122,6555.97050539,1.46857643701e-06,Class 3
0.48250500845,397.357552558,1782195.75984,7141.7839938,0.975365309823,1.0,28096.4065709,0.340889588993,0.348305828608,0.00737600743255,0.0501920135093,0.83191884428,1.0,1.0,0.975556252918,56.2408180219,0.544840804448,28169.4631956,7104151.47751,1797936858.18,3.12879962644,0.000620602032838,6943.9051125,1.48045294941e-06,Class 3
0.504496078099,432.684840587,1433052.14803,6069.7493514,0.973175149375,1.0,23781.2392278,0.332795379261,0.340870803271,0.00734354528237,0.0536490609622,0.81481980117,1.0,1.0,0.973383068369,47.7902180523,0.61028581357,23841.7592855,6000496.839,1517056241.06,3.40696724872,0.00896425158544,5853.01527235,1.61207341923e-06,Class 3
0.491358447299,465.787753019,2356949.87176,9651.51665084,0.971122891939,1.0,38043.4679239,0.340414520804,0.349107911502,0.00731326316141,0.0568158143517,0.806677430722,1.0,1.0,0.971346717949,76.009130397,0.584057640518,38142.1001622,9628356.95721,2437942305.94,3.66762010251,-0.00358570063418,9420.26568391,1.7354064326e-06,Class 3
0.544159888437,312.095659586,1162339.65689,5200.87853955,0.980651230032,1.0,20432.8043691,0.308072649287,0.313896306958,0.00745497190202,0.0414744352689,0.850374978318,1.0,1.0,0.980801202043,40.935530688,0.667998001911,20480.5957034,5162124.86156,1306067123.46,2.45744613848,0.0213073364608,5042.76456759,1.16278887052e-06,Class 3
0.509552617078,429.479637955,1383142.16392,5917.77489046,0.973373860015,1.0,23175.1350729,0.330322929862,0.338338198083,0.00734648435054,0.0533387981981,0.814751232418,1.0,1.0,0.973580238807,46.5867327991,0.619861436886,23233.6691973,5846458.41799,1477984566.61,3.38172943272,0.0156529623838,5701.7752465,1.60013165127e-06,Class 3
0.538646666818,248.81480106,1241002.97239,5418.14002405,0.98457440787,1.0,21372.0514854,0.306775574015,0.311419368093,0.00751414343563,0.0345964804772,0.876628168531,1.0,1.0,0.984693971391,42.6636315264,0.656352619234,21421.6437815,5409171.06187,1369833278.53,1.95917166189,0.00413734688559,5293.87380332,9.27020522733e-07,Class 3
0.488763303635,389.703598732,1675110.08927,6796.12002628,0.975839826489,1.0,26728.1832316,0.337672050589,0.34494539503,0.00738306038941,0.049431834307,0.833269998462,1.0,1.0,0.976027091613,53.5237533663,0.566472287377,26797.0181209,6756543.68463,1709773315.23,3.06853227348,-0.00441317001129,6602.66487816,1.45193626854e-06,Class 3
0.493468136168,182.854182955,1853065.98557,7283.32093702,0.988663720834,1.0,28881.5238197,0.322511328935,0.325924064444,0.00757633273663,0.0269517006778,0.909943219491,1.0,1.0,0.988751588155,57.3587981062,0.542687429415,28951.8305742,7330095.79246,1858781631.84,1.43979671618,-0.00275823125706,7193.140268,6.81268073866e-07,Class 3
0.51820191295,353.325424594,1352041.57904,5792.34955176,0.978095137967,1.0,22764.5096841,0.322349067188,0.328943319696,0.00741667831787,0.0457606708046,0.840102774487,1.0,1.0,0.978264922208,45.6231447094,0.629809530015,22820.3808854,5751158.8492,1455007803.2,2.78208995743,-0.00848156111545,5617.4766658,1.31640046495e-06,Class 3
0.503755744723,126.59674659,2344499.88097,9286.93906062,0.992151472623,1.0,36941.1024501,0.313513489012,0.315874972544,0.00762978660991,0.0199189962305,0.932890965592,1.0,1.0,0.992212306435,73.1482929372,0.572046303536,37028.1645413,9388501.37146,2382491527.65,0.996824776301,-0.0137911562853,9226.53482973,4.71667206696e-07,Class 3
0.556025804562,293.302313005,1089428.97765,4963.51257463,0.981816347613,1.0,19517.8260635,0.301457325883,0.306931457617,0.00747249463187,0.0394721285721,0.855204434187,1.0,1.0,0.981957288816,39.0908945791,0.683105290592,19562.4291964,4931311.08195,1247747035.92,2.30946703154,-0.00330987750847,4817.89245504,1.09276965182e-06,Class 3
0.556567864454,262.54637955,1101624.64779,4992.05813482,0.983723101082,1.0,19658.1534677,0.299356373208,0.304256395464,0.00750126269068,0.0361229870733,0.867716073962,1.0,1.0,0.983849263069,39.3064503518,0.682361436886,19702.6739902,4970836.11078,1258281655.05,2.06729432717,0.00593019720268,4860.64600491,9.78180883836e-07,Class 3
0.715159327169,133.935434584,2394788.63109,13453.66268,0.991696501266,1.0,53596.0955851,0.21235147571,0.214851190659,0.00762279207951,0.0208696321358,0.898610603852,1.0,1.0,0.991760861554,105.944834832,0.830059291113,53679.419352,13616728.1495,3456276741.2,1.05460972114,0.00255136391278,13388.0263064,4.99009287438e-07,Class 3
0.481654755766,306.193182608,2006847.12449,7871.62216616,0.981017161649,1.0,31107.4574703,0.336040999008,0.341755290396,0.00746047074292,0.0408490019081,0.864263271449,1.0,1.0,0.98116429733,62.0017287812,0.502305403527,31186.8101743,7882085.49298,1996989790.37,2.41096994179,-0.0128257753453,7721.1229639,1.14079774591e-06,Class 3
0.49099528399,359.332990183,1671881.96192,6773.87900699,0.977722691247,1.0,26670.5243984,0.334995955294,0.341702456085,0.0074111156262,0.0463737780744,0.84349243,1.0,1.0,0.977895362316,53.3488815046,0.568790721918,26738.5647532,6745553.56068,1707471662.23,2.82939362349,-0.004688993137,6595.641456,1.33878312293e-06,Class 3
0.473770768027,569.52772674,1733106.04409,7057.04045652,0.964691399458,1.0,27572.1545747,0.353199159794,0.363827972139,0.00721921581544,0.0663358217083,0.777587019471,1.0,1.0,0.964965075865,55.5512602076,0.544933107462,27647.0407491,6949604.10682,1755908332.92,4.48447028929,0.0228243636522,6770.246183,2.12191513007e-06,Class 3
0.52648066001,397.305008253,1250704.48209,5502.25310724,0.975368567374,1.0,21552.7506231,0.320896835608,0.328311773379,0.00737605582703,0.0501868088506,0.822111844641,1.0,1.0,0.975559485221,43.3180218921,0.646596733559,21605.5429807,5437024.96936,1374513621.14,3.12838589176,0.0121362175311,5302.73627617,1.48025718272e-06,Class 3
0.506794236497,345.741529841,1474838.19091,6161.95326208,0.978565311231,1.0,24246.5397422,0.327112907318,0.333565564148,0.00742370679896,0.0449826682208,0.84526068665,1.0,1.0,0.978731451166,48.5348025801,0.607118191295,24306.9049998,6129675.66639,1551267435.94,2.72237425072,-0.00951589783685,5991.04916276,1.28814480633e-06,Class 3
0.514924626351,175.743186952,1519572.74373,6233.89507881,0.989104576134,1.0,24707.3074089,0.312456115098,0.315735551074,0.00758306836873,0.0260923305224,0.910448332667,1.0,1.0,0.989189026393,49.1029982191,0.607914169056,24765.5112151,6267738.95672,1589074245.82,1.38380462167,-0.0111708365911,6148.20918035,6.54774315438e-07,Class 3
0.524805198928,367.039488316,1283557.32194,5592.12784031,0.977244917029,1.0,21939.9786828,0.320071631672,0.326921433946,0.0074039861597,0.0471562273253,0.833633092273,1.0,1.0,0.977421291319,44.022198332,0.641990270176,21993.4861211,5539399.24099,1401003058.96,2.89007471115,0.0157219181652,5407.29944401,1.36749557049e-06,Class 3
0.491491631004,497.594572583,1532193.44873,6397.16517554,0.969150987441,1.0,25019.4999861,0.341880225689,0.351167039696,0.0072842906935,0.0597970254597,0.796069546942,1.0,1.0,0.969390097651,50.3658544001,0.587993006689,25085.1118409,6308047.45442,1594122749.2,3.91806750065,0.0117224828425,6147.66622253,1.85391053434e-06,Class 3
0.520371577936,274.806717488,1385608.43221,5868.301757,0.982963005735,1.0,23135.4986083,0.316753435431,0.321881736921,0.00748978116573,0.0374692905749,0.869499293338,1.0,1.0,0.98309505921,46.1983048823,0.627714794544,23191.0450128,5855271.16831,1482716666.35,2.16383242116,0.0144807140996,5729.78136131,1.02385977768e-06,Class 3
0.683691618078,48.6560268439,2445055.71071,12990.6116634,0.996983507325,1.0,51830.374285,0.22164589973,0.222553961913,0.00770447141654,0.00891160232845,0.95982026897,1.0,1.0,0.997006888112,102.302521501,0.804023325515,51914.6312323,13179327.3599,3346558738.99,0.383118321605,-0.00165493875424,12968.0922172,1.81279952988e-07,Class 3
0.553155705194,66.3634577795,1235265.70308,5335.63810131,0.995885712475,1.0,21227.9406242,0.285918980468,0.287157152449,0.00768743963827,0.0115992174942,0.958368526266,1.0,1.0,0.995917602253,42.0123441708,0.667136869082,21273.2818536,5394655.06901,1369088114.85,0.52254691165,0.0057233298584,5302.3859808,2.47253326808e-07,Class 3
0.528687817165,103.897606637,1426491.89848,5927.26672704,0.993558734864,1.0,23552.7056285,0.300468701232,0.302407822587,0.00765146219604,0.0169022485385,0.941186506624,1.0,1.0,0.993608661009,46.6783750326,0.629232907654,23605.7997556,5982312.50884,1517738757.56,0.818091390844,-0.00124120406568,5876.20482582,3.87095997526e-07,Class 3
0.499308788711,511.256091999,1429897.22114,6089.10078945,0.968304024055,1.0,23780.0328993,0.338944357967,0.348486320665,0.00727188388078,0.061059946979,0.789447776113,1.0,1.0,0.968549699065,47.9452306489,0.606629528277,23841.9247449,5990562.7696,1513266334.62,4.02563851968,0.00634393189123,5833.41624642,1.90480987319e-06,Class 3
0.493155390546,324.303453219,1675029.63711,6770.00871938,0.979894392237,1.0,26690.0475579,0.33201111642,0.338063853345,0.00744361220745,0.042758324372,0.855667161604,1.0,1.0,0.980050230486,53.3170239336,0.570127486752,26757.4126352,6754788.28472,1710381920.74,2.55357049778,-0.00330987750847,6609.11031296,1.20827199767e-06,Class 3
0.566923717334,167.721422987,1081612.1467,4895.65119687,0.989601895661,1.0,19369.3705906,0.288174969828,0.291305049004,0.00759067398373,0.0251134723916,0.907298184585,1.0,1.0,0.989682491204,38.5461439058,0.691287681348,19411.3107913,4908874.21665,1244073169.38,1.32064112588,0.0070334897055,4811.49956455,6.24887267753e-07,Class 3
0.52481888282,124.337341456,1450954.4702,6009.85621284,0.992291547337,1.0,23856.0165626,0.30396254964,0.30628259892,0.00763194135973,0.0196240237292,0.932018714761,1.0,1.0,0.992351295432,47.3184915516,0.623558987056,23910.4992052,6057106.20083,1536405635.85,0.979034184693,0.00903320736687,5947.27975632,4.63249239116e-07,Class 3
0.556678017329,158.018241248,1156585.00305,5126.85272181,0.990203456835,1.0,20299.3621328,0.292187474529,0.295136074626,0.00759988411886,0.0239154352064,0.913147297263,1.0,1.0,0.990279389687,40.3631287464,0.677281513335,20343.9287105,5146976.59772,1304703898.68,1.24423812006,0.0107571019025,5047.10823017,5.88735686055e-07,Class 3
0.478873988403,388.897919381,1892035.30292,7504.38265868,0.975889775612,1.0,29551.4463602,0.342052330558,0.349310681122,0.0073838032153,0.0493515755134,0.835573085416,1.0,1.0,0.976076653581,59.0966217097,0.52261641039,29628.4926144,7475796.26301,1892465221.82,3.06218834159,0.000275823125706,7310.82199744,1.44893451265e-06,Class 3
0.657672886805,284.229662931,2435247.65771,12834.6093013,0.982378818169,1.0,50955.4791178,0.251335677972,0.256640365834,0.00748096906573,0.0384938003342,0.832683776947,1.0,1.0,0.982515399672,101.065454782,0.786979845365,51050.7050197,12929993.1101,3279433570.43,2.23802884198,0.00689557814265,12693.1979259,1.05896727037e-06,Class 3
0.899483372365,29.740076883,2188172.58459,15287.6536281,0.99815622586,1.0,61083.4071381,0.0934466094274,0.0940016751609,0.00772270721047,0.00584173216229,0.941574115865,1.0,1.0,0.998170516924,120.390036704,0.947031100686,61120.8744356,15519971.0294,3941350641.24,0.234173833724,0.0,15274.664623,1.10803945347e-07,Class 3
0.484123793651,352.44968617,1811289.49121,7218.13898915,0.978149430492,1.0,28446.1912314,0.337677088682,0.344255167144,0.00741748956792,0.0456710628339,0.847251589601,1.0,1.0,0.978318793912,56.841147055,0.54150595083,28519.3006902,7198706.63089,1822676441.39,2.77519437929,0.00158598297281,7042.6008329,1.31313768682e-06,Class 3
0.528836021221,327.858951221,1273623.45799,5546.92778457,0.979673964586,1.0,21802.462816,0.316047889642,0.322166757758,0.00744030708308,0.0431298591867,0.847411680963,1.0,1.0,0.979831511367,43.6721098297,0.645961471636,21854.8435796,5509160.90538,1393954703.85,2.58156654504,0.00986067674398,5382.42847277,1.22151887689e-06,Class 3
0.497695161903,273.16032925,1658204.22504,6698.53974322,0.983065075682,1.0,26452.2207022,0.326852440318,0.331950548611,0.00749132192093,0.0372893869686,0.87388869196,1.0,1.0,0.983196338014,52.7445530362,0.576220571627,26517.7763227,6700417.98391,1697397296.89,2.15086873425,0.00634393189123,6561.97807098,1.01772575479e-06,Class 3
0.517662546327,256.030885675,1426408.84483,5982.79922481,0.984127037466,1.0,23619.4873968,0.316791139097,0.321569660545,0.00750737164879,0.0354011900157,0.877250424101,1.0,1.0,0.984250068549,47.1163821562,0.621067891582,23676.1467199,5980863.36655,1514917845.96,2.01599122578,-0.00193076187994,5855.765091,9.53905814537e-07,Class 3
0.50939358614,466.085504083,1359212.45853,5856.4632302,0.971104432481,1.0,22901.7218292,0.332194940909,0.340893912344,0.00731299137988,0.0568439953824,0.802007484103,1.0,1.0,0.97132840157,46.1200400704,0.622401398662,22960.0125933,5772306.11516,1458560842.2,3.66996459908,-0.000482690469985,5624.2023369,1.73651577717e-06,Class 3
0.48422650642,420.42450265,1718241.8291,6946.36073847,0.973935244721,1.0,27290.0919087,0.341340513069,0.349187158125,0.00735479428774,0.052458672129,0.823677436787,1.0,1.0,0.974137272229,54.6950362697,0.556297237425,27361.2357267,6895945.5464,1744683895.37,3.31042915472,0.00744722439406,6736.05735492,1.56639452539e-06,Class 3
0.661048069657,400.177430284,558484.431964,3155.80805953,0.975190487893,1.0,12197.8445268,0.255111678162,0.262580530321,0.00737341074871,0.0504710494579,0.776950741504,1.0,1.0,0.975382786031,24.8490433064,0.791932716532,12221.5837483,3053281.23184,769033645.61,3.15100338806,0.00289614281991,2955.73978477,1.49095909499e-06,Class 4
0.843097199068,11.7524096516,2257739.38051,14750.9620713,0.999271394318,1.0,58936.2305912,0.128885977447,0.129102273956,0.00774008796994,0.00260246159361,0.981339751145,1.0,1.0,0.999277041729,116.157186061,0.914259186865,58988.8385294,14980751.0918,3804687218.43,0.0925386586743,0.00641288767266,14746.0864249,4.37864825253e-08,Class 4
0.520801617493,1018.71147924,968656.568626,4839.24306842,0.936843677667,1.0,18285.6732545,0.346035792778,0.36504890076,0.0068269176193,0.102309317263,0.624085493837,1.0,1.0,0.937333201326,38.1043442142,0.668385674572,18335.9141042,4527691.11728,1133538064.94,8.02135023021,0.00462003735557,4329.89597559,3.7954592893e-06,Class 4
0.533285295783,788.199611241,995735.653369,4844.74202909,0.95113455603,1.0,18534.7517709,0.33350472099,0.348215348376,0.00702520943877,0.0847612358774,0.688086745639,1.0,1.0,0.951513311316,38.137236122,0.675272565372,18583.1330056,4619748.65919,1160635796.01,6.20629615151,0.015032360351,4449.32918187,2.93663082951e-06,Class 4
0.42738100215,1300.90942902,1806405.22037,7617.39155433,0.919348454493,1.0,29076.1727244,0.397788902271,0.422068939623,0.00659285441384,0.121763128113,0.594811235742,1.0,1.0,0.919973583352,59.9849790418,0.487349057423,29167.7111072,7242967.99894,1818626075.7,10.2433813309,0.00186180609851,6967.63762379,4.8468569144e-06,Class 4
0.569917534091,520.731581748,901021.003965,4437.871477,0.967716578937,1.0,17184.9022903,0.30604688654,0.315765581514,0.00726329181056,0.0619299179077,0.764135982237,1.0,1.0,0.967966807225,34.937618908,0.7087579272,17225.3954665,4308864.61871,1085988507.06,4.10024867518,0.0105502345582,4176.71181044,1.94011313258e-06,Class 4
0.840611282535,39.4082290852,2256561.52307,14742.1882519,0.997556836387,1.0,58876.3458211,0.133257911758,0.133993201113,0.00771338132342,0.00744181003942,0.94653022121,1.0,1.0,0.997575773309,116.097677222,0.912933281209,58930.9559389,14962538.3934,3799615581.5,0.310301016419,-0.00317196594562,14724.7008926,1.46825015919e-07,Class 4
0.909365331626,13.4163126575,2179082.28063,15369.9278869,0.999168238521,1.0,61421.3711516,0.0848575060636,0.0850741239344,0.00773847857601,0.00292306431578,0.971464219767,1.0,1.0,0.999174685491,121.015465642,0.952461775693,61454.8770108,15606875.0729,3963686099.25,0.105640257145,0.022479584745,15362.2559801,4.99857609752e-08,Class 4
0.551891919123,415.853148076,1055043.88565,4901.53543505,0.9742186517,1.0,19134.6317813,0.309956066335,0.317716642369,0.00735899318119,0.0520123120032,0.808746508846,1.0,1.0,0.974418482525,38.5791737251,0.683335505169,19179.9561501,4818608.77774,1217146518.68,3.27443423682,0.0203419555208,4691.62848905,1.54936282354e-06,Class 4
0.604613962393,600.301174963,706167.046231,3788.94157952,0.962783560139,1.0,14526.3554452,0.29186076629,0.303064645376,0.00719156621663,0.069053750924,0.720253699422,1.0,1.0,0.963072024178,29.8453034054,0.746388237338,14559.2478677,3621601.93289,910151619.003,4.72678090522,-0.00744722439406,3490.20294501,2.23656915361e-06,Class 4
0.392697682039,2028.73563331,1671525.5673,7476.46755258,0.874225937179,1.0,27776.93736,0.42613241577,0.463996505916,0.00603332758882,0.164288739541,0.452702756362,1.0,1.0,0.875200809959,58.8697571888,0.473567674398,27873.4219029,6821827.58041,1699928213.17,15.9742963253,0.00730931283121,6462.09134632,7.55855181953e-06,Class 4
0.439887376794,1160.14323473,2159023.99125,8991.71142031,0.928075434921,1.0,34706.0403016,0.388569451415,0.410222177526,0.00670841422096,0.112308723752,0.624071799822,1.0,1.0,0.928632921092,70.8191045522,0.5216662323,34811.5359279,8694284.23166,2189507302.05,9.13498610025,-0.00951589783685,8413.95466076,4.32239795754e-06,Class 4
0.522933111777,339.97917101,2454862.58651,10447.762654,0.978922556044,1.0,41335.148268,0.319440500897,0.325783277564,0.00742905176521,0.0443884747481,0.844216021733,1.0,1.0,0.97908592698,82.2443190209,0.637053687777,41434.9948658,10480674.5219,2656446067.66,2.67700134654,0.0316507036747,10275.0389302,1.26667572623e-06,Class 4
0.864474985473,204.169656198,141378.035507,1061.61469833,0.987342240781,1.0,4039.94067068,0.127140626819,0.130951197497,0.00755617882398,0.0294836513812,0.758141339251,1.0,1.0,0.987440350874,8.36288821562,0.92782121449,4043.65512096,1001101.99465,250972427.336,1.60763508818,-0.00268927547563,960.001975285,7.60684093588e-07,Class 4
0.525121271589,770.089340631,2435826.73562,11095.0989037,0.952257325441,1.0,43490.6660914,0.336879989739,0.35125261231,0.00704105876584,0.0833077251988,0.697280480167,1.0,1.0,0.95262737816,87.3589761967,0.663993136999,43602.8108754,10976655.3681,2775482766.16,6.06369559552,0.0147565372253,10709.5453067,2.86915657775e-06,Class 4
0.709628372633,154.9881863,2397930.38272,13401.8253437,0.990391308971,1.0,53367.5044539,0.216712487505,0.219605171033,0.00760276252536,0.0235380438574,0.886873534446,1.0,1.0,0.990465785784,105.539236926,0.826212970202,53452.3482137,13556382.5866,3440610476.61,1.22037941969,-6.89557814265e-05,13325.9889964,5.7744647372e-07,Class 4
0.499075213427,70.1466477717,2245704.24919,8732.34961269,0.995651168768,1.0,34764.7442551,0.31038922855,0.311689606577,0.00768380568466,0.012155516122,0.959520009769,1.0,1.0,0.99568487649,68.7404325211,0.539088697767,34845.69704,8841356.12352,2244435331.44,0.552335809226,0.026685887412,8694.96160629,2.61348528336e-07,Class 4
0.724495046335,92.67064004,451136.932034,2594.21356615,0.994254765032,1.0,10260.3762483,0.204327953238,0.206054959131,0.00766220579132,0.0153620430006,0.924287613039,1.0,1.0,0.994299296257,20.4127731083,0.836396707497,10275.7425448,2598111.72053,658385648.379,0.729690079055,0.0166183433238,2546.08686474,3.4526718188e-07,Class 4
0.478567224808,712.308119408,1513214.44806,6422.13816255,0.955839546224,1.0,24897.4655234,0.356809418732,0.370103399777,0.00709188977772,0.0785883880941,0.732339015435,1.0,1.0,0.956181833206,50.5547242855,0.579849708974,24966.3323915,6250617.41963,1576074580.97,5.60872534967,0.0195144861437,6064.29592455,2.65387847663e-06,Class 4
0.433873051189,1355.31029993,1577473.30579,6875.10191368,0.915975802856,1.0,26067.0621903,0.395866699484,0.421162028252,0.00654883257075,0.125294796472,0.578633381709,1.0,1.0,0.916627073085,54.1495270828,0.531611067674,26149.2653568,6469422.72815,1621280555.73,10.6717346451,-0.00820573798975,6199.33478955,5.04954069194e-06,Class 4
0.425409841136,1956.48721332,1232209.84493,6023.27087487,0.87870507047,1.0,22063.6380369,0.408950351903,0.445466023947,0.00608602475788,0.160477033229,0.447760549864,1.0,1.0,0.879645225559,47.4361301147,0.565835939536,22138.1023709,5374319.31965,1333448596.97,15.4054111285,-0.00296509860134,5046.1449179,7.28937262368e-06,Class 4
0.428419560651,1711.99856007,1357691.07459,6326.15152733,0.893862457528,1.0,23502.4785236,0.404600772531,0.436553014263,0.00626900315371,0.146955251372,0.499016779128,1.0,1.0,0.894685127948,49.7931076796,0.554856224481,23579.7883161,5771527.44322,1438275156.17,13.4803036226,0.0252378160021,5467.72539527,6.37847022491e-06,Class 4
0.493899199818,194.34387108,1824554.11388,7188.63023521,0.987951402909,1.0,28515.3079996,0.323171167521,0.32678778197,0.00756546238418,0.0283244416297,0.90536012632,1.0,1.0,0.988044791395,56.6590348362,0.547841195378,28584.9048802,7235443.5677,1834556196.91,1.53026670142,-0.0486827816871,7098.52548866,7.24075722952e-07,Class 4
0.420519246102,1462.11535814,1735573.20939,7444.75220932,0.909354286538,1.0,28222.2253407,0.404373110214,0.431661849605,0.00646343876187,0.13204384395,0.55991643234,1.0,1.0,0.910056880036,58.6200683042,0.493098992268,28313.2158303,7005471.43413,1755706528.25,11.5127193554,0.00724035704978,6713.69099557,5.44746911286e-06,Class 4
0.736325631447,58.9897402485,2381460.5713,13648.963347,0.996342855533,1.0,54462.7224599,0.1951539338,0.196254394366,0.00769452742428,0.0104978633367,0.946624981092,1.0,1.0,0.996371202002,107.491306142,0.844559551733,54539.8758174,13844786.4089,3515408328.69,0.464486143689,-0.00593019720268,13621.9010099,2.19780734941e-07,Class 4
0.60640707718,644.473421075,683827.93979,3725.93119574,0.960045045191,1.0,14221.7451288,0.292441186667,0.304469435653,0.00715207678675,0.0728784535762,0.702886410161,1.0,1.0,0.960354735416,29.3315828338,0.749063938841,14254.1376787,3538500.21712,888332890.434,5.07459386674,0.0100675440883,3402.87430936,2.40114368256e-06,Class 4
0.566320307478,1011.04001064,731075.087798,4027.49840218,0.937319280183,1.0,15072.207121,0.32283751289,0.341706967703,0.00683341412194,0.101751414647,0.600832382692,1.0,1.0,0.937805117456,31.7404151464,0.718733168274,15111.1073519,3709614.62347,925883105.409,7.96094496568,-0.023927656155,3525.51271827,3.76687735286e-06,Class 4
0.451000488252,923.676345452,1749943.38907,7254.72283899,0.942735502452,1.0,28026.1344629,0.376765013129,0.39400376429,0.00690789580254,0.0952769702491,0.681684222211,1.0,1.0,0.943179358671,57.1571024455,0.521310051255,28108.5596221,7021856.88268,1768549454.0,7.27304209017,-0.0262721527235,6797.11383785,3.44138260646e-06,Class 4
0.410954311014,1613.37289875,1976307.34218,8416.91241627,0.899976881665,1.0,31962.0501042,0.411655898854,0.441767390946,0.00634484835992,0.141209717612,0.530420074006,1.0,1.0,0.90075215928,66.3079483755,0.472095169838,32066.9208734,7939648.88632,1990534272.06,12.7037236122,-0.024893037095,7614.42299431,6.01101615174e-06,Class 4
0.714205825133,148.087367518,465326.136765,2676.62792582,0.990819134066,1.0,10534.3802067,0.213823329944,0.216585975538,0.00760932208754,0.0226724895833,0.890291893551,1.0,1.0,0.990890294813,21.0638535966,0.829552167492,10551.0340128,2660995.25968,673463598.232,1.16604226392,0.014549669881,2601.065723,5.51735782044e-07,Class 4
0.640259616081,303.933777474,2449470.03496,12606.7176604,0.981157236362,1.0,50026.772847,0.261212440275,0.266885010408,0.00746257674809,0.0406087693434,0.828855746878,1.0,1.0,0.981303286327,99.280258557,0.772312353401,50124.2327975,12692181.8341,3218715531.75,2.39317935019,-0.00255136391278,12456.625948,1.13237977833e-06,Class 4
0.479532856039,389.335788594,2197708.86124,8694.22465285,0.975862629349,1.0,34310.617726,0.341782477928,0.349047694044,0.0073833994959,0.0493952001302,0.835329076486,1.0,1.0,0.976049717729,68.4910884154,0.527230475198,34399.8566776,8687592.59136,2200235495.12,3.06563613066,-0.0242034792807,8503.70033446,1.45056590172e-06,Class 4
0.467770282016,539.945282773,1993232.04944,7934.89523915,0.966525400944,1.0,31116.9273233,0.354575113794,0.364652574664,0.00724590255077,0.0636793402903,0.788430709771,1.0,1.0,0.966784862034,62.4909010946,0.49120732343,31201.5270361,7856144.13419,1986632294.33,4.25153765963,-0.00372361219703,7666.37179763,2.01169848478e-06,Class 4
0.461817630618,671.498708844,2125462.85902,8535.6829618,0.958369577877,1.0,33379.5647911,0.362894721122,0.375427491444,0.00712803208972,0.0751762189037,0.749760627498,1.0,1.0,0.958692254623,67.2214745678,0.508486447746,33472.8092736,8416311.16197,2126784924.63,5.28739140822,-0.00310301016419,8201.37791569,2.5018330157e-06,Class 4
0.493243824986,298.696861698,1701990.21284,6841.98556133,0.98148190566,1.0,27013.0361405,0.330431917652,0.336005259286,0.00746746046684,0.0400501731194,0.865112873954,1.0,1.0,0.981625439118,53.9032859873,0.566305056033,27080.8037086,6840175.80158,1732481872.13,2.35194379289,-0.0227554078707,6696.36888954,1.11286836511e-06,Class 4
0.537585854032,246.100011945,1251218.81768,5444.28635618,0.984742714697,1.0,21495.447668,0.307087335158,0.311677712738,0.00751669269319,0.0342922648002,0.878104229861,1.0,1.0,0.984860973675,42.9018737512,0.654560854835,21545.3707307,5440940.46722,1377945981.77,1.93779536965,-0.0282029146034,5325.48796043,9.16905910526e-07,Class 4
0.795740906553,332.570423942,2266381.91822,14472.774204,0.979381870803,1.0,57487.023364,0.176371441254,0.182578470364,0.00743592972568,0.0436205577981,0.728676148566,1.0,1.0,0.979541681598,113.976321562,0.88714164712,57560.2776536,14577185.0873,3697015194.88,2.61866475545,-0.00344778907132,14308.7076264,1.23907262323e-06,Class 4
0.453398160469,876.509073929,1760929.42372,7272.69078056,0.945659697835,1.0,28139.0347108,0.374152391275,0.390511289063,0.00694848927088,0.0916845751981,0.693731480424,1.0,1.0,0.946080888661,57.2857049778,0.521759621232,28221.0489424,7056416.18196,1778087456.19,6.90164625141,-0.0133774215967,6837.02999522,3.2656493763e-06,Class 4
0.462430727743,726.757803405,1764060.58001,7222.98998312,0.954943719566,1.0,28077.6555301,0.364758577298,0.378322393614,0.00707914056584,0.0797805781411,0.733273202955,1.0,1.0,0.955292950086,56.8646609765,0.529717227,28156.9361755,7059146.27234,1781195303.35,5.72250238902,0.0162735644166,6858.43304231,2.7077143158e-06,Class 4
0.820499989173,29.6525030406,2282527.97214,14536.6777311,0.998161655112,1.0,58062.5136816,0.144645544186,0.145196655414,0.0077227917354,0.00582688709531,0.961760166681,1.0,1.0,0.998175904094,114.485008362,0.90053752932,58121.5766758,14758207.3786,3747875988.47,0.23348427591,-0.00889529580401,14524.7698104,1.10477667534e-07,Class 4
0.892889019933,35.2922584919,2195039.60712,15230.0196167,0.997812011253,1.0,60849.6031864,0.0985395135615,0.0991961949691,0.00771735021071,0.00676950326334,0.936251166521,1.0,1.0,0.997828970319,119.945202958,0.943356354791,60889.3745131,15460468.7125,3926148464.38,0.277891799149,-0.00903320736687,15215.3946464,1.31489958701e-07,Class 4
0.448184591075,961.560789679,1763730.08068,7319.72966073,0.940386807831,1.0,28236.0392601,0.379231218272,0.397177670005,0.00687548492444,0.0981123667177,0.672464843997,1.0,1.0,0.940848868745,57.6474470072,0.516274650334,28319.7395687,7070683.14914,1780339750.07,7.57134480063,-0.004688993137,6840.44537508,3.58253038843e-06,Class 4
0.479956385577,636.819467249,1561154.5715,6540.47089274,0.960519561857,1.0,25448.403045,0.353228842365,0.36511409745,0.00715890253667,0.0722219715447,0.754850050923,1.0,1.0,0.960825574111,51.4918333551,0.5748110503,25517.8138817,6400269.8015,1615301054.78,5.01432651377,0.0142738467553,6221.05310247,2.37262700169e-06,Class 4
0.933576714516,12.2253084007,2151661.26335,15579.816561,0.999242076355,1.0,62278.3390493,0.0665556400725,0.0667800014064,0.00773963052942,0.00269418954936,0.964691438673,1.0,1.0,0.999247951009,122.683505994,0.965632872904,62303.3282617,15822519.6547,4018475656.2,0.0962622708713,0.0073093128312,15574.6926071,4.55483827163e-08,Class 4
0.445391094295,1131.55913257,1609650.34587,6887.62343241,0.929847542928,1.0,26340.4240912,0.385257260555,0.406376556655,0.00673217064016,0.110330067176,0.628959575392,1.0,1.0,0.930391293518,54.2429621666,0.537811658414,26420.4757071,6566715.32553,1649598905.99,8.90991442968,-0.00303405438276,6323.07662888,4.21590087933e-06,Class 4
0.437764083971,1469.41901659,1421436.47801,6430.71934322,0.908901486882,1.0,24165.9092335,0.396190379523,0.423615205033,0.00645764932746,0.132496746478,0.549492506681,1.0,1.0,0.909607590023,50.6208528799,0.555858526627,24242.8106872,5970724.78758,1492779290.71,11.5702284771,0.0209625575536,5694.13880745,5.47468068248e-06,Class 4
0.897330678571,240.477771262,88276.6745279,742.65746657,0.985091272705,1.0,2732.42411861,0.104484031378,0.108972019669,0.00752197493866,0.0336596297254,0.658352475922,1.0,1.0,0.985206830016,5.8569661628,0.94642733038,2734.4952232,663985.839032,164764793.782,1.89352575797,-0.00855051689688,623.595817045,8.95958874921e-07,Class 4
0.405325966824,1713.45228586,1824320.2601,7875.07215105,0.893772331937,1.0,29685.7112405,0.41595553602,0.447935225268,0.00626789394644,0.147038637613,0.51140288372,1.0,1.0,0.894595700919,62.0121411042,0.458598297281,29784.8398804,7347329.01484,1838480694.98,13.4917502823,0.00393047954131,7018.8157773,6.38388643661e-06,Class 4
0.805270628241,323.883098775,2256286.8818,14563.47203,0.979920452649,1.0,57861.2484553,0.170141539518,0.176186414426,0.00744400306146,0.0427143284912,0.725474050241,1.0,1.0,0.980076088904,114.691255104,0.893040352706,57932.1065347,14672726.8324,3721421371.46,2.55026062028,-0.00413734688559,14403.8478488,1.20670586417e-06,Class 4
0.473034063541,637.73023521,1665872.51026,6867.08113664,0.960463097631,1.0,26756.4768792,0.356429237751,0.368331767756,0.00715808995041,0.0723002229977,0.756607644747,1.0,1.0,0.960769547539,54.0771235123,0.554426201025,26830.068933,6733446.44274,1699908031.41,5.02149791504,0.0010343367214,6548.92956846,2.37602029095e-06,Class 4
0.824420609782,45.9587524976,2275231.58383,14593.1734226,0.997150728301,1.0,58243.5547537,0.1437948642,0.144608832448,0.00770706907816,0.00848826260118,0.94565409119,1.0,1.0,0.997172812962,114.873160455,0.903088350274,58302.4274304,14802070.2606,3758753568.69,0.361879940926,0.04785531231,14565.9120016,1.71230596343e-07,Class 4
0.524122517183,171.084258535,1423098.14448,5943.53594509,0.989393412366,1.0,23541.499667,0.30798232619,0.311174478712,0.00758748466262,0.0255250665258,0.911362645969,1.0,1.0,0.98947562386,46.7916004257,0.626258578751,23596.1245268,5971324.54675,1513864733.28,1.34712014595,0.0136532447224,5856.99112479,6.37416335778e-07,Class 4
0.920120552715,18.6006841282,91471.1655994,663.675579171,0.998846826774,1.0,2628.0931998,0.0774558154616,0.0777947463341,0.0077334661758,0.00388888246021,0.955903281764,1.0,1.0,0.998855765002,5.2131949874,0.95837459821,2629.37678893,665458.855296,168716251.736,0.14646207975,0.0132395100339,652.775421336,6.93014075139e-08,Class 4
0.558649718869,501.850661324,972706.404332,4664.13444489,0.96888712577,1.0,18116.4990335,0.310691995309,0.320058311362,0.00728042308982,0.0601915788464,0.774917236749,1.0,1.0,0.969128281169,36.7399851229,0.695151376944,18159.7657762,4548577.36559,1147176217.23,3.95158001042,-0.00999858830684,4415.05277995,1.86976763606e-06,Class 4
0.490679418346,540.120430458,1506260.52647,6334.69768277,0.966514542439,1.0,24723.9307736,0.344202255464,0.354282466533,0.00724574423824,0.0636951990033,0.782369978536,1.0,1.0,0.966774087693,49.8673041004,0.59060029537,24789.3535902,6227530.02469,1572986933.7,4.25291677526,0.0183422378594,6063.08740553,2.01235104041e-06,Class 4
0.464648429623,681.797392711,1777588.1837,7248.8210882,0.957731097786,1.0,28225.2672123,0.36201673328,0.374741304234,0.00711889232432,0.0760437346851,0.74586441291,1.0,1.0,0.958058723381,57.066080814,0.529525019547,28304.2052749,7102258.88976,1792870133.38,5.36848340718,0.018273282078,6906.49356702,2.54020328653e-06,Class 4
0.504368139239,708.052030666,1249120.13578,5609.27268903,0.956103407894,1.0,21668.7190539,0.344630311557,0.357845296362,0.00709564978193,0.0782356667381,0.724655729775,1.0,1.0,0.956443649688,44.1683845887,0.630267787334,21726.7270605,5428348.67154,1367299788.02,5.57521283989,0.00455108157415,5255.35882743,2.63802137491e-06,Class 4
0.438405330895,1796.45477369,1199167.09305,5860.1934169,0.888626486442,1.0,21567.6745263,0.400671508714,0.434200293847,0.00620498326479,0.151738904004,0.474317669799,1.0,1.0,0.889489740791,46.1376237946,0.581021414299,21638.5747566,5267766.22892,1308965987.46,14.1453131787,0.0113087481539,4961.25083507,6.69313254792e-06,Class 4
0.434458783225,1478.10634176,1458002.86936,6546.74040841,0.908362905037,1.0,24628.1440297,0.397951171099,0.425538386304,0.00645077143758,0.133034050684,0.549124001619,1.0,1.0,0.909073182717,51.551480106,0.548261445574,24706.8238287,6087473.85695,1522291663.97,11.6386326123,0.00399943532274,5807.98480258,5.50704744154e-06,Class 4
0.500052189136,533.902687647,1405266.56645,6020.74905851,0.966900019365,1.0,23491.6383573,0.339627784769,0.34959239426,0.00725136658969,0.0631312420229,0.781751559072,1.0,1.0,0.967156576793,47.4209598428,0.610055598992,23552.9813466,5914300.25098,1493531714.36,4.20395817045,-0.00765409173834,5755.51055621,1.98918531568e-06,Class 4
0.496663285407,792.508244288,2400429.5366,10439.3390869,0.950867436808,1.0,40852.2461464,0.351198904804,0.365990172996,0.00702144451087,0.0851052976693,0.701753557344,1.0,1.0,0.951248262531,82.2049452697,0.622715228911,40962.4663878,10303202.6209,2604074830.03,6.24022239597,0.004688993137,10043.7739271,2.95268369792e-06,Class 4
0.434827339925,1298.05452176,2168302.41404,9133.8437924,0.919525448124,1.0,35133.4444864,0.394194154935,0.418420848544,0.0065951744572,0.12157597108,0.592064689758,1.0,1.0,0.920149205108,71.9385327078,0.526205368778,35242.2241797,8786161.89494,2210619242.68,10.2209017462,-0.00965380939971,8487.16639302,4.8362202577e-06,Class 4
0.582513612804,271.181160412,939518.639476,4478.02790001,0.983187776788,1.0,17589.2544937,0.28765943902,0.292718502,0.00749317453636,0.0370727599675,0.858950448474,1.0,1.0,0.983318088065,35.2379902919,0.714128876727,17627.5157776,4442681.99981,1123999544.29,2.13528472765,0.0264100642863,4339.63418686,1.01035187621e-06,Class 4
0.757824273263,165.37444401,2338151.00006,13963.1921731,0.989747399627,1.0,55624.12401,0.19104646302,0.194129077155,0.00759290066897,0.024825129101,0.865916594215,1.0,1.0,0.989826867371,109.987229606,0.860914559986,55701.2642384,14126253.3895,3585181298.2,1.30216097646,-0.0273064894449,13885.690938,6.1614302236e-07,Class 4
0.498325063995,638.483370255,2402310.37513,10237.6288033,0.96041640606,1.0,40205.4309648,0.344820749532,0.356737335772,0.00715741807935,0.0723649033836,0.748510553055,1.0,1.0,0.960723217873,80.6200655894,0.615010641995,40311.4714392,10157416.4208,2569530763.47,5.02742811224,0.00110329250282,9919.50664473,2.37882628014e-06,Class 4
0.453172669342,799.251430154,1943485.22405,7879.31020354,0.950449384367,1.0,30616.1107351,0.37163158258,0.38654793899,0.0070155567218,0.0856424381957,0.715423854438,1.0,1.0,0.950833450409,62.0224844714,0.486857136652,30704.2945202,7696931.06677,1942013857.55,6.29331834767,0.0269617105377,7477.22981279,2.97780708953e-06,Class 4
0.457670285126,781.228733385,2161069.90698,8762.33120719,0.951566724527,1.0,34172.6003021,0.36893371842,0.383514475664,0.00703130538621,0.0842031694953,0.719039520512,1.0,1.0,0.951942130082,69.0069466163,0.519143645209,34269.9874577,8604849.68163,2172901580.3,6.15140734949,-0.00372361219703,8373.26785357,2.91065911559e-06,Class 4
0.907905597234,70.9348123534,2172609.63692,15385.2163986,0.995602305496,1.0,61435.4528477,0.0902506047878,0.091574390674,0.0076830488274,0.0122707070028,0.869626770481,1.0,1.0,0.995636391957,121.161651898,0.951829771523,61471.6119928,15603822.4449,3961983405.93,0.558541829554,-0.00330987750847,15352.0623849,2.64285028655e-07,Class 4
0.618711114088,726.144786509,2405315.43549,12651.5499512,0.954981724333,1.0,49761.8279548,0.288554632681,0.302106900329,0.00707968093204,0.0797301660206,0.665969851975,1.0,1.0,0.955330660279,99.6119358657,0.761835418296,49870.4931314,12574128.3197,3181924455.48,5.71767548432,0.0188249283294,12287.6434617,2.70543037111e-06,Class 4
0.551891919123,415.853148076,1055043.88565,4901.53543505,0.9742186517,1.0,19134.6317813,0.309956066335,0.317716642369,0.00735899318119,0.0520123120032,0.808746508846,1.0,1.0,0.974418482525,38.5791737251,0.683335505169,19179.9561501,4818608.77774,1217146518.68,3.27443423682,0.0203419555208,4691.62848905,1.54936282354e-06,Class 4
0.392697682039,2028.73563331,1671525.5673,7476.46755258,0.874225937179,1.0,27776.93736,0.42613241577,0.463996505916,0.00603332758882,0.164288739541,0.452702756362,1.0,1.0,0.875200809959,58.8697571888,0.473567674398,27873.4219029,6821827.58041,1699928213.17,15.9742963253,0.00730931283121,6462.09134632,7.55855181953e-06,Class 4
0.439887376794,1160.14323473,2159023.99125,8991.71142031,0.928075434921,1.0,34706.0403016,0.388569451415,0.410222177526,0.00670841422096,0.112308723752,0.624071799822,1.0,1.0,0.928632921092,70.8191045522,0.5216662323,34811.5359279,8694284.23166,2189507302.05,9.13498610025,-0.00951589783685,8413.95466076,4.32239795754e-06,Class 4
0.478567224808,712.308119408,1513214.44806,6422.13816255,0.955839546224,1.0,24897.4655234,0.356809418732,0.370103399777,0.00709188977772,0.0785883880941,0.732339015435,1.0,1.0,0.956181833206,50.5547242855,0.579849708974,24966.3323915,6250617.41963,1576074580.97,5.60872534967,0.0195144861437,6064.29592455,2.65387847663e-06,Class 4
0.425409841136,1956.48721332,1232209.84493,6023.27087487,0.87870507047,1.0,22063.6380369,0.408950351903,0.445466023947,0.00608602475788,0.160477033229,0.447760549864,1.0,1.0,0.879645225559,47.4361301147,0.565835939536,22138.1023709,5374319.31965,1333448596.97,15.4054111285,-0.00296509860134,5046.1449179,7.28937262368e-06,Class 4
0.428419560651,1711.99856007,1357691.07459,6326.15152733,0.893862457528,1.0,23502.4785236,0.404600772531,0.436553014263,0.00626900315371,0.146955251372,0.499016779128,1.0,1.0,0.894685127948,49.7931076796,0.554856224481,23579.7883161,5771527.44322,1438275156.17,13.4803036226,0.0252378160021,5467.72539527,6.37847022491e-06,Class 4
0.420519246102,1462.11535814,1735573.20939,7444.75220932,0.909354286538,1.0,28222.2253407,0.404373110214,0.431661849605,0.00646343876187,0.13204384395,0.55991643234,1.0,1.0,0.910056880036,58.6200683042,0.493098992268,28313.2158303,7005471.43413,1755706528.25,11.5127193554,0.00724035704978,6713.69099557,5.44746911286e-06,Class 4
0.410954311014,1613.37289875,1976307.34218,8416.91241627,0.899976881665,1.0,31962.0501042,0.411655898854,0.441767390946,0.00634484835992,0.141209717612,0.530420074006,1.0,1.0,0.90075215928,66.3079483755,0.472095169838,32066.9208734,7939648.88632,1990534272.06,12.7037236122,-0.024893037095,7614.42299431,6.01101615174e-06,Class 4
0.714205825133,148.087367518,465326.136765,2676.62792582,0.990819134066,1.0,10534.3802067,0.213823329944,0.216585975538,0.00760932208754,0.0226724895833,0.890291893551,1.0,1.0,0.990890294813,21.0638535966,0.829552167492,10551.0340128,2660995.25968,673463598.232,1.16604226392,0.014549669881,2601.065723,5.51735782044e-07,Class 4
0.569917534091,520.731581748,901021.003965,4437.871477,0.967716578937,1.0,17184.9022903,0.30604688654,0.315765581514,0.00726329181056,0.0619299179077,0.764135982237,1.0,1.0,0.967966807225,34.937618908,0.7087579272,17225.3954665,4308864.61871,1085988507.06,4.10024867518,0.0105502345582,4176.71181044,1.94011313258e-06,Class 4
0.467770282016,539.945282773,1993232.04944,7934.89523915,0.966525400944,1.0,31116.9273233,0.354575113794,0.364652574664,0.00724590255077,0.0636793402903,0.788430709771,1.0,1.0,0.966784862034,62.4909010946,0.49120732343,31201.5270361,7856144.13419,1986632294.33,4.25153765963,-0.00372361219703,7666.37179763,2.01169848478e-06,Class 4
0.493243824986,298.696861698,1701990.21284,6841.98556133,0.98148190566,1.0,27013.0361405,0.330431917652,0.336005259286,0.00746746046684,0.0400501731194,0.865112873954,1.0,1.0,0.981625439118,53.9032859873,0.566305056033,27080.8037086,6840175.80158,1732481872.13,2.35194379289,-0.0227554078707,6696.36888954,1.11286836511e-06,Class 4
0.462430727743,726.757803405,1764060.58001,7222.98998312,0.954943719566,1.0,28077.6555301,0.364758577298,0.378322393614,0.00707914056584,0.0797805781411,0.733273202955,1.0,1.0,0.955292950086,56.8646609765,0.529717227,28156.9361755,7059146.27234,1781195303.35,5.72250238902,0.0162735644166,6858.43304231,2.7077143158e-06,Class 4
0.820499989173,29.6525030406,2282527.97214,14536.6777311,0.998161655112,1.0,58062.5136816,0.144645544186,0.145196655414,0.0077227917354,0.00582688709531,0.961760166681,1.0,1.0,0.998175904094,114.485008362,0.90053752932,58121.5766758,14758207.3786,3747875988.47,0.23348427591,-0.00889529580401,14524.7698104,1.10477667534e-07,Class 4
0.42738100215,1300.90942902,1806405.22037,7617.39155433,0.919348454493,1.0,29076.1727244,0.397788902271,0.422068939623,0.00659285441384,0.121763128113,0.594811235742,1.0,1.0,0.919973583352,59.9849790418,0.487349057423,29167.7111072,7242967.99894,1818626075.7,10.2433813309,0.00186180609851,6967.63762379,4.8468569144e-06,Class 4
0.46250648992,737.459326948,2206254.98878,8956.05573899,0.954280264913,1.0,34991.8952586,0.365124461044,0.378888266593,0.00706971458852,0.0806582911179,0.730104217066,1.0,1.0,0.95463463786,70.5359031578,0.532539527409,35090.3712274,8818771.68823,2227940123.67,5.80676635392,-0.00710244548693,8589.33003757,2.74758546457e-06,Class 4
0.61792686049,212.366567848,787112.991884,3931.10897684,0.98683406275,1.0,15506.0781769,0.266982947838,0.270936531886,0.00754844312279,0.0304407971046,0.87828028035,1.0,1.0,0.986936111722,31.0068635436,0.749268091391,15537.1824275,3919237.60356,992001116.935,1.67217769959,-0.0494412952828,3831.68838611,7.91223696899e-07,Class 4
0.491903944693,1054.4065774,2386068.99813,10689.751949,0.934630714358,1.0,41584.9491159,0.361080924134,0.380760221563,0.00679678257573,0.104883566581,0.628351042721,1.0,1.0,0.935137390662,84.1748050778,0.630107071497,41701.1337209,10457559.6789,2639056511.62,8.30241399531,0.00682662236122,10162.9969562,3.92845012594e-06,Class 4
0.469842966055,575.079908349,1814095.30925,7322.25147709,0.964347184851,1.0,28635.2351678,0.35521991908,0.365953149883,0.00721421883164,0.0668295567223,0.77686246196,1.0,1.0,0.96462352926,57.6616518982,0.528143732082,28713.4356468,7219746.79589,1824430836.87,4.52818825471,0.000965380939971,7035.4898369,2.14260114342e-06,Class 4
0.453172669342,799.251430154,1943485.22405,7879.31020354,0.950449384367,1.0,30616.1107351,0.37163158258,0.38654793899,0.0070155567218,0.0856424381957,0.715423854438,1.0,1.0,0.950833450409,62.0224844714,0.486857136652,30704.2945202,7696931.06677,1942013857.55,6.29331834767,0.0269617105377,7477.22981279,2.97780708953e-06,Class 4
0.734280619358,125.283138954,2373222.51058,13676.8434279,0.99223291141,1.0,54487.3372316,0.201479191748,0.203811617095,0.00763103929681,0.019747635018,0.900323102978,1.0,1.0,0.992293113992,107.675900769,0.843957953262,54567.344952,13843345.95,3513973623.02,0.986481409087,0.0290303839805,13612.1978282,4.66773039498e-07,Class 4
0.762514477293,569.17743137,2270453.93129,14275.2144099,0.964713116468,1.0,56440.6591066,0.203279397027,0.2139022013,0.00721953120675,0.0663046207165,0.619575400265,1.0,1.0,0.964986624547,112.403922878,0.867425723221,56524.9903897,14284196.6019,3618785871.48,4.48171205803,0.0131705542525,13990.7094898,2.12061001881e-06,Class 4
0.747198764437,23.4697897663,408739.0537,2382.60865585,0.998544960337,1.0,9472.40700645,0.185715098588,0.186081896461,0.00772876152386,0.00475984127734,0.976770273363,1.0,1.0,0.998556238326,18.7199776301,0.8518710364,9485.10909186,2406089.52176,610730738.842,0.184801494223,0.0430284076101,2365.70226414,8.74424539253e-08,Class 4
0.475554092144,912.326775476,1392450.10972,6122.51485622,0.943439133572,1.0,23517.5137689,0.364961003843,0.381988393971,0.00691763914232,0.094418967628,0.675300640565,1.0,1.0,0.943877535957,48.2285699548,0.591965294067,23584.7727201,5874326.73009,1477277715.05,7.18367539745,-0.0138601120667,5668.86499653,3.39909700188e-06,Class 4
0.53715297087,319.924761098,1210847.52717,5349.28042732,0.980165854861,1.0,21032.8449426,0.311764814533,0.317735543172,0.00744768464433,0.0422992960742,0.84871787376,1.0,1.0,0.980319589007,42.13625771,0.658300755799,21082.6608836,5314045.95942,1344526479.57,2.51909260707,-0.0107571019025,5191.34234862,1.19195810701e-06,Class 4
0.499967563012,160.155043002,1748061.96455,6940.96685348,0.990070983075,1.0,27512.7733215,0.31790903831,0.320884995614,0.00759785492307,0.0241806206782,0.918854132123,1.0,1.0,0.990147942729,54.6107723048,0.565029102598,27578.7043587,6984225.26889,1771301902.4,1.26106333073,0.0492344279385,6855.4905612,5.96696864696e-07,Class 4
0.438405330895,1796.45477369,1199167.09305,5860.1934169,0.888626486442,1.0,21567.6745263,0.400671508714,0.434200293847,0.00620498326479,0.151738904004,0.474317669799,1.0,1.0,0.889489740791,46.1376237946,0.581021414299,21638.5747566,5267766.22892,1308965987.46,14.1453131787,0.0113087481539,4961.25083507,6.69313254792e-06,Class 4
0.419257960179,1880.4731181,1349286.68397,6363.61100785,0.883417661618,1.0,23489.7697242,0.411264421558,0.446361332079,0.0061421454768,0.156378330284,0.467673543975,1.0,1.0,0.884321289487,50.1033397402,0.547190730606,23568.8922553,5747369.01016,1429422968.33,14.8068749457,0.00999858830684,5422.88758796,7.00616348186e-06,Class 4
0.677721827872,282.600789462,2413987.13645,13102.1670121,0.982479802265,1.0,52017.8745941,0.24089189229,0.246163533086,0.00748249158443,0.0383173211304,0.82711621314,1.0,1.0,0.982615601042,103.149229541,0.803438015811,52110.7612348,13199437.6424,3347894533.97,2.22520306663,0.0301336764834,12958.651757,1.05289850305e-06,Class 4
0.787171505667,282.548245157,2284261.17943,14354.0036585,0.982483059817,1.0,57062.9998186,0.179744146352,0.185017433474,0.00748254070324,0.0383116239767,0.76996256627,1.0,1.0,0.982618833344,113.044866866,0.881358048823,57137.179063,14476075.9093,3672141553.46,2.22478933194,-0.0073093128312,14215.4239695,1.05270273636e-06,Class 4
0.486258838924,469.991297455,2325194.21654,9441.64548929,0.970862287821,1.0,37188.8137355,0.342929114345,0.351700182067,0.00730942723172,0.0572131770542,0.806569848923,1.0,1.0,0.971088133769,74.3319878812,0.570721483798,37286.0130411,9410390.48521,2382514453.83,3.7007188776,0.0208246459908,9205.16681218,1.75106776764e-06,Class 4
0.456577647549,935.726506168,1624285.89358,6855.90808916,0.941988437311,1.0,26407.7728027,0.374551077431,0.392015353072,0.00689756795795,0.0961835773615,0.676243697163,1.0,1.0,0.94243808402,53.9847227652,0.545915863087,26485.1388575,6608003.37903,1663242845.22,7.36792524542,0.00544750673269,6388.19653809,3.48627843355e-06,Class 4
0.428200064296,1503.5903299,2180049.36404,9350.12457054,0.906782992567,1.0,35783.9595703,0.401438706188,0.429501560706,0.0064306476734,0.134601512683,0.546413462844,1.0,1.0,0.907505516123,73.6331210364,0.533176961168,35897.4333307,8926478.15784,2242943517.4,11.8392939362,-0.0010343367214,8599.61120667,5.60199428517e-06,Class 4
0.456577647549,935.726506168,1624285.89358,6855.90808916,0.941988437311,1.0,26407.7728027,0.374551077431,0.392015353072,0.00689756795795,0.0961835773615,0.676243697163,1.0,1.0,0.94243808402,53.9847227652,0.545915863087,26485.1388575,6608003.37903,1663242845.22,7.36792524542,0.00544750673269,6388.19653809,3.48627843355e-06,Class 4
0.570284932017,48.4808791591,2518860.31435,11152.2250493,0.99699436583,1.0,44462.0874341,0.276252839397,0.277154406161,0.00770464006934,0.00888423781121,0.967429721614,1.0,1.0,0.997017662453,87.8100849188,0.689915081227,44553.5543734,11309751.0858,2871718401.41,0.381739205977,0.0135153331596,11127.6403451,1.80627397362e-07,Class 4
0.479069889265,553.098873903,1656920.94992,6809.99001626,0.965709927222,1.0,26594.0362429,0.350068648581,0.360388877606,0.00723402353328,0.064865960152,0.781419425589,1.0,1.0,0.965975709036,53.5867099948,0.560911302233,26665.6008782,6702419.66456,1693392230.02,4.35510924333,0.0418561593259,6528.96273239,2.06070541232e-06,Class 4
0.479069889265,553.098873903,1656920.94992,6809.99001626,0.965709927222,1.0,26594.0362429,0.350068648581,0.360388877606,0.00723402353328,0.064865960152,0.781419425589,1.0,1.0,0.965975709036,53.5867099948,0.560911302233,26665.6008782,6702419.66456,1693392230.02,4.35510924333,0.0418561593259,6528.96273239,2.06070541232e-06,Class 4
0.427131535681,1689.31693489,2212454.17522,9716.05063201,0.895268633919,1.0,37040.015445,0.404921844527,0.436450575762,0.00628634234002,0.145649391238,0.504815814969,1.0,1.0,0.896080405088,76.4823739249,0.549854487012,37158.9491148,9223301.98232,2315337652.05,13.3017081487,0.031374880549,8868.60302102,6.29396427131e-06,Class 4
0.484918294967,416.60628312,1710287.01258,6922.94637407,0.974171960129,1.0,27186.9090628,0.340830358946,0.348603377154,0.00735830123676,0.0520859454286,0.824909225193,1.0,1.0,0.974372152859,54.4836178438,0.558080314482,27257.6665996,6870125.40083,1738187543.17,3.28036443402,0.0344778907132,6711.1163246,1.55216881274e-06,Class 4
0.501236386016,331.817288898,1552917.05035,6389.96749134,0.979428562375,1.0,25188.7023077,0.328824748703,0.335012080166,0.0074366292729,0.0435422428767,0.851614461575,1.0,1.0,0.979588011264,50.3674403831,0.593119624707,25251.6947048,6371405.43348,1612887520.95,2.61273455825,-0.0465451524629,6230.75628421,1.23626663404e-06,Class 4
0.49993113903,388.249872948,1520501.36463,6322.8941812,0.97592995208,1.0,24821.761011,0.332560132747,0.339803388729,0.00738440076226,0.0492869861122,0.831550546137,1.0,1.0,0.976116518642,49.756078425,0.596184084788,24884.7284562,6271036.56522,1586485531.43,3.05708561376,0.0366155199375,6124.8970235,1.44652005684e-06,Class 4
0.49993113903,388.249872948,1520501.36463,6322.8941812,0.97592995208,1.0,24821.761011,0.332560132747,0.339803388729,0.00738440076226,0.0492869861122,0.831550546137,1.0,1.0,0.976116518642,49.756078425,0.596184084788,24884.7284562,6271036.56522,1586485531.43,3.05708561376,0.0366155199375,6124.8970235,1.44652005684e-06,Class 4
0.481833499362,395.290809878,1800154.51621,7202.18499815,0.975493440181,1.0,28328.9351193,0.341078445569,0.348455114923,0.00737791119873,0.049987152076,0.832814832656,1.0,1.0,0.97568339014,56.6957882677,0.541322430718,28402.6263875,7163633.69705,1813077734.73,3.11252606203,0.0213073364608,7002.71970506,1.47275279302e-06,Class 4
0.475650876997,776.937615107,2329406.66637,9735.92744846,0.951832757898,1.0,38059.9130757,0.360498746397,0.374999423555,0.00703506081929,0.0838587618922,0.714109166342,1.0,1.0,0.952206101433,76.667864977,0.579598861958,38165.5462958,9594805.60007,2424404101.42,6.11761901659,0.00241345234993,9348.35004452,2.89467150274e-06,Class 4
0.880672102544,44.2423051863,2208041.48585,15127.4482388,0.99725714165,1.0,60410.1596612,0.107652545798,0.108468084612,0.00770872259058,0.00821665379114,0.929423690752,1.0,1.0,0.997278401502,119.105666319,0.936468378073,60453.9923249,15348752.0629,3897629878.92,0.348364607766,0.0227554078707,15104.2984699,1.64835551205e-07,Class 4
0.488926258492,205.640896751,2179224.87912,8510.56987388,0.98725102934,1.0,33739.7586383,0.326181950526,0.33001690855,0.00755478977047,0.0296560975344,0.901338018598,1.0,1.0,0.98734984641,66.9935067544,0.521133046651,33822.8736845,8564371.43654,2171900968.61,1.61921965946,0.0270996221006,8405.35490943,7.66165560849e-07,Class 4
0.713334873658,156.704633611,2393271.61401,13447.5858031,0.990284895622,1.0,53551.1439488,0.214856226077,0.217780871194,0.00760113184753,0.0237520220238,0.884932415243,1.0,1.0,0.990360197243,105.90318554,0.82902549735,53635.4949157,13602681.0522,3452341889.11,1.23389475285,-0.0036546564156,13371.3522468,5.83841518858e-07,Class 4
0.46250648992,737.459326948,2206254.98878,8956.05573899,0.954280264913,1.0,34991.8952586,0.365124461044,0.378888266593,0.00706971458852,0.0806582911179,0.730104217066,1.0,1.0,0.95463463786,70.5359031578,0.532539527409,35090.3712274,8818771.68823,2227940123.67,5.80676635392,-0.00710244548693,8589.33003757,2.74758546457e-06,Class 4
0.492475078905,492.707952176,1523990.23777,6372.47239034,0.969453939729,1.0,24916.6770934,0.341202143926,0.350396393591,0.00728873395892,0.0593427719116,0.797515704463,1.0,1.0,0.969690701761,50.1529879029,0.589820606377,24981.8755849,6282447.50643,1587699549.62,3.87959017462,0.0301336764834,6123.07548758,1.83570423237e-06,Class 4
0.476477497988,489.555293849,1784213.51185,7187.36932703,0.969649392818,1.0,28183.0154273,0.348289958498,0.357426947851,0.00729160210407,0.0590489915363,0.802431260154,1.0,1.0,0.969884639896,56.5970435887,0.539177743028,28258.2057781,7114984.47509,1799201761.73,3.8547660933,0.0033788332899,6943.04688885,1.82395823109e-06,Class 4
0.809836237183,53.3149552602,2291934.81547,14446.1900566,0.996694671094,1.0,57662.9237423,0.153184274931,0.154177099858,0.00769998660495,0.00963343062491,0.939143356079,1.0,1.0,0.996720290646,113.751801538,0.894030709756,57725.4909824,14654603.409,3721180688.16,0.419802797324,0.0117224828425,14419.8213177,1.98637932648e-07,Class 4
0.475597382087,404.678725784,2067003.09104,8149.07450365,0.974911424316,1.0,32112.4167017,0.34436661359,0.351919281093,0.007369267711,0.0509153317202,0.830853656277,1.0,1.0,0.975105885471,64.1838344844,0.49283945791,32196.6979468,8126076.62244,2057371837.79,3.18644665972,-0.00999858830684,7949.00761663,1.50772977459e-06,Class 4
0.457670285126,781.228733385,2161069.90698,8762.33120719,0.951566724527,1.0,34172.6003021,0.36893371842,0.383514475664,0.00703130538621,0.0842031694953,0.719039520512,1.0,1.0,0.951942130082,69.0069466163,0.519143645209,34269.9874577,8604849.68163,2172901580.3,6.15140734949,-0.00372361219703,8373.26785357,2.91065911559e-06,Class 4
0.454962488263,1213.19546846,1405051.46236,6278.34209216,0.924786393772,1.0,23825.316807,0.382685226608,0.405328165736,0.0066645823216,0.115927303042,0.603732973116,1.0,1.0,0.925369373249,49.4370889801,0.573122448093,23897.7561595,5915618.71207,1482914313.03,9.55272022413,0.00475794891843,5671.91256624,4.52005705675e-06,Class 4
0.573654312202,536.547417687,874661.702052,4357.7337571,0.96673605594,1.0,16840.0987407,0.304872211657,0.314884919554,0.00724897454305,0.0633713674526,0.757162441761,1.0,1.0,0.966993884247,34.2881244027,0.713381765268,16879.6770153,4219049.41672,1062921849.64,4.22478281644,0.0289614281991,4086.3180903,1.99903890563e-06,Class 4
0.506090083717,413.944038311,1430078.11069,6051.81643506,0.974337009404,1.0,23736.4333427,0.33111368741,0.338839415513,0.00736074748515,0.051825490779,0.820973409366,1.0,1.0,0.97453592284,47.6641668839,0.611859308488,23796.4739724,5991374.57323,1515041486.94,3.25940187647,-0.00620602032838,5846.37717509,1.54224996722e-06,Class 4
0.448184591075,961.560789679,1763730.08068,7319.72966073,0.940386807831,1.0,28236.0392601,0.379231218272,0.397177670005,0.00687548492444,0.0981123667177,0.672464843997,1.0,1.0,0.940848868745,57.6474470072,0.516274650334,28319.7395687,7070683.14914,1780339750.07,7.57134480063,-0.004688993137,6840.44537508,3.58253038843e-06,Class 4
0.482030362935,632.738526192,1536901.46515,6461.59408102,0.960772565022,1.0,25147.2291726,0.352112384218,0.363921730467,0.00716254477168,0.0718708957573,0.755445236122,1.0,1.0,0.961076616253,50.8888150465,0.579685735384,25215.5992106,6324030.14885,1596003171.46,4.98219311962,-0.00386152375988,6146.51024781,2.3574224556e-06,Class 4
0.490729189671,401.963936669,1631568.99126,6664.75791156,0.975079731143,1.0,26192.4833306,0.337445363621,0.34494750807,0.00737176613893,0.0506475458536,0.828598854983,1.0,1.0,0.975272887754,52.4905199375,0.574227912432,26259.9397782,6618577.49714,1674534385.31,3.16507036747,-0.00565437407697,6465.31406372,1.49761516238e-06,Class 4
0.847796231199,21.0527517158,2250651.59141,14803.1846851,0.998694807705,1.0,59132.0017667,0.126994055484,0.127377257785,0.00773109657064,0.00433130050963,0.968727902244,1.0,1.0,0.99870492423,116.559543046,0.917139040917,59183.9103882,15029115.4433,3816821058.16,0.165769698549,0.0153081834767,14792.535591,7.84371862823e-08,Class 4
0.917842168853,60.6361284858,2162720.40491,15467.7183213,0.996240785587,1.0,61778.0723337,0.0822285558959,0.0833602579968,0.00769294431188,0.0107458283005,0.875762446734,1.0,1.0,0.996269923198,121.80859504,0.957243071844,61810.5173585,15691206.7238,3984343693.54,0.477449830597,-0.000551646251412,15439.3735058,2.25914757828e-07,Class 4
0.45024834812,898.139813005,2126110.03325,8671.3882047,0.944318672473,1.0,33685.0889354,0.376304017594,0.393066747891,0.00692984007692,0.0933407918782,0.688907275951,1.0,1.0,0.944750257566,68.2792562549,0.509789549127,33783.4551551,8466434.02485,2135861203.32,7.07196703154,0.00779200330119,8222.39563787,3.34623999615e-06,Class 4
0.489584630442,427.062599904,1623471.1129,6653.84755328,0.973523707383,1.0,26105.8292218,0.339273412622,0.347242334544,0.00734870151323,0.0531043921722,0.82030227594,1.0,1.0,0.973728924711,52.3697783642,0.574400573365,26173.5119421,6593439.43124,1667745042.42,3.36269763704,0.0291682955434,6437.4305523,1.59112638363e-06,Class 4
0.776323089807,67.0115042134,2331037.9675,14102.522527,0.995845536007,1.0,56273.3455172,0.173770564682,0.175021248419,0.00768681703345,0.0116949143519,0.933313350717,1.0,1.0,0.995877737192,111.058112892,0.872395969073,56343.568957,14301877.7721,3631373057.6,0.527649639475,-0.00096538093997,14070.8745852,2.49667782626e-07,Class 4
0.479956385577,636.819467249,1561154.5715,6540.47089274,0.960519561857,1.0,25448.403045,0.353228842365,0.36511409745,0.00715890253667,0.0722219715447,0.754850050923,1.0,1.0,0.960825574111,51.4918333551,0.5748110503,25517.8138817,6400269.8015,1615301054.78,5.01432651377,0.0142738467553,6221.05310247,2.37262700169e-06,Class 4
0.521549147675,668.188417601,1135013.18322,5239.87913007,0.958574803621,1.0,20243.3291471,0.335048171797,0.347519063941,0.00713097257727,0.0748964351886,0.731062311427,1.0,1.0,0.958895889665,41.2730692381,0.654301320476,20295.9514327,5070015.44965,1276931471.55,5.26132612284,-0.00910216314829,4907.58558444,2.48949971437e-06,Class 4
0.51496494862,145.53021132,1544733.18508,6299.83006907,0.990977668238,1.0,24997.4409756,0.310099710264,0.312815778942,0.00761175424089,0.0223495529312,0.923434712605,1.0,1.0,0.991047600189,49.6149948962,0.604819303275,25055.7865029,6345300.44827,1609260778.02,1.14590717574,-0.00393047954131,6228.33924616,5.422084699e-07,Class 4
0.485811858742,719.033790505,1421847.5869,6141.70868075,0.955422579634,1.0,23782.0654852,0.353705381737,0.367125353414,0.00708595247889,0.079144316018,0.727800618078,1.0,1.0,0.955768098517,48.3649644905,0.596883415863,23847.3456045,5965558.30879,1503565582.55,5.6616833898,0.000896425158544,5782.83359504,2.67893661268e-06,Class 4
0.866824680195,42.0354443576,2224731.77446,14999.2383945,0.997393958812,1.0,59888.6200744,0.116715717599,0.11747243509,0.00771084905516,0.00786478983341,0.938675945932,1.0,1.0,0.997414158197,118.082224611,0.92847819477,59936.3547633,15217560.4121,3864344830.83,0.330987750847,0.036546564156,14975.4248034,1.56613350314e-07,Class 4
0.459137166529,828.431034445,1699427.26095,7052.92499232,0.948640357443,1.0,27302.565316,0.369906839913,0.38536857291,0.00699014161128,0.087948375942,0.705116167076,1.0,1.0,0.949038445224,55.5374690513,0.537015680653,27381.132396,6849194.91058,1726231655.61,6.52307901138,0.00420630266701,6639.0430523,3.08652285688e-06,Class 4
0.892889019933,35.2922584919,2195039.60712,15230.0196167,0.997812011253,1.0,60849.6031864,0.0985395135615,0.0991961949691,0.00771735021071,0.00676950326334,0.936251166521,1.0,1.0,0.997828970319,119.945202958,0.943356354791,60889.3745131,15460468.7125,3926148464.38,0.277891799149,-0.00903320736687,15215.3946464,1.31489958701e-07,Class 4
0.664495881544,447.362216575,533685.204427,3074.61958282,0.97226520666,1.0,11824.4089281,0.255234468886,0.263583895194,0.00733010236324,0.0550615059506,0.754088627791,1.0,1.0,0.972480178606,24.2055479541,0.795536877769,11847.5435415,2952289.87005,742622655.148,3.52253713839,0.0070334897055,2850.42348189,1.66675758072e-06,Class 4
0.90114180249,9.89584419251,2189093.54217,15292.4871095,0.99938649447,1.0,61120.2516234,0.0903446562597,0.0905243614888,0.00774188410732,0.00223717361374,0.978058777615,1.0,1.0,0.999391249742,120.420584115,0.947886803927,61156.234844,15531471.618,3944591560.57,0.0779200330119,0.00751618017548,15288.4662605,3.68693928864e-08,Class 4
0.558649718869,501.850661324,972706.404332,4664.13444489,0.96888712577,1.0,18116.4990335,0.310691995309,0.320058311362,0.00728042308982,0.0601915788464,0.774917236749,1.0,1.0,0.969128281169,36.7399851229,0.695151376944,18159.7657762,4548577.36559,1147176217.23,3.95158001042,-0.00999858830684,4415.05277995,1.86976763606e-06,Class 4
0.805270628241,323.883098775,2256286.8818,14563.47203,0.979920452649,1.0,57861.2484553,0.170141539518,0.176186414426,0.00744400306146,0.0427143284912,0.725474050241,1.0,1.0,0.980076088904,114.691255104,0.893040352706,57932.1065347,14672726.8324,3721421371.46,2.55026062028,-0.00413734688559,14403.8478488,1.20670586417e-06,Class 4
0.855543612233,213.119702893,2213011.55864,14986.6643379,0.986787371178,1.0,59678.0232726,0.133554285955,0.137531929841,0.00754773276878,0.0305283018623,0.760411676676,1.0,1.0,0.986889782056,118.020026496,0.922684823213,59733.6777498,15144361.2631,3842994991.06,1.67810789679,-0.000275823125706,14881.9835136,7.94029686092e-07,Class 4
0.484983507337,279.886000347,1919140.88464,7548.98728555,0.982648109092,1.0,29840.9308914,0.332928665121,0.338152428089,0.00748502982386,0.0380226166003,0.873372008983,1.0,1.0,0.982782603325,59.4485720181,0.523224524368,29916.2732932,7562729.16612,1916302425.24,2.20382677439,-0.000413734688559,7410.02564612,1.04278389084e-06,Class 4
0.601434021378,319.469377118,2478312.2477,12027.0326371,0.980194086973,1.0,47690.9673168,0.281267268445,0.287229725086,0.00744810830998,0.0422514629943,0.833400242158,1.0,1.0,0.980347602293,94.7183509252,0.735910216315,47791.5332401,12097740.057,3067486127.32,2.51550690644,-0.00565437407697,11869.4958789,1.19026146239e-06,Class 4
0.878635051946,18.2153592216,2214242.14892,15097.2214677,0.998870715485,1.0,60302.1673778,0.106705114031,0.106915685142,0.00773383860799,0.00381859483225,0.972027200041,1.0,1.0,0.998879468552,118.840738207,0.935189166884,60345.4523479,15324489.2133,3891887127.93,0.143428025367,0.0496481626271,15083.6660727,6.78657851361e-08,Class 4
0.509500263057,254.156805447,1518039.30331,6260.70689025,0.984243223469,1.0,24726.2674482,0.320346723619,0.325090202706,0.0075091297397,0.0351927411689,0.879315469713,1.0,1.0,0.984365353996,49.2982120363,0.60394622535,24786.2540149,6263051.22473,1586619368.63,2.00123468856,0.00475794891843,6133.79452589,9.46923469336e-07,Class 4
0.487841576112,353.920926722,1732434.3959,6963.73325118,0.97805821905,1.0,27430.3019191,0.336101542937,0.342707084055,0.00741612672045,0.0458215700841,0.846017637095,1.0,1.0,0.978228289449,54.8382574277,0.557231126748,27500.4866996,6939756.99369,1756883558.74,2.78677895057,0.0010343367214,6787.49822995,1.31861915408e-06,Class 4
