0.648858134872,3865.12237762,18769462.2126,53655.3491193,0.940560354664,1.0,209166.771102,0.277396513896,0.294885833418,0.00345421480989,0.0979010157022,0.569230712977,1.0,1.0,0.940791630245,209.082167832,0.79020979021,209392.155054,105802817.382,53707303797.2,15.1573426573,1.33741258741,51383.3916084,8.99946394958e-07,Class 1
0.443860335469,7275.52447552,18239144.0693,42515.043585,0.888113608779,1.0,160708.507685,0.398050434976,0.431351489924,0.00311466963042,0.152196231284,0.473321817956,1.0,1.0,0.888548951049,164.947552448,0.590909090909,160965.824471,80236167.8625,40446771267.1,28.5314685315,1.78321678322,38423.8636364,1.69401674345e-06,Class 1
0.666291750208,6366.08391608,17913669.142,56383.5872093,0.902099407682,1.0,216210.581843,0.27048626437,0.298973934571,0.00320101248337,0.139169148457,0.338720485139,1.0,1.0,0.902480332168,218.444055944,0.807692307692,216440.026831,108759470.813,55052563870.8,24.965034965,2.67482517483,52520.1923077,1.48226465052e-06,Class 1
0.504450095359,6593.44405594,18790049.4807,46380.0475459,0.898602957956,1.0,180029.332961,0.364838708552,0.395126675812,0.00317914023412,0.142511646293,0.472928549774,1.0,1.0,0.898997486888,183.225524476,0.667832167832,180290.865172,90265707.4951,45606106326.9,25.8566433566,-1.33741258741,43425.7867133,1.53520267375e-06,Class 1
0.648858134872,3865.12237762,18769462.2126,53655.3491193,0.940560354664,1.0,209166.771102,0.277396513896,0.294885833418,0.00345421480989,0.0979010157022,0.569230712977,1.0,1.0,0.940791630245,209.082167832,0.79020979021,209392.155054,105802817.382,53707303797.2,15.1573426573,1.33741258741,51383.3916084,8.99946394958e-07,Class 1
0.666291750208,6366.08391608,17913669.142,56383.5872093,0.902099407682,1.0,216210.581843,0.27048626437,0.298973934571,0.00320101248337,0.139169148457,0.338720485139,1.0,1.0,0.902480332168,218.444055944,0.807692307692,216440.026831,108759470.813,55052563870.8,24.965034965,2.67482517483,52520.1923077,1.48226465052e-06,Class 1
0.374174776273,9776.48601399,13206655.9249,30010.6190056,0.849652661797,1.0,112333.018983,0.438709936963,0.483527263434,0.00289298626571,0.183843417485,0.389880143838,1.0,1.0,0.850237652972,119.921328671,0.454545454545,112539.52175,54901425.6852,27363640607.0,38.3391608392,-2.22902097902,25691.6958042,2.27633499901e-06,Class 1
0.476771480268,9094.40559441,18251473.6373,46607.40072,0.860142010974,1.0,177968.901945,0.383286025085,0.425312165104,0.00295115307704,0.17576311005,0.349536389453,1.0,1.0,0.860686188811,183.671328671,0.65034965035,178244.609982,88584427.2198,44586056444.1,35.6643356643,-0.891608391608,42288.986014,2.11752092931e-06,Class 1
0.443860335469,7275.52447552,18239144.0693,42515.043585,0.888113608779,1.0,160708.507685,0.398050434976,0.431351489924,0.00311466963042,0.152196231284,0.473321817956,1.0,1.0,0.888548951049,164.947552448,0.590909090909,160965.824471,80236167.8625,40446771267.1,28.5314685315,1.78321678322,38423.8636364,1.69401674345e-06,Class 1
0.562594747909,8184.96503497,18192405.5963,52063.8769001,0.874127809877,1.0,197987.937261,0.333773019317,0.371326761945,0.00303138316164,0.164366410067,0.325768181609,1.0,1.0,0.87461756993,202.395104895,0.730769230769,198251.717172,99019788.7159,49967140218.1,32.0979020979,1.78321678322,47518.2692308,1.90576883638e-06,Class 1
0.406743606044,15687.8496503,4769216.63688,19552.3729938,0.75874496893,1.0,59219.3320827,0.414082747344,0.486168754618,0.00246088995293,0.239959216674,0.138053609116,1.0,1.0,0.759683675699,73.5576923077,0.590909090909,59338.6978866,26262115.7783,12373465207.2,61.520979021,3.12062937063,10913.2867133,3.65272360306e-06,Class 1
0.506479534452,10458.5664336,4017572.92563,15914.7222071,0.83916331262,1.0,50386.8257294,0.365173837295,0.412995352319,0.00283653867047,0.191549395828,0.258044950788,1.0,1.0,0.839789117133,59.7377622378,0.685314685315,50472.0843049,23073597.6331,11087348752.4,41.013986014,2.67482517483,10003.8461538,2.43514906871e-06,Class 1
0.544745464326,4547.2027972,19213420.5592,47971.519765,0.930071005487,1.0,186183.496974,0.336378275116,0.357277218443,0.0033828673418,0.110075420342,0.582594022429,1.0,1.0,0.930343094406,187.237762238,0.699300699301,186429.463566,93918104.2671,47601844755.0,17.8321678322,0.891608391608,45472.027972,1.05876046466e-06,Class 1
0.364834466233,15233.1293706,16374169.3638,41832.9840625,0.765737868381,1.0,153176.39539,0.441211316592,0.511630305832,0.00248954355457,0.236421022881,0.183592508395,1.0,1.0,0.766649366259,165.393356643,0.531468531469,153462.925924,74380683.3094,36943124190.4,59.7377622378,-1.33741258741,34558.7412587,3.5468475566e-06,Class 1
0.433639786787,11140.6468531,17716939.4763,45925.3411975,0.828673963443,1.0,169095.129168,0.407297390688,0.458110599969,0.00278181029133,0.198901117305,0.290847266176,1.0,1.0,0.829340581294,176.984265734,0.608391608392,169377.773499,83540650.3359,41880725029.1,43.6888111888,3.12062937063,39560.6643357,2.59396313841e-06,Class 1
0.587559293853,5456.64335664,18769434.1987,50927.1110292,0.916085206584,1.0,198913.293615,0.316892140629,0.342026709456,0.0032904117205,0.125177193525,0.484620768684,1.0,1.0,0.916411713287,200.611888112,0.744755244755,199161.213457,100179304.114,50735876823.8,21.3986013986,-0.891608391608,48427.7097902,1.27051255759e-06,Class 1
0.443860335469,7275.52447552,18239144.0693,42515.043585,0.888113608779,1.0,160708.507685,0.398050434976,0.431351489924,0.00311466963042,0.152196231284,0.473321817956,1.0,1.0,0.888548951049,164.947552448,0.590909090909,160965.824471,80236167.8625,40446771267.1,28.5314685315,1.78321678322,38423.8636364,1.69401674345e-06,Class 1
0.544745464326,4547.2027972,19213420.5592,47971.519765,0.930071005487,1.0,186183.496974,0.336378275116,0.357277218443,0.0033828673418,0.110075420342,0.582594022429,1.0,1.0,0.930343094406,187.237762238,0.699300699301,186429.463566,93918104.2671,47601844755.0,17.8321678322,0.891608391608,45472.027972,1.05876046466e-06,Class 1
0.502004988019,7048.16433566,18692726.811,47289.4602425,0.891610058505,1.0,180481.024089,0.367187347856,0.399595698716,0.00313596880764,0.149023520823,0.446820019991,1.0,1.0,0.892031796329,184.117132867,0.667832167832,180745.557589,90381650.5093,45635670889.7,27.6398601399,1.33741258741,43425.7867133,1.64107872022e-06,Class 1
0.654555234975,5001.92307692,18392564.8249,55019.4681643,0.923078106036,1.0,212117.953497,0.277452277458,0.299350132642,0.00333625748313,0.117776048263,0.474000016319,1.0,1.0,0.923377403846,213.094405594,0.797202797203,212347.71149,107020261.659,54254277195.5,19.6153846154,2.67482517483,51838.1118881,1.16463651112e-06,Class 1
0.468507017458,8412.32517483,18354240.9365,46380.0475459,0.870631360151,1.0,173653.586989,0.387472787728,0.425405640618,0.00301103910448,0.167285259642,0.400042357214,1.0,1.0,0.87113472465,178.767482517,0.636363636364,173924.92057,86555339.2161,43595585617.4,32.9895104895,3.12062937063,41379.5454545,1.95870685961e-06,Class 1
0.641473910705,6593.44405594,18054325.2896,55246.8213385,0.898602957956,1.0,211881.619175,0.286190292936,0.316056500359,0.00317914023412,0.142511646293,0.349621951564,1.0,1.0,0.898997486888,214.431818182,0.79020979021,212120.309556,106498475.467,53884691174.1,25.8566433566,2.22902097902,51383.3916084,1.53520267375e-06,Class 1
0.653283779158,5456.64335664,18274227.7466,55019.4681643,0.916085206584,1.0,212570.593085,0.278727927896,0.303480645734,0.0032904117205,0.125177193525,0.426171277117,1.0,1.0,0.916411713287,213.986013986,0.797202797203,212802.403907,107136204.673,54283841758.3,21.3986013986,1.78321678322,51838.1118881,1.27051255759e-06,Class 1
0.527483006504,7275.52447552,18594511.5399,49335.6388101,0.888113608779,1.0,187983.093677,0.353720895248,0.387021950195,0.00311466963042,0.152196231284,0.415183013903,1.0,1.0,0.888548951049,191.695804196,0.695804195804,188248.205371,94149968.9814,47542701136.1,28.5314685315,1.78321678322,45244.6678322,1.69401674345e-06,Class 1
0.465034965035,6820.8041958,18563279.4089,44333.8689783,0.89510650823,1.0,167527.599375,0.386025312851,0.416684605149,0.00315745900887,0.145795862635,0.490041776491,1.0,1.0,0.895514641608,171.188811189,0.618881118881,167786.433627,83830571.8134,42309454669.4,26.7482517483,2.67482517483,40242.7447552,1.58814069698e-06,Class 1
0.577852217712,9094.40559441,17858948.7603,53427.9959451,0.860142010974,1.0,202536.929882,0.323015630326,0.364813516981,0.00295115307704,0.17576311005,0.252489084302,1.0,1.0,0.860686188811,207.744755245,0.744755244755,202798.752793,101106848.227,50972393326.2,35.6643356643,1.78321678322,48427.7097902,2.11752092931e-06,Class 1
0.402440217126,10458.5664336,17347576.1041,40696.2181916,0.83916331262,1.0,154784.217065,0.4245608249,0.472382339924,0.00283653867047,0.191549395828,0.343080943875,1.0,1.0,0.839789117133,162.272727273,0.555944055944,155054.544423,76409835.2553,38288413250.4,41.013986014,-2.67482517483,36150.2622378,2.43514906871e-06,Class 1
0.49525649176,4092.48251748,19144619.7746,43879.16263,0.937063904938,1.0,168458.384953,0.358558683056,0.375956664304,0.00343024129652,0.102047746795,0.650172819125,1.0,1.0,0.937308784965,169.405594406,0.632867132867,168695.929912,84990087.211,43078191275.1,16.048951049,2.67482517483,41152.1853147,9.5288441819e-07,Class 1
0.544721013252,4547.2027972,19213915.0242,47744.1665909,0.930071005487,1.0,186183.496974,0.336378275116,0.357429323763,0.0033828673418,0.110075420342,0.578489701559,1.0,1.0,0.930343094406,187.237762238,0.699300699301,186429.463566,93918104.2671,47601844755.0,17.8321678322,0.0,45472.027972,1.05876046466e-06,Class 1
0.464937160741,13414.2482517,3820000.43183,16596.7817296,0.793709466187,1.0,50604.9406971,0.383870178454,0.445648667085,0.00261179892158,0.221057857361,0.164756675597,1.0,1.0,0.794512128497,62.8583916084,0.65034965035,50699.3469251,22435847.1131,10569925423.7,52.6048951049,2.22902097902,9321.76573427,3.12334337074e-06,Class 1
0.61002983031,3183.04195804,19263712.9001,51154.4642034,0.951049703841,1.0,199387.771044,0.29487536089,0.308731164711,0.00352728149408,0.0848676611123,0.662498525842,1.0,1.0,0.951240166084,198.828671329,0.755244755245,199615.989462,100990969.155,51297646996.7,12.4825174825,1.78321678322,49109.7902098,7.41132325259e-07,Class 1
0.442980096826,14323.6888112,17151723.9833,47971.519765,0.779723667284,1.0,177725.186125,0.395014113115,0.461312864165,0.00254914304599,0.228986875523,0.148510143701,1.0,1.0,0.780580747378,188.575174825,0.629370629371,178017.096597,87135011.6587,43506862942.5,56.1713286713,-0.445804195804,40924.8251748,3.33509546367e-06,Class 1
0.493006993007,11595.3671329,3846353.7895,15914.7222071,0.821681063992,1.0,49702.6626485,0.371138376429,0.4244457676,0.0027462798253,0.203614191818,0.214823696509,1.0,1.0,0.822374890734,60.1835664336,0.674825174825,49789.989954,22435868.4272,10688198168.1,45.472027972,2.22902097902,9549.12587413,2.69983918487e-06,Class 1
0.674385055504,2046.24125874,19100556.4478,53882.7022934,0.968531952469,1.0,211006.660882,0.252260493996,0.259499781806,0.00365287978128,0.0607189051017,0.753211741753,1.0,1.0,0.968654392483,209.082167832,0.804195804196,211211.036173,107194218.808,54535169528.6,8.02447552448,2.22902097902,52292.8321678,4.76442209095e-07,Class 1
0.61484669177,8639.68531469,17714051.0781,54564.761816,0.867134910425,1.0,209369.560913,0.299760121282,0.339757113713,0.00299088607132,0.17015696489,0.226268935776,1.0,1.0,0.867651879371,213.986013986,0.772727272727,209619.361949,104701252.178,52835076728.5,33.8811188811,0.0,50246.5909091,2.01164488285e-06,Class 1
0.589588732945,7502.88461538,18197582.5844,53200.6427709,0.884617159054,1.0,202770.283725,0.317845034635,0.352001849664,0.00309356147721,0.155315502103,0.34390010323,1.0,1.0,0.885066105769,206.407342657,0.751748251748,203026.154727,101628634.418,51341979347.7,29.4230769231,2.22902097902,48882.4300699,1.74695476668e-06,Class 1
0.546261430877,4319.84265734,19262686.5656,48198.8729392,0.933567455213,1.0,185958.127426,0.334515231269,0.353502843806,0.00340645880715,0.106104406547,0.607128204455,1.0,1.0,0.933825939685,186.791958042,0.699300699301,186202.117358,93860132.76,47587062473.6,16.9405594406,2.22902097902,45472.027972,1.00582244142e-06,Class 1
0.442491075358,14778.4090909,17057498.9437,48426.2261134,0.772730767833,1.0,178179.466218,0.393734714157,0.462138940939,0.00251896125226,0.232764422408,0.133173996345,1.0,1.0,0.773615056818,189.466783217,0.629370629371,178471.789014,87250954.6729,43536427505.3,57.9545454545,0.445804195804,40924.8251748,3.44097151013e-06,Class 1
0.406743606044,15687.8496503,4769216.63688,19552.3729938,0.75874496893,1.0,59219.3320827,0.414082747344,0.486168754618,0.00246088995293,0.239959216674,0.138053609116,1.0,1.0,0.759683675699,73.5576923077,0.590909090909,59338.6978866,26262115.7783,12373465207.2,61.520979021,3.12062937063,10913.2867133,3.65272360306e-06,Class 1
0.455890263583,11368.006993,17766450.8275,47062.1070684,0.825177513717,1.0,176595.457569,0.394020732917,0.446648354537,0.00276394954631,0.201276057892,0.254952948901,1.0,1.0,0.825857736014,184.562937063,0.636363636364,176880.42128,87308968.808,43787755275.6,44.5804195804,0.0,41379.5454545,2.64690116164e-06,Class 1
0.554110225439,12732.1678322,1809600.66184,11822.3650721,0.804198815364,1.0,32682.0225983,0.324935955637,0.383661776698,0.00266079658039,0.214771866009,0.0953901192396,1.0,1.0,0.804960664336,44.5804195804,0.727272727273,32738.4670628,13449858.55,6031489662.45,49.9300699301,1.78321678322,5001.92307692,2.96452930104e-06,Class 1
0.413149787276,15233.1293706,4746426.38942,18870.3134713,0.765737868381,1.0,58766.8951913,0.411299858122,0.481718847361,0.00248954355457,0.236421022881,0.144814107927,1.0,1.0,0.766649366259,72.6660839161,0.597902097902,58884.0054697,26146172.7641,12343900644.4,59.7377622378,1.33741258741,10913.2867133,3.5468475566e-06,Class 1
0.323903369358,15005.7692308,13687924.3393,33420.9166182,0.769234318107,1.0,121161.509249,0.465492327833,0.534546076352,0.00250415689141,0.234607678141,0.220961553484,1.0,1.0,0.770132211538,133.741258741,0.409090909091,121406.135332,58089943.8304,28649757061.8,58.8461538462,-2.67482517483,26601.1363636,3.49390953337e-06,Class 1
0.446696659983,12504.8076923,4963787.07468,18642.9602972,0.807695265089,1.0,58775.069446,0.397781844941,0.454993962466,0.00267751118135,0.212609686006,0.220556426801,1.0,1.0,0.808443509615,69.9912587413,0.629370629371,58884.089058,26841894.7911,12876106254.5,49.0384615385,3.12062937063,11595.3671329,2.9115912778e-06,Class 1
0.506479534452,10458.5664336,4017572.92563,15914.7222071,0.83916331262,1.0,50386.8257294,0.365173837295,0.412995352319,0.00283653867047,0.191549395828,0.258044950788,1.0,1.0,0.839789117133,59.7377622378,0.685314685315,50472.0843049,23073597.6331,11087348752.4,41.013986014,2.67482517483,10003.8461538,2.43514906871e-06,Class 1
0.687026260453,5911.36363636,17863473.2677,56838.2935577,0.909092307133,1.0,219402.403897,0.257279477542,0.28417674546,0.00324533005391,0.132301776067,0.340414897632,1.0,1.0,0.909446022727,221.118881119,0.821678321678,219622.985201,110498701.282,55969123290.6,23.1818181818,1.78321678322,53429.6328671,1.37638860405e-06,Class 1
0.799183334148,5456.64335664,17019416.0053,61158.0038669,0.916085206584,1.0,237198.166551,0.174168473367,0.198921191205,0.0032904117205,0.125177193525,0.132221229361,1.0,1.0,0.916411713287,238.059440559,0.891608391608,237356.546718,119658625.68,60670178640.5,21.3986013986,1.78321678322,57976.8356643,1.27051255759e-06,Class 1
0.595163577681,10231.2062937,17449791.8657,54792.1149901,0.842659762346,1.0,207317.115609,0.30765486122,0.354867756777,0.00285516351154,0.189021031799,0.162109221434,1.0,1.0,0.843271962413,213.54020979,0.758741258741,207573.134622,103251879.245,51992428715.8,40.1223776224,1.33741258741,49337.1503497,2.38221104548e-06,Class 1
0.605041811336,9321.76573427,17609736.7637,55019.4681643,0.856645561248,1.0,208229.359483,0.304370556476,0.34706109076,0.00293157311592,0.178499498881,0.205374674009,1.0,1.0,0.857203343531,213.54020979,0.765734265734,208482.575181,103947579.958,52406361581.4,36.5559440559,2.22902097902,49791.8706294,2.17045895254e-06,Class 1
0.715365054526,4319.84265734,18060891.6239,57065.6467318,0.933567455213,1.0,222373.050261,0.238905060887,0.258542399997,0.00340645880715,0.106104406547,0.452380307425,1.0,1.0,0.933825939685,222.456293706,0.839160839161,222578.625225,112411867.585,57048302298.9,16.9405594406,1.33741258741,54566.4335664,1.00582244142e-06,Class 1
0.508753484278,6366.08391608,18840230.8516,46607.40072,0.902099407682,1.0,180712.886002,0.3619458914,0.391308801931,0.00320101248337,0.139169148457,0.482386914996,1.0,1.0,0.902480332168,183.671328671,0.671328671329,180972.931661,90671529.3587,45827855041.1,24.965034965,-0.891608391608,43653.1468531,1.48226465052e-06,Class 2
0.547826299575,9321.76573427,17985615.9942,50927.1110292,0.856645561248,1.0,196390.720164,0.341567763214,0.384258297498,0.00293157311592,0.178499498881,0.275213660993,1.0,1.0,0.857203343531,201.949300699,0.72027972028,196660.210124,97918266.1394,49331458638.2,36.5559440559,-2.22902097902,46836.1888112,2.17045895254e-06,Class 2
0.435791481246,4547.2027972,16163779.987,32966.2102698,0.930071005487,1.0,129844.419375,0.389768865466,0.40943197754,0.0033828673418,0.110075420342,0.638939738898,1.0,1.0,0.930343094406,131.958041958,0.482517482517,130045.876372,65162915.2882,32936923025.6,17.8321678322,-2.67482517483,31375.6993007,1.05876046466e-06,Class 2
0.527776419385,4774.56293706,19178190.4187,45925.3411975,0.926574555761,1.0,181861.791365,0.346295343597,0.366592988387,0.00335946690046,0.113964768155,0.590252766422,1.0,1.0,0.926860249126,183.225524476,0.681818181818,182109.746291,91657108.921,46433972058.2,18.7237762238,-3.12062937063,44335.2272727,1.11169848789e-06,Class 2
0.579514890704,6593.44405594,18509468.8874,50927.1110292,0.898602957956,1.0,199133.589982,0.323543279367,0.353409486791,0.00317914023412,0.142511646293,0.417439407131,1.0,1.0,0.898997486888,201.949300699,0.741258741259,199388.531803,100005368.278,50573257235.2,25.8566433566,-2.22902097902,48200.3496503,1.53520267375e-06,Class 2
0.535331801066,4547.2027972,19226005.9568,46380.0475459,0.930071005487,1.0,183455.149711,0.341292488626,0.3609556007,0.0033828673418,0.110075420342,0.599377215903,1.0,1.0,0.930343094406,184.562937063,0.688811188811,183701.225476,92526724.1552,46892251768.1,17.8321678322,-2.67482517483,44789.9475524,1.05876046466e-06,Class 2
0.517115751381,5001.92307692,19129535.1734,45697.9880233,0.923078106036,1.0,179359.301683,0.352676960988,0.37527784495,0.00333625748313,0.117776048263,0.571059986458,1.0,1.0,0.923377403846,180.996503497,0.671328671329,179608.85441,90323700.3162,45739161352.7,19.6153846154,-1.78321678322,43653.1468531,1.16463651112e-06,Class 2
0.591593720964,5456.64335664,18743077.1859,51154.4642034,0.916085206584,1.0,199823.416571,0.314641569172,0.339776137998,0.0032904117205,0.125177193525,0.481174391839,1.0,1.0,0.916411713287,201.503496503,0.748251748252,200070.626154,100643097.484,50972407819.4,21.3986013986,-0.891608391608,48655.0699301,1.27051255759e-06,Class 2
0.376570981466,11140.6468531,16512279.8331,38422.6864499,0.828673963443,1.0,143652.472813,0.438576202475,0.490011729208,0.00278181029133,0.198901117305,0.328166970274,1.0,1.0,0.829340581294,152.019230769,0.51048951049,143914.217992,70554435.9583,35257857151.3,43.6888111888,-1.33741258741,33194.5804196,2.59396313841e-06,Class 2
0.376791041127,12277.4475524,8962214.39546,24554.1428256,0.811191714815,1.0,85773.4963757,0.438316842217,0.495154673566,0.00269441680632,0.210413321503,0.280048066983,1.0,1.0,0.811926354895,96.2937062937,0.527972027972,85939.1237498,40697724.4029,19957253842.1,48.1468531469,0.0,18416.1713287,2.85865325457e-06,Class 2
0.427258056629,9094.40559441,17880560.0972,41832.9840625,0.860142010974,1.0,160697.540748,0.410252080169,0.451668261152,0.00295115307704,0.17576311005,0.391112021343,1.0,1.0,0.860686188811,166.730769231,0.583916083916,160965.768745,79772353.1779,40091967527.0,35.6643356643,-2.67482517483,37969.1433566,2.11752092931e-06,Class 2
0.631057753435,7048.16433566,18013139.7199,54564.761816,0.891610058505,1.0,210513.255208,0.292310155071,0.324914784094,0.00313596880764,0.149023520823,0.316748744841,1.0,1.0,0.892031796329,213.54020979,0.783216783217,210756.17658,105686831.74,53441193745.6,27.6398601399,0.445804195804,50928.6713287,1.64107872022e-06,Class 2
0.580737444374,5229.28321678,18873336.2413,50017.6983326,0.91958165631,1.0,196867.3438,0.320088018565,0.343464819768,0.00331323908981,0.121512529349,0.516374604753,1.0,1.0,0.919894558566,198.382867133,0.737762237762,197115.041855,99193745.8652,50248032551.1,20.506993007,-2.22902097902,47972.9895105,1.21757453435e-06,Class 2
0.400753093061,8184.96503497,16765049.6264,37285.9205791,0.874127809877,1.0,140716.567974,0.422121717537,0.460013605103,0.00303138316164,0.164366410067,0.447630940509,1.0,1.0,0.87461756993,146.223776224,0.51048951049,140958.717281,69800806.3664,35065687493.1,32.0979020979,0.0,33194.5804196,1.90576883638e-06,Class 2
0.495501002494,7730.24475524,18545373.4708,46607.40072,0.881120709328,1.0,180249.545051,0.371884382397,0.407313039304,0.00307264434801,0.158382748317,0.413027221108,1.0,1.0,0.88158326049,184.562937063,0.664335664336,180518.183518,90091771.6599,45443486738.2,30.3146853147,-1.78321678322,43198.4265734,1.79989278992e-06,Class 2
0.411927233606,8412.32517483,17440231.9257,38877.3927983,0.870631360151,1.0,150025.62498,0.41713590953,0.45506876242,0.00301103910448,0.167285259642,0.435830291415,1.0,1.0,0.87113472465,155.585664336,0.545454545455,150280.190457,74496711.5797,37445779730.9,32.9895104895,-3.12062937063,35468.1818182,1.95870685961e-06,Class 2
0.476918186708,6138.72377622,18758978.9471,43651.8094558,0.905595857407,1.0,169577.538442,0.377665289203,0.405830596175,0.00322307575664,0.135766520789,0.518417351761,1.0,1.0,0.905963177448,172.526223776,0.629370629371,169832.633092,85048037.4041,42974700812.1,24.0734265734,-1.33741258741,40924.8251748,1.42932662729e-06,Class 2
0.52234828109,8639.68531469,18279379.2354,49335.6388101,0.867134910425,1.0,189340.663353,0.357334051317,0.397251085115,0.00299088607132,0.17015696489,0.334695931336,1.0,1.0,0.867651879371,194.370629371,0.695804195804,189612.282622,94497798.0238,47631394824.5,33.8811188811,-0.891608391608,45244.6678322,2.01164488285e-06,Class 2
0.492982541934,5001.92307692,19020525.3326,43197.1031075,0.923078106036,1.0,171177.184104,0.364935491423,0.385831448808,0.00333625748313,0.117776048263,0.594499157247,1.0,1.0,0.923377403846,172.972027972,0.63986013986,171424.14014,86149559.9806,43610382392.0,19.6153846154,-3.56643356643,41606.9055944,1.16463651112e-06,Class 2
0.406621350677,9549.12587413,17417956.8356,40014.1586691,0.853149111523,1.0,152971.739519,0.421641708855,0.465195888239,0.00291218417881,0.181192649131,0.382325045049,1.0,1.0,0.853720498252,159.597902098,0.552447552448,153235.746892,75714155.8564,37992753129.1,37.4475524476,-2.67482517483,35922.9020979,2.22339697578e-06,Class 2
0.538192576654,1364.16083916,19827316.8506,43424.4562816,0.979021301646,1.0,173034.651288,0.312334721268,0.318134048351,0.00373053104174,0.0442221300587,0.846478310097,1.0,1.0,0.979102928322,171.188811189,0.660839160839,173243.076984,88004776.0912,44793051863.4,5.34965034965,-0.891608391608,42971.0664336,3.17628139397e-07,Class 2
0.499828842486,4092.48251748,19195877.3151,43197.1031075,0.937063904938,1.0,170276.265935,0.356281896072,0.374547278153,0.00343024129652,0.102047746795,0.642892416419,1.0,1.0,0.937308784965,171.188811189,0.63986013986,170514.755306,85917673.9523,43551253266.4,16.048951049,-1.78321678322,41606.9055944,9.5288441819e-07,Class 2
0.460218103575,3637.76223776,18063013.0643,37285.9205791,0.94405680439,1.0,147109.352079,0.371868977184,0.387942446485,0.00347837934728,0.0936592637395,0.688773162192,1.0,1.0,0.944274475524,148.006993007,0.552447552448,147324.745472,74206896.6724,37608413812.7,14.2657342657,-1.78321678322,35922.9020979,8.47008371725e-07,Class 2
0.485329355959,8639.68531469,18344163.0171,46152.6943717,0.867134910425,1.0,179335.207007,0.378525028388,0.41723365621,0.00299088607132,0.17015696489,0.377152941673,1.0,1.0,0.867651879371,184.562937063,0.657342657343,179608.742959,89396070.9469,45029553872.6,33.8811188811,-3.56643356643,42743.7062937,2.01164488285e-06,Class 2
0.366350432784,12050.0874126,16211695.8948,37967.9801016,0.814688164541,1.0,141831.765419,0.444192955171,0.499619561286,0.0027115134553,0.208182289465,0.298941598918,1.0,1.0,0.815409200175,151.127622378,0.5,142095.364735,69394941.8748,34607393290.0,47.2552447552,-2.22902097902,32512.5,2.80571523134e-06,Class 2
0.499021957064,3637.76223776,19227481.776,42515.043585,0.94405680439,1.0,168008.306755,0.353563752132,0.369637221433,0.00347837934728,0.0936592637395,0.675810992915,1.0,1.0,0.944274475524,168.513986014,0.632867132867,168241.237495,84874144.1969,43048626712.3,14.2657342657,-1.78321678322,41152.1853147,8.47008371725e-07,Class 2
0.509878233654,5684.0034965,18980809.3782,45697.9880233,0.912588756859,1.0,179126.565956,0.359223598996,0.384773009244,0.0032677753752,0.128772772178,0.531799900562,1.0,1.0,0.912928868007,181.442307692,0.667832167832,179381.480339,90033821.4668,45546977201.3,22.2902097902,-2.22902097902,43425.7867133,1.32345058082e-06,Class 2
0.51760477285,5911.36363636,18935802.3861,46607.40072,0.909092307133,1.0,182080.162059,0.355971828935,0.382869096854,0.00324533005391,0.132301776067,0.509653842478,1.0,1.0,0.909446022727,184.562937063,0.678321678322,182337.064637,91483173.0858,46271352469.6,23.1818181818,-1.78321678322,44107.8671329,1.37638860405e-06,Class 2
0.361460218104,12050.0874126,15909526.7335,37285.9205791,0.814688164541,1.0,138198.811302,0.446786674519,0.50244295422,0.0027115134553,0.208182289465,0.301038365995,1.0,1.0,0.815409200175,147.561188811,0.486013986014,138457.713949,67539768.3922,33661269307.5,47.2552447552,-1.33741258741,31603.0594406,2.80571523134e-06,Class 2
0.491148711428,4092.48251748,19077835.0443,41605.6308883,0.937063904938,1.0,166640.605704,0.360732088274,0.375210663893,0.00343024129652,0.102047746795,0.66631846611,1.0,1.0,0.937308784965,167.622377622,0.625874125874,166877.104519,84062500.4698,42605129283.8,16.048951049,-4.45804195804,40697.465035,9.5288441819e-07,Class 2
0.552374199227,3865.12237762,19358999.9985,47062.1070684,0.940560354664,1.0,186417.079592,0.328846294426,0.345606450456,0.00345421480989,0.0979010157022,0.638929790373,1.0,1.0,0.940791630245,186.791958042,0.702797202797,186656.837638,94207983.1165,47794028906.4,15.1573426573,-2.22902097902,45699.3881119,8.99946394958e-07,Class 2
0.554110225439,4092.48251748,19300409.4147,47744.1665909,0.937063904938,1.0,187551.845404,0.329212951081,0.347989822395,0.00343024129652,0.102047746795,0.611173034766,1.0,1.0,0.937308784965,188.129370629,0.706293706294,187793.596543,94729747.9942,48045342183.4,16.048951049,-0.891608391608,45926.7482517,9.5288441819e-07,Class 2
0.370311506675,10003.8461538,14651186.363,32966.2102698,0.846156212071,1.0,123452.925352,0.440969476431,0.487005308777,0.00287397937662,0.186452619378,0.381276318283,1.0,1.0,0.846754807692,131.066433566,0.437062937063,123679.820319,60524917.6398,30216794836.0,39.2307692308,-1.78321678322,28420.0174825,2.32927302224e-06,Class 2
0.680937943176,6820.8041958,17668430.0641,56156.2340351,0.89510650823,1.0,219399.328624,0.259710623151,0.290881051117,0.00315745900887,0.145795862635,0.269523043721,1.0,1.0,0.895514641608,222.01048951,0.818181818182,219622.957338,110266793.939,55791721420.5,26.7482517483,-1.78321678322,53202.2727273,1.58814069698e-06,Class 2
0.401168761309,11368.006993,17305814.926,41605.6308883,0.825177513717,1.0,157505.974238,0.425327358261,0.477406995887,0.00276394954631,0.201276057892,0.304000921208,1.0,1.0,0.825857736014,165.839160839,0.562937062937,157782.75465,77569308.0248,38820604367.3,44.5804195804,-2.67482517483,36604.9825175,2.64690116164e-06,Class 2
0.557949043963,7048.16433566,18517009.2622,50245.0515067,0.891610058505,1.0,195035.605189,0.336304307911,0.368712658771,0.00313596880764,0.149023520823,0.401245997897,1.0,1.0,0.892031796329,198.382867133,0.723776223776,195296.160736,97802344.4393,49420166819.8,27.6398601399,-1.33741258741,47063.548951,1.64107872022e-06,Class 2
0.422001075847,5684.0034965,16250108.5822,34330.3293149,0.912588756859,1.0,131878.846944,0.402647652729,0.428931085191,0.0032677753752,0.128772772178,0.571638197781,1.0,1.0,0.912928868007,135.078671329,0.486013986014,132092.020111,65916566.1942,33247365428.3,22.2902097902,-0.445804195804,31603.0594406,1.32345058082e-06,Class 2
0.380874370385,11368.006993,16750371.0731,39332.0991466,0.825177513717,1.0,147511.953727,0.436334369206,0.488718769052,0.00276394954631,0.201276057892,0.316380727687,1.0,1.0,0.825857736014,156.031468531,0.524475524476,147779.214987,72467580.9479,36218763415.3,44.5804195804,-1.78321678322,34104.020979,2.64690116164e-06,Class 2
0.40865078977,11595.3671329,17421146.5863,43197.1031075,0.821681063992,1.0,161367.238024,0.420954170971,0.474619456694,0.0027462798253,0.203614191818,0.284675666098,1.0,1.0,0.822374890734,169.851398601,0.576923076923,161647.751645,79482453.0144,39781510631.2,45.472027972,-0.445804195804,37514.4230769,2.69983918487e-06,Class 2
0.383906303487,11140.6468531,16837821.1093,39559.4523208,0.828673963443,1.0,148194.311504,0.434645775193,0.486081301927,0.00278181029133,0.198901117305,0.323239217077,1.0,1.0,0.829340581294,156.477272727,0.527972027972,148461.281475,72873402.8115,36440512129.5,43.6888111888,-1.33741258741,34331.3811189,2.59396313841e-06,Class 2
0.590615678028,7048.16433566,18313327.1023,52063.8769001,0.891610058505,1.0,202317.190666,0.317244071437,0.349652422297,0.00313596880764,0.149023520823,0.369088918348,1.0,1.0,0.892031796329,205.515734266,0.751748251748,202571.46231,101512691.404,51312414784.9,27.6398601399,-1.33741258741,48882.4300699,1.64107872022e-06,Class 2
0.422343390875,7502.88461538,17668339.4875,39104.7459724,0.884617159054,1.0,150939.765388,0.409573997265,0.443730812294,0.00309356147721,0.155315502103,0.474446880099,1.0,1.0,0.885066105769,155.585664336,0.552447552448,151189.631016,75192412.2927,37859712596.5,29.4230769231,-2.22902097902,35922.9020979,1.74695476668e-06,Class 2
0.67428725121,2046.24125874,19101665.0838,52973.2895968,0.968531952469,1.0,211006.660882,0.252260493996,0.26095948462,0.00365287978128,0.0607189051017,0.737787018943,1.0,1.0,0.968654392483,209.082167832,0.804195804196,211211.036173,107194218.808,54535169528.6,8.02447552448,-1.33741258741,52292.8321678,4.76442209095e-07,Class 2
0.407183725366,8639.68531469,17288673.1896,38422.6864499,0.867134910425,1.0,148434.534828,0.420058390057,0.458767017879,0.00299088607132,0.17015696489,0.428500047382,1.0,1.0,0.867651879371,154.248251748,0.538461538462,148688.711272,73627096.3455,36987500021.0,33.8811188811,-3.56643356643,35013.4615385,2.01164488285e-06,Class 2
0.564501931635,7502.88461538,18359284.4412,50699.7578551,0.884617159054,1.0,197308.406217,0.332822496141,0.36697931117,0.00309356147721,0.155315502103,0.369884644093,1.0,1.0,0.885066105769,201.057692308,0.730769230769,197569.678547,98845874.1947,49922793373.9,29.4230769231,-2.22902097902,47518.2692308,1.74695476668e-06,Class 2
0.414372340946,7957.6048951,17422140.7337,38195.3332757,0.877624259602,1.0,148665.775718,0.414961022148,0.450023326324,0.00305191824282,0.161399300108,0.460689760048,1.0,1.0,0.87810041521,153.802447552,0.541958041958,148916.085343,73916975.195,37179684172.4,31.2062937063,-4.01223776224,35240.8216783,1.85283081315e-06,Class 2
0.490953102841,5229.28321678,18986855.5348,43879.16263,0.91958165631,1.0,171402.552075,0.366871317715,0.390782075227,0.00331323908981,0.121512529349,0.567917504079,1.0,1.0,0.919894558566,173.417832168,0.63986013986,171651.486348,86207531.4876,43625164673.4,20.506993007,-1.33741258741,41606.9055944,1.21757453435e-06,Class 2
0.415252579588,10003.8461538,17628283.5272,41605.6308883,0.846156212071,1.0,158875.353246,0.417451040629,0.463140198428,0.00287397937662,0.186452619378,0.355291599698,1.0,1.0,0.846754807692,165.839160839,0.573426573427,159146.915489,78612859.0943,39441503665.7,39.2307692308,-2.67482517483,37287.0629371,2.32927302224e-06,Class 2
0.538339283095,8412.32517483,18263953.3268,49562.9919842,0.870631360151,1.0,192753.804595,0.348212117939,0.38614497083,0.00301103910448,0.167285259642,0.342738218814,1.0,1.0,0.87113472465,197.491258741,0.70979020979,193022.5872,96294999.9993,48562736525.7,32.9895104895,-3.12062937063,46154.1083916,1.95870685961e-06,Class 2
0.497016969045,6366.08391608,18821937.7315,45243.281675,0.902099407682,1.0,177075.794924,0.368187839632,0.396675509833,0.00320101248337,0.139169148457,0.498290837436,1.0,1.0,0.902480332168,180.104895105,0.657342657343,177335.280874,88816355.8762,44881731058.6,24.965034965,-2.67482517483,42743.7062937,1.48226465052e-06,Class 2
0.616680522275,7275.52447552,18062551.228,53882.7022934,0.888113608779,1.0,208007.417593,0.30116864919,0.334850327026,0.00311466963042,0.152196231284,0.316498511602,1.0,1.0,0.888548951049,211.311188811,0.772727272727,208255.284698,104353423.135,52746383040.1,28.5314685315,0.0,50246.5909091,1.69401674345e-06,Class 3
0.659054232481,5001.92307692,18355283.6965,54564.761816,0.923078106036,1.0,213028.823182,0.274624753457,0.29778090697,0.00333625748313,0.117776048263,0.445409312398,1.0,1.0,0.923377403846,213.986013986,0.800699300699,213257.124187,107484055.029,54490808191.2,19.6153846154,0.0,52065.472028,1.16463651112e-06,Class 3
0.480977064893,8184.96503497,18439973.1955,46607.40072,0.874127809877,1.0,177064.357723,0.380310732475,0.418118214804,0.00303138316164,0.164366410067,0.395244953759,1.0,1.0,0.87461756993,181.888111888,0.65034965035,177335.225148,88352541.1915,44526927318.5,32.0979020979,0.891608391608,42288.986014,1.90576883638e-06,Class 3
0.456110323243,8639.68531469,18258968.8901,45015.9285008,0.867134910425,1.0,170243.260859,0.394256243327,0.434173277125,0.00299088607132,0.17015696489,0.389343637734,1.0,1.0,0.867651879371,175.646853147,0.622377622378,170514.615992,84758137.2406,42664243916.2,33.8811188811,0.891608391608,40470.1048951,2.01164488285e-06,Class 3
0.440045968018,10231.2062937,17909798.8283,44788.5753267,0.842659762346,1.0,169098.99869,0.4038621122,0.451210097911,0.00285516351154,0.189021031799,0.321333856746,1.0,1.0,0.843271962413,176.092657343,0.611888111888,169377.801361,83772557.6783,42058126899.1,40.1223776224,-0.445804195804,39788.0244755,2.38221104548e-06,Class 3
0.510073842242,6138.72377622,18888426.7031,47062.1070684,0.905595857407,1.0,180487.153099,0.360604951575,0.388770258547,0.00322307575664,0.135766520789,0.497762957181,1.0,1.0,0.905963177448,183.225524476,0.671328671329,180745.585452,90613557.8516,45813072759.7,24.0734265734,1.33741258741,43653.1468531,1.42932662729e-06,Class 3
0.416695192919,10913.2867133,17594582.872,43651.8094558,0.832170413169,1.0,162506.154063,0.416741652588,0.467200879682,0.00279986206037,0.196488777278,0.308861642348,1.0,1.0,0.832823426573,170.297202797,0.583916083916,162784.538413,80236125.2345,40210225778.3,42.7972027972,0.891608391608,37969.1433566,2.54102511517e-06,Class 3
0.599784830554,5456.64335664,18687558.2303,51836.5237259,0.916085206584,1.0,201643.805608,0.310023584503,0.33528484288,0.0032904117205,0.125177193525,0.46898761435,1.0,1.0,0.916411713287,203.286713287,0.755244755245,201889.451547,101570684.225,51445469810.7,21.3986013986,0.0,49109.7902098,1.27051255759e-06,Class 3
0.394029047875,10913.2867133,17139577.8502,41605.6308883,0.832170413169,1.0,152510.64799,0.429234030916,0.479185613337,0.00279986206037,0.196488777278,0.328603890371,1.0,1.0,0.832823426573,160.48951049,0.545454545455,152780.99875,75134398.1575,37608384826.3,42.7972027972,2.67482517483,35468.1818182,2.54102511517e-06,Class 3
0.339038583794,13186.8881119,13941753.5858,33193.563444,0.797205915912,1.0,121168.437796,0.458644353731,0.519482778505,0.00262794045051,0.218995513049,0.272740492847,1.0,1.0,0.797994973776,131.958041958,0.416083916084,121406.191058,58553758.5151,29004560801.8,51.7132867133,-1.78321678322,27055.8566434,3.0704053475e-06,Class 3
0.364687759793,11140.6468531,11808555.2383,28873.8531348,0.828673963443,1.0,103703.083341,0.444855948556,0.496415521645,0.00278181029133,0.198901117305,0.335099427176,1.0,1.0,0.829340581294,112.788461538,0.472027972028,103900.059338,50147527.6507,24850493343.4,43.6888111888,0.445804195804,23190.7342657,2.59396313841e-06,Class 3
0.555748447357,5001.92307692,19063485.4042,48880.9324617,0.923078106036,1.0,190272.848519,0.332635515101,0.355791668614,0.00333625748313,0.117776048263,0.538131089001,1.0,1.0,0.923377403846,191.695804196,0.713286713287,190521.80677,95889220.7638,48577533300.3,19.6153846154,0.0,46381.4685315,1.16463651112e-06,Class 3
0.474424177221,6138.72377622,18738071.2877,43879.16263,0.905595857407,1.0,168668.596686,0.378902001181,0.407292789828,0.00322307575664,0.135766520789,0.517062959081,1.0,1.0,0.905963177448,171.634615385,0.625874125874,168923.220395,84584244.0334,42738169816.4,24.0734265734,0.445804195804,40697.465035,1.42932662729e-06,Class 3
0.382292532642,8867.04545455,14663817.3255,32966.2102698,0.8636384607,1.0,122324.189728,0.432935366547,0.473965441172,0.00297092406218,0.172982581628,0.425404530154,1.0,1.0,0.864169034091,128.837412587,0.437062937063,122543.089277,60235060.1044,30142883429.0,34.7727272727,0.445804195804,28420.0174825,2.06458290608e-06,Class 3
0.408993104797,7048.16433566,13109064.1849,28191.7936123,0.891610058505,1.0,109624.969717,0.414914908916,0.445531318213,0.00313596880764,0.149023520823,0.510190643532,1.0,1.0,0.892031796329,114.571678322,0.496503496503,109811.367249,54205767.6003,27186253230.2,27.6398601399,-4.01223776224,25691.6958042,1.64107872022e-06,Class 3
0.352339967725,11822.7272727,14399060.7371,33193.563444,0.818184614266,1.0,123444.06301,0.45174591697,0.505951832011,0.00272880112829,0.205916087314,0.316994041564,1.0,1.0,0.818892045455,132.84965035,0.43006993007,123679.764593,60061102.9551,29861991095.9,46.3636363636,-2.67482517483,27965.2972028,2.75277720811e-06,Class 3
0.42517971539,9776.48601399,17810876.6172,42742.3967591,0.849652661797,1.0,162284.299565,0.411888069233,0.456988780591,0.00289298626571,0.183843417485,0.355873683657,1.0,1.0,0.850237652972,168.95979021,0.587412587413,162557.220068,80410061.0697,40372845366.9,38.3391608392,-1.33741258741,38196.5034965,2.27633499901e-06,Class 3
0.371974179666,10685.9265734,11516526.1188,28191.7936123,0.835666862894,1.0,101436.048698,0.440744856352,0.49019866507,0.00281810485341,0.19403841897,0.349615922943,1.0,1.0,0.836306271853,110.113636364,0.486013986014,101626.541527,49103997.8953,24347866789.3,41.9055944056,0.445804195804,22736.013986,2.48808709194e-06,Class 3
0.429825419336,10231.2062937,17821029.9994,44333.8689783,0.842659762346,1.0,165463.087774,0.409534701668,0.456747597225,0.00285516351154,0.189021031799,0.330979546625,1.0,1.0,0.843271962413,172.526223776,0.597902097902,165740.150575,81917384.1957,41112002916.6,40.1223776224,1.33741258741,38878.5839161,2.38221104548e-06,Class 3
0.501369260111,6593.44405594,18789008.3078,46607.40072,0.898602957956,1.0,179120.029141,0.366436879629,0.396934713733,0.00317914023412,0.142511646293,0.471792823815,1.0,1.0,0.898997486888,182.333916084,0.664335664336,179381.452476,89801914.1245,45369575331.2,25.8566433566,0.445804195804,43198.4265734,1.53520267375e-06,Class 3
0.553229986796,7275.52447552,18483421.5826,50472.4046809,0.888113608779,1.0,194351.865691,0.339159648177,0.372841326013,0.00311466963042,0.152196231284,0.385205857517,1.0,1.0,0.888548951049,197.937062937,0.72027972028,194614.094248,97396522.5758,49198418105.6,28.5314685315,0.0,46836.1888112,1.69401674345e-06,Class 3
0.447576898626,9776.48601399,18029219.7934,45243.281675,0.849652661797,1.0,170464.696536,0.399651657319,0.444893753201,0.00289298626571,0.183843417485,0.337274081385,1.0,1.0,0.850237652972,176.984265734,0.618881118881,170741.934338,84584201.4054,42501624327.6,38.3391608392,0.445804195804,40242.7447552,2.27633499901e-06,Class 3
0.377549024402,9776.48601399,15787831.8931,35239.7420115,0.849652661797,1.0,133215.135761,0.436979671798,0.481796998269,0.00289298626571,0.183843417485,0.388167205186,1.0,1.0,0.850237652972,140.428321678,0.475524475524,133456.013774,65568673.2096,32803853506.6,38.3391608392,-2.22902097902,30920.979021,2.27633499901e-06,Class 3
0.366130373123,10458.5664336,14750257.3407,33193.563444,0.83916331262,1.0,124812.488925,0.443706235945,0.491527750969,0.00283653867047,0.191549395828,0.365047195203,1.0,1.0,0.839789117133,132.84965035,0.440559440559,125043.925433,61104654.0246,30482890394.4,41.013986014,-2.67482517483,28647.3776224,2.43514906871e-06,Class 3
0.384835444276,8639.68531469,14664178.6903,32966.2102698,0.867134910425,1.0,122098.502754,0.431177721925,0.471094755723,0.00299088607132,0.17015696489,0.434977367318,1.0,1.0,0.867651879371,128.391608392,0.437062937063,122315.743068,60177088.5973,30128101147.6,33.8811188811,0.891608391608,28420.0174825,2.01164488285e-06,Class 3
0.368502127243,10231.2062937,14867671.9941,34330.3293149,0.842659762346,1.0,125494.604643,0.442153485109,0.489366380667,0.00285516351154,0.189021031799,0.372059609119,1.0,1.0,0.843271962413,133.295454545,0.444055944056,125725.991921,61510475.8881,30704639108.7,40.1223776224,1.33741258741,28874.7377622,2.38221104548e-06,Class 3
0.380018582816,9094.40559441,14187236.3995,31374.7380507,0.860142010974,1.0,118918.335213,0.434641623732,0.476057804716,0.00295115307704,0.17576311005,0.418021584715,1.0,1.0,0.860686188811,125.716783217,0.437062937063,119132.784698,58437858.129,29211541727.9,35.6643356643,-2.67482517483,27510.5769231,2.11752092931e-06,Class 3
0.384150814221,9321.76573427,16082913.0568,35467.0951857,0.856645561248,1.0,135487.886423,0.432989749636,0.475232535164,0.00293157311592,0.178499498881,0.406946311938,1.0,1.0,0.857203343531,142.211538462,0.486013986014,135729.559447,66844110.3074,33483881930.7,36.5559440559,-3.12062937063,31603.0594406,2.17045895254e-06,Class 3
0.413858868404,12732.1678322,17335762.5975,45015.9285008,0.804198815364,1.0,166134.95918,0.416797842473,0.475686534574,0.00266079658039,0.214771866009,0.23448080691,1.0,1.0,0.804960664336,175.646853147,0.590909090909,166422.133474,81627484.0323,40801546020.7,49.9300699301,0.891608391608,38423.8636364,2.96452930104e-06,Class 3
0.362144848159,13414.2482517,16280277.3637,40241.5118433,0.793709466187,1.0,145913.828403,0.44565599061,0.507640715436,0.00261179892158,0.221057857361,0.248545121826,1.0,1.0,0.794512128497,156.477272727,0.51048951049,146187.680076,71134151.0291,35405679965.3,52.6048951049,1.33741258741,33194.5804196,3.12334337074e-06,Class 3
0.415032519928,8184.96503497,17534285.6554,39559.4523208,0.874127809877,1.0,150708.339415,0.414925300012,0.452732782341,0.00303138316164,0.164366410067,0.440183523541,1.0,1.0,0.87461756993,156.031468531,0.548951048951,150962.256945,74902533.4433,37667528445.1,32.0979020979,-0.891608391608,35695.541958,1.90576883638e-06,Class 3
0.388331947773,13641.6083916,16926443.2397,42742.3967591,0.790213016461,1.0,158860.662602,0.430358438745,0.493308966155,0.00259584841667,0.223087773443,0.221293005061,1.0,1.0,0.791029283217,169.405594406,0.559440559441,159146.804038,77685229.725,38731896185.6,53.4965034965,-1.78321678322,36377.6223776,3.17628139397e-06,Class 3
0.423321433811,5456.64335664,15598075.0048,32511.5039215,0.916085206584,1.0,126205.080143,0.400899562226,0.425652280064,0.0032904117205,0.125177193525,0.585779912958,1.0,1.0,0.916411713287,129.283216783,0.465034965035,126408.197723,63075834.4633,31813397173.0,21.3986013986,-1.78321678322,30238.8986014,1.27051255759e-06,Class 3
0.527483006504,4319.84265734,7255707.49477,18870.3134713,0.933567455213,1.0,70607.9226003,0.343944974341,0.36390349124,0.00340645880715,0.106104406547,0.606832096057,1.0,1.0,0.933825939685,73.5576923077,0.678321678322,70706.7048797,34958374.6903,17547626028.0,16.9405594406,0.445804195804,16597.2902098,1.00582244142e-06,Class 3
0.462345346961,5456.64335664,18593193.5667,41150.92454,0.916085206584,1.0,160721.744847,0.382099699635,0.406852417472,0.0032904117205,0.125177193525,0.569738426175,1.0,1.0,0.916411713287,163.164335664,0.597902097902,160965.880197,80699982.5472,40801575007.2,21.3986013986,-1.78321678322,38878.5839161,1.27051255759e-06,Class 3
0.521468042447,2955.68181818,19506929.3937,44106.5158042,0.954546153567,1.0,173696.574338,0.337402578838,0.35102729841,0.0035520191035,0.0803042631216,0.711998960501,1.0,1.0,0.954723011364,173.417832168,0.657342657343,173925.087747,87946783.27,44659996837.5,11.5909090909,-0.445804195804,42743.7062937,6.88194302026e-07,Class 3
0.787642427503,6366.08391608,333719.19298,4319.71032448,0.902099407682,1.0,10901.349129,0.176629086427,0.206100554534,0.00320101248337,0.139169148457,0.0575683777782,1.0,1.0,0.902480332168,16.9405594406,0.884615384615,10912.7573818,3942169.05122,1596558857.42,24.965034965,0.0,1136.8006993,1.48226465052e-06,Class 3
0.421976624774,12732.1678322,17394453.2892,45470.6348492,0.804198815364,1.0,168862.238579,0.412001536601,0.470944472815,0.00266079658039,0.214771866009,0.226543960717,1.0,1.0,0.804960664336,178.321678322,0.601398601399,169150.371565,83018864.1442,41511139007.6,49.9300699301,0.0,39105.9440559,2.96452930104e-06,Class 3
0.495501002494,4319.84265734,19134578.8058,43424.4562816,0.933567455213,1.0,169592.449304,0.35975792223,0.379716439129,0.00340645880715,0.106104406547,0.623162557999,1.0,1.0,0.933825939685,170.743006993,0.636363636364,169832.688818,85511852.0887,43329504552.1,16.9405594406,-0.445804195804,41379.5454545,1.00582244142e-06,Class 3
0.478531957553,5001.92307692,18881285.4229,42515.043585,0.923078106036,1.0,165723.698137,0.371880920884,0.394898837058,0.00333625748313,0.117776048263,0.587409226314,1.0,1.0,0.923377403846,167.622377622,0.618881118881,165967.66396,83366799.7568,42191196418.2,19.6153846154,-0.891608391608,40242.7447552,1.16463651112e-06,Class 3
0.466893246614,5911.36363636,18667937.565,42515.043585,0.909092307133,1.0,164807.604319,0.381815074202,0.409064513346,0.00324533005391,0.132301776067,0.53648208936,1.0,1.0,0.909446022727,167.622377622,0.611888111888,165058.2234,82671099.0438,41777263552.5,23.1818181818,-0.891608391608,39788.0244755,1.37638860405e-06,Class 3
0.410411267055,9776.48601399,17540284.4579,41605.6308883,0.849652661797,1.0,155923.384814,0.419754685134,0.464996781017,0.00289298626571,0.183843417485,0.364630822719,1.0,1.0,0.850237652972,162.718531469,0.562937062937,156191.331191,77163507.4753,38717128397.4,38.3391608392,0.445804195804,36604.9825175,2.27633499901e-06,Class 3
0.354760623991,11822.7272727,15028263.1519,35239.7420115,0.818184614266,1.0,128891.814932,0.450341127884,0.505073854369,0.00272880112829,0.205916087314,0.313604569227,1.0,1.0,0.818892045455,138.199300699,0.451048951049,129136.240773,62843863.1789,31281177069.7,46.3636363636,0.0,29329.458042,2.75277720811e-06,Class 3
0.561421096386,6138.72377622,18738085.6354,49790.3451584,0.905595857407,1.0,194131.165701,0.332992407217,0.361157714188,0.00322307575664,0.135766520789,0.459759247641,1.0,1.0,0.905963177448,196.59965035,0.723776223776,194386.775902,97570458.411,49361037694.2,24.0734265734,-1.33741258741,47063.548951,1.42932662729e-06,Class 3
0.566115702479,8412.32517483,18112263.0464,52063.8769001,0.870631360151,1.0,199124.886793,0.331397378029,0.370321295094,0.00301103910448,0.167285259642,0.302325705032,1.0,1.0,0.87113472465,203.732517483,0.734265734266,199388.476077,99541553.5936,50218453495.1,32.9895104895,0.445804195804,47745.6293706,1.95870685961e-06,Class 3
0.43948359333,8184.96503497,18135233.1143,42742.3967591,0.874127809877,1.0,162520.254833,0.402343635852,0.440235523418,0.00303138316164,0.164366410067,0.422981383552,1.0,1.0,0.87461756993,167.622377622,0.594405594406,162784.622002,80931847.2615,40742431388.3,32.0979020979,0.0,38651.2237762,1.90576883638e-06,Class 3
0.377304513668,12504.8076923,16733032.9007,40468.8650174,0.807695265089,1.0,150459.612767,0.437929971934,0.49569605213,0.00267751118135,0.212609686006,0.272154882872,1.0,1.0,0.808443509615,160.043706294,0.531468531469,150734.771422,73685025.2246,36765736813.5,49.0384615385,-1.33741258741,34558.7412587,2.9115912778e-06,Class 3
0.392757592058,7957.6048951,15012789.6254,32966.2102698,0.877624259602,1.0,124145.371335,0.42551433252,0.46233197167,0.00305191824282,0.161399300108,0.46385510055,1.0,1.0,0.87810041521,129.729020979,0.447552447552,124361.942533,61394554.188,30793347290.3,31.2062937063,-0.445804195804,29102.0979021,1.85283081315e-06,Class 3
0.411633820725,8412.32517483,17449149.3482,39786.8054949,0.870631360151,1.0,150025.62498,0.41713590953,0.456059826595,0.00301103910448,0.167285259642,0.430069285816,1.0,1.0,0.87113472465,155.585664336,0.545454545455,150280.190457,74496711.5797,37445779730.9,32.9895104895,0.445804195804,35468.1818182,1.95870685961e-06,Class 3
0.416426231112,9776.48601399,17668204.6471,42060.3372366,0.849652661797,1.0,158649.329837,0.416554582494,0.461796678376,0.00289298626571,0.183843417485,0.360423239657,1.0,1.0,0.850237652972,165.393356643,0.573426573427,158919.569281,78554887.5872,39426721384.3,38.3391608392,-0.445804195804,37287.0629371,2.27633499901e-06,Class 3
0.646437478605,4547.2027972,18590567.8567,53655.3491193,0.930071005487,1.0,209844.268416,0.28108104427,0.302132092918,0.0033828673418,0.110075420342,0.49891688022,1.0,1.0,0.930343094406,210.41958042,0.79020979021,210074.19368,105976731.903,53751650641.5,17.8321678322,0.0,51383.3916084,1.05876046466e-06,Class 4
0.329331507653,20689.7727273,15131453.8601,42515.043585,0.681823074966,1.0,148624.19948,0.446359303702,0.542133231408,0.00219613067375,0.271647446007,0.0681440597721,1.0,1.0,0.683061079545,166.284965035,0.493006993007,148915.695264,70670272.4023,34696057992.0,81.1363636364,0.445804195804,32057.7797203,4.81736011419e-06,Class 4
0.555944055944,9321.76573427,17939765.303,52063.8769001,0.856645561248,1.0,198211.3571,0.336419265338,0.379555394788,0.00293157311592,0.178499498881,0.259752695283,1.0,1.0,0.857203343531,203.732517483,0.727272727273,198479.035518,98845852.8807,49804520629.5,36.5559440559,0.445804195804,47290.9090909,2.17045895254e-06,Class 4
0.5214191403,10685.9265734,17780488.4215,50017.6983326,0.835666862894,1.0,192290.792173,0.355505480228,0.404180927002,0.00281810485341,0.19403841897,0.232901056377,1.0,1.0,0.836306271853,199.274475524,0.699300699301,192567.811195,95483334.9581,48000966352.8,41.9055944056,-3.12062937063,45472.027972,2.48808709194e-06,Class 4
0.428358354932,15687.8496503,3928166.14134,17278.8412521,0.75874496893,1.0,52867.4547837,0.39967038655,0.472285500288,0.00246088995293,0.239959216674,0.116229628736,1.0,1.0,0.759683675699,67.3164335664,0.615384615385,52972.8090099,23015562.1839,10717748237.7,61.520979021,0.445804195804,9321.76573427,3.65272360306e-06,Class 4
0.422636803756,10231.2062937,17736636.1964,42969.7499333,0.842659762346,1.0,162736.479365,0.413467112714,0.460680008272,0.00285516351154,0.189021031799,0.336299339469,1.0,1.0,0.843271962413,169.851398601,0.587412587413,163011.912485,80526004.0839,40402409929.7,40.1223776224,-1.33741258741,38196.5034965,2.38221104548e-06,Class 4
0.730842583989,4547.2027972,1690363.16782,7730.00793702,0.930071005487,1.0,25437.4431169,0.228944128842,0.249843072169,0.0033828673418,0.110075420342,0.399063149716,1.0,1.0,0.930343094406,29.4230769231,0.84965034965,25463.4162542,11826677.6659,5735858527.63,17.8321678322,0.891608391608,5229.28321678,1.05876046466e-06,Class 4
0.860506626241,2955.68181818,517455.899642,2728.23810529,0.954546153567,1.0,10224.2352126,0.135155753167,0.147340512012,0.0035520191035,0.0803042631216,0.346197351005,1.0,1.0,0.954723011364,12.9283216783,0.926573426573,10230.8023447,4463976.55699,2084417623.3,11.5909090909,-2.22902097902,1818.88111888,6.88194302026e-07,Class 4
0.511051885178,14096.3286713,2235534.53573,12959.1309429,0.78322011701,1.0,37670.9229722,0.349172678346,0.414430929154,0.00256452047887,0.227051904263,0.0893024149289,1.0,1.0,0.784063592657,50.8216783217,0.692307692308,37740.1951004,15652861.0749,7066307333.4,55.2797202797,0.0,5911.36363636,3.28215744043e-06,Class 4
0.444544965524,12050.0874126,17610508.4479,46834.7538942,0.814688164541,1.0,174547.140979,0.39973464619,0.45550559867,0.0027115134553,0.208182289465,0.235898410431,1.0,1.0,0.815409200175,183.225524476,0.625874125874,174834.221816,86091503.2174,43122509132.9,47.2552447552,0.445804195804,40697.465035,2.80571523134e-06,Class 4
0.575260403932,14323.6888112,16605731.0489,55019.4681643,0.779723667284,1.0,206868.522186,0.295537443377,0.361739740433,0.00254914304599,0.228986875523,0.0179965649623,1.0,1.0,0.780580747378,217.106643357,0.741258741259,207118.302891,101976399.519,51075854802.8,56.1713286713,-1.33741258741,48200.3496503,3.33509546367e-06,Class 4
0.558389163284,12050.0874126,17245921.8572,52973.2895968,0.814688164541,1.0,201849.868522,0.325518953803,0.380945559918,0.0027115134553,0.208182289465,0.120747389005,1.0,1.0,0.815409200175,209.973776224,0.730769230769,202116.602716,100005304.336,50218439001.9,47.2552447552,-2.22902097902,47518.2692308,2.80571523134e-06,Class 4
0.353000146706,11822.7272727,14380034.2503,32511.5039215,0.818184614266,1.0,123444.06301,0.45174591697,0.504357017143,0.00272880112829,0.205916087314,0.321109661469,1.0,1.0,0.818892045455,132.84965035,0.43006993007,123679.764593,60061102.9551,29861991095.9,46.3636363636,-5.34965034965,27965.2972028,2.75277720811e-06,Class 4
0.432417233117,10231.2062937,17843177.344,43651.8094558,0.842659762346,1.0,166372.018085,0.408163084706,0.455105262993,0.00285516351154,0.189021031799,0.331205764276,1.0,1.0,0.843271962413,173.417832168,0.601398601399,166649.563271,82381177.5664,41348533912.2,40.1223776224,-2.22902097902,39105.9440559,2.38221104548e-06,Class 4
0.364638857646,14778.4090909,16387001.1356,41150.92454,0.772730767833,1.0,151814.667542,0.442303970108,0.510427567968,0.00251896125226,0.232764422408,0.199834868438,1.0,1.0,0.773615056818,163.61013986,0.527972027972,152098.820811,73800946.9247,36677028631.9,57.9545454545,-2.22902097902,34331.3811189,3.44097151013e-06,Class 4
0.294537630202,19552.972028,9992931.66503,29555.9126573,0.699305323594,1.0,97547.4357977,0.473076219611,0.563560411376,0.00224818471673,0.265551816557,0.114884972389,1.0,1.0,0.700475305944,115.017482517,0.398601398601,97761.2659046,44871779.4824,21612941825.1,76.6783216783,0.891608391608,19552.972028,4.55266999802e-06,Class 4
0.522690596117,6138.72377622,18879395.0309,47289.4602425,0.905595857407,1.0,184124.729468,0.353962305039,0.382127612011,0.00322307575664,0.135766520789,0.489161255178,1.0,1.0,0.905963177448,186.791958042,0.685314685315,184383.236239,92468731.3341,46759196742.2,24.0734265734,-1.33741258741,44562.5874126,1.42932662729e-06,Class 4
0.747640471417,1818.88111888,18498997.2896,56156.2340351,0.972028402195,1.0,224446.058384,0.209228373754,0.21605967586,0.00367857251076,0.0554248682299,0.73310234801,1.0,1.0,0.972137237762,222.01048951,0.856643356643,224624.880415,114093147.86,58068352181.7,7.13286713287,-1.78321678322,55703.2342657,4.23504185862e-07,Class 4
1.0,0.0,16711679.9961,65023.0078278,1.0,1.0,260100.0,-0.0,-0.0,0.00389099121094,-0.0,nan,1.0,1.0,1.0,255.0,1.0,260092.031311,132644904.0,67647864751.5,0.0,0.0,65025.0,0.0,Class 4
0.595188028754,10458.5664336,17392576.4077,54110.0554676,0.83916331262,1.0,207544.785357,0.306651478126,0.354804467116,0.00283653867047,0.191549395828,0.150906592968,1.0,1.0,0.839789117133,213.986013986,0.758741258741,207800.48083,103309850.752,52007210997.2,41.013986014,-1.78321678322,49337.1503497,2.43514906871e-06,Class 4
0.892830945278,3637.76223776,16687764.6478,63431.5356086,0.94405680439,1.0,249093.861846,0.0936592637395,0.110309791213,0.00347837934728,0.0936592637395,0.00689238247836,1.0,1.0,0.944274475524,247.867132867,0.944055944056,249178.9675,126151754.183,64099885323.8,14.2657342657,0.891608391608,61387.2377622,8.47008371725e-07,Class 4
0.43359088464,21826.5734266,15607174.8022,50245.0515067,0.664340826338,1.0,180695.016965,0.356816852088,0.457735306276,0.00214885223104,0.277130989238,0.000509925181806,1.0,1.0,0.665646853147,198.828671329,0.611888111888,180972.457994,86729104.539,42812023250.6,85.5944055944,-1.78321678322,39788.0244755,5.08205023035e-06,Class 4
0.741332094479,5229.28321678,17580110.5058,59111.8252993,0.91958165631,1.0,227839.926728,0.221190033165,0.243755248014,0.00331323908981,0.121512529349,0.331530168832,1.0,1.0,0.919894558566,228.697552448,0.856643356643,228035.073542,114962720.467,58290086402.7,20.506993007,3.12062937063,55703.2342657,1.21757453435e-06,Class 4
0.340481197125,12959.527972,13373401.4001,32056.7975732,0.800702365638,1.0,116403.232967,0.457931517512,0.51780706821,0.00264427300345,0.216900326034,0.279745244119,1.0,1.0,0.801477819056,127.054195804,0.402097902098,116631.781366,56176820.1548,27807123542.2,50.8216783217,-1.33741258741,25919.0559441,3.01746732427e-06,Class 4
0.468066898137,13868.9685315,17224795.411,48880.9324617,0.786716566735,1.0,183639.543745,0.380242686872,0.444136865341,0.00258008893577,0.225085660714,0.144292761898,1.0,1.0,0.787546437937,193.924825175,0.653846153846,183928.293057,90265622.239,45133015349.2,54.3881118881,-2.22902097902,42516.3461538,3.2292194172e-06,Class 4
0.466355322999,12504.8076923,17525867.3079,47971.519765,0.807695265089,1.0,181367.304507,0.385583100728,0.443127891161,0.00267751118135,0.212609686006,0.200439307359,1.0,1.0,0.808443509615,190.358391608,0.65034965035,181654.80311,89453999.8259,44807790665.1,49.0384615385,-2.22902097902,42288.986014,2.9115912778e-06,Class 4
0.736979803413,8639.68531469,16743369.9349,60248.5911702,0.867134910425,1.0,230354.455281,0.201250179061,0.240926891714,0.00299088607132,0.17015696489,0.0158877927629,1.0,1.0,0.867651879371,234.493006993,0.853146853147,230535.853973,115368499.702,58275289628.1,33.8811188811,1.78321678322,55475.8741259,2.01164488285e-06,Class 4
0.311042104748,17506.7307692,14092675.5916,37285.9205791,0.730773371125,1.0,128190.531558,0.468485403204,0.54904810981,0.0023539165068,0.252973167271,0.155999308992,1.0,1.0,0.731820913462,143.103146853,0.426573426573,128454.007109,61046597.2613,29995017135.3,68.6538461538,3.12062937063,27737.9370629,4.07622778893e-06,Class 4
0.343121913052,20689.7727273,5023694.25099,21825.9047355,0.681823074966,1.0,64197.4219402,0.436897521579,0.53247110101,0.00219613067375,0.271647446007,0.0600312444471,1.0,1.0,0.683061079545,83.3653846154,0.513986013986,64340.3144732,27537488.9339,12698675398.0,81.1363636364,2.22902097902,10913.2867133,4.81736011419e-06,Class 4
0.669348134383,4774.56293706,18333201.6141,54337.4086418,0.926574555761,1.0,214624.45259,0.268144859269,0.289335844281,0.00335946690046,0.113964768155,0.474054682855,1.0,1.0,0.926860249126,215.323426573,0.807692307692,214848.603372,108353670.264,54949087901.0,18.7237762238,-2.22902097902,52520.1923077,1.11169848789e-06,Class 4
0.817986209595,5911.36363636,16746555.8342,61385.357041,0.909092307133,1.0,240401.968752,0.150109910132,0.177359349276,0.00324533005391,0.132301776067,0.0137576028396,1.0,1.0,0.909446022727,241.625874126,0.902097902098,240539.477224,121165948.806,61409336190.2,23.1818181818,-0.891608391608,58658.9160839,1.37638860405e-06,Class 4
0.473495036432,12504.8076923,17513678.2136,49790.3451584,0.807695265089,1.0,183186.809466,0.381188525529,0.438400643054,0.00267751118135,0.212609686006,0.195931192294,1.0,1.0,0.808443509615,192.141608392,0.657342657343,183473.628503,90381586.5672,45280852656.4,49.0384615385,3.12062937063,42743.7062937,2.9115912778e-06,Class 4
0.536505452589,6820.8041958,18675123.9594,49562.9919842,0.89510650823,1.0,189350.351148,0.348058364929,0.379228792894,0.00315745900887,0.145795862635,0.436706706029,1.0,1.0,0.895514641608,192.587412587,0.702797202797,189612.338348,94961612.7085,47986198564.6,26.7482517483,1.78321678322,45699.3881119,1.58814069698e-06,Class 4
0.399701696904,12050.0874126,17245422.2792,43197.1031075,0.814688164541,1.0,159093.44551,0.425710801647,0.481367081348,0.0027115134553,0.208182289465,0.273871379437,1.0,1.0,0.815409200175,168.068181818,0.566433566434,159374.205972,78207015.9167,39101482207.1,47.2552447552,1.33741258741,36832.3426573,2.80571523134e-06,Class 4
0.464619296787,7275.52447552,18500838.8479,45015.9285008,0.888113608779,1.0,168887.953031,0.387549974631,0.419696913233,0.00311466963042,0.152196231284,0.468165980562,1.0,1.0,0.888548951049,172.972027972,0.622377622378,169150.538741,84410308.1982,42575550227.8,28.5314685315,3.56643356643,40470.1048951,1.69401674345e-06,Class 4
0.493593818769,7502.88461538,18591213.7789,47289.4602425,0.884617159054,1.0,179114.211584,0.372597643829,0.406754458859,0.00309356147721,0.155315502103,0.429565933323,1.0,1.0,0.885066105769,183.225524476,0.660839160839,179381.424613,89570006.7822,45192173461.2,29.4230769231,2.22902097902,42971.0664336,1.74695476668e-06,Class 4
0.343830994181,18188.8111888,15696424.1545,41832.9840625,0.720284021948,1.0,150671.398526,0.446115015902,0.530167295941,0.00231695336068,0.257401535383,0.114330251189,1.0,1.0,0.721372377622,165.839160839,0.51048951049,150961.950454,72351552.6776,35716107874.8,71.3286713287,-1.78321678322,33194.5804196,4.23504185862e-06,Class 4
0.634334197271,8412.32517483,17624395.934,55474.1745126,0.870631360151,1.0,212787.146045,0.287171626952,0.326095544017,0.00301103910448,0.167285259642,0.21491226485,1.0,1.0,0.87113472465,217.106643357,0.786713286713,213029.666527,106498454.153,53766418429.6,32.9895104895,0.445804195804,51156.0314685,1.95870685961e-06,Class 4
0.594821262653,3865.12237762,19167525.9627,50017.6983326,0.940560354664,1.0,197333.653355,0.306851988695,0.324341308217,0.00345421480989,0.0979010157022,0.608127627965,1.0,1.0,0.940791630245,197.491258741,0.744755244755,197569.789998,99773503.564,50632400854.0,15.1573426573,-1.33741258741,48427.7097902,8.99946394958e-07,Class 4
0.752750745758,4547.2027972,17664393.7325,58202.4126027,0.930071005487,1.0,228982.908467,0.214012656253,0.23491159958,0.0033828673418,0.110075420342,0.359658818542,1.0,1.0,0.930343094406,229.143356643,0.863636363636,229171.86031,115716392.687,58718801549.8,17.8321678322,-0.891608391608,56157.9545455,1.05876046466e-06,Class 4
0.314489706098,16824.6503497,10427183.0208,29101.206309,0.741262720302,1.0,98462.6529422,0.467761583996,0.545609418126,0.00239259886901,0.24830187307,0.171102856273,1.0,1.0,0.742269449301,113.234265734,0.426573426573,98670.7621895,46031294.88,22381678430.8,65.979020979,0.891608391608,20462.4125874,3.91741371923e-06,Class 4
0.427331409849,10231.2062937,17795933.6248,43879.16263,0.842659762346,1.0,164554.188216,0.410875744621,0.458223730332,0.00285516351154,0.189021031799,0.331124795179,1.0,1.0,0.843271962413,171.634615385,0.594405594406,164830.737878,81453590.8251,40875471921.0,40.1223776224,0.445804195804,38651.2237762,2.38221104548e-06,Class 4
0.563474986552,5684.0034965,18846859.2465,49335.6388101,0.912588756859,1.0,193679.325256,0.33082888363,0.356378293878,0.0032677753752,0.128772772178,0.495783243904,1.0,1.0,0.912928868007,195.708041958,0.723776223776,193932.083485,97454515.3969,49331473131.4,22.2902097902,-2.22902097902,47063.548951,1.32345058082e-06,Class 4
0.725194386034,4774.56293706,17845850.5571,57065.6467318,0.926574555761,1.0,224649.684134,0.232695879335,0.254472969027,0.00335946690046,0.113964768155,0.388462722541,1.0,1.0,0.926860249126,225.131118881,0.846153846154,224852.143035,113455397.341,57550928853.0,18.7237762238,-1.33741258741,55021.1538462,1.11169848789e-06,Class 4
0.804978238545,4092.48251748,17325350.4775,60021.237996,0.937063904938,1.0,236742.52824,0.176455154932,0.195232026247,0.00343024129652,0.102047746795,0.296337204588,1.0,1.0,0.937308784965,236.276223776,0.895104895105,236901.882163,119774590.008,60818015947.7,16.048951049,-0.891608391608,58204.1958042,9.5288441819e-07,Class 4
0.327204264267,18643.5314685,15218113.5526,40468.8650174,0.713291122497,1.0,143855.923221,0.455226349337,0.541498608238,0.00229326638332,0.260221662324,0.114261329781,1.0,1.0,0.714406687063,159.597902098,0.482517482517,144141.341298,68757148.7268,33853424472.5,73.1118881119,-0.891608391608,31375.6993007,4.34091790509e-06,Class 4
0.84224167441,5001.92307692,16770239.375,62294.7697377,0.923078106036,1.0,243143.313037,0.135630727901,0.158648644074,0.00333625748313,0.117776048263,0.0242982694712,1.0,1.0,0.923377403846,243.409090909,0.916083916084,243267.743177,122789236.26,62296331047.1,19.6153846154,0.891608391608,59568.3566434,1.16463651112e-06,Class 4
0.456623795785,16369.9300699,16705579.3944,49790.3451584,0.748255619753,1.0,183411.525267,0.376757442855,0.452499031667,0.00241934223055,0.245049644179,0.0716879901543,1.0,1.0,0.74923513986,196.153846154,0.643356643357,183700.86326,89511928.7049,44586027457.7,64.1958041958,-0.891608391608,41834.2657343,3.81153767276e-06,Class 4
0.892513081324,3183.04195804,16805135.5312,62749.4760861,0.951049703841,1.0,248630.434058,0.102813344969,0.117331404764,0.00352728149408,0.0848676611123,0.0709401951044,1.0,1.0,0.951240166084,246.975524476,0.944055944056,248724.275083,126035811.169,64070320761.0,12.4825174825,-0.891608391608,61387.2377622,7.41132325259e-07,Class 4
0.591104699496,12050.0874126,17031506.6774,55246.8213385,0.814688164541,1.0,208229.353125,0.30060986879,0.35638082127,0.0027115134553,0.208182289465,0.0756905837754,1.0,1.0,0.815409200175,216.215034965,0.755244755245,208482.491593,103251857.931,51874155971.4,47.2552447552,0.445804195804,49109.7902098,2.80571523134e-06,Class 4
0.39204851093,8184.96503497,13786708.6378,29555.9126573,0.874127809877,1.0,115292.067533,0.426908949881,0.461704912377,0.00303138316164,0.164366410067,0.463008478474,1.0,1.0,0.87461756993,121.258741259,0.461538461538,115495.161774,56814591.9888,28442819615.3,32.0979020979,-5.34965034965,26828.4965035,1.90576883638e-06,Class 4
0.438872316495,5684.0034965,17866302.0335,38195.3332757,0.912588756859,1.0,149135.806575,0.394622836974,0.420172247223,0.0032677753752,0.128772772178,0.568247559785,1.0,1.0,0.912928868007,152.019230769,0.552447552448,149370.861348,74728640.2361,37741454345.3,22.2902097902,-2.22902097902,35922.9020979,1.32345058082e-06,Class 4
0.574160105629,8639.68531469,18001635.4384,52745.9364226,0.867134910425,1.0,201172.493108,0.326149707199,0.366066740997,0.00299088607132,0.17015696489,0.280963420433,1.0,1.0,0.867651879371,205.961538462,0.741258741259,201434.647679,100527111.842,50706297767.8,33.8811188811,0.891608391608,48200.3496503,2.01164488285e-06,Class 4
0.572521883711,4547.2027972,19106084.8292,49790.3451584,0.930071005487,1.0,193460.669289,0.321902406513,0.34280134984,0.0033828673418,0.110075420342,0.5650042796,1.0,1.0,0.930343094406,194.370629371,0.727272727273,193704.76514,97628451.2321,49494092720.0,17.8321678322,0.891608391608,47290.9090909,1.05876046466e-06,Class 4
0.805051591765,3865.12237762,17385585.8238,60248.5911702,0.940560354664,1.0,236515.000773,0.1769662906,0.194814994036,0.00345421480989,0.0979010157022,0.324010858617,1.0,1.0,0.940791630245,235.83041958,0.895104895105,236674.535955,119716618.501,60803233666.3,15.1573426573,0.445804195804,58204.1958042,8.99946394958e-07,Class 4
0.498068365201,9549.12587413,18135646.6063,48198.8729392,0.853149111523,1.0,184788.032552,0.371138376429,0.415055899332,0.00291218417881,0.181192649131,0.310034707748,1.0,1.0,0.853720498252,190.804195804,0.674825174825,185065.191276,91946923.8283,46271337976.3,37.4475524476,-1.78321678322,43880.506993,2.22339697578e-06,Class 4
0.402244608538,12504.8076923,17240941.4046,43197.1031075,0.807695265089,1.0,161363.765606,0.423843827594,0.48160990779,0.00267751118135,0.212609686006,0.253490426541,1.0,1.0,0.808443509615,170.743006993,0.573426573427,161647.723783,79250545.6721,39604108761.2,49.0384615385,-1.33741258741,37287.0629371,2.9115912778e-06,Class 4
0.667954423199,11368.006993,16633689.3511,58202.4126027,0.825177513717,1.0,221231.489446,0.238052335249,0.290679956869,0.00276394954631,0.201276057892,0.00625373301833,1.0,1.0,0.825857736014,228.251748252,0.807692307692,221441.643418,110034843.969,55377774061.7,44.5804195804,0.0,52520.1923077,2.64690116164e-06,Class 4
0.769401926745,5684.0034965,17214833.487,59793.8848219,0.912588756859,1.0,232858.804534,0.198013508928,0.22429694139,0.0032677753752,0.128772772178,0.184283724511,1.0,1.0,0.912928868007,234.047202797,0.874125874126,233036.829443,117397630.334,59502305943.7,22.2902097902,0.445804195804,56840.034965,1.32345058082e-06,Class 4
0.618685510294,3865.12237762,19005566.2484,51609.1705518,0.940560354664,1.0,202794.11274,0.294046477079,0.311895180515,0.00345421480989,0.0979010157022,0.585209204111,1.0,1.0,0.940791630245,202.840909091,0.765734265734,203026.266178,102556263.788,52051586827.8,15.1573426573,-0.445804195804,49791.8706294,8.99946394958e-07,Class 4
0.678321678322,10913.2867133,16662294.9783,57747.7062543,0.832170413169,1.0,222599.1276,0.233329812798,0.283281395218,0.00279986206037,0.196488777278,0.0091957354544,1.0,1.0,0.832823426573,229.143356643,0.814685314685,222805.776394,110846487.696,55821271490.1,42.7972027972,-2.67482517483,52974.9125874,2.54102511517e-06,Class 4
0.549342266125,11595.3671329,17411909.5222,52973.2895968,0.821681063992,1.0,199572.768518,0.333945175198,0.387610460922,0.0027462798253,0.203614191818,0.148836628348,1.0,1.0,0.822374890734,207.298951049,0.723776223776,199843.084906,98961774.5808,49715812447.8,45.472027972,0.445804195804,47063.548951,2.69983918487e-06,Class 4
0.5332779109,5456.64335664,19013944.3665,46834.7538942,0.916085206584,1.0,185266.583665,0.346364998836,0.369562307167,0.0032904117205,0.125177193525,0.542293676206,1.0,1.0,0.916411713287,187.237762238,0.692307692308,185520.023007,93222403.5541,47187911889.3,21.3986013986,-3.56643356643,45017.3076923,1.27051255759e-06,Class 4
0.723922930217,7048.16433566,17247699.1019,58657.118951,0.891610058505,1.0,226924.358223,0.227006611255,0.259611240277,0.00313596880764,0.149023520823,0.158580796946,1.0,1.0,0.892031796329,229.589160839,0.846153846154,227125.60512,114035112.411,57698751667.0,27.6398601399,0.445804195804,55021.1538462,1.64107872022e-06,Class 4
0.84828108954,4547.2027972,16834124.0722,61612.7102152,0.930071005487,1.0,243598.611987,0.135036223583,0.155475751781,0.0033828673418,0.110075420342,0.0655566730832,1.0,1.0,0.930343094406,243.409090909,0.91958041958,243722.463457,123137086.617,62503297479.9,17.8321678322,-1.78321678322,59795.7167832,1.05876046466e-06,Class 4
0.357450242066,14096.3286713,16128590.9165,38877.3927983,0.78322011701,1.0,145684.306249,0.447837413252,0.511865691832,0.00256452047887,0.227051904263,0.232199729696,1.0,1.0,0.784063592657,156.923076923,0.506993006993,145960.306005,70844272.1797,35213495813.9,55.2797202797,-4.45804195804,32967.2202797,3.28215744043e-06,Class 4
0.372120886107,12504.8076923,9116302.79483,25008.8491739,0.807695265089,1.0,86906.9922467,0.440780586237,0.498657164602,0.00267751118135,0.212609686006,0.274878983055,1.0,1.0,0.808443509615,97.6311188811,0.520979020979,87075.882655,41219489.2806,20208567119.1,49.0384615385,0.445804195804,18643.5314685,2.9115912778e-06,Class 4
0.437454154237,11595.3671329,17662433.669,45015.9285008,0.821681063992,1.0,171366.23747,0.404699679272,0.45764806411,0.0027462798253,0.203614191818,0.267522045397,1.0,1.0,0.822374890734,179.659090909,0.615384615385,171651.291309,84584180.0913,42383351583.2,45.472027972,-3.12062937063,40015.3846154,2.69983918487e-06,Class 4
0.353635874615,12050.0874126,15111932.4678,35012.3888374,0.814688164541,1.0,130025.813602,0.451046134411,0.506472740525,0.0027115134553,0.208182289465,0.30699006708,1.0,1.0,0.815409200175,139.536713287,0.454545454545,130272.999679,63365628.0566,31532490346.8,47.2552447552,-2.22902097902,29556.8181818,2.80571523134e-06,Class 4
0.511051885178,14096.3286713,2235534.53573,12959.1309429,0.78322011701,1.0,37670.9229722,0.349172678346,0.414430929154,0.00256452047887,0.227051904263,0.0893024149289,1.0,1.0,0.784063592657,50.8216783217,0.692307692308,37740.1951004,15652861.0749,7066307333.4,55.2797202797,0.0,5911.36363636,3.28215744043e-06,Class 4
0.575260403932,14323.6888112,16605731.0489,55019.4681643,0.779723667284,1.0,206868.522186,0.295537443377,0.361739740433,0.00254914304599,0.228986875523,0.0179965649623,1.0,1.0,0.780580747378,217.106643357,0.741258741259,207118.302891,101976399.519,51075854802.8,56.1713286713,-1.33741258741,48200.3496503,3.33509546367e-06,Class 4
0.558389163284,12050.0874126,17245921.8572,52973.2895968,0.814688164541,1.0,201849.868522,0.325518953803,0.380945559918,0.0027115134553,0.208182289465,0.120747389005,1.0,1.0,0.815409200175,209.973776224,0.730769230769,202116.602716,100005304.336,50218439001.9,47.2552447552,-2.22902097902,47518.2692308,2.80571523134e-06,Class 4
1.0,0.0,16711679.9961,65023.0078278,1.0,1.0,260100.0,-0.0,-0.0,0.00389099121094,-0.0,nan,1.0,1.0,1.0,255.0,1.0,260092.031311,132644904.0,67647864751.5,0.0,0.0,65025.0,0.0,Class 4
0.892830945278,3637.76223776,16687764.6478,63431.5356086,0.94405680439,1.0,249093.861846,0.0936592637395,0.110309791213,0.00347837934728,0.0936592637395,0.00689238247836,1.0,1.0,0.944274475524,247.867132867,0.944055944056,249178.9675,126151754.183,64099885323.8,14.2657342657,0.891608391608,61387.2377622,8.47008371725e-07,Class 4
0.43359088464,21826.5734266,15607174.8022,50245.0515067,0.664340826338,1.0,180695.016965,0.356816852088,0.457735306276,0.00214885223104,0.277130989238,0.000509925181806,1.0,1.0,0.665646853147,198.828671329,0.611888111888,180972.457994,86729104.539,42812023250.6,85.5944055944,-1.78321678322,39788.0244755,5.08205023035e-06,Class 4
0.340481197125,12959.527972,13373401.4001,32056.7975732,0.800702365638,1.0,116403.232967,0.457931517512,0.51780706821,0.00264427300345,0.216900326034,0.279745244119,1.0,1.0,0.801477819056,127.054195804,0.402097902098,116631.781366,56176820.1548,27807123542.2,50.8216783217,-1.33741258741,25919.0559441,3.01746732427e-06,Class 4
0.343121913052,20689.7727273,5023694.25099,21825.9047355,0.681823074966,1.0,64197.4219402,0.436897521579,0.53247110101,0.00219613067375,0.271647446007,0.0600312444471,1.0,1.0,0.683061079545,83.3653846154,0.513986013986,64340.3144732,27537488.9339,12698675398.0,81.1363636364,2.22902097902,10913.2867133,4.81736011419e-06,Class 4
0.669348134383,4774.56293706,18333201.6141,54337.4086418,0.926574555761,1.0,214624.45259,0.268144859269,0.289335844281,0.00335946690046,0.113964768155,0.474054682855,1.0,1.0,0.926860249126,215.323426573,0.807692307692,214848.603372,108353670.264,54949087901.0,18.7237762238,-2.22902097902,52520.1923077,1.11169848789e-06,Class 4
0.422636803756,10231.2062937,17736636.1964,42969.7499333,0.842659762346,1.0,162736.479365,0.413467112714,0.460680008272,0.00285516351154,0.189021031799,0.336299339469,1.0,1.0,0.843271962413,169.851398601,0.587412587413,163011.912485,80526004.0839,40402409929.7,40.1223776224,-1.33741258741,38196.5034965,2.38221104548e-06,Class 4
0.536505452589,6820.8041958,18675123.9594,49562.9919842,0.89510650823,1.0,189350.351148,0.348058364929,0.379228792894,0.00315745900887,0.145795862635,0.436706706029,1.0,1.0,0.895514641608,192.587412587,0.702797202797,189612.338348,94961612.7085,47986198564.6,26.7482517483,1.78321678322,45699.3881119,1.58814069698e-06,Class 4
0.464619296787,7275.52447552,18500838.8479,45015.9285008,0.888113608779,1.0,168887.953031,0.387549974631,0.419696913233,0.00311466963042,0.152196231284,0.468165980562,1.0,1.0,0.888548951049,172.972027972,0.622377622378,169150.538741,84410308.1982,42575550227.8,28.5314685315,3.56643356643,40470.1048951,1.69401674345e-06,Class 4
0.594821262653,3865.12237762,19167525.9627,50017.6983326,0.940560354664,1.0,197333.653355,0.306851988695,0.324341308217,0.00345421480989,0.0979010157022,0.608127627965,1.0,1.0,0.940791630245,197.491258741,0.744755244755,197569.789998,99773503.564,50632400854.0,15.1573426573,-1.33741258741,48427.7097902,8.99946394958e-07,Class 4
0.752750745758,4547.2027972,17664393.7325,58202.4126027,0.930071005487,1.0,228982.908467,0.214012656253,0.23491159958,0.0033828673418,0.110075420342,0.359658818542,1.0,1.0,0.930343094406,229.143356643,0.863636363636,229171.86031,115716392.687,58718801549.8,17.8321678322,-0.891608391608,56157.9545455,1.05876046466e-06,Class 4
0.428358354932,15687.8496503,3928166.14134,17278.8412521,0.75874496893,1.0,52867.4547837,0.39967038655,0.472285500288,0.00246088995293,0.239959216674,0.116229628736,1.0,1.0,0.759683675699,67.3164335664,0.615384615385,52972.8090099,23015562.1839,10717748237.7,61.520979021,0.445804195804,9321.76573427,3.65272360306e-06,Class 4
0.364932270527,17961.451049,16082840.7223,44106.5158042,0.723780471674,1.0,158624.477008,0.433127825796,0.516269856861,0.00232908338537,0.255952041096,0.103701106498,1.0,1.0,0.724855222902,173.417832168,0.541958041958,158919.318516,76467721.5062,37830104554.1,70.4370629371,-0.445804195804,35240.8216783,4.18210383539e-06,Class 4
0.583671573182,5684.0034965,18723468.4529,52518.5832484,0.912588756859,1.0,198229.153795,0.32017263923,0.341093178728,0.0032677753752,0.128772772178,0.516069036591,1.0,1.0,0.912928868007,200.166083916,0.741258741259,198479.146969,99773482.25,50514128109.6,22.2902097902,5.79545454545,48200.3496503,1.32345058082e-06,Class 4
0.601618661059,12504.8076923,1004852.88359,8866.77380787,0.807695265089,1.0,24285.9345414,0.288587267017,0.346353347213,0.00267751118135,0.212609686006,0.0452177524089,1.0,1.0,0.808443509615,36.1101398601,0.762237762238,24326.4065842,9217746.70725,3887928420.34,49.0384615385,-1.33741258741,2955.68181818,2.9115912778e-06,Class 4
0.40750158932,11368.006993,17423477.8087,42742.3967591,0.825177513717,1.0,160232.178578,0.421712777746,0.47427964267,0.00276394954631,0.201276057892,0.295918476471,1.0,1.0,0.825857736014,168.513986014,0.573426573427,160510.99274,78960688.1367,39530197354.2,44.5804195804,-0.891608391608,37287.0629371,2.64690116164e-06,Class 4
0.357450242066,14096.3286713,16128590.9165,38877.3927983,0.78322011701,1.0,145684.306249,0.447837413252,0.511865691832,0.00256452047887,0.227051904263,0.232199729696,1.0,1.0,0.784063592657,156.923076923,0.506993006993,145960.306005,70844272.1797,35213495813.9,55.2797202797,-4.45804195804,32967.2202797,3.28215744043e-06,Class 4
0.713042202553,7730.24475524,17163783.3837,58202.4126027,0.881120709328,1.0,225783.716042,0.231641710951,0.267339117822,0.00307264434801,0.158382748317,0.126650866697,1.0,1.0,0.88158326049,229.143356643,0.839160839161,225988.818352,113281440.191,57270036520.0,30.3146853147,-0.891608391608,54566.4335664,1.79989278992e-06,Class 4
0.498679642036,13868.9685315,2635497.60962,13413.8372913,0.786716566735,1.0,41074.7995207,0.35924887651,0.423342508295,0.00258008893577,0.225085660714,0.11203968782,1.0,1.0,0.787546437937,53.9423076923,0.681818181818,41150.4996786,17450063.0504,7997649034.53,54.3881118881,-1.33741258741,6820.8041958,3.2292194172e-06,Class 4
0.578928064942,8412.32517483,3047229.11305,12049.7182462,0.870631360151,1.0,41089.4080364,0.323515650784,0.362275203979,0.00301103910448,0.167285259642,0.291470286211,1.0,1.0,0.87113472465,48.5926573427,0.744755244755,41150.6668552,18841507.1044,9062060254.7,32.9895104895,-1.33741258741,8184.96503497,1.95870685961e-06,Class 4
0.577387647318,12732.1678322,16961245.999,55019.4681643,0.804198815364,1.0,206179.358648,0.306851988695,0.365740680796,0.00266079658039,0.214771866009,0.0657611271497,1.0,1.0,0.804960664336,214.877622378,0.744755244755,206436.292128,102034392.34,51208909828.7,49.9300699301,0.891608391608,48427.7097902,2.96452930104e-06,Class 4
0.4525649176,9321.76573427,18129937.1923,45470.6348492,0.856645561248,1.0,170921.458125,0.396764948103,0.439752782821,0.00293157311592,0.178499498881,0.358057046858,1.0,1.0,0.857203343531,176.984265734,0.622377622378,171196.654617,84932051.7618,42708590760.4,36.5559440559,1.33741258741,40470.1048951,2.17045895254e-06,Class 4
0.66365103428,5456.64335664,18187674.4929,53655.3491193,0.916085206584,1.0,214392.561021,0.272844105187,0.293338011505,0.0032904117205,0.125177193525,0.458958652251,1.0,1.0,0.916411713287,215.769230769,0.804195804196,214621.229301,108063791.414,54756903749.6,21.3986013986,-5.34965034965,52292.8321678,1.27051255759e-06,Class 4
0.667954423199,11368.006993,16633689.3511,58202.4126027,0.825177513717,1.0,221231.489446,0.238052335249,0.290679956869,0.00276394954631,0.201276057892,0.00625373301833,1.0,1.0,0.825857736014,228.251748252,0.807692307692,221441.643418,110034843.969,55377774061.7,44.5804195804,0.0,52520.1923077,2.64690116164e-06,Class 4
0.689887036041,11140.6468531,16520283.5557,58884.4721252,0.828673963443,1.0,224658.924412,0.216426817931,0.26798639102,0.00278181029133,0.198901117305,0.00061908341696,1.0,1.0,0.829340581294,231.372377622,0.821678321678,224851.947996,111832045.944,56309115762.8,43.6888111888,-0.445804195804,53429.6328671,2.59396313841e-06,Class 4
0.691451904739,7957.6048951,17284271.1571,56838.2935577,0.877624259602,1.0,222361.734446,0.247656301874,0.283425476221,0.00305191824282,0.161399300108,0.164566060032,1.0,1.0,0.87810041521,226.022727273,0.825174825175,222578.513774,111484238.216,56338694818.8,31.2062937063,-3.12062937063,53656.993007,1.85283081315e-06,Class 4
0.456403736124,15005.7692308,3325944.08329,15914.7222071,0.769234318107,1.0,47651.406335,0.383487469468,0.45290990744,0.00250415689141,0.234607678141,0.113261880118,1.0,1.0,0.770132211538,61.520979021,0.643356643357,47743.7069011,20522680.8095,9490746415.35,58.8461538462,0.891608391608,8184.96503497,3.49390953337e-06,Class 4
0.389725658956,17961.451049,16297658.3134,45697.9880233,0.723780471674,1.0,166807.553816,0.416554582494,0.49946579307,0.00232908338537,0.255952041096,0.0862206476823,1.0,1.0,0.724855222902,181.442307692,0.573426573427,167104.032786,80641861.8419,39958883514.8,70.4370629371,-2.22902097902,37287.0629371,4.18210383539e-06,Class 4
0.483079857206,13641.6083916,17238152.845,49790.3451584,0.790213016461,1.0,187052.461309,0.371020474669,0.433971002079,0.00259584841667,0.223087773443,0.137286891458,1.0,1.0,0.791029283217,197.045454545,0.667832167832,187338.597635,92062824.2144,46064357050.3,53.4965034965,-1.78321678322,43425.7867133,3.17628139397e-06,Class 4
0.347425301971,17506.7307692,6679443.21574,22735.3174322,0.730773371125,1.0,73732.4099128,0.445933449929,0.526970126477,0.0023539165068,0.252973167271,0.128562188865,1.0,1.0,0.731820913462,89.6066433566,0.513986013986,73889.245308,33218995.0237,15803157397.3,68.6538461538,-0.445804195804,14096.3286713,4.07622778893e-06,Class 4
0.483079857206,13641.6083916,17238152.845,49790.3451584,0.790213016461,1.0,187052.461309,0.371020474669,0.433971002079,0.00259584841667,0.223087773443,0.137286891458,1.0,1.0,0.791029283217,197.045454545,0.667832167832,187338.597635,92062824.2144,46064357050.3,53.4965034965,-1.78321678322,43425.7867133,3.17628139397e-06,Class 4
0.427184703408,8184.96503497,17898745.3176,41150.92454,0.874127809877,1.0,157068.090532,0.408715166296,0.446522648624,0.00303138316164,0.164366410067,0.432677761067,1.0,1.0,0.87461756993,162.272727273,0.573426573427,157328.145822,78149087.0377,39323245414.5,32.0979020979,-0.891608391608,37287.0629371,1.90576883638e-06,Class 4
0.829698273754,3865.12237762,17171975.047,60021.237996,0.940560354664,1.0,240168.615561,0.157768534105,0.171852898155,0.00345421480989,0.0979010157022,0.326600509242,1.0,1.0,0.940791630245,239.396853147,0.909090909091,240312.186742,121571791.984,61749357648.8,15.1573426573,-4.01223776224,59113.6363636,8.99946394958e-07,Class 4
0.829698273754,3865.12237762,17171975.047,60021.237996,0.940560354664,1.0,240168.615561,0.157768534105,0.171852898155,0.00345421480989,0.0979010157022,0.326600509242,1.0,1.0,0.940791630245,239.396853147,0.909090909091,240312.186742,121571791.984,61749357648.8,15.1573426573,-4.01223776224,59113.6363636,8.99946394958e-07,Class 4
0.314954276493,19098.2517483,7970751.921,24781.4959997,0.706298223045,1.0,83482.6297115,0.461815884461,0.549650930266,0.002270343502,0.262937932928,0.113626379521,1.0,1.0,0.707440996503,100.751748252,0.458041958042,83665.3830374,37798935.9088,18035412327.8,74.8951048951,-3.56643356643,16142.5699301,4.44679395156e-06,Class 4
0.685241332094,4319.84265734,18326944.0952,54564.761816,0.933567455213,1.0,216905.161849,0.257751386038,0.275744908191,0.00340645880715,0.106104406547,0.513271731924,1.0,1.0,0.933825939685,217.106643357,0.818181818182,217122.149045,109629107.361,55629116325.1,16.9405594406,-3.12062937063,53202.2727273,1.00582244142e-06,Class 4
0.511247493765,3410.4020979,19338130.2013,45243.281675,0.947553254115,1.0,171419.172022,0.34645342667,0.352032365084,0.00350273490867,0.0893169187486,0.734113751761,1.0,1.0,0.947757320804,171.634615385,0.646853146853,171651.542074,86671346.1723,43979968413.4,13.3741258741,5.79545454545,42061.6258741,7.94070348492e-07,Class 4
0.573768888454,7275.52447552,18359667.1829,50472.4046809,0.888113608779,1.0,198902.372582,0.327598407381,0.358867199619,0.00311466963042,0.152196231284,0.391786290924,1.0,1.0,0.888548951049,202.395104895,0.737762237762,199161.157731,99715489.4289,50381073083.8,28.5314685315,-4.45804195804,47972.9895105,1.69401674345e-06,Class 4
0.573768888454,7275.52447552,18359667.1829,50472.4046809,0.888113608779,1.0,198902.372582,0.327598407381,0.358867199619,0.00311466963042,0.152196231284,0.391786290924,1.0,1.0,0.888548951049,202.395104895,0.737762237762,199161.157731,99715489.4289,50381073083.8,28.5314685315,-4.45804195804,47972.9895105,1.69401674345e-06,Class 4
0.39808792606,7730.24475524,15865612.9714,33875.6229665,0.881120709328,1.0,131183.840008,0.422419524499,0.456763630828,0.00307264434801,0.158382748317,0.477777342607,1.0,1.0,0.88158326049,136.416083916,0.475524475524,131409.897898,65046929.6459,32670812974.0,30.3146853147,-3.56643356643,30920.979021,1.79989278992e-06,Class 4
0.58293804098,8639.68531469,17942793.5901,52518.5832484,0.867134910425,1.0,202993.602298,0.320664608837,0.360341321489,0.00299088607132,0.17015696489,0.274453150028,1.0,1.0,0.867651879371,207.744755245,0.748251748252,203253.473072,101454698.583,51179359759.1,33.8811188811,-1.78321678322,48655.0699301,2.01164488285e-06,Class 4
0.321653870605,15233.1293706,12176315.3499,30465.325354,0.765737868381,1.0,109586.395695,0.46651033135,0.53647505285,0.00248954355457,0.236421022881,0.215484255819,1.0,1.0,0.766649366259,122.596153846,0.402097902098,109811.116484,52118601.5193,25589636399.9,59.7377622378,-3.12062937063,23645.4545455,3.5468475566e-06,Class 4
0.367572986454,13414.2482517,16445433.5267,39559.4523208,0.793709466187,1.0,148639.171958,0.442840153093,0.503894297466,0.00261179892158,0.221057857361,0.248969508321,1.0,1.0,0.794512128497,159.152097902,0.520979020979,148915.918166,72525531.141,36115272952.2,52.6048951049,-4.01223776224,33876.6608392,3.12334337074e-06,Class 4
0.435595872659,12050.0874126,17581302.2954,46152.6943717,0.814688164541,1.0,171819.275146,0.405031356914,0.460802309394,0.0027115134553,0.208182289465,0.243616556275,1.0,1.0,0.815409200175,180.550699301,0.615384615385,172105.983726,84700123.1055,42412916146.0,47.2552447552,0.445804195804,40015.3846154,2.80571523134e-06,Class 4
0.364932270527,17961.451049,16082840.7223,44106.5158042,0.723780471674,1.0,158624.477008,0.433127825796,0.516269856861,0.00232908338537,0.255952041096,0.103701106498,1.0,1.0,0.724855222902,173.417832168,0.541958041958,158919.318516,76467721.5062,37830104554.1,70.4370629371,-0.445804195804,35240.8216783,4.18210383539e-06,Class 4
0.346007139713,12504.8076923,14275339.2133,33193.563444,0.807695265089,1.0,123214.062231,0.455193531241,0.512405648766,0.00267751118135,0.212609686006,0.295018894228,1.0,1.0,0.808443509615,133.295454545,0.426573426573,123452.390522,59771224.1057,29669806944.5,49.0384615385,-3.12062937063,27737.9370629,2.9115912778e-06,Class 4
0.433126314245,8184.96503497,18025355.7739,41832.9840625,0.874127809877,1.0,159794.057357,0.405652668176,0.443460150505,0.00303138316164,0.164366410067,0.428885623531,1.0,1.0,0.87461756993,164.947552448,0.583916083916,160056.383912,79540467.1496,40032838401.4,32.0979020979,-0.891608391608,37969.1433566,1.90576883638e-06,Class 4
0.595774854516,11822.7272727,17053864.9202,55474.1745126,0.818184614266,1.0,208912.760713,0.298458453487,0.353132761249,0.00272880112829,0.205916087314,0.0800943489166,1.0,1.0,0.818892045455,216.660839161,0.758741258741,209164.558081,103657679.794,52095904685.6,46.3636363636,0.891608391608,49337.1503497,2.75277720811e-06,Class 4
0.370409310969,11140.6468531,16139917.3191,37740.6269274,0.828673963443,1.0,139111.173594,0.441829175865,0.493388748954,0.00278181029133,0.198901117305,0.331324418668,1.0,1.0,0.829340581294,147.561188811,0.493006993007,139367.154508,68235469.1052,34075202173.2,43.6888111888,0.445804195804,32057.7797203,2.59396313841e-06,Class 4
0.372120886107,12504.8076923,9116302.79483,25008.8491739,0.807695265089,1.0,86906.9922467,0.440780586237,0.498657164602,0.00267751118135,0.212609686006,0.274878983055,1.0,1.0,0.808443509615,97.6311188811,0.520979020979,87075.882655,41219489.2806,20208567119.1,49.0384615385,0.445804195804,18643.5314685,2.9115912778e-06,Class 4
0.79962345347,6138.72377622,16842924.4882,60930.6506927,0.905595857407,1.0,237886.05714,0.167125447086,0.195516235732,0.00322307575664,0.135766520789,0.0452755952828,1.0,1.0,0.905963177448,239.396853147,0.891608391608,238038.585343,119832540.201,60714525484.7,24.0734265734,-0.445804195804,57976.8356643,1.42932662729e-06,Class 4
0.559856227688,6593.44405594,18623834.1807,49562.9919842,0.898602957956,1.0,194583.260669,0.334813922411,0.364042304615,0.00317914023412,0.142511646293,0.440934905996,1.0,1.0,0.898997486888,197.491258741,0.723776223776,194841.468319,97686401.4252,49390602257.0,25.8566433566,-3.12062937063,47063.548951,1.53520267375e-06,Class 4
0.604846202748,5229.28321678,18715367.3285,52291.2300743,0.91958165631,1.0,202328.07914,0.306651478126,0.330562235638,0.00331323908981,0.121512529349,0.490136299916,1.0,1.0,0.919894558566,203.732517483,0.758741258741,202571.518035,101976506.089,51667218524.9,20.506993007,1.33741258741,49337.1503497,1.21757453435e-06,Class 4
0.427331409849,10231.2062937,17795933.6248,43879.16263,0.842659762346,1.0,164554.188216,0.410875744621,0.458223730332,0.00285516351154,0.189021031799,0.331124795179,1.0,1.0,0.843271962413,171.634615385,0.594405594406,164830.737878,81453590.8251,40875471921.0,40.1223776224,0.445804195804,38651.2237762,2.38221104548e-06,Class 4
0.573695535234,4319.84265734,19161668.7105,49335.6388101,0.933567455213,1.0,193235.176279,0.320234002439,0.340192519339,0.00340645880715,0.106104406547,0.579213702251,1.0,1.0,0.933825939685,193.924825175,0.727272727273,193477.418931,97570479.7251,49479310438.6,16.9405594406,-0.445804195804,47290.9090909,1.00582244142e-06,Class 4
0.504401193212,9776.48601399,18066732.1482,49562.9919842,0.849652661797,1.0,186833.986533,0.367221025438,0.412321736795,0.00289298626571,0.183843417485,0.290776751522,1.0,1.0,0.850237652972,193.033216783,0.681818181818,187111.362878,92932482.0767,46759182249.0,38.3391608392,1.33741258741,44335.2272727,2.27633499901e-06,Class 4
0.556873196733,8867.04545455,18050317.8055,52063.8769001,0.8636384607,1.0,197757.710321,0.336575078513,0.377449237228,0.00297092406218,0.172982581628,0.288329959625,1.0,1.0,0.864169034091,202.840909091,0.727272727273,198024.343101,98729909.8665,49774956066.7,34.7727272727,1.33741258741,47290.9090909,2.06458290608e-06,Class 4
0.502836324515,14096.3286713,17060820.5588,52063.8769001,0.78322011701,1.0,192059.23421,0.355209041477,0.420271219078,0.00256452047887,0.227051904263,0.100114038861,1.0,1.0,0.784063592657,202.395104895,0.685314685315,192340.353536,94497734.0817,47276576591.3,55.2797202797,1.78321678322,44562.5874126,3.28215744043e-06,Class 4
0.680644530295,7502.88461538,17490445.6147,56383.5872093,0.884617159054,1.0,220081.769035,0.257751386038,0.291908201067,0.00309356147721,0.155315502103,0.216103772459,1.0,1.0,0.885066105769,223.347902098,0.818181818182,220304.995964,110440708.46,55836068264.8,29.4230769231,-2.22902097902,53202.2727273,1.74695476668e-06,Class 4
0.408015061861,10231.2062937,17462752.7658,40696.2181916,0.842659762346,1.0,156375.396583,0.421608242498,0.467597180945,0.00285516351154,0.189021031799,0.353486902788,1.0,1.0,0.843271962413,163.61013986,0.562937062937,156646.023608,77279450.4895,38746692960.2,40.1223776224,-4.01223776224,36604.9825175,2.38221104548e-06,Class 4
0.627830211746,4774.56293706,3616966.70786,12277.0714204,0.926574555761,1.0,43824.8025568,0.292393623663,0.314461056015,0.00335946690046,0.113964768155,0.500208520238,1.0,1.0,0.926860249126,47.701048951,0.776223776224,43879.0163963,21160516.5856,10481260721.7,18.7237762238,0.445804195804,9776.48601399,1.11169848789e-06,Class 4
0.563474986552,5684.0034965,18846859.2465,49335.6388101,0.912588756859,1.0,193679.325256,0.33082888363,0.356378293878,0.0032677753752,0.128772772178,0.495783243904,1.0,1.0,0.912928868007,195.708041958,0.723776223776,193932.083485,97454515.3969,49331473131.4,22.2902097902,-2.22902097902,47063.548951,1.32345058082e-06,Class 4
0.653748349553,5229.28321678,18334802.9293,54337.4086418,0.91958165631,1.0,212344.227721,0.278144820203,0.302320504606,0.00331323908981,0.121512529349,0.43470411291,1.0,1.0,0.919894558566,213.54020979,0.797202797203,212575.057699,107078233.166,54269059476.9,20.506993007,-0.445804195804,51838.1118881,1.21757453435e-06,Class 4
0.394029047875,8412.32517483,16323591.0677,36376.5078824,0.870631360151,1.0,136401.27411,0.426040423802,0.464964340867,0.00301103910448,0.167285259642,0.440656651372,1.0,1.0,0.87113472465,142.211538462,0.493006993007,136639.000006,67539811.0203,33897814796.3,32.9895104895,0.445804195804,32057.7797203,1.95870685961e-06,Class 4
0.564086263387,9549.12587413,17831808.6889,52291.2300743,0.853149111523,1.0,200259.227125,0.330796783932,0.374931648636,0.00291218417881,0.181192649131,0.238832496518,1.0,1.0,0.853720498252,205.961538462,0.734265734266,200525.20712,99831411.129,50292364902.1,37.4475524476,-0.891608391608,47745.6293706,2.22339697578e-06,Class 4
0.550369211208,10231.2062937,17742944.3593,52063.8769001,0.842659762346,1.0,198208.916059,0.337936984846,0.385284970557,0.00285516351154,0.189021031799,0.215983696317,1.0,1.0,0.843271962413,204.624125874,0.723776223776,198479.007655,98613945.5384,49627118759.4,40.1223776224,-0.445804195804,47063.548951,2.38221104548e-06,Class 4
0.436720622035,14096.3286713,17192667.9485,47516.8134167,0.78322011701,1.0,175678.934616,0.39975797223,0.465016223038,0.00256452047887,0.227051904263,0.161796256674,1.0,1.0,0.784063592657,186.346153846,0.622377622378,175970.924995,86149453.4104,43019018669.9,55.2797202797,0.0,40470.1048951,3.28215744043e-06,Class 4
0.314489706098,16824.6503497,10427183.0208,29101.206309,0.741262720302,1.0,98462.6529422,0.467761583996,0.545609418126,0.00239259886901,0.24830187307,0.171102856273,1.0,1.0,0.742269449301,113.234265734,0.426573426573,98670.7621895,46031294.88,22381678430.8,65.979020979,0.891608391608,20462.4125874,3.91741371923e-06,Class 4
0.772018191599,2728.32167832,18001828.3025,58202.4126027,0.958042603292,1.0,229906.664565,0.199162372564,0.211793001752,0.00357694773693,0.0756183787047,0.547331879483,1.0,1.0,0.958205856643,228.251748252,0.874125874126,230081.328732,116644000.742,59310136285.5,10.6993006993,0.0,56840.034965,6.35256278794e-07,Class 4
0.879871876375,3865.12237762,16739212.3982,62749.4760861,0.940560354664,1.0,247488.789558,0.107912339202,0.125761042637,0.00345421480989,0.0979010157022,0.0131137075458,1.0,1.0,0.940791630245,246.52972028,0.937062937063,247587.488315,125282138.949,63641605613.9,15.1573426573,-0.445804195804,60932.5174825,8.99946394958e-07,Class 4
0.572521883711,4547.2027972,19106084.8292,49790.3451584,0.930071005487,1.0,193460.669289,0.321902406513,0.34280134984,0.0033828673418,0.110075420342,0.5650042796,1.0,1.0,0.930343094406,194.370629371,0.727272727273,193704.76514,97628451.2321,49494092720.0,17.8321678322,0.891608391608,47290.9090909,1.05876046466e-06,Class 4
0.892513081324,3183.04195804,16805135.5312,62749.4760861,0.951049703841,1.0,248630.434058,0.102813344969,0.117331404764,0.00352728149408,0.0848676611123,0.0709401951044,1.0,1.0,0.951240166084,246.975524476,0.944055944056,248724.275083,126035811.169,64070320761.0,12.4825174825,-0.891608391608,61387.2377622,7.41132325259e-07,Class 4
0.879480659201,3183.04195804,16915984.8487,62522.1229119,0.951049703841,1.0,246798.840035,0.116526322414,0.131262056467,0.00352728149408,0.0848676611123,0.146023030925,1.0,1.0,0.951240166084,245.192307692,0.937062937063,246905.44969,125108224.427,63597258769.7,12.4825174825,0.0,60932.5174825,7.41132325259e-07,Class 4
0.409090909091,6593.44405594,15363138.8874,33420.9166182,0.898602957956,1.0,125516.044707,0.412943759161,0.443231726422,0.00317914023412,0.142511646293,0.527313977585,1.0,1.0,0.898997486888,129.729020979,0.458041958042,125726.103372,62438105.2574,31414246588.8,25.8566433566,1.33741258741,29784.1783217,1.53520267375e-06,Class 4
0.443982590836,5911.36363636,18149805.4909,40014.1586691,0.909092307133,1.0,153903.580568,0.393104687713,0.420471050955,0.00324533005391,0.132301776067,0.546898245039,1.0,1.0,0.909446022727,156.923076923,0.56993006993,154145.27104,77105578.5963,38938891604.9,23.1818181818,0.0,37059.7027972,1.37638860405e-06,Class 4
0.817472737053,3183.04195804,17460475.817,59793.8848219,0.951049703841,1.0,237659.351661,0.168640616564,0.182496420386,0.00352728149408,0.0848676611123,0.425246386823,1.0,1.0,0.951240166084,236.276223776,0.902097902098,237811.322723,120470290.721,61231948813.4,12.4825174825,-1.78321678322,58658.9160839,7.41132325259e-07,Class 4
0.798914372341,4547.2027972,17257673.3272,60021.237996,0.930071005487,1.0,236284.799148,0.17963993012,0.200538873447,0.0033828673418,0.110075420342,0.248126194504,1.0,1.0,0.930343094406,236.276223776,0.891608391608,236447.161884,119426739.652,60611049514.9,17.8321678322,-0.891608391608,57976.8356643,1.05876046466e-06,Class 4
0.564404127341,7502.88461538,18360633.3822,50927.1110292,0.884617159054,1.0,197308.406217,0.332822496141,0.367349370401,0.00309356147721,0.155315502103,0.365335990256,1.0,1.0,0.885066105769,201.057692308,0.730769230769,197569.678547,98845874.1947,49922793373.9,29.4230769231,-1.33741258741,47518.2692308,1.74695476668e-06,Class 4
