0.628858131488,4590.0,18718457.003,53165.871109,0.929412850245,1.0,206308.888087,0.291300445384,0.312121849212,0.00337844795834,0.110813658488,0.522998628788,1.0,1.0,0.9296875,207.0,0.776470588235,206543.531311,104165209.06,52825005511.6,18.0,1.5,50490.0,1.06872526903e-06,Class 1
0.396885813149,7650.0,14191715.18,31746.527359,0.882354750408,1.0,117602.252463,0.422614105695,0.457773504469,0.00308000505177,0.157306046251,0.47807588107,1.0,1.0,0.8828125,123.0,0.458823529412,117806.156311,58129588.8732,29148240657.2,30.0,1.5,27540.0,1.78120878172e-06,Class 1
0.654740484429,6885.0,17867642.7174,56225.777359,0.894119275367,1.0,214723.758384,0.277377648715,0.30810646798,0.00315137183377,0.146712859852,0.314387507586,1.0,1.0,0.89453125,217.5,0.8,214958.203186,107871436.837,54565934063.9,27.0,3.0,52020.0,1.60308790354e-06,Class 1
0.492387543253,6502.5,18789220.4949,45516.105484,0.900001537846,1.0,176066.709159,0.370890377229,0.400918195949,0.00318786621094,0.141181741505,0.484507678273,1.0,1.0,0.900390625,179.25,0.652941176471,176326.898499,88267304.7727,44592849644.7,25.5,-0.75,42457.5,1.51402746446e-06,Class 1
0.628858131488,4590.0,18718457.003,53165.871109,0.929412850245,1.0,206308.888087,0.291300445384,0.312121849212,0.00337844795834,0.110813658488,0.522998628788,1.0,1.0,0.9296875,207.0,0.776470588235,206543.531311,104165209.06,52825005511.6,18.0,1.5,50490.0,1.06872526903e-06,Class 1
0.654740484429,6885.0,17867642.7174,56225.777359,0.894119275367,1.0,214723.758384,0.277377648715,0.30810646798,0.00315137183377,0.146712859852,0.314387507586,1.0,1.0,0.89453125,217.5,0.8,214958.203186,107871436.837,54565934063.9,27.0,3.0,52020.0,1.60308790354e-06,Class 1
0.394878892734,8415.0,12443670.6628,27539.1562653,0.870590225448,1.0,106143.513077,0.425929642894,0.462769563969,0.00301080089952,0.16731931634,0.448472485144,1.0,1.0,0.87109375,112.5,0.494117647059,106331.484436,52082532.8146,26014549756.9,33.0,-4.5,24480.0,1.95932965989e-06,Class 1
0.453910034602,8415.0,18273469.0834,44751.1289215,0.870590225448,1.0,168790.11744,0.395170574494,0.433894833467,0.00301080089952,0.16731931634,0.404391107908,1.0,1.0,0.87109375,174.0,0.617647058824,169059.562561,84073362.6028,42329623020.5,33.0,1.5,40162.5,1.95932965989e-06,Class 1
0.396885813149,7650.0,14191715.18,31746.527359,0.882354750408,1.0,117602.252463,0.422614105695,0.457773504469,0.00308000505177,0.157306046251,0.47807588107,1.0,1.0,0.8828125,123.0,0.458823529412,117806.156311,58129588.8732,29148240657.2,30.0,1.5,27540.0,1.78120878172e-06,Class 1
0.532664359862,8797.5,18196805.6111,50488.4531403,0.864707962969,1.0,192120.507969,0.351223560282,0.391895594041,0.00297700980955,0.172123107047,0.31529879229,1.0,1.0,0.865234375,197.25,0.705882352941,192391.335999,95874853.2558,48323421277.9,34.5,0.75,45900.0,2.04839009897e-06,Class 1
0.364359861592,21037.5,3889266.58559,20654.3672028,0.676475563621,1.0,56100.2952724,0.420400872753,0.516651846942,0.00218116205869,0.27338892395,0.0424655970811,1.0,1.0,0.677734375,75.75,0.541176470588,56225.1328735,23310144.6957,10520153974.9,82.5,5.25,8797.5,4.89832414972e-06,Class 1
0.446297577855,12622.5,4906024.9135,18359.4375153,0.805885338172,1.0,58411.7020668,0.39769208685,0.45577847531,0.00266883506907,0.213733170105,0.213895626224,1.0,1.0,0.806640625,69.75,0.629411764706,58520.3203735,26626365.9044,12758535967.1,49.5,2.25,11475.0,2.93899448983e-06,Class 1
0.514186851211,5355.0,19054799.8612,46663.5703278,0.917648325285,1.0,179516.897278,0.355687652269,0.380112152865,0.00330059328706,0.123547569362,0.547277656803,1.0,1.0,0.91796875,181.5,0.670588235294,179769.328186,90315511.5899,45712028449.4,21.0,1.5,43605.0,1.2468461472e-06,Class 1
0.324567474048,19890.0,15066268.0268,40543.7578278,0.69412235106,1.0,145056.758209,0.452850099072,0.54453644725,0.00223225418672,0.267423917077,0.0888977068807,1.0,1.0,0.6953125,162.0,0.482352941176,145344.937561,69053143.4187,33923335286.0,78.0,-3.0,31365.0,4.63114283246e-06,Class 1
0.441730103806,11092.5,17755347.48,47046.058609,0.829414388091,1.0,171453.69031,0.403029460384,0.452201915151,0.00278561707599,0.198393410652,0.294168842997,1.0,1.0,0.830078125,179.25,0.617647058824,171736.898499,84756062.3508,42503706122.7,43.5,5.25,40162.5,2.58275273349e-06,Class 1
0.598961937716,4972.5,18828797.2115,51635.917984,0.923530587765,1.0,200563.077679,0.30919197059,0.332113557635,0.00333925029398,0.117287103683,0.511388646578,1.0,1.0,0.923828125,201.75,0.752941176471,200806.195374,101141681.031,51258160061.4,19.5,0.75,48960.0,1.15778570812e-06,Class 1
0.396885813149,7650.0,14191715.18,31746.527359,0.882354750408,1.0,117602.252463,0.422614105695,0.457773504469,0.00308000505177,0.157306046251,0.47807588107,1.0,1.0,0.8828125,123.0,0.458823529412,117806.156311,58129588.8732,29148240657.2,30.0,1.5,27540.0,1.78120878172e-06,Class 1
0.514186851211,5355.0,19054799.8612,46663.5703278,0.917648325285,1.0,179516.897278,0.355687652269,0.380112152865,0.00330059328706,0.123547569362,0.547277656803,1.0,1.0,0.91796875,181.5,0.670588235294,179769.328186,90315511.5899,45712028449.4,21.0,1.5,43605.0,1.2468461472e-06,Class 1
0.577577854671,5355.0,18856525.317,51253.4297028,0.917648325285,1.0,196349.872256,0.322262117647,0.345572469958,0.00330059328706,0.123547569362,0.515548105484,1.0,1.0,0.91796875,198.0,0.735294117647,196598.812561,98898417.1428,50089243227.5,21.0,3.0,47812.5,1.2468461472e-06,Class 1
0.630657439446,4207.5,18813499.0296,53548.3593903,0.935295112724,1.0,205929.020714,0.289167156154,0.305633249546,0.00341818628014,0.104110907827,0.580907449928,1.0,1.0,0.935546875,206.25,0.776470588235,206161.054749,104067680.525,52800136497.0,16.5,3.75,50490.0,9.79664829944e-07,Class 1
0.538200692042,4972.5,19110621.4117,48958.5000153,0.923530587765,1.0,185257.048768,0.342126214813,0.360066801965,0.00333925029398,0.117287103683,0.591256884953,1.0,1.0,0.923828125,186.75,0.694117647059,185506.664124,93339039.6192,47278873899.6,19.5,5.25,45135.0,1.15778570812e-06,Class 1
0.671903114187,6502.5,17829727.4483,56608.2656403,0.900001537846,1.0,217408.271004,0.266552953892,0.295976162029,0.00318786621094,0.141181741505,0.314924165298,1.0,1.0,0.900390625,219.75,0.811764705882,217635.632874,109334436.584,55336922281.7,25.5,2.25,52785.0,1.51402746446e-06,Class 1
0.72678200692,4590.0,17883087.5466,57373.2422028,0.929412850245,1.0,224701.591678,0.23162441365,0.252873589815,0.00337844795834,0.110813658488,0.392473806054,1.0,1.0,0.9296875,225.0,0.847058823529,224902.968811,113528378.754,57600148905.8,18.0,0.0,55080.0,1.06872526903e-06,Class 1
0.549342560554,7650.0,18403968.7092,51253.4297028,0.882354750408,1.0,194039.441984,0.34176113236,0.376147632741,0.00308000505177,0.157306046251,0.379185711776,1.0,1.0,0.8828125,198.0,0.717647058824,194303.812561,97142795.9319,49044671466.5,30.0,3.0,46665.0,1.78120878172e-06,Class 1
0.464844290657,4972.5,18607428.3447,42073.7109528,0.923530587765,1.0,159258.453672,0.378588616411,0.399087681292,0.00333925029398,0.117287103683,0.609195650328,1.0,1.0,0.923828125,161.25,0.594117647059,159497.460999,80074549.2192,40514087424.4,19.5,3.75,38632.5,1.15778570812e-06,Class 1
0.528235294118,11092.5,17650196.8357,52018.4062653,0.829414388091,1.0,194410.179994,0.349990705765,0.400945756569,0.00278561707599,0.198393410652,0.202046286097,1.0,1.0,0.830078125,201.75,0.705882352941,194686.195374,96460024.4684,48472635365.4,43.5,2.25,45900.0,2.58275273349e-06,Class 1
0.395916955017,10327.5,17140983.1019,39396.292984,0.84117891305,1.0,150816.703645,0.428087858266,0.474708931049,0.00284725202409,0.190096715556,0.356016431699,1.0,1.0,0.841796875,158.25,0.541176470588,151082.554749,74417571.4447,37280896083.1,40.5,-3.75,35190.0,2.40463185532e-06,Class 1
0.511418685121,3825.0,19312225.1395,45133.6172028,0.941177375204,1.0,173412.234742,0.348975635692,0.364581223667,0.00345846525938,0.0971595259374,0.665915447264,1.0,1.0,0.94140625,174.0,0.652941176471,173649.562561,87584605.0247,44418766542.5,15.0,3.0,42457.5,8.90604390858e-07,Class 1
0.518131487889,6502.5,18800549.1981,48193.5234528,0.900001537846,1.0,183715.64952,0.357400555471,0.386823763608,0.00318786621094,0.141181741505,0.473428305036,1.0,1.0,0.900390625,186.75,0.682352941176,183976.664124,92168625.4785,46582492725.6,25.5,2.25,44370.0,1.51402746446e-06,Class 1
0.473702422145,13387.5,3556658.40129,16064.5078278,0.794120813213,1.0,48485.7293543,0.378245743027,0.439893645448,0.00261368801025,0.220816919619,0.157368023392,1.0,1.0,0.794921875,60.75,0.658823529412,48575.6016235,21359573.9871,10022773683.0,52.5,2.25,8797.5,3.117115368e-06,Class 1
0.65875432526,2677.5,19041248.3559,53548.3593903,0.958824162643,1.0,209006.890422,0.265559686646,0.27625837057,0.00358254614173,0.0745532402139,0.691051879642,1.0,1.0,0.958984375,207.75,0.794117647059,209221.007874,106018358.807,53894446287.2,10.5,2.25,51637.5,6.234230736e-07,Class 1
0.528581314879,10710.0,17743070.1311,51253.4297028,0.835296650571,1.0,194028.151481,0.350710842664,0.400292253715,0.00281616422132,0.194299687378,0.214733629161,1.0,1.0,0.8359375,201.0,0.705882352941,194303.718811,96362495.933,48447766350.8,42.0,0.0,45900.0,2.4936922944e-06,Class 1
0.415847750865,14917.5,4824563.01751,19506.902359,0.770591763295,1.0,59168.1224788,0.410811985303,0.479050744318,0.00250988178187,0.233895630761,0.156980949987,1.0,1.0,0.771484375,72.75,0.6,59285.2266235,26431272.9759,12509821438.5,58.5,3.75,11092.5,3.47335712435e-06,Class 1
0.670934256055,3442.5,18708119.2239,54695.824234,0.947059637683,1.0,212829.170637,0.263131450281,0.277766222743,0.00349928489606,0.0899362824013,0.603437036492,1.0,1.0,0.947265625,212.25,0.805882352941,213045.867249,107773944.16,54740041548.7,13.5,2.25,52402.5,8.01543951772e-07,Class 1
0.571764705882,10710.0,17489771.6654,53548.3593903,0.835296650571,1.0,203219.607473,0.32201931382,0.371600724871,0.00281616422132,0.194299687378,0.163854819828,1.0,1.0,0.8359375,210.0,0.741176470588,203483.437561,101044080.78,50835338048.0,42.0,0.0,48195.0,2.4936922944e-06,Class 1
0.579861591696,9945.0,17627876.3606,53930.8476715,0.84706117553,1.0,203986.863758,0.319331208013,0.365174382102,0.00287888048429,0.185781239561,0.199018758367,1.0,1.0,0.84765625,210.0,0.747058823529,204248.437561,101629287.85,51183528635.0,39.0,1.5,48577.5,2.31557141623e-06,Class 1
0.512802768166,7650.0,18541893.7523,48958.5000153,0.882354750408,1.0,184856.155571,0.362401804655,0.396788305036,0.00308000505177,0.157306046251,0.410110668277,1.0,1.0,0.8828125,189.0,0.682352941176,185124.093811,92461211.0848,46657099769.4,30.0,3.0,44370.0,1.78120878172e-06,Class 1
0.460207612457,9945.0,18051915.6577,46663.5703278,0.84706117553,1.0,174900.090897,0.392649140981,0.438492315071,0.00287888048429,0.185781239561,0.321414244774,1.0,1.0,0.84765625,181.5,0.635294117647,175179.328186,86804269.168,43622884927.4,39.0,1.5,41310.0,2.31557141623e-06,Class 1
0.364359861592,21037.5,3889266.58559,20654.3672028,0.676475563621,1.0,56100.2952724,0.420400872753,0.516651846942,0.00218116205869,0.27338892395,0.0424655970811,1.0,1.0,0.677734375,75.75,0.541176470588,56225.1328735,23310144.6957,10520153974.9,82.5,5.25,8797.5,4.89832414972e-06,Class 1
0.476816608997,11475.0,17739941.0897,48958.5000153,0.823532125611,1.0,182544.555225,0.381351973977,0.434304476445,0.0027556105881,0.202380905869,0.234099533846,1.0,1.0,0.82421875,190.5,0.658823529412,182829.046936,90315439.8745,45314075450.5,45.0,1.5,42840.0,2.67181317257e-06,Class 1
0.436885813149,14917.5,4015065.71305,17594.4609528,0.770591763295,1.0,53061.652541,0.397022794267,0.465787555401,0.00250988178187,0.233895630761,0.135923979106,1.0,1.0,0.771484375,66.75,0.623529411765,53165.4141235,23310216.4112,10918106973.8,58.5,2.25,9562.5,3.47335712435e-06,Class 1
0.443044982699,14535.0,3996097.78644,17594.4609528,0.776474025774,1.0,52681.027796,0.394423385493,0.46117361972,0.00253502235281,0.230757535551,0.144938505428,1.0,1.0,0.77734375,66.0,0.629411764706,52782.937561,23212687.8757,10893237959.2,57.0,3.0,9562.5,3.38429668526e-06,Class 1
0.296678200692,19890.0,13571197.8768,35571.4101715,0.69412235106,1.0,126718.865965,0.471104121002,0.562297601599,0.00223225418672,0.267423917077,0.108156515515,1.0,1.0,0.6953125,144.0,0.411764705882,126985.500061,59689973.7246,29148191891.8,78.0,-4.5,26775.0,4.63114283246e-06,Class 1
0.420276816609,15300.0,4434421.28669,18741.9257965,0.764709500815,1.0,56495.499391,0.406616830613,0.476935628161,0.00248528186838,0.236948712831,0.138947776863,1.0,1.0,0.765625,70.5,0.605882352941,56607.796936,24968273.2289,11738833220.7,60.0,3.0,10327.5,3.56241756343e-06,Class 1
0.446297577855,12622.5,4906024.9135,18359.4375153,0.805885338172,1.0,58411.7020668,0.39769208685,0.45577847531,0.00266883506907,0.213733170105,0.213895626224,1.0,1.0,0.806640625,69.75,0.629411764706,58520.3203735,26626365.9044,12758535967.1,49.5,2.25,11475.0,2.93899448983e-06,Class 1
0.623183391003,6502.5,18223665.7065,53930.8476715,0.900001537846,1.0,208211.789461,0.297507769778,0.327535588499,0.00318786621094,0.141181741505,0.369159075301,1.0,1.0,0.900390625,210.75,0.776470588235,208455.914124,104652851.737,52949350584.5,25.5,0.75,50490.0,1.51402746446e-06,Class 1
0.793287197232,5355.0,17095666.4925,60815.636734,0.917648325285,1.0,236214.335792,0.180059735717,0.204484236312,0.00330059328706,0.123547569362,0.162459203847,1.0,1.0,0.91796875,237.0,0.888235294118,236377.593811,119185284.813,60435387248.3,21.0,1.5,57757.5,1.2468461472e-06,Class 1
0.595501730104,10710.0,17327489.2816,55460.8007965,0.835296650571,1.0,207818.107702,0.305344444401,0.354193445592,0.00281616422132,0.194299687378,0.140886369855,1.0,1.0,0.8359375,214.5,0.758823529412,208073.296936,103384873.204,52029123896.5,42.0,3.0,49342.5,2.4936922944e-06,Class 1
0.575432525952,8032.5,18151685.5487,52783.3828278,0.876472487928,1.0,200545.500198,0.326136956069,0.362773706962,0.00304513264692,0.162382102656,0.324170595344,1.0,1.0,0.876953125,204.75,0.741176470588,200806.101624,100361381.032,50661254945.8,31.5,2.25,48195.0,1.8702692208e-06,Class 1
0.708581314879,4972.5,17937170.5078,57373.2422028,0.923530587765,1.0,222015.424055,0.243698466271,0.26582607605,0.00333925029398,0.117287103683,0.4043269713,1.0,1.0,0.923828125,222.75,0.835294117647,222225.539124,112065379.007,56829160688.0,19.5,2.25,54315.0,1.15778570812e-06,Class 1
0.535155709343,8032.5,18375803.6044,49340.9882965,0.876472487928,1.0,191358.579771,0.349990705765,0.386627456659,0.00304513264692,0.162382102656,0.364227970173,1.0,1.0,0.876953125,195.75,0.705882352941,191626.382874,95679796.185,48273683248.7,31.5,-2.25,45900.0,1.8702692208e-06,Class 2
0.492941176471,13005.0,17350939.3675,50105.964859,0.800003075693,1.0,188664.614157,0.366818686028,0.42687432347,0.00264099121094,0.217322011274,0.1518644792,1.0,1.0,0.80078125,198.0,0.676470588235,188948.812561,93046346.4397,46607337357.5,51.0,-1.5,43987.5,3.02805492892e-06,Class 2
0.373010380623,9945.0,15316764.6045,34423.9453278,0.84706117553,1.0,129045.23023,0.439492534303,0.485335708392,0.00287888048429,0.185781239561,0.382226534355,1.0,1.0,0.84765625,136.5,0.458823529412,129280.734436,63396344.9328,31685026441.9,39.0,-1.5,29835.0,2.31557141623e-06,Class 2
0.467197231834,9562.5,18133702.3945,45516.105484,0.852943438009,1.0,176049.106997,0.388949635967,0.431932761443,0.00291104960194,0.181349741726,0.34280686295,1.0,1.0,0.853515625,182.25,0.641176470588,176326.804749,87487004.7738,43995944529.0,37.5,-3.75,41692.5,2.22651097714e-06,Class 2
0.576124567474,5737.5,18759737.3586,49723.4765778,0.911766062806,1.0,196729.896205,0.324162108711,0.348553396147,0.00326247693758,0.129609026659,0.494582736193,1.0,1.0,0.912109375,198.75,0.735294117647,196981.289124,98995945.6783,50114112242.1,22.5,-3.75,47812.5,1.33590658629e-06,Class 2
0.526851211073,4207.5,19301445.6146,45516.105484,0.935295112724,1.0,179909.123762,0.343698986421,0.362118946958,0.00341818628014,0.104110907827,0.625403781023,1.0,1.0,0.935546875,180.75,0.676470588235,180151.851624,90803190.1248,46035350021.8,16.5,-2.25,43987.5,9.79664829944e-07,Class 2
0.529965397924,5355.0,19045731.4119,46663.5703278,0.917648325285,1.0,184106.465943,0.347654462568,0.370964814878,0.00330059328706,0.123547569362,0.547034158224,1.0,1.0,0.91796875,186.0,0.688235294118,184359.187561,92656304.0134,46905814298.0,21.0,-3.0,44752.5,1.2468461472e-06,Class 2
0.735916955017,4590.0,17802209.2975,57373.2422028,0.929412850245,1.0,226235.686498,0.225567751633,0.246389155462,0.00337844795834,0.110813658488,0.392806402245,1.0,1.0,0.9296875,226.5,0.852941176471,226432.921936,114308642.895,57998077522.0,18.0,-1.5,55462.5,1.06872526903e-06,Class 2
0.365882352941,11857.5,16094806.1703,37101.3632965,0.817649863132,1.0,140112.262015,0.444615859847,0.498474941242,0.00272614475765,0.206264981707,0.309621840323,1.0,1.0,0.818359375,149.25,0.494117647059,140372.835999,68565572.457,34196943212.0,46.5,-3.75,32130.0,2.76087361166e-06,Class 2
0.341730103806,16065.0,8224843.83496,25244.2265778,0.752944975856,1.0,83208.4471625,0.453226286135,0.527476705579,0.00243770401371,0.24280570778,0.174694679693,1.0,1.0,0.75390625,97.5,0.494117647059,83381.953186,38427820.6998,18553357725.1,63.0,1.5,16830.0,3.7405384416e-06,Class 2
0.45875432526,6502.5,18512085.6375,42073.7109528,0.900001537846,1.0,163832.968678,0.38816441535,0.417587623487,0.00318786621094,0.141181741505,0.510424840602,1.0,1.0,0.900390625,167.25,0.605882352941,164087.273499,82025191.6433,41409420715.2,25.5,-2.25,39397.5,1.51402746446e-06,Class 2
0.645051903114,8032.5,17639621.0564,55460.8007965,0.876472487928,1.0,214337.27181,0.280993295286,0.318118505007,0.00304513264692,0.162382102656,0.226414069999,1.0,1.0,0.876953125,218.25,0.794117647059,214575.679749,107383758.303,54242612491.5,31.5,-0.75,51637.5,1.8702692208e-06,Class 2
0.436678200692,7650.0,18069598.5541,40543.7578278,0.882354750408,1.0,158856.632095,0.402951491029,0.436031785459,0.00308000505177,0.157306046251,0.46761660228,1.0,1.0,0.8828125,163.5,0.582352941176,159114.890686,79196720.6849,39892313294.2,30.0,-4.5,37867.5,1.78120878172e-06,Class 2
0.377508650519,9562.5,15501286.0392,35188.9218903,0.852943438009,1.0,130192.986333,0.436619861528,0.480837871436,0.00291104960194,0.181349741726,0.396136357119,1.0,1.0,0.853515625,137.25,0.464705882353,130428.210999,64079080.5385,32058086043.5,37.5,0.75,30217.5,2.22651097714e-06,Class 2
0.4476816609,9562.5,18063135.7984,44751.1289215,0.852943438009,1.0,169930.98915,0.399532590365,0.443750600272,0.00291104960194,0.181349741726,0.348343465336,1.0,1.0,0.853515625,176.25,0.617647058824,170206.992249,84365948.2091,42404230064.3,37.5,-0.75,40162.5,2.22651097714e-06,Class 2
0.404221453287,9945.0,17372503.3151,40161.2695465,0.84706117553,1.0,153493.407416,0.42332053607,0.468571233862,0.00287888048429,0.185781239561,0.366176491645,1.0,1.0,0.84765625,160.5,0.552941176471,153759.984436,75880571.1916,38051884300.8,39.0,-3.0,35955.0,2.31557141623e-06,Class 2
0.515570934256,3825.0,19341856.9361,44368.6406403,0.941177375204,1.0,174941.632353,0.346848933537,0.364042183727,0.00345846525938,0.0971595259374,0.653837896114,1.0,1.0,0.94140625,175.5,0.658823529412,175179.515686,88364869.1658,44816695158.7,15.0,-1.5,42840.0,8.90604390858e-07,Class 2
0.47321799308,10710.0,17910295.9183,47428.5468903,0.835296650571,1.0,180251.650193,0.384663697662,0.434062476555,0.00281616422132,0.194299687378,0.273161583998,1.0,1.0,0.8359375,187.5,0.652941176471,180534.140686,89340118.6624,44866408805.2,42.0,-1.5,42457.5,2.4936922944e-06,Class 2
0.486435986159,4972.5,18947222.7677,42073.7109528,0.923530587765,1.0,168431.857404,0.368249933089,0.386190520241,0.00333925029398,0.117287103683,0.613237543807,1.0,1.0,0.923828125,170.25,0.629411764706,168677.179749,84756134.0663,42901659121.5,19.5,-5.25,40927.5,1.15778570812e-06,Class 2
0.42,9562.5,17722933.3289,41308.7343903,0.852943438009,1.0,159227.725636,0.414700362804,0.45768348828,0.00291104960194,0.181349741726,0.376392214592,1.0,1.0,0.853515625,165.75,0.576470588235,159497.320374,78904099.2209,39618729751.0,37.5,-3.75,37485.0,2.22651097714e-06,Class 2
0.513010380623,2677.5,19457068.8949,42456.199234,0.958824162643,1.0,169218.782468,0.339011053225,0.349709737149,0.00358254614173,0.0745532402139,0.748123566872,1.0,1.0,0.958984375,168.75,0.641176470588,169442.226624,85731491.136,43548302266.3,10.5,-2.25,41692.5,6.234230736e-07,Class 2
0.502906574394,3825.0,19253715.2261,43221.1757965,0.941177375204,1.0,170353.669597,0.353004408105,0.370197658295,0.00345846525938,0.0971595259374,0.659179441809,1.0,1.0,0.94140625,171.0,0.641176470588,170589.656311,86024076.7423,43622909310.1,15.0,-1.5,41692.5,8.90604390858e-07,Class 2
0.465190311419,3060.0,17992687.0176,36718.8750153,0.952941900163,1.0,145137.867023,0.364718207423,0.3782388316,0.00354064519018,0.0824127316616,0.726774869652,1.0,1.0,0.953125,145.5,0.547058823529,145345.453186,73344793.4127,37206313422.0,12.0,-1.5,35572.5,7.12483512686e-07,Class 2
0.462975778547,7650.0,18442305.0878,43603.6640778,0.882354750408,1.0,169559.279003,0.389184571986,0.423571072367,0.00308000505177,0.157306046251,0.445329908974,1.0,1.0,0.8828125,174.0,0.623529411765,169824.562561,84658569.6731,42677813607.5,30.0,-3.0,40545.0,1.78120878172e-06,Class 2
0.340692041522,14917.5,15445609.8696,37101.3632965,0.770591763295,1.0,138572.495523,0.456405942437,0.523852176103,0.00250988178187,0.233895630761,0.216911289014,1.0,1.0,0.771484375,150.75,0.476470588235,138842.789124,67005008.3169,33202109480.1,58.5,-5.25,30982.5,3.47335712435e-06,Class 2
0.457993079585,5355.0,18487715.0572,40543.7578278,0.917648325285,1.0,158108.80053,0.383717615426,0.408142116022,0.00330059328706,0.123547569362,0.57707439365,1.0,1.0,0.91796875,160.5,0.588235294118,158349.984436,79391813.6135,40141027822.8,21.0,-1.5,38250.0,1.2468461472e-06,Class 2
0.556262975779,7650.0,18363913.8682,49723.4765778,0.882354750408,1.0,195570.434489,0.337944508128,0.371024802558,0.00308000505177,0.157306046251,0.383053336654,1.0,1.0,0.8828125,199.5,0.723529411765,195833.765686,97923060.0731,49442600082.7,30.0,-4.5,47047.5,1.78120878172e-06,Class 2
0.497647058824,6502.5,18791677.426,45133.6172028,0.900001537846,1.0,177596.307465,0.368365460625,0.396561958416,0.00318786621094,0.141181741505,0.495663326974,1.0,1.0,0.900390625,180.75,0.658823529412,177856.851624,89047568.9138,44990778260.8,25.5,-3.75,42840.0,1.51402746446e-06,Class 2
0.398408304498,9562.5,17138623.7221,39013.8047028,0.852943438009,1.0,148528.187325,0.42591639227,0.469724558038,0.00291104960194,0.181349741726,0.385799039694,1.0,1.0,0.853515625,155.25,0.535294117647,148787.648499,73442250.2326,36833229437.7,37.5,-2.25,34807.5,2.22651097714e-06,Class 2
0.466297577855,6120.0,18602136.2519,41308.7343903,0.905883800326,1.0,164982.453119,0.383473114164,0.406458436544,0.00322490124554,0.135483564135,0.552335846917,1.0,1.0,0.90625,168.0,0.611764705882,165234.750061,82707927.249,41782480316.8,24.0,-6.0,39780.0,1.42496702537e-06,Class 2
0.630519031142,2677.5,19264199.6526,50488.4531403,0.958824162643,1.0,202880.986098,0.280784066571,0.288118059382,0.00358254614173,0.0745532402139,0.731625541313,1.0,1.0,0.958984375,201.75,0.770588235294,203101.195374,102897302.242,52302731822.4,10.5,-3.75,50107.5,6.234230736e-07,Class 2
0.613079584775,4972.5,18727929.5346,51635.917984,0.923530587765,1.0,203625.755817,0.301385856601,0.323513466379,0.00333925029398,0.117287103683,0.511081172261,1.0,1.0,0.923828125,204.75,0.764705882353,203866.101624,102702209.313,52054017293.8,19.5,-2.25,49725.0,1.15778570812e-06,Class 2
0.390519031142,9945.0,16884145.7443,38631.3164215,0.84706117553,1.0,145851.768397,0.430419712197,0.476262886286,0.00287888048429,0.185781239561,0.371697424186,1.0,1.0,0.84765625,153.0,0.523529411765,146110.218811,71979250.4857,36062241219.9,39.0,-1.5,34042.5,2.31557141623e-06,Class 2
0.662214532872,8032.5,17502405.6382,55843.2890778,0.876472487928,1.0,217404.513506,0.268993051717,0.30562980261,0.00304513264692,0.162382102656,0.206615819148,1.0,1.0,0.876953125,221.25,0.805882352941,217635.585999,108944286.585,55038469723.8,31.5,-2.25,52402.5,1.8702692208e-06,Class 2
0.456955017301,8032.5,18323216.981,42838.6875153,0.876472487928,1.0,168410.04926,0.39337010163,0.427517904041,0.00304513264692,0.162382102656,0.439182139298,1.0,1.0,0.876953125,173.25,0.617647058824,168677.085999,83975834.0674,42304754005.9,31.5,-5.25,40162.5,1.8702692208e-06,Class 2
0.58339100346,7650.0,18200927.9357,52018.4062653,0.882354750408,1.0,201695.840489,0.321487670184,0.356647068958,0.00308000505177,0.157306046251,0.336699762297,1.0,1.0,0.8828125,205.5,0.747058823529,201953.578186,101044116.638,51034314547.4,30.0,-1.5,48577.5,1.78120878172e-06,Class 2
0.447197231834,3825.0,16887714.8211,35188.9218903,0.941177375204,1.0,135198.029062,0.379331191572,0.396524441763,0.00345846525938,0.0971595259374,0.678703238587,1.0,1.0,0.94140625,136.5,0.505882352941,135400.734436,68078001.4953,34470551137.9,15.0,1.5,32895.0,8.90604390858e-07,Class 2
0.33598615917,14152.5,14814027.537,35953.8984528,0.782356288254,1.0,130172.137502,0.459565606219,0.525049372575,0.00256070358118,0.22753285056,0.240117173761,1.0,1.0,0.783203125,141.75,0.447058823529,130428.070374,62908630.5402,31162728370.0,55.5,-0.75,29070.0,3.29523624617e-06,Class 2
0.427266435986,8415.0,17902807.5143,41308.7343903,0.870590225448,1.0,158087.587676,0.409143306009,0.447867564983,0.00301080089952,0.16731931634,0.42213891952,1.0,1.0,0.87109375,163.5,0.576470588235,158349.890686,78611513.6146,39544122707.2,33.0,-1.5,37485.0,1.95932965989e-06,Class 2
0.36491349481,14152.5,16404062.3627,41691.2226715,0.782356288254,1.0,150036.827787,0.443207202865,0.508414451181,0.00256070358118,0.22753285056,0.221192164635,1.0,1.0,0.783203125,161.25,0.523529411765,150317.460999,73052064.3755,36335800380.4,55.5,2.25,34042.5,3.29523624617e-06,Class 2
0.55660899654,11092.5,17491236.6538,52783.3828278,0.829414388091,1.0,200537.573695,0.330969729833,0.382277850738,0.00278561707599,0.198393410652,0.165008068791,1.0,1.0,0.830078125,207.75,0.729411764706,200806.007874,99581081.0331,50064349830.2,43.5,-0.75,47430.0,2.58275273349e-06,Class 2
0.42124567474,7650.0,17662235.3677,39396.292984,0.882354750408,1.0,151214.023222,0.410489229237,0.445648628011,0.00308000505177,0.157306046251,0.465443119029,1.0,1.0,0.8828125,156.0,0.552941176471,151465.125061,75295399.979,37902670213.3,30.0,-1.5,35955.0,1.78120878172e-06,Class 2
0.637716262976,4207.5,18759155.7876,52400.8945465,0.935295112724,1.0,207460.700201,0.285055422363,0.3034753829,0.00341818628014,0.104110907827,0.556567787809,1.0,1.0,0.935546875,207.75,0.782352941176,207691.007874,104847944.666,53198065113.2,16.5,-2.25,50872.5,9.79664829944e-07,Class 2
0.361038062284,11092.5,14925150.7296,33658.9687653,0.829414388091,1.0,127129.992924,0.446973961765,0.497219463666,0.00278561707599,0.198393410652,0.343170723043,1.0,1.0,0.830078125,135.75,0.447058823529,127368.257874,62128402.2567,30963776253.3,43.5,-3.75,29070.0,2.58275273349e-06,Class 2
0.460830449827,8797.5,18257461.4652,44751.1289215,0.864707962969,1.0,172228.982971,0.391941838473,0.432168171699,0.00297700980955,0.172123107047,0.381643828986,1.0,1.0,0.865234375,177.75,0.629411764706,172501.945374,85731419.4206,43150349267.5,34.5,-2.25,40927.5,2.04839009897e-06,Class 2
0.386643598616,10327.5,16691975.5187,37101.3632965,0.84117891305,1.0,144703.686165,0.433500423121,0.477404740506,0.00284725202409,0.190096715556,0.371719095554,1.0,1.0,0.841796875,152.25,0.517647058824,144962.742249,71296514.88,35689181618.3,40.5,-6.75,33660.0,2.40463185532e-06,Class 2
0.61598615917,6502.5,18277335.2901,52400.8945465,0.900001537846,1.0,206679.704801,0.302134389776,0.330330887566,0.00318786621094,0.141181741505,0.399907848365,1.0,1.0,0.900390625,209.25,0.770588235294,206925.960999,103872587.596,52551421968.4,25.5,-3.75,50107.5,1.51402746446e-06,Class 2
0.435224913495,9562.5,17942519.5449,42838.6875153,0.852943438009,1.0,165343.373686,0.406537972399,0.449521097875,0.00291104960194,0.181349741726,0.366245873687,1.0,1.0,0.853515625,171.75,0.6,165617.132874,82025155.7856,41210444215.7,37.5,-3.75,39015.0,2.22651097714e-06,Class 2
0.58124567474,8797.5,17912878.0826,52400.8945465,0.864707962969,1.0,202840.4471,0.321487670184,0.36171400341,0.00297700980955,0.172123107047,0.268800420333,1.0,1.0,0.865234375,207.75,0.747058823529,203101.007874,101336702.244,51108921591.2,34.5,-2.25,48577.5,2.04839009897e-06,Class 2
0.491418685121,8797.5,18308935.8939,46663.5703278,0.864707962969,1.0,181407.346933,0.375226053605,0.414554083863,0.00297700980955,0.172123107047,0.364532918877,1.0,1.0,0.865234375,186.75,0.664705882353,181681.664124,90413004.2676,45537920964.6,34.5,-3.75,43222.5,2.04839009897e-06,Class 2
0.773910034602,4207.5,17569995.833,58520.7070465,0.935295112724,1.0,231992.596525,0.199507312377,0.217927272915,0.00341818628014,0.104110907827,0.378817958084,1.0,1.0,0.935546875,231.75,0.876470588235,232170.257874,117332170.925,59564922972.1,16.5,-2.25,56992.5,9.79664829944e-07,Class 3
0.676332179931,4207.5,18436808.839,54695.824234,0.935295112724,1.0,215121.424409,0.26265339991,0.282015529397,0.00341818628014,0.104110907827,0.505230915357,1.0,1.0,0.935546875,215.25,0.811764705882,215340.773499,108749265.372,55187708194.1,16.5,-0.75,52785.0,9.79664829944e-07,Class 3
0.512525951557,7650.0,18547091.8865,48193.5234528,0.882354750408,1.0,184856.155571,0.362401804655,0.397817098262,0.00308000505177,0.157306046251,0.398091549503,1.0,1.0,0.8828125,189.0,0.682352941176,185124.093811,92461211.0848,46657099769.4,30.0,0.0,44370.0,1.78120878172e-06,Class 3
0.460415224913,8032.5,18378161.5161,44751.1289215,0.876472487928,1.0,169939.269352,0.391106741982,0.428231951703,0.00304513264692,0.162382102656,0.418284855846,1.0,1.0,0.876953125,174.75,0.623529411765,170207.039124,84756098.2085,42702682622.1,31.5,0.75,40545.0,1.8702692208e-06,Class 3
0.392733564014,10327.5,17056484.4006,39778.7812653,0.84117891305,1.0,149288.35278,0.42955620254,0.477319529321,0.00284725202409,0.190096715556,0.351903329377,1.0,1.0,0.841796875,156.75,0.535294117647,149552.601624,73637307.3035,36882967466.9,40.5,-0.75,34807.5,2.40463185532e-06,Class 3
0.463737024221,10327.5,17985934.3591,47046.058609,0.84117891305,1.0,176810.657779,0.390468962041,0.438232288823,0.00284725202409,0.190096715556,0.297976558327,1.0,1.0,0.841796875,183.75,0.641176470588,177091.757874,87682061.8446,44045682558.2,40.5,0.75,41692.5,2.40463185532e-06,Class 3
0.51785467128,9562.5,18071699.1424,50105.964859,0.852943438009,1.0,189821.214744,0.359405399548,0.403623409455,0.00291104960194,0.181349741726,0.287397134861,1.0,1.0,0.853515625,195.75,0.694117647059,190096.382874,94509382.0443,47577302074.7,37.5,0.75,45135.0,2.22651097714e-06,Class 3
0.515570934256,3825.0,19341856.9361,44368.6406403,0.941177375204,1.0,174941.632353,0.346848933537,0.364042183727,0.00345846525938,0.0971595259374,0.653837896114,1.0,1.0,0.94140625,175.5,0.658823529412,175179.515686,88364869.1658,44816695158.7,15.0,-1.5,42840.0,8.90604390858e-07,Class 3
0.370173010381,11092.5,16007609.2178,38631.3164215,0.829414388091,1.0,137823.903849,0.442379231773,0.49155168654,0.00278561707599,0.198393410652,0.34208180504,1.0,1.0,0.830078125,146.25,0.488235294118,138077.929749,67590251.245,33749276566.6,43.5,5.25,31747.5,2.58275273349e-06,Class 3
0.322560553633,15300.0,11587349.8869,30216.574234,0.764709500815,1.0,105349.460312,0.465731209031,0.536561796246,0.00248528186838,0.236948712831,0.211145339921,1.0,1.0,0.765625,118.5,0.417647058824,105566.296936,49936725.7465,24472548938.7,60.0,0.0,22567.5,3.56241756343e-06,Class 3
0.36062283737,11092.5,12775481.0564,30599.0625153,0.829414388091,1.0,110329.493206,0.446973961765,0.49828208267,0.00278561707599,0.198393410652,0.339870647541,1.0,1.0,0.830078125,119.25,0.447058823529,110538.773499,53545496.7038,26586561475.2,43.5,0.75,24862.5,2.58275273349e-06,Class 3
0.512595155709,6502.5,18809287.0982,47428.5468903,0.900001537846,1.0,182185.66643,0.360274450934,0.390302269655,0.00318786621094,0.141181741505,0.470550780691,1.0,1.0,0.900390625,185.25,0.676470588235,182446.710999,91388361.3374,46184564109.4,25.5,0.75,43987.5,1.51402746446e-06,Class 3
0.4476816609,9562.5,18063135.7984,44751.1289215,0.852943438009,1.0,169930.98915,0.399532590365,0.443750600272,0.00291104960194,0.181349741726,0.348343465336,1.0,1.0,0.853515625,176.25,0.617647058824,170206.992249,84365948.2091,42404230064.3,37.5,-0.75,40162.5,2.22651097714e-06,Class 3
0.363529411765,10710.0,13195145.9857,30981.5507965,0.835296650571,1.0,113003.844457,0.445172266008,0.494753677059,0.00281616422132,0.194299687378,0.353833223199,1.0,1.0,0.8359375,121.5,0.441176470588,113216.203186,55008496.4507,27357549693.0,42.0,0.0,25627.5,2.4936922944e-06,Class 3
0.380138408304,9180.0,14762503.3709,31746.527359,0.858825700489,1.0,123703.020182,0.435190054822,0.47421611472,0.00294375937703,0.17679841111,0.422210313655,1.0,1.0,0.859375,130.5,0.441176470588,123925.921936,60860495.4384,30441502564.1,36.0,-6.0,28687.5,2.13745053806e-06,Class 3
0.368650519031,10327.5,12968454.3647,29834.0859528,0.84117891305,1.0,111096.749871,0.442234173047,0.48961816007,0.00284725202409,0.190096715556,0.368834362297,1.0,1.0,0.841796875,119.25,0.452941176471,111303.773499,54130703.7741,26934752062.2,40.5,-2.25,25245.0,2.40463185532e-06,Class 3
0.423183391003,9562.5,17796884.3338,42456.199234,0.852943438009,1.0,160756.518713,0.412782775853,0.45700078576,0.00291104960194,0.181349741726,0.366363003248,1.0,1.0,0.853515625,167.25,0.582352941176,161027.273499,79684363.362,40016658367.2,37.5,-0.75,37867.5,2.22651097714e-06,Class 3
0.374740484429,9562.5,14403866.4749,33276.480484,0.852943438009,1.0,121027.945704,0.438101811092,0.48190997686,0.00291104960194,0.181349741726,0.398789743212,1.0,1.0,0.853515625,128.25,0.429411764706,121248.492249,59397495.6915,29670514346.4,37.5,2.25,27922.5,2.22651097714e-06,Class 3
0.430034602076,11475.0,17649199.7279,45133.6172028,0.823532125611,1.0,168775.649438,0.408923417986,0.462046358397,0.0027556105881,0.202380905869,0.272232478506,1.0,1.0,0.82421875,177.0,0.605882352941,169059.468811,83293062.6039,41732717904.9,45.0,0.0,39397.5,2.67181317257e-06,Class 3
0.436955017301,9180.0,18019015.2355,43603.6640778,0.858825700489,1.0,164963.095352,0.405071244401,0.44756959673,0.00294375937703,0.17679841111,0.37388757479,1.0,1.0,0.859375,171.0,0.6,165234.656311,81927627.2501,41185575201.1,36.0,0.0,39015.0,2.13745053806e-06,Class 3
0.533771626298,8415.0,18287713.914,50105.964859,0.870590225448,1.0,191739.464276,0.350710842664,0.389667665633,0.00301080089952,0.16731931634,0.334010497055,1.0,1.0,0.87109375,196.5,0.705882352941,192008.859436,95777324.7204,48298552263.3,33.0,0.0,45900.0,1.95932965989e-06,Class 3
0.357024221453,14535.0,16175168.2473,40926.246109,0.776474025774,1.0,147360.826359,0.447128246266,0.514282785479,0.00253502235281,0.230757535551,0.212800249661,1.0,1.0,0.77734375,159.0,0.511764705882,147640.031311,71589064.6285,35564812162.7,57.0,1.5,33277.5,3.38429668526e-06,Class 3
0.353356401384,13770.0,15929687.1654,38248.8281403,0.788238550734,1.0,142014.581547,0.450361566828,0.513540216191,0.00258692546699,0.224219903681,0.243994301515,1.0,1.0,0.7890625,153.0,0.494117647059,142285.218811,69053215.1342,34321288284.9,54.0,-3.0,32130.0,3.20617580709e-06,Class 3
0.383321799308,11857.5,16861560.7909,39778.7812653,0.817649863132,1.0,150809.642552,0.435127988413,0.488987069807,0.00272614475765,0.206264981707,0.298367844342,1.0,1.0,0.818359375,159.75,0.535294117647,151082.507874,74027421.4452,36982443525.3,46.5,-3.75,34807.5,2.76087361166e-06,Class 3
0.348373702422,12240.0,14374808.9677,34423.9453278,0.811767600652,1.0,123687.865507,0.453821060926,0.510325759497,0.00269721958464,0.210048255322,0.302092780031,1.0,1.0,0.8125,133.5,0.429411764706,123925.828186,60080195.4395,29844597448.5,48.0,1.5,27922.5,2.84993405074e-06,Class 3
0.366435986159,10327.5,14210516.258,32511.5039215,0.84117891305,1.0,120260.279962,0.443307132352,0.491070459134,0.00284725202409,0.190096715556,0.368636208112,1.0,1.0,0.841796875,128.25,0.423529411765,120483.492249,58812288.6212,29322323759.4,40.5,-0.75,27540.0,2.40463185532e-06,Class 3
0.412249134948,8797.5,17521820.962,39778.7812653,0.864707962969,1.0,152353.318949,0.417623159286,0.457849492512,0.00297700980955,0.172123107047,0.414069470415,1.0,1.0,0.865234375,158.25,0.552941176471,152612.554749,75587985.5853,37977277257.1,34.5,-2.25,35955.0,2.04839009897e-06,Class 3
0.368650519031,10327.5,15129863.4268,34041.4570465,0.84117891305,1.0,127897.562415,0.442234173047,0.48961816007,0.00284725202409,0.190096715556,0.368834362297,1.0,1.0,0.841796875,135.75,0.452941176471,128133.257874,62713609.3271,31311966840.3,40.5,-2.25,29452.5,2.40463185532e-06,Class 3
0.406505190311,14535.0,16995758.8464,45898.5937653,0.776474025774,1.0,167237.059419,0.417527886215,0.484682425429,0.00253502235281,0.230757535551,0.174218772486,1.0,1.0,0.77734375,178.5,0.588235294118,167529.421936,81732498.4638,40737884173.1,57.0,1.5,38250.0,3.38429668526e-06,Class 3
0.331833910035,17212.5,15365918.3821,40543.7578278,0.735298188417,1.0,142386.464942,0.456528670759,0.535957424461,0.00237039216249,0.250988246402,0.149139616516,1.0,1.0,0.736328125,156.75,0.482352941176,142667.601624,68370443.6707,33749252183.9,67.5,2.25,31365.0,4.00771975886e-06,Class 3
0.463806228374,6885.0,18541670.1729,42838.6875153,0.894119275367,1.0,167270.530444,0.386870210689,0.417599029954,0.00315137183377,0.146712859852,0.48847674887,1.0,1.0,0.89453125,171.0,0.617647058824,167529.656311,83683248.4611,42230146962.1,27.0,-3.0,40162.5,1.60308790354e-06,Class 3
0.398269896194,13005.0,17134040.1546,43221.1757965,0.800003075693,1.0,161124.128379,0.425515620924,0.485571258365,0.00264099121094,0.217322011274,0.23716673404,1.0,1.0,0.80078125,171.0,0.570588235294,161409.656311,79001591.8986,39444622266.1,51.0,-1.5,37102.5,3.02805492892e-06,Class 3
0.387335640138,9562.5,16549180.5714,37101.3632965,0.852943438009,1.0,140887.580544,0.431651064257,0.475459230025,0.00291104960194,0.181349741726,0.392412808348,1.0,1.0,0.853515625,147.75,0.505882352941,141137.882874,69540929.5268,34843586356.8,37.5,-2.25,32895.0,2.22651097714e-06,Class 3
0.544567474048,3825.0,6900118.5014,17976.949234,0.941177375204,1.0,67991.357522,0.332457468091,0.350165114895,0.00345846525938,0.0971595259374,0.632462539888,1.0,1.0,0.94140625,70.5,0.694117647059,68082.796936,33746379.2836,16961692025.7,15.0,0.0,16065.0,8.90604390858e-07,Class 3
0.458477508651,4207.5,18250252.5733,38248.8281403,0.935295112724,1.0,150858.140351,0.376850024178,0.395269984715,0.00341818628014,0.104110907827,0.653050699176,1.0,1.0,0.935546875,152.25,0.564705882353,151082.742249,75978171.4425,38474706314.3,16.5,-2.25,36720.0,9.79664829944e-07,Class 3
0.509480968858,6120.0,18893421.108,46663.5703278,0.905883800326,1.0,180276.003739,0.360828495331,0.389160730217,0.00322490124554,0.135483564135,0.494400031911,1.0,1.0,0.90625,183.0,0.670588235294,180534.281311,90510568.6608,45761766478.6,24.0,0.0,43605.0,1.42496702537e-06,Class 3
0.833910034602,3825.0,552990.948674,3824.88282776,0.941177375204,1.0,11465.7836973,0.154000314095,0.171707960899,0.00345846525938,0.0971595259374,0.232721297859,1.0,1.0,0.94140625,15.0,0.911764705882,11474.531311,4876606.06018,2238333226.86,15.0,0.0,1912.5,8.90604390858e-07,Class 3
0.340692041522,15682.5,15635714.6979,39778.7812653,0.758827238335,1.0,142390.400657,0.454599038731,0.527169232983,0.00246122261232,0.239918269883,0.186621922511,1.0,1.0,0.759765625,155.25,0.488235294118,142667.648499,68760593.6701,34047704741.7,61.5,0.75,31747.5,3.65147800252e-06,Class 3
0.498062283737,4972.5,19071677.0453,44368.6406403,0.923530587765,1.0,173019.538585,0.362077990376,0.384999577421,0.00333925029398,0.117287103683,0.578712510045,1.0,1.0,0.923828125,174.75,0.647058823529,173267.039124,87096926.4898,44095444970.1,19.5,-0.75,42075.0,1.15778570812e-06,Class 3
0.474117647059,8032.5,18450675.9814,45516.105484,0.876472487928,1.0,174527.45502,0.383810726566,0.420935936288,0.00304513264692,0.162382102656,0.408421939149,1.0,1.0,0.876953125,179.25,0.641176470588,174796.898499,87096890.632,43896468470.7,31.5,-0.75,41692.5,1.8702692208e-06,Class 3
0.435501730104,8797.5,18029027.1407,42456.199234,0.864707962969,1.0,163053.958841,0.405489749391,0.445716082617,0.00297700980955,0.172123107047,0.399312762015,1.0,1.0,0.865234375,168.75,0.594117647059,163322.226624,81049834.5735,40762777570.4,34.5,-2.25,38632.5,2.04839009897e-06,Class 3
0.424982698962,8797.5,17836752.4737,42838.6875153,0.864707962969,1.0,158467.538426,0.411157723921,0.45048575418,0.00297700980955,0.172123107047,0.411021704257,1.0,1.0,0.865234375,164.25,0.576470588235,158732.367249,78709042.15,39568991721.8,34.5,3.75,37485.0,2.04839009897e-06,Class 3
0.355501730104,13387.5,15968971.0007,38248.8281403,0.794120813213,1.0,141633.980173,0.449461153364,0.511109055785,0.00261368801025,0.220816919619,0.255276365125,1.0,1.0,0.794921875,152.25,0.494117647059,141902.742249,68955686.5987,34296419270.3,52.5,-2.25,32130.0,3.117115368e-06,Class 3
0.54401384083,7267.5,18531149.1207,49723.4765778,0.888237012887,1.0,192127.947287,0.344407828037,0.377985097644,0.00311541811405,0.152085171617,0.397011460394,1.0,1.0,0.888671875,195.75,0.711764705882,192391.382874,96265003.2553,48621873835.7,28.5,-0.75,46282.5,1.69214834263e-06,Class 3
0.603944636678,8797.5,17753545.4115,53930.8476715,0.864707962969,1.0,207437.2691,0.306625346721,0.34729738048,0.00297700980955,0.172123107047,0.233637625271,1.0,1.0,0.865234375,212.25,0.764705882353,207690.867249,103677494.668,52302707439.7,34.5,-0.75,49725.0,2.04839009897e-06,Class 3
0.412249134948,6502.5,13950913.0293,29834.0859528,0.900001537846,1.0,114936.575406,0.411097684214,0.440520892351,0.00318786621094,0.141181741505,0.532734694682,1.0,1.0,0.900390625,119.25,0.482352941176,115128.773499,57056739.1257,28675704997.2,25.5,-2.25,27157.5,1.51402746446e-06,Class 3
0.361453287197,14917.5,16310025.551,41308.7343903,0.770591763295,1.0,150798.757857,0.44383891866,0.512865985381,0.00250988178187,0.233895630761,0.195941532477,1.0,1.0,0.771484375,162.75,0.523529411765,151082.414124,73247121.4463,36385538409.6,58.5,-0.75,34042.5,3.47335712435e-06,Class 3
0.385743944637,9180.0,16155156.8774,35953.8984528,0.858825700489,1.0,135924.049368,0.431819473826,0.474104689616,0.00294375937703,0.17679841111,0.409806062005,1.0,1.0,0.859375,142.5,0.488235294118,136165.546936,67102608.5678,33624931493.6,36.0,-1.5,31747.5,2.13745053806e-06,Class 3
0.333079584775,13770.0,13224597.1575,32511.5039215,0.788238550734,1.0,116044.846775,0.461502370852,0.525249899345,0.00258692546699,0.224219903681,0.255157602529,1.0,1.0,0.7890625,127.5,0.394117647059,116276.015686,55788724.7342,27556501809.8,54.0,0.0,25627.5,3.20617580709e-06,Class 3
0.413702422145,9945.0,17610650.5243,42073.7109528,0.84706117553,1.0,158079.211157,0.418126776707,0.464166658397,0.00287888048429,0.185781239561,0.353814499071,1.0,1.0,0.84765625,165.0,0.570588235294,158349.843811,78221363.6151,39245670149.4,39.0,0.0,37102.5,2.31557141623e-06,Class 3
0.582491349481,8032.5,18105734.1906,52783.3828278,0.876472487928,1.0,202077.179946,0.321725528855,0.358850738577,0.00304513264692,0.162382102656,0.309122714448,1.0,1.0,0.876953125,206.25,0.747058823529,202336.054749,101141645.173,51059183562.0,31.5,0.75,48577.5,1.8702692208e-06,Class 4
0.418892733564,16830.0,16620667.5031,47811.0351715,0.741180450897,1.0,174119.179764,0.401308379388,0.479222025324,0.00239228878879,0.248339471671,0.0906594942468,1.0,1.0,0.7421875,187.5,0.605882352941,174414.140686,84658462.0999,42080884109.2,66.0,0.0,39397.5,3.91865931977e-06,Class 4
0.49508650519,11475.0,17694891.2116,48958.5000153,0.823532125611,1.0,187136.381382,0.370199571384,0.42263923255,0.0027556105881,0.202380905869,0.220681897388,1.0,1.0,0.82421875,195.0,0.676470588235,187418.906311,92656232.298,46507861299.1,45.0,-3.0,43987.5,2.67181317257e-06,Class 4
0.432733564014,14152.5,17165868.6274,46281.0820465,0.782356288254,1.0,174504.485478,0.402397362141,0.467049943779,0.00256070358118,0.22753285056,0.169570983718,1.0,1.0,0.783203125,185.25,0.617647058824,174796.710999,85536290.6342,42702658239.4,55.5,-3.75,40162.5,3.29523624617e-06,Class 4
0.397370242215,14535.0,5871635.13653,20654.3672028,0.776474025774,1.0,66420.6199652,0.423141772739,0.490296311952,0.00253502235281,0.230757535551,0.181725567475,1.0,1.0,0.77734375,79.5,0.576470588235,66552.515686,30235065.1463,14474595504.8,57.0,1.5,13005.0,3.38429668526e-06,Class 4
0.43785467128,8415.0,18093523.3766,42456.199234,0.870590225448,1.0,162673.920163,0.40363505636,0.442359315334,0.00301080089952,0.16731931634,0.415294336423,1.0,1.0,0.87109375,168.0,0.594117647059,162939.750061,80952306.0381,40737908555.8,33.0,-1.5,38632.5,1.95932965989e-06,Class 4
0.725951557093,5355.0,1473286.2822,7649.76564026,0.917648325285,1.0,23688.6484667,0.23162441365,0.256048914246,0.00330059328706,0.123547569362,0.32696514747,1.0,1.0,0.91796875,28.5,0.847058823529,23714.109436,10728569.1901,5123309598.53,21.0,1.5,4590.0,1.2468461472e-06,Class 4
0.855155709343,3060.0,546522.039931,2677.41798401,0.952941900163,1.0,10702.4910419,0.139414713461,0.150907374651,0.00354064519018,0.0824127316616,0.372308075544,1.0,1.0,0.953125,13.5,0.923529411765,10709.578186,4681548.98932,2188595197.67,12.0,-3.0,1912.5,7.12483512686e-07,Class 4
0.424982698962,15682.5,4052439.05356,17211.9726715,0.758827238335,1.0,53822.9280754,0.401954182382,0.474524376634,0.00246122261232,0.239918269883,0.119621848964,1.0,1.0,0.759765625,68.25,0.611764705882,53930.3672485,23505273.482,10967845003.0,61.5,-0.75,9562.5,3.65147800252e-06,Class 4
0.422837370242,13770.0,17216178.8214,46663.5703278,0.788238550734,1.0,171062.956091,0.409382235019,0.472987764113,0.00258692546699,0.224219903681,0.187956927668,1.0,1.0,0.7890625,181.5,0.605882352941,171354.328186,83878233.8165,41881931992.4,54.0,1.5,39397.5,3.20617580709e-06,Class 4
0.689480968858,9180.0,16992264.5697,57755.730484,0.858825700489,1.0,223160.510506,0.240731849035,0.283017064825,0.00294375937703,0.17679841111,0.0726003815168,1.0,1.0,0.859375,228.0,0.823529411765,223372.875061,111577664.615,56306862616.2,36.0,-1.5,53550.0,2.13745053806e-06,Class 4
0.620138408304,10327.5,17244531.3765,56608.2656403,0.84117891305,1.0,212035.14069,0.289167156154,0.335788228936,0.00284725202409,0.190096715556,0.129260646246,1.0,1.0,0.841796875,218.25,0.776470588235,212280.679749,105628137.092,53198040730.5,40.5,3.75,50490.0,2.40463185532e-06,Class 4
0.334048442907,14152.5,14284816.9125,33276.480484,0.782356288254,1.0,125589.393944,0.461418876659,0.524112588792,0.00256070358118,0.22753285056,0.249443541082,1.0,1.0,0.783203125,137.25,0.429411764706,125838.210999,60567838.1167,29968942521.5,55.5,-6.75,27922.5,3.29523624617e-06,Class 4
0.440899653979,11092.5,17773586.9543,45898.5937653,0.829414388091,1.0,171453.69031,0.403029460384,0.454337581288,0.00278561707599,0.198393410652,0.281465109616,1.0,1.0,0.830078125,179.25,0.617647058824,171736.898499,84756062.3508,42503706122.7,43.5,0.75,40162.5,2.58275273349e-06,Class 4
0.390934256055,11092.5,17046852.6678,39778.7812653,0.829414388091,1.0,151577.244153,0.431051097989,0.481296599889,0.00278561707599,0.198393410652,0.325496575173,1.0,1.0,0.830078125,159.75,0.541176470588,151847.507874,74612628.5155,37330634112.3,43.5,-3.75,35190.0,2.58275273349e-06,Class 4
0.274809688581,22567.5,10037781.2129,30599.0625153,0.652946513702,1.0,100367.816041,0.476005258491,0.580458723821,0.00212060842547,0.280383513542,0.067831772572,1.0,1.0,0.654296875,120.75,0.352941176471,100593.726624,45547654.7903,21761631286.4,88.5,-0.75,19507.5,5.25456590606e-06,Class 4
0.552733564014,2677.5,19640496.0416,46281.0820465,0.958824162643,1.0,182984.390993,0.319905825719,0.332118076017,0.00358254614173,0.0745532402139,0.724165614539,1.0,1.0,0.958984375,182.25,0.694117647059,183211.804749,92753868.4066,47129659812.0,10.5,-0.75,45135.0,6.234230736e-07,Class 4
0.744567474048,1147.5,18734133.9134,55460.8007965,0.982353212561,1.0,222817.53673,0.204784079812,0.204784079812,0.00375555652236,0.0385370716971,0.859942422679,1.0,1.0,0.982421875,219.75,0.852941176471,222990.632874,113430886.077,57774256390.6,4.5,-2.25,55462.5,2.67181317257e-07,Class 4
0.976678200692,765.0,16711285.3208,64640.5195465,0.988235475041,1.0,257776.833657,0.0277782194884,0.0313197488492,0.00380016076111,0.0277782194884,0.000964835740077,1.0,1.0,0.98828125,253.5,0.988235294118,257797.078186,131279432.788,66901745548.3,3.0,0.0,64260.0,1.78120878172e-07,Class 4
0.612802768166,8032.5,17888785.535,53548.3593903,0.876472487928,1.0,208205.632931,0.302660391895,0.339297142788,0.00304513264692,0.162382102656,0.279754852583,1.0,1.0,0.876953125,212.25,0.770588235294,208455.867249,104262701.738,52650898026.7,31.5,-2.25,50107.5,1.8702692208e-06,Class 4
0.887612456747,3825.0,16684908.5605,63493.0547028,0.941177375204,1.0,248528.821509,0.0971595259374,0.114352776128,0.00345846525938,0.0971595259374,0.00767668720409,1.0,1.0,0.94140625,247.5,0.941176470588,248617.265686,125817547.942,63917268735.6,15.0,1.5,61200.0,8.90604390858e-07,Class 4
0.517785467128,16830.0,16376696.7099,52783.3828278,0.741180450897,1.0,197097.561826,0.324456483005,0.401905000952,0.00239228878879,0.248339471671,0.0125730606201,1.0,1.0,0.7421875,210.0,0.694117647059,197363.437561,96362424.2175,48049813352.0,66.0,-3.0,45135.0,3.91865931977e-06,Class 4
0.667058823529,4972.5,18295865.1767,56225.777359,0.923530587765,1.0,214349.881532,0.270257267298,0.28819785445,0.00333925029398,0.117287103683,0.501421104621,1.0,1.0,0.923828125,215.25,0.805882352941,214575.773499,108164058.301,54839517607.1,19.5,5.25,52402.5,1.15778570812e-06,Class 4
0.285882352941,20272.5,11043381.8562,31364.0390778,0.68824008858,1.0,105716.914635,0.476388506456,0.570214932393,0.00221468281993,0.269482057183,0.104582840057,1.0,1.0,0.689453125,123.75,0.358823529412,105948.632874,48863804.2836,23602060279.8,79.5,-0.75,21420.0,4.72020327155e-06,Class 4
0.472941176471,14535.0,17067532.5487,49723.4765778,0.776474025774,1.0,185601.030274,0.37418542065,0.441339959864,0.00253502235281,0.230757535551,0.114259707514,1.0,1.0,0.77734375,196.5,0.658823529412,185888.859436,91095668.1579,45513027567.3,57.0,-1.5,42840.0,3.38429668526e-06,Class 4
0.487958477509,11857.5,17630840.5077,49340.9882965,0.817649863132,1.0,185987.368583,0.373579122684,0.428431616217,0.00272614475765,0.206264981707,0.204412870276,1.0,1.0,0.818359375,194.25,0.670588235294,186271.429749,91973496.6922,46134801697.5,46.5,-0.75,43605.0,2.76087361166e-06,Class 4
0.804636678201,6502.5,16712289.8773,61963.1015778,0.900001537846,1.0,238911.738772,0.156579174137,0.186002382274,0.00318786621094,0.141181741505,0.00632495979767,1.0,1.0,0.900390625,240.75,0.894117647059,239054.976624,120258134.561,60907922908.2,25.5,2.25,58140.0,1.51402746446e-06,Class 4
0.344844290657,16830.0,15806519.6868,41691.2226715,0.741180450897,1.0,148118.925546,0.449500778876,0.527298263273,0.00239228878879,0.248339471671,0.149917936291,1.0,1.0,0.7421875,162.0,0.505882352941,148404.937561,71393971.7,35316097634.0,66.0,1.5,32895.0,3.91865931977e-06,Class 4
0.35660899654,17977.5,5847034.62026,22566.808609,0.723533663458,1.0,68318.9414707,0.438793714387,0.521338932542,0.00232822088222,0.256055227084,0.112405500446,1.0,1.0,0.724609375,84.75,0.529411764706,68464.8516235,30332557.824,14300488020.0,70.5,3.75,12622.5,4.18584063703e-06,Class 4
0.677716262976,3825.0,18536383.883,53930.8476715,0.941177375204,1.0,214741.282935,0.260821786664,0.276427374639,0.00345846525938,0.0971595259374,0.569704576119,1.0,1.0,0.94140625,214.5,0.811764705882,214958.296936,108651736.836,55162839179.5,15.0,-3.0,52785.0,8.90604390858e-07,Class 4
0.865743944637,3825.0,16869183.0408,61963.1015778,0.941177375204,1.0,245443.131206,0.124626099436,0.141819349627,0.00345846525938,0.0971595259374,0.104132983079,1.0,1.0,0.94140625,244.5,0.929411764706,245557.359436,124257019.66,63121411503.2,15.0,-1.5,60435.0,8.90604390858e-07,Class 4
0.494186851211,9562.5,18134934.3711,49340.9882965,0.852943438009,1.0,183699.093007,0.373579122684,0.41656224816,0.00291104960194,0.181349741726,0.320591800261,1.0,1.0,0.853515625,189.75,0.670588235294,183976.570374,91388325.4796,45985587610.0,37.5,3.75,43605.0,2.22651097714e-06,Class 4
0.458892733564,11857.5,17668634.2952,47811.0351715,0.817649863132,1.0,178335.220426,0.391476342402,0.446328835934,0.00272614475765,0.206264981707,0.231959940901,1.0,1.0,0.818359375,186.75,0.641176470588,178621.664124,88072175.9864,44145158616.6,46.5,0.75,41692.5,2.76087361166e-06,Class 4
0.382214532872,11092.5,16766007.3272,39778.7812653,0.829414388091,1.0,146992.229969,0.435522883734,0.486831004639,0.00278561707599,0.198393410652,0.325677094906,1.0,1.0,0.830078125,155.25,0.523529411765,147257.648499,72271836.092,36136848263.7,43.5,0.75,34042.5,2.58275273349e-06,Class 4
0.436678200692,7650.0,18069598.5541,42838.6875153,0.882354750408,1.0,158856.632095,0.402951491029,0.436031785459,0.00308000505177,0.157306046251,0.46761660228,1.0,1.0,0.8828125,163.5,0.582352941176,159114.890686,79196720.6849,39892313294.2,30.0,4.5,37867.5,1.78120878172e-06,Class 4
0.443667820069,8797.5,18118426.5993,44751.1289215,0.864707962969,1.0,166111.962192,0.401308379388,0.440636409646,0.00297700980955,0.172123107047,0.399215371999,1.0,1.0,0.865234375,171.75,0.605882352941,166382.132874,82610362.8559,41558634802.7,34.5,3.75,39397.5,2.04839009897e-06,Class 4
0.305674740484,19890.0,14286054.6964,37866.339859,0.69412235106,1.0,134358.335805,0.465149437771,0.556835785949,0.00223225418672,0.267423917077,0.101280011838,1.0,1.0,0.6953125,151.5,0.441176470588,134635.265686,63591294.4305,31137834972.7,78.0,-3.0,28687.5,4.63114283246e-06,Class 4
0.621660899654,7267.5,18026676.8794,54313.3359528,0.888237012887,1.0,208974.547274,0.298046593405,0.331623863012,0.00311541811405,0.152085171617,0.314304340074,1.0,1.0,0.888671875,212.25,0.776470588235,209220.867249,104847908.808,52999088613.7,28.5,0.75,50490.0,1.69214834263e-06,Class 4
0.552664359862,5355.0,18981135.15,48193.5234528,0.917648325285,1.0,190227.285558,0.335712428084,0.359022780395,0.00330059328706,0.123547569362,0.532880734395,1.0,1.0,0.91796875,192.0,0.711764705882,190479.000061,95777360.5781,48497528762.7,21.0,-3.0,46282.5,1.2468461472e-06,Class 4
0.754186851211,6885.0,17035573.6362,59668.1718903,0.894119275367,1.0,231605.138252,0.202887725369,0.234761489616,0.00315137183377,0.146712859852,0.0998291522149,1.0,1.0,0.89453125,234.0,0.864705882353,231787.687561,116454342.39,58943148841.9,27.0,0.0,56227.5,1.60308790354e-06,Class 4
0.327820069204,15682.5,10044593.2778,27921.6445465,0.758827238335,1.0,95041.6918176,0.462118934127,0.534689128378,0.00246122261232,0.239918269883,0.19575248304,1.0,1.0,0.759765625,108.75,0.452941176471,95239.1016235,44572405.2937,21711917640.0,61.5,0.75,19890.0,3.65147800252e-06,Class 4
0.410311418685,9945.0,17539371.7812,41691.2226715,0.84706117553,1.0,156550.537158,0.419937598948,0.465977480638,0.00287888048429,0.185781239561,0.356228191518,1.0,1.0,0.84765625,163.5,0.564705882353,156819.890686,77441099.4739,38847741533.2,39.0,0.0,36720.0,2.31557141623e-06,Class 4
0.587820069204,6120.0,18584878.4153,51253.4297028,0.905883800326,1.0,200172.423511,0.318120604224,0.346132668091,0.00322490124554,0.135483564135,0.439022473169,1.0,1.0,0.90625,202.5,0.747058823529,200423.671936,100654002.496,50934838489.0,24.0,-1.5,48577.5,1.42496702537e-06,Class 4
0.685605536332,3825.0,18467515.9028,54695.824234,0.941177375204,1.0,216273.82742,0.256062671821,0.273255922012,0.00345846525938,0.0971595259374,0.541442928652,1.0,1.0,0.94140625,216.0,0.817647058824,216488.250061,109432000.978,55560767795.7,15.0,-1.5,53167.5,8.90604390858e-07,Class 4
0.745121107266,4590.0,17720504.48,57755.730484,0.929412850245,1.0,227770.049443,0.219296763439,0.240118167267,0.00337844795834,0.110813658488,0.376456227896,1.0,1.0,0.9296875,228.0,0.858823529412,227962.875061,115088907.037,58396006138.2,18.0,-1.5,55845.0,1.06872526903e-06,Class 4
0.344775086505,18360.0,15677540.3529,41308.7343903,0.717651400978,1.0,151173.647347,0.445271651236,0.529307842838,0.00230794622824,0.258475517047,0.112128574109,1.0,1.0,0.71875,166.5,0.511764705882,151464.796936,72564349.9828,35813502308.6,72.0,-4.5,33277.5,4.27490107612e-06,Class 4
0.865951557093,4207.5,16770243.1069,62728.0781403,0.935295112724,1.0,245830.179912,0.11960692564,0.138969055127,0.00341818628014,0.104110907827,0.0285930099221,1.0,1.0,0.935546875,245.25,0.929411764706,245939.835999,124354548.195,63146280517.8,16.5,0.75,60435.0,9.79664829944e-07,Class 4
0.501937716263,16447.5,16536039.2359,52018.4062653,0.747062713376,1.0,193646.122893,0.341204275043,0.417079589444,0.00241472607253,0.245612355782,0.0315487557896,1.0,1.0,0.748046875,206.25,0.682352941176,193921.054749,94704367.3997,47229087105.0,64.5,-2.25,44370.0,3.82959888069e-06,Class 4
0.886989619377,2677.5,16982524.6653,62345.589859,0.958824162643,1.0,247366.890139,0.112765113912,0.12497736421,0.00358254614173,0.0745532402139,0.239591293149,1.0,1.0,0.958984375,245.25,0.941176470588,247469.835999,125524962.336,63842661691.8,10.5,-0.75,61200.0,6.234230736e-07,Class 4
0.645051903114,8032.5,17639621.0564,55843.2890778,0.876472487928,1.0,214337.27181,0.280993295286,0.318118505007,0.00304513264692,0.162382102656,0.226414069999,1.0,1.0,0.876953125,218.25,0.794117647059,214575.679749,107383758.303,54242612491.5,31.5,0.75,51637.5,1.8702692208e-06,Class 4
0.372249134948,9945.0,13963493.9686,30216.574234,0.84706117553,1.0,118353.063369,0.440735870819,0.48173400058,0.00287888048429,0.185781239561,0.395943309353,1.0,1.0,0.84765625,126.0,0.429411764706,118571.062561,57934495.9446,28899526128.6,39.0,-7.5,27157.5,2.31557141623e-06,Class 4
0.417785467128,6502.5,16907067.0756,35953.8984528,0.900001537846,1.0,139378.644805,0.408415354396,0.437838562533,0.00318786621094,0.141181741505,0.530659197552,1.0,1.0,0.900390625,143.25,0.511764705882,139608.023499,69540965.3845,35042562856.2,25.5,-2.25,33277.5,1.51402746446e-06,Class 4
0.544290657439,9562.5,17944366.783,52018.4062653,0.852943438009,1.0,195945.521743,0.343365746158,0.387173911926,0.00291104960194,0.181349741726,0.265416970743,1.0,1.0,0.853515625,201.75,0.717647058824,196216.195374,97630438.609,49169016539.4,37.5,2.25,46665.0,2.22651097714e-06,Class 4
0.577301038062,3060.0,19482256.733,48958.5000153,0.952941900163,1.0,191013.241251,0.310833813866,0.324354438043,0.00354064519018,0.0824127316616,0.686930891917,1.0,1.0,0.953125,190.5,0.723529411765,191244.046936,96752717.6479,49144171907.5,12.0,1.5,47047.5,7.12483512686e-07,Class 4
0.794809688581,2677.5,17806413.3839,59285.683609,0.958824162643,1.0,233536.938949,0.184029037414,0.196241287712,0.00358254614173,0.0745532402139,0.531223054887,1.0,1.0,0.958984375,231.75,0.888235294118,233700.257874,118502585.065,60261304146.1,10.5,0.75,57757.5,6.234230736e-07,Class 4
0.432041522491,12240.0,17530327.4372,45516.105484,0.811767600652,1.0,171067.211245,0.406880981539,0.463385680109,0.00269721958464,0.210048255322,0.240512849825,1.0,1.0,0.8125,180.0,0.611764705882,171354.375061,84268383.8159,42180384550.3,48.0,-1.5,39780.0,2.84993405074e-06,Class 4
0.419723183391,11857.5,17508019.5443,43986.152359,0.817649863132,1.0,166097.891674,0.414563933541,0.469086217929,0.00272614475765,0.206264981707,0.26821319455,1.0,1.0,0.818359375,174.75,0.594117647059,166382.039124,81830062.857,40961729687.1,46.5,-2.25,38632.5,2.76087361166e-06,Class 4
0.640484429066,12622.5,16546355.5767,57755.730484,0.805885338172,1.0,217416.271266,0.250599705137,0.30899622649,0.00266883506907,0.213733170105,0.00259717218888,1.0,1.0,0.806640625,225.75,0.788235294118,217635.445374,107773836.587,54143112050.4,49.5,0.75,51255.0,2.93899448983e-06,Class 4
0.707404844291,8415.0,17037730.6902,58138.2187653,0.870590225448,1.0,225462.568084,0.23146567795,0.270189936924,0.00301080089952,0.16731931634,0.0886195099764,1.0,1.0,0.87109375,229.5,0.835294117647,225667.828186,112943135.826,57052981819.4,33.0,-1.5,54315.0,1.95932965989e-06,Class 4
0.604498269896,5355.0,18682431.9477,51635.917984,0.917648325285,1.0,202474.449725,0.30716252867,0.331587029266,0.00330059328706,0.123547569362,0.481736458631,1.0,1.0,0.91796875,204.0,0.758823529412,202718.625061,102019473.708,51680957692.2,21.0,-1.5,49342.5,1.2468461472e-06,Class 4
0.682491349481,10710.0,16677778.6333,58138.2187653,0.835296650571,1.0,223167.588024,0.231443945631,0.280842724524,0.00281616422132,0.194299687378,0.00999161390807,1.0,1.0,0.8359375,229.5,0.817647058824,223372.828186,111187514.615,56008410058.4,42.0,-1.5,53167.5,2.4936922944e-06,Class 4
0.707058823529,6885.0,17432779.3317,56990.7539215,0.894119275367,1.0,223926.784167,0.240920392,0.271649211265,0.00315137183377,0.146712859852,0.22605354315,1.0,1.0,0.89453125,226.5,0.835294117647,224137.921936,112553021.685,56953505761.0,27.0,-3.0,54315.0,1.60308790354e-06,Class 4
0.500138408304,6120.0,18866077.0406,44751.1289215,0.905883800326,1.0,177216.607575,0.366008871624,0.391395637295,0.00322490124554,0.135483564135,0.523877791913,1.0,1.0,0.90625,180.0,0.658823529412,177474.375061,88950040.3784,44965909246.2,24.0,-4.5,42840.0,1.42496702537e-06,Class 4
0.753910034602,5355.0,17435417.6155,58903.1953278,0.917648325285,1.0,230069.663861,0.211451137305,0.23624184283,0.00330059328706,0.123547569362,0.256306258709,1.0,1.0,0.91796875,231.0,0.864705882353,230257.781311,116064228.249,58843672783.5,21.0,0.0,56227.5,1.2468461472e-06,Class 4
0.887335640138,3060.0,16882466.5752,61963.1015778,0.952941900163,1.0,247751.828005,0.109943173659,0.121435834849,0.00354064519018,0.0824127316616,0.193946599396,1.0,1.0,0.953125,246.0,0.941176470588,247852.312561,125622490.871,63867530706.4,12.0,-3.0,61200.0,7.12483512686e-07,Class 4
0.402560553633,11475.0,17286592.3381,40926.246109,0.823532125611,1.0,158072.119971,0.425016016797,0.475380720837,0.0027556105881,0.202380905869,0.308442125524,1.0,1.0,0.82421875,166.5,0.564705882353,158349.796936,77831213.6157,38947217591.6,45.0,-6.0,36720.0,2.67181317257e-06,Class 4
0.355570934256,18360.0,5653024.38277,21419.3437653,0.717651400978,1.0,67173.0827626,0.437824188732,0.52282089339,0.00230794622824,0.258475517047,0.10048413227,1.0,1.0,0.71875,84.0,0.529411764706,67317.375061,29649822.2183,13927428418.4,72.0,0.0,12240.0,4.27490107612e-06,Class 4
0.457508650519,12622.5,17500697.617,47046.058609,0.805885338172,1.0,179098.250043,0.390973196854,0.44843701508,0.00266883506907,0.213733170105,0.207671888134,1.0,1.0,0.806640625,188.25,0.641176470588,179386.617249,88267233.0572,44194896645.8,49.5,-3.75,41692.5,2.93899448983e-06,Class 4
0.333633217993,14535.0,14786739.3449,35571.4101715,0.776474025774,1.0,130552.662863,0.460612808454,0.527363042681,0.00253502235281,0.230757535551,0.230640490198,1.0,1.0,0.77734375,142.5,0.447058823529,130810.546936,63006159.0756,31187597384.6,57.0,-3.0,29070.0,3.38429668526e-06,Class 4
0.424982698962,15682.5,4052439.05356,17211.9726715,0.758827238335,1.0,53822.9280754,0.401954182382,0.474524376634,0.00246122261232,0.239918269883,0.119621848964,1.0,1.0,0.759765625,68.25,0.611764705882,53930.3672485,23505273.482,10967845003.0,61.5,-0.75,9562.5,3.65147800252e-06,Class 4
0.689480968858,9180.0,16992264.5697,57755.730484,0.858825700489,1.0,223160.510506,0.240731849035,0.283017064825,0.00294375937703,0.17679841111,0.0726003815168,1.0,1.0,0.859375,228.0,0.823529411765,223372.875061,111577664.615,56306862616.2,36.0,-1.5,53550.0,2.13745053806e-06,Class 4
0.620138408304,10327.5,17244531.3765,56608.2656403,0.84117891305,1.0,212035.14069,0.289167156154,0.335788228936,0.00284725202409,0.190096715556,0.129260646246,1.0,1.0,0.841796875,218.25,0.776470588235,212280.679749,105628137.092,53198040730.5,40.5,3.75,50490.0,2.40463185532e-06,Class 4
0.976678200692,765.0,16711285.3208,64640.5195465,0.988235475041,1.0,257776.833657,0.0277782194884,0.0313197488492,0.00380016076111,0.0277782194884,0.000964835740077,1.0,1.0,0.98828125,253.5,0.988235294118,257797.078186,131279432.788,66901745548.3,3.0,0.0,64260.0,1.78120878172e-07,Class 4
0.887612456747,3825.0,16684908.5605,63493.0547028,0.941177375204,1.0,248528.821509,0.0971595259374,0.114352776128,0.00345846525938,0.0971595259374,0.00767668720409,1.0,1.0,0.94140625,247.5,0.941176470588,248617.265686,125817547.942,63917268735.6,15.0,1.5,61200.0,8.90604390858e-07,Class 4
0.517785467128,16830.0,16376696.7099,52783.3828278,0.741180450897,1.0,197097.561826,0.324456483005,0.401905000952,0.00239228878879,0.248339471671,0.0125730606201,1.0,1.0,0.7421875,210.0,0.694117647059,197363.437561,96362424.2175,48049813352.0,66.0,-3.0,45135.0,3.91865931977e-06,Class 4
0.285882352941,20272.5,11043381.8562,31364.0390778,0.68824008858,1.0,105716.914635,0.476388506456,0.570214932393,0.00221468281993,0.269482057183,0.104582840057,1.0,1.0,0.689453125,123.75,0.358823529412,105948.632874,48863804.2836,23602060279.8,79.5,-0.75,21420.0,4.72020327155e-06,Class 4
0.35660899654,17977.5,5847034.62026,22566.808609,0.723533663458,1.0,68318.9414707,0.438793714387,0.521338932542,0.00232822088222,0.256055227084,0.112405500446,1.0,1.0,0.724609375,84.75,0.529411764706,68464.8516235,30332557.824,14300488020.0,70.5,3.75,12622.5,4.18584063703e-06,Class 4
0.677716262976,3825.0,18536383.883,53930.8476715,0.941177375204,1.0,214741.282935,0.260821786664,0.276427374639,0.00345846525938,0.0971595259374,0.569704576119,1.0,1.0,0.94140625,214.5,0.811764705882,214958.296936,108651736.836,55162839179.5,15.0,-3.0,52785.0,8.90604390858e-07,Class 4
0.43785467128,8415.0,18093523.3766,42456.199234,0.870590225448,1.0,162673.920163,0.40363505636,0.442359315334,0.00301080089952,0.16731931634,0.415294336423,1.0,1.0,0.87109375,168.0,0.594117647059,162939.750061,80952306.0381,40737908555.8,33.0,-1.5,38632.5,1.95932965989e-06,Class 4
0.458892733564,11857.5,17668634.2952,47811.0351715,0.817649863132,1.0,178335.220426,0.391476342402,0.446328835934,0.00272614475765,0.206264981707,0.231959940901,1.0,1.0,0.818359375,186.75,0.641176470588,178621.664124,88072175.9864,44145158616.6,46.5,0.75,41692.5,2.76087361166e-06,Class 4
0.436678200692,7650.0,18069598.5541,42838.6875153,0.882354750408,1.0,158856.632095,0.402951491029,0.436031785459,0.00308000505177,0.157306046251,0.46761660228,1.0,1.0,0.8828125,163.5,0.582352941176,159114.890686,79196720.6849,39892313294.2,30.0,4.5,37867.5,1.78120878172e-06,Class 4
0.552664359862,5355.0,18981135.15,48193.5234528,0.917648325285,1.0,190227.285558,0.335712428084,0.359022780395,0.00330059328706,0.123547569362,0.532880734395,1.0,1.0,0.91796875,192.0,0.711764705882,190479.000061,95777360.5781,48497528762.7,21.0,-3.0,46282.5,1.2468461472e-06,Class 4
0.754186851211,6885.0,17035573.6362,59668.1718903,0.894119275367,1.0,231605.138252,0.202887725369,0.234761489616,0.00315137183377,0.146712859852,0.0998291522149,1.0,1.0,0.89453125,234.0,0.864705882353,231787.687561,116454342.39,58943148841.9,27.0,0.0,56227.5,1.60308790354e-06,Class 4
0.397370242215,14535.0,5871635.13653,20654.3672028,0.776474025774,1.0,66420.6199652,0.423141772739,0.490296311952,0.00253502235281,0.230757535551,0.181725567475,1.0,1.0,0.77734375,79.5,0.576470588235,66552.515686,30235065.1463,14474595504.8,57.0,1.5,13005.0,3.38429668526e-06,Class 4
0.374394463668,15300.0,16545187.5228,43603.6640778,0.764709500815,1.0,157295.053939,0.435303170442,0.506005970711,0.00248528186838,0.236948712831,0.174280466156,1.0,1.0,0.765625,169.5,0.547058823529,157584.703186,76465706.5464,38002121889.0,60.0,1.5,35572.5,3.56241756343e-06,Class 4
0.538062283737,7650.0,18440628.1846,51635.917984,0.882354750408,1.0,190977.854449,0.349060762081,0.377792415056,0.00308000505177,0.157306046251,0.425749761965,1.0,1.0,0.8828125,195.0,0.705882352941,191243.906311,95582267.6495,48248814234.1,30.0,7.5,45900.0,1.78120878172e-06,Class 4
0.588166089965,12240.0,1328598.26147,9562.20704651,0.811767600652,1.0,27493.0261509,0.301697889489,0.358202588059,0.00269721958464,0.210048255322,0.0730294352585,1.0,1.0,0.8125,39.0,0.752941176471,27538.781311,10923554.5455,4775094628.84,48.0,-1.5,3825.0,2.84993405074e-06,Class 4
0.380138408304,13005.0,16801177.135,40926.246109,0.800003075693,1.0,153480.024445,0.436033150433,0.495636655583,0.00264099121094,0.217322011274,0.253450407071,1.0,1.0,0.80078125,163.5,0.541176470588,153759.890686,75100271.1927,37454979185.2,51.0,-3.0,35190.0,3.02805492892e-06,Class 4
0.402560553633,11475.0,17286592.3381,40926.246109,0.823532125611,1.0,158072.119971,0.425016016797,0.475380720837,0.0027556105881,0.202380905869,0.308442125524,1.0,1.0,0.82421875,166.5,0.564705882353,158349.796936,77831213.6157,38947217591.6,45.0,-6.0,36720.0,2.67181317257e-06,Class 4
0.688650519031,7650.0,17385940.8202,56990.7539215,0.882354750408,1.0,221624.01595,0.251163480742,0.286322879516,0.00308000505177,0.157306046251,0.185056797175,1.0,1.0,0.8828125,225.0,0.823529411765,221842.968811,111187550.473,56207386557.8,30.0,-1.5,53550.0,1.78120878172e-06,Class 4
0.47508650519,17212.5,1912104.65197,13004.6015778,0.735298188417,1.0,37026.4639835,0.357576890561,0.437005644263,0.00237039216249,0.250988246402,0.0361179133413,1.0,1.0,0.736328125,53.25,0.658823529412,37100.8359985,14532217.9297,6292177667.1,67.5,-2.25,4972.5,4.00771975886e-06,Class 4
0.579723183391,10710.0,2059374.28593,10327.183609,0.835296650571,1.0,33605.0021981,0.316655590056,0.365504591247,0.00281616422132,0.194299687378,0.162323193882,1.0,1.0,0.8359375,43.5,0.747058823529,33658.640686,14434761.1097,6665261651.39,42.0,-3.0,5737.5,2.4936922944e-06,Class 4
0.583944636678,14535.0,16501858.2578,55843.2890778,0.776474025774,1.0,208595.335652,0.285097749293,0.352386807147,0.00253502235281,0.230757535551,0.00684403816343,1.0,1.0,0.77734375,219.0,0.747058823529,208838.156311,102799630.276,51481956810.1,57.0,0.0,48577.5,3.38429668526e-06,Class 4
0.460692041522,8797.5,18260673.6426,45516.105484,0.864707962969,1.0,172228.982971,0.391941838473,0.432613872233,0.00297700980955,0.172123107047,0.377334823834,1.0,1.0,0.865234375,177.75,0.629411764706,172501.945374,85731419.4206,43150349267.5,34.5,0.75,40927.5,2.04839009897e-06,Class 4
0.654878892734,8032.5,17562372.6916,54313.3359528,0.876472487928,1.0,215870.761972,0.275100919568,0.30719697134,0.00304513264692,0.162382102656,0.25767066729,1.0,1.0,0.876953125,219.75,0.8,216105.632874,108164022.444,54640541107.7,31.5,-6.75,52020.0,1.8702692208e-06,Class 4
0.640484429066,12622.5,16546355.5767,57755.730484,0.805885338172,1.0,217416.271266,0.250599705137,0.30899622649,0.00266883506907,0.213733170105,0.00259717218888,1.0,1.0,0.806640625,225.75,0.788235294118,217635.445374,107773836.587,54143112050.4,49.5,0.75,51255.0,2.93899448983e-06,Class 4
0.728373702422,9562.5,16591033.453,60050.6601715,0.852943438009,1.0,229697.922321,0.196609515034,0.240827524941,0.00291104960194,0.181349741726,6.09453471725e-05,1.0,1.0,0.853515625,234.75,0.847058823529,229875.164124,114796249.715,57923446095.5,37.5,0.75,55080.0,2.22651097714e-06,Class 4
0.671626297578,8032.5,17427532.3858,55460.8007965,0.876472487928,1.0,218938.544807,0.26265339991,0.296801202321,0.00304513264692,0.162382102656,0.213078794105,1.0,1.0,0.876953125,222.75,0.811764705882,219165.539124,109724550.726,55436398340.0,31.5,-5.25,52785.0,1.8702692208e-06,Class 4
0.454325259516,14917.5,3435044.42536,16446.996109,0.770591763295,1.0,48481.69268,0.38536476298,0.454129524114,0.00250988178187,0.233895630761,0.119990288867,1.0,1.0,0.771484375,62.25,0.641176470588,48575.5547485,20969423.9876,9724321125.21,58.5,2.25,8415.0,3.47335712435e-06,Class 4
0.422352941176,14152.5,17135516.9412,45516.105484,0.782356288254,1.0,171444.562047,0.408923417986,0.473575999625,0.00256070358118,0.22753285056,0.178572481898,1.0,1.0,0.783203125,182.25,0.605882352941,171736.804749,83975762.3519,41906801007.0,55.5,-3.75,39397.5,3.29523624617e-06,Class 4
0.492802768166,13387.5,17262778.1163,50105.964859,0.794120813213,1.0,189047.070044,0.365488726636,0.427136629057,0.00261368801025,0.220816919619,0.138163048312,1.0,1.0,0.794921875,198.75,0.676470588235,189331.289124,93143874.9751,46632206372.1,52.5,-2.25,43987.5,3.117115368e-06,Class 4
0.329896193772,18742.5,7005566.10714,24096.761734,0.711769138498,1.0,76712.7610008,0.453185002202,0.539926401634,0.0022882122317,0.260821640615,0.109924987597,1.0,1.0,0.712890625,93.75,0.488235294118,76879.5703735,34428935.6007,16339869130.1,73.5,0.75,14535.0,4.3639615152e-06,Class 4
0.492802768166,13387.5,17262778.1163,50105.964859,0.794120813213,1.0,189047.070044,0.365488726636,0.427136629057,0.00261368801025,0.220816919619,0.138163048312,1.0,1.0,0.794921875,198.75,0.676470588235,189331.289124,93143874.9751,46632206372.1,52.5,-2.25,43987.5,3.117115368e-06,Class 4
0.469411764706,7267.5,18551540.3984,44368.6406403,0.888237012887,1.0,170708.639946,0.384847154344,0.418424423951,0.00311541811405,0.152085171617,0.454678847546,1.0,1.0,0.888671875,174.75,0.629411764706,170972.039124,85341305.2788,43050873209.1,28.5,-0.75,40927.5,1.69214834263e-06,Class 4
0.824705882353,4972.5,16930680.0281,60050.6601715,0.923530587765,1.0,240443.058002,0.15520881342,0.173149400572,0.00333925029398,0.117287103683,0.15758225285,1.0,1.0,0.923828125,240.75,0.905882352941,240584.976624,121428548.701,61604304082.2,19.5,-5.25,58905.0,1.15778570812e-06,Class 4
0.824705882353,4972.5,16930680.0281,60050.6601715,0.923530587765,1.0,240443.058002,0.15520881342,0.173149400572,0.00333925029398,0.117287103683,0.15758225285,1.0,1.0,0.923828125,240.75,0.905882352941,240584.976624,121428548.701,61604304082.2,19.5,-5.25,58905.0,1.15778570812e-06,Class 4
0.320346020761,17212.5,9197032.09404,26009.2031403,0.735298188417,1.0,90456.5863331,0.463661107542,0.542634419247,0.00237039216249,0.250988246402,0.158538343924,1.0,1.0,0.736328125,105.75,0.452941176471,90649.1953735,41841462.8708,20219679233.6,67.5,-3.75,18360.0,4.00771975886e-06,Class 4
0.711280276817,3825.0,18240311.5319,55078.3125153,0.941177375204,1.0,220872.566257,0.240920392,0.253704039722,0.00345846525938,0.0971595259374,0.568212400094,1.0,1.0,0.94140625,220.5,0.835294117647,221078.109436,111772793.401,56754553644.2,15.0,-4.5,54315.0,8.90604390858e-07,Class 4
0.46,6502.5,18477358.1559,44368.6406403,0.900001537846,1.0,163832.968678,0.38816441535,0.411859286633,0.00318786621094,0.141181741505,0.537544642511,1.0,1.0,0.900390625,167.25,0.605882352941,164087.273499,82025191.6433,41409420715.2,25.5,6.75,39397.5,1.51402746446e-06,Class 4
0.547889273356,8415.0,18207694.3326,49340.9882965,0.870590225448,1.0,194801.367014,0.343045948627,0.378200323993,0.00301080089952,0.16731931634,0.353015472323,1.0,1.0,0.87109375,199.5,0.717647058824,195068.765686,97337853.0027,49094409495.7,33.0,-6.0,46665.0,1.95932965989e-06,Class 4
0.547889273356,8415.0,18207694.3326,49340.9882965,0.870590225448,1.0,194801.367014,0.343045948627,0.378200323993,0.00301080089952,0.16731931634,0.353015472323,1.0,1.0,0.87109375,199.5,0.717647058824,195068.765686,97337853.0027,49094409495.7,33.0,-6.0,46665.0,1.95932965989e-06,Class 4
0.398200692042,7650.0,13761126.7476,29834.0859528,0.882354750408,1.0,114547.585234,0.422068558592,0.456455058973,0.00308000505177,0.157306046251,0.48024474426,1.0,1.0,0.8828125,120.0,0.470588235294,114746.250061,56569060.5908,28352383424.8,30.0,-3.0,26775.0,1.78120878172e-06,Class 4
0.479584775087,13770.0,17219921.2322,50488.4531403,0.788238550734,1.0,186367.076805,0.372852690021,0.436458219116,0.00258692546699,0.224219903681,0.135414989554,1.0,1.0,0.7890625,196.5,0.664705882353,186653.859436,91680875.2282,45861218154.3,54.0,1.5,43222.5,3.20617580709e-06,Class 4
0.313979238754,16447.5,13539285.4029,33276.480484,0.747062713376,1.0,121762.900667,0.469280953864,0.543961767283,0.00241472607253,0.245612355782,0.186003514006,1.0,1.0,0.748046875,135.75,0.405882352941,122013.257874,58031952.7646,28526442144.3,64.5,-5.25,26392.5,3.82959888069e-06,Class 4
0.364705882353,13770.0,16332621.8464,39013.8047028,0.788238550734,1.0,148127.558751,0.444400536471,0.505858175001,0.00258692546699,0.224219903681,0.24255514515,1.0,1.0,0.7890625,159.0,0.517647058824,148405.031311,72174271.6989,35913002749.7,54.0,-6.0,33660.0,3.20617580709e-06,Class 4
0.468996539792,12622.5,17492685.6253,49723.4765778,0.805885338172,1.0,182159.043904,0.383795287799,0.441259106024,0.00266883506907,0.213733170105,0.196995597281,1.0,1.0,0.806640625,191.25,0.652941176471,182446.523499,89827761.3396,44990753878.1,49.5,3.75,42457.5,2.93899448983e-06,Class 4
0.374394463668,15300.0,16545187.5228,43603.6640778,0.764709500815,1.0,157295.053939,0.435303170442,0.506005970711,0.00248528186838,0.236948712831,0.174280466156,1.0,1.0,0.765625,169.5,0.547058823529,157584.703186,76465706.5464,38002121889.0,60.0,1.5,35572.5,3.56241756343e-06,Class 4
0.324083044983,14917.5,12807501.8044,30981.5507965,0.770591763295,1.0,114131.528003,0.465856053134,0.533302286799,0.00250988178187,0.233895630761,0.226272954224,1.0,1.0,0.771484375,126.75,0.388235294118,114363.539124,54520782.0581,26835251621.2,58.5,-5.25,24862.5,3.47335712435e-06,Class 4
0.403667820069,9562.5,17339481.3263,40161.2695465,0.852943438009,1.0,151584.857724,0.423098401959,0.467316411866,0.00291104960194,0.181349741726,0.379698875757,1.0,1.0,0.853515625,158.25,0.547058823529,151847.554749,75002778.515,37629086670.1,37.5,-0.75,35572.5,2.22651097714e-06,Class 4
0.627958477509,9180.0,17475117.6609,55078.3125153,0.858825700489,1.0,212418.818634,0.288810088262,0.331095304053,0.00294375937703,0.17679841111,0.178080483984,1.0,1.0,0.859375,217.5,0.782352941176,212663.203186,106115815.627,53521362302.9,36.0,-1.5,50872.5,2.13745053806e-06,Class 4
0.39384083045,8797.5,16612211.9645,37101.3632965,0.864707962969,1.0,140127.90592,0.42696817449,0.467640208249,0.00297700980955,0.172123107047,0.422322138816,1.0,1.0,0.865234375,146.25,0.505882352941,140372.929749,69345872.4559,34793848327.6,34.5,-0.75,32895.0,2.04839009897e-06,Class 4
0.355570934256,18360.0,5653024.38277,21419.3437653,0.717651400978,1.0,67173.0827626,0.437824188732,0.52282089339,0.00230794622824,0.258475517047,0.10048413227,1.0,1.0,0.71875,84.0,0.529411764706,67317.375061,29649822.2183,13927428418.4,72.0,0.0,12240.0,4.27490107612e-06,Class 4
0.718546712803,9562.5,16668547.0649,59668.1718903,0.852943438009,1.0,228158.190146,0.208310018051,0.252528027958,0.00291104960194,0.181349741726,0.00508766029192,1.0,1.0,0.853515625,233.25,0.841176470588,228345.210999,114015985.574,57525517479.3,37.5,0.75,54697.5,2.22651097714e-06,Class 4
0.494602076125,9562.5,18127435.7658,47046.058609,0.852943438009,1.0,183699.093007,0.373579122684,0.415310875092,0.00291104960194,0.181349741726,0.327889794778,1.0,1.0,0.853515625,189.75,0.670588235294,183976.570374,91388325.4796,45985587610.0,37.5,-5.25,43605.0,2.22651097714e-06,Class 4
0.559792387543,6502.5,18649580.6438,49723.4765778,0.900001537846,1.0,194428.590676,0.334627756601,0.364050964739,0.00318786621094,0.141181741505,0.441389445108,1.0,1.0,0.900390625,197.25,0.723529411765,194686.335999,97630474.4668,49367993038.9,25.5,-2.25,47047.5,1.51402746446e-06,Class 4
0.410311418685,9945.0,17539371.7812,41691.2226715,0.84706117553,1.0,156550.537158,0.419937598948,0.465977480638,0.00287888048429,0.185781239561,0.356228191518,1.0,1.0,0.84765625,163.5,0.564705882353,156819.890686,77441099.4739,38847741533.2,39.0,0.0,36720.0,2.31557141623e-06,Class 4
0.550519031142,5737.5,18895173.1151,49340.9882965,0.911766062806,1.0,190607.072275,0.337927263298,0.364403514533,0.00326247693758,0.129609026659,0.493169874844,1.0,1.0,0.912109375,192.75,0.711764705882,190861.476624,95874889.1136,48522397777.3,22.5,0.75,46282.5,1.33590658629e-06,Class 4
0.476055363322,11857.5,17654979.2415,49340.9882965,0.817649863132,1.0,182926.11334,0.381087435024,0.435609719412,0.00272614475765,0.206264981707,0.219441488005,1.0,1.0,0.818359375,191.25,0.658823529412,183211.523499,90412968.4099,45338944465.1,46.5,2.25,42840.0,2.76087361166e-06,Class 4
0.501176470588,11475.0,17677087.2828,50488.4531403,0.823532125611,1.0,188667.270959,0.366238132008,0.419190634476,0.0027556105881,0.202380905869,0.210244981991,1.0,1.0,0.82421875,196.5,0.682352941176,188948.859436,93436496.4391,46905789915.3,45.0,1.5,44370.0,2.67181317257e-06,Class 4
0.4323183391,14152.5,17173696.9152,47046.058609,0.782356288254,1.0,174504.485478,0.402397362141,0.467881128497,0.00256070358118,0.22753285056,0.164591964302,1.0,1.0,0.783203125,185.25,0.617647058824,174796.710999,85536290.6342,42702658239.4,55.5,-0.75,40162.5,3.29523624617e-06,Class 4
0.735017301038,6120.0,17396726.911,57755.730484,0.905883800326,1.0,227765.260954,0.223081494134,0.250122742488,0.00322490124554,0.135483564135,0.243589945872,1.0,1.0,0.90625,229.5,0.852941176471,227962.828186,114698757.037,58097553580.4,24.0,-3.0,55462.5,1.42496702537e-06,Class 4
0.427750865052,9562.5,17832311.7433,41691.2226715,0.852943438009,1.0,162285.389649,0.410783842927,0.452515595335,0.00291104960194,0.181349741726,0.377335030778,1.0,1.0,0.853515625,168.75,0.588235294118,162557.226624,80464627.5032,40414586983.4,37.5,-5.25,38250.0,2.22651097714e-06,Class 4
0.564775086505,6885.0,4182444.25612,14152.0664215,0.894119275367,1.0,49651.3584445,0.332215868851,0.364089633098,0.00315137183377,0.146712859852,0.399837068792,1.0,1.0,0.89453125,55.5,0.729411764706,49723.265686,23602909.5906,11589643515.9,27.0,0.0,10710.0,1.60308790354e-06,Class 4
0.587820069204,6120.0,18584878.4153,51253.4297028,0.905883800326,1.0,200172.423511,0.318120604224,0.346132668091,0.00322490124554,0.135483564135,0.439022473169,1.0,1.0,0.90625,202.5,0.747058823529,200423.671936,100654002.496,50934838489.0,24.0,-1.5,48577.5,1.42496702537e-06,Class 4
0.598823529412,7267.5,18196528.4546,53165.871109,0.888237012887,1.0,204378.126901,0.312238980056,0.345816249663,0.00311541811405,0.152085171617,0.341778748784,1.0,1.0,0.888671875,207.75,0.758823529412,204631.007874,102507116.385,51805302765.2,28.5,0.75,49342.5,1.69214834263e-06,Class 4
0.377508650519,9562.5,15501286.0392,34806.433609,0.852943438009,1.0,130192.986333,0.436619861528,0.480837871436,0.00291104960194,0.181349741726,0.396136357119,1.0,1.0,0.853515625,137.25,0.464705882353,130428.210999,64079080.5385,32058086043.5,37.5,-0.75,30217.5,2.22651097714e-06,Class 4
0.506366782007,12622.5,17387842.1342,51253.4297028,0.805885338172,1.0,191344.895651,0.359217711063,0.417614232416,0.00266883506907,0.213733170105,0.152254644946,1.0,1.0,0.806640625,200.25,0.688235294118,191626.242249,94509346.1866,47378325575.3,49.5,0.75,44752.5,2.93899448983e-06,Class 4
0.528096885813,11092.5,17651997.3855,51253.4297028,0.829414388091,1.0,194410.179994,0.349990705765,0.40129882667,0.00278561707599,0.198393410652,0.198073574733,1.0,1.0,0.830078125,201.75,0.705882352941,194686.195374,96460024.4684,48472635365.4,43.5,-0.75,45900.0,2.58275273349e-06,Class 4
0.35508650519,18742.5,15840894.5215,43986.152359,0.711769138498,1.0,156142.662993,0.436721590321,0.523462989753,0.0022882122317,0.260821640615,0.0920481992172,1.0,1.0,0.712890625,171.75,0.529411764706,156437.132874,75002670.9418,37032157171.7,73.5,0.75,34425.0,4.3639615152e-06,Class 4
0.327820069204,15682.5,10044593.2778,27921.6445465,0.758827238335,1.0,95041.6918176,0.462118934127,0.534689128378,0.00246122261232,0.239918269883,0.19575248304,1.0,1.0,0.759765625,108.75,0.452941176471,95239.1016235,44572405.2937,21711917640.0,61.5,0.75,19890.0,3.65147800252e-06,Class 4
0.77660899654,2295.0,18084981.0784,58138.2187653,0.964706425122,1.0,230087.673745,0.194478154428,0.20510274251,0.00362498775073,0.0663118708952,0.602012511262,1.0,1.0,0.96484375,228.0,0.876470588235,230257.875061,116844528.248,59440577899.2,9.0,0.0,56992.5,5.34362634515e-07,Class 4
0.942422145329,1530.0,16805060.4685,63493.0547028,0.976470950082,1.0,253915.857085,0.0640189757276,0.0697653063227,0.00371149294104,0.0484125532609,0.231313113114,1.0,1.0,0.9765625,250.5,0.970588235294,253972.171936,129133697.435,65757697728.9,6.0,-1.5,63112.5,3.56241756343e-07,Class 4
0.577301038062,3060.0,19482256.733,48958.5000153,0.952941900163,1.0,191013.241251,0.310833813866,0.324354438043,0.00354064519018,0.0824127316616,0.686930891917,1.0,1.0,0.953125,190.5,0.723529411765,191244.046936,96752717.6479,49144171907.5,12.0,1.5,47047.5,7.12483512686e-07,Class 4
0.886989619377,2677.5,16982524.6653,62345.589859,0.958824162643,1.0,247366.890139,0.112765113912,0.12497736421,0.00358254614173,0.0745532402139,0.239591293149,1.0,1.0,0.958984375,245.25,0.941176470588,247469.835999,125524962.336,63842661691.8,10.5,-0.75,61200.0,6.234230736e-07,Class 4
0.844705882353,4590.0,16852860.6454,61963.1015778,0.929412850245,1.0,243135.673584,0.138215554983,0.159464731148,0.00337844795834,0.110813658488,0.0650473788153,1.0,1.0,0.9296875,243.0,0.917647058824,243262.406311,122891548.448,62375292300.0,18.0,0.0,59670.0,1.06872526903e-06,Class 4
0.391764705882,8032.5,14802621.1024,32893.9922028,0.876472487928,1.0,122564.032101,0.426217467238,0.463342676959,0.00304513264692,0.162382102656,0.460755104133,1.0,1.0,0.876953125,128.25,0.441176470588,122778.492249,60567909.8321,30366895520.4,31.5,0.75,28687.5,1.8702692208e-06,Class 4
0.401868512111,8797.5,17113874.0904,38631.3164215,0.864707962969,1.0,146240.143892,0.422881669312,0.463553703071,0.00297700980955,0.172123107047,0.417473601558,1.0,1.0,0.865234375,152.25,0.529411764706,146492.742249,72466929.0206,36385562792.3,34.5,-0.75,34425.0,2.04839009897e-06,Class 4
0.804290657439,3060.0,17614008.4601,58903.1953278,0.952941900163,1.0,235453.140947,0.178302184534,0.189794845724,0.00354064519018,0.0824127316616,0.509886395506,1.0,1.0,0.953125,234.0,0.894117647059,235612.687561,119380377.742,60684101776.9,12.0,-3.0,58140.0,7.12483512686e-07,Class 4
0.763529411765,5737.5,17251363.396,59285.683609,0.911766062806,1.0,231988.633041,0.202473691705,0.22894994294,0.00326247693758,0.129609026659,0.195929820446,1.0,1.0,0.912109375,233.25,0.870588235294,232170.210999,116942020.925,59266470414.3,22.5,-0.75,56610.0,1.33590658629e-06,Class 4
0.550519031142,9945.0,17813481.6243,51635.917984,0.84706117553,1.0,197858.816687,0.338600445239,0.384443619328,0.00287888048429,0.185781239561,0.234434694304,1.0,1.0,0.84765625,204.0,0.723529411765,198128.625061,98508231.2856,49591814170.2,39.0,-1.5,47047.5,2.31557141623e-06,Class 4
