0.647090394343,4763.73626374,18522713.0408,54066.7501011,0.926741053367,1.0,210319.719997,0.281268603259,0.303162734364,0.00336057687558,0.113781358503,0.486091393427,1.0,1.0,0.927026098901,211.098901099,0.791208791209,210550.546078,106164455.254,53833309289.2,18.6813186813,0.934065934066,51448.3516484,1.10917762964e-06,Class 1
0.402353446309,8098.35164835,16821785.1343,37870.5430269,0.875459790724,1.0,141236.095523,0.421158645431,0.458274381238,0.00303918352534,0.163241835663,0.453596127924,1.0,1.0,0.875944368132,146.648351648,0.512820512821,141478.384333,70087917.5631,35217743478.2,31.7582417582,1.86813186813,33346.1538462,1.88560197039e-06,Class 1
0.686296609374,5240.10989011,18055832.5245,56210.3657433,0.919415158704,1.0,218429.022637,0.258009985073,0.282123992492,0.00331214774061,0.121688643122,0.396376536061,1.0,1.0,0.919728708791,219.505494505,0.820512820513,218648.63502,110172949.518,55846636699.3,20.5494505495,0.934065934066,53353.8461538,1.2200953926e-06,Class 1
0.543479719304,6192.85714286,18807362.9261,49303.1597852,0.904763369378,1.0,189809.247585,0.342935062,0.371482093484,0.00321780526989,0.136582227618,0.468372339263,1.0,1.0,0.905133928571,192.417582418,0.70695970696,190067.063935,95353635.8921,48226955829.8,24.2857142857,0.934065934066,45970.0549451,1.44193091853e-06,Class 1
0.647090394343,4763.73626374,18522713.0408,54066.7501011,0.926741053367,1.0,210319.719997,0.281268603259,0.303162734364,0.00336057687558,0.113781358503,0.486091393427,1.0,1.0,0.927026098901,211.098901099,0.791208791209,210550.546078,106164455.254,53833309289.2,18.6813186813,0.934065934066,51448.3516484,1.10917762964e-06,Class 1
0.686296609374,5240.10989011,18055832.5245,56210.3657433,0.919415158704,1.0,218429.022637,0.258009985073,0.282123992492,0.00331214774061,0.121688643122,0.396376536061,1.0,1.0,0.919728708791,219.505494505,0.820512820513,218648.63502,110172949.518,55846636699.3,20.5494505495,0.934065934066,53353.8461538,1.2200953926e-06,Class 1
0.365025694696,10956.5934066,12165450.2969,28581.5419109,0.831504422745,1.0,106027.150971,0.444697691661,0.494796421686,0.0027964089007,0.196951182425,0.34512997551,1.0,1.0,0.832160027473,114.89010989,0.465201465201,106227.728426,51381551.4543,25491802817.8,42.967032967,-2.8021978022,23818.6813187,2.55110854817e-06,Class 1
0.479692468703,6192.85714286,18772513.0232,44777.748985,0.904763369378,1.0,170756.643406,0.37647608972,0.40465417992,0.00321780526989,0.136582227618,0.515567507203,1.0,1.0,0.905133928571,173.736263736,0.6336996337,171012.702671,85636060.5075,43271068302.2,24.2857142857,1.86813186813,41206.3186813,1.44193091853e-06,Class 1
0.402353446309,8098.35164835,16821785.1343,37870.5430269,0.875459790724,1.0,141236.095523,0.421158645431,0.458274381238,0.00303918352534,0.163241835663,0.453596127924,1.0,1.0,0.875944368132,146.648351648,0.512820512821,141478.384333,70087917.5631,35217743478.2,31.7582417582,1.86813186813,33346.1538462,1.88560197039e-06,Class 1
0.616229923922,5716.48351648,18494325.3422,53590.3910695,0.912089264041,1.0,205543.660248,0.301207916751,0.326466225653,0.00326455720538,0.129280935583,0.452957733229,1.0,1.0,0.912431318681,207.362637363,0.769230769231,205786.926572,103492110.859,52408487829.1,22.4175824176,2.8021978022,50019.2307692,1.33101315557e-06,Class 1
0.469817118169,14529.3956044,3147606.18607,15958.0275736,0.77656021277,1.0,45880.8613959,0.376540769762,0.443163535784,0.00253539473171,0.230710916445,0.120495746153,1.0,1.0,0.777429601648,59.3131868132,0.655677655678,45968.201469,19738654.7414,9121872593.89,56.978021978,3.26923076923,7860.16483516,3.3829917704e-06,Class 1
0.496249781964,11432.967033,3827699.02433,15719.8480578,0.824178528082,1.0,49454.6471059,0.369463933481,0.422126839594,0.00275888156234,0.201947826641,0.218142641798,1.0,1.0,0.824862637363,59.7802197802,0.677655677656,49540.989072,22350289.4106,10655112634.2,44.8351648352,1.86813186813,9527.47252747,2.66202631114e-06,Class 1
0.549463967046,5716.48351648,18904810.4024,49303.1597852,0.912089264041,1.0,190289.078627,0.33843900847,0.364770461527,0.00326455720538,0.129280935583,0.496313317721,1.0,1.0,0.912431318681,192.417582418,0.710622710623,190543.437561,95718050.5512,48443777807.1,22.4175824176,0.934065934066,46208.2417582,1.33101315557e-06,Class 1
0.349756470636,15958.5164835,15961118.0791,40490.5177007,0.754582528781,1.0,148101.386379,0.448715464633,0.522297549778,0.00244419701002,0.242010049323,0.172960047231,1.0,1.0,0.755537431319,161.126373626,0.509157509158,148385.349477,71606196.6099,35480993687.5,62.5824175824,-2.33516483516,33107.967033,3.71574505929e-06,Class 1
0.409357431335,12385.7142857,17326722.7045,45015.9285008,0.809526738755,1.0,163582.320818,0.420109162115,0.476465342515,0.00268634268486,0.211463502889,0.25786137092,1.0,1.0,0.810267857143,172.802197802,0.582417582418,163867.127465,80412791.1691,40204588221.6,48.5714285714,3.73626373626,37871.7032967,2.88386183706e-06,Class 1
0.545250841954,6669.23076923,18677578.5644,49064.9802694,0.897437474714,1.0,191235.774327,0.342975689293,0.373394481244,0.00317189193415,0.143612773243,0.439982386926,1.0,1.0,0.897836538462,194.285714286,0.710622710623,191496.126435,95960978.7714,48505722605.3,26.1538461538,-1.86813186813,46208.2417582,1.5528486815e-06,Class 1
0.402353446309,8098.35164835,16821785.1343,37870.5430269,0.875459790724,1.0,141236.095523,0.421158645431,0.458274381238,0.00303918352534,0.163241835663,0.453596127924,1.0,1.0,0.875944368132,146.648351648,0.512820512821,141478.384333,70087917.5631,35217743478.2,31.7582417582,1.86813186813,33346.1538462,1.88560197039e-06,Class 1
0.549463967046,5716.48351648,18904810.4024,49303.1597852,0.912089264041,1.0,190289.078627,0.33843900847,0.364770461527,0.00326455720538,0.129280935583,0.496313317721,1.0,1.0,0.912431318681,192.417582418,0.710622710623,190543.437561,95718050.5512,48443777807.1,22.4175824176,0.934065934066,46208.2417582,1.33101315557e-06,Class 1
0.48927263213,6907.41758242,18703860.9076,46206.8260798,0.893774527383,1.0,176227.84932,0.373619782221,0.405350033637,0.00314924974117,0.147032025921,0.464457693511,1.0,1.0,0.894187843407,179.807692308,0.652014652015,176490.809642,88247650.5187,44556498782.8,27.0879120879,1.4010989011,42397.2527473,1.60830756298e-06,Class 1
0.660024956728,3810.98901099,18691987.428,54543.1091327,0.941392842694,1.0,211281.168051,0.270957683662,0.286766292322,0.00345995094473,0.0968998909285,0.582963188932,1.0,1.0,0.941620879121,211.098901099,0.798534798535,211503.29333,106893284.572,54266953243.7,14.9450549451,2.8021978022,51924.7252747,8.87342103712e-07,Class 1
0.510633444699,7145.6043956,18662311.3117,48350.441722,0.890111580051,1.0,183132.850495,0.362832130474,0.394951389071,0.00312681719814,0.150389892001,0.441415633985,1.0,1.0,0.890539148352,186.813186813,0.677655677656,183398.008303,91709533.9584,46306545617.0,28.021978022,2.8021978022,44064.5604396,1.66376644446e-06,Class 1
0.686377114949,5240.10989011,18055233.5786,56448.5452591,0.919415158704,1.0,218429.022637,0.258009985073,0.281687101605,0.00331214774061,0.121688643122,0.40505270683,1.0,1.0,0.919728708791,219.505494505,0.820512820513,218648.63502,110172949.518,55846636699.3,20.5494505495,1.86813186813,53353.8461538,1.2200953926e-06,Class 1
0.6327335668,6669.23076923,18103126.8329,54781.2886485,0.897437474714,1.0,210308.809365,0.291616182267,0.322034974218,0.00317189193415,0.143612773243,0.351995803229,1.0,1.0,0.897836538462,212.967032967,0.783882783883,210550.487698,105678554.156,53461610132.9,26.1538461538,1.86813186813,50971.978022,1.5528486815e-06,Class 1
0.484871660696,6669.23076923,18729658.8794,45730.4670482,0.897437474714,1.0,174086.455276,0.375315607943,0.405734399893,0.00317189193415,0.143612773243,0.483496856044,1.0,1.0,0.897836538462,177.472527473,0.644688644689,174347.201297,87215160.9252,44045423830.5,26.1538461538,1.86813186813,41920.8791209,1.5528486815e-06,Class 1
0.450683626508,7860.16483516,18303432.9158,44063.2104376,0.879122738056,1.0,165746.364905,0.3959719881,0.431755318131,0.00306077746864,0.160112617639,0.438962635083,1.0,1.0,0.879593063187,170.467032967,0.608058608059,166010.881757,82660033.5081,41644911064.5,30.8241758242,2.33516483516,39539.010989,1.83014308891e-06,Class 1
0.566370137799,7621.97802198,18316081.3647,52161.3139747,0.882785685388,1.0,197903.776744,0.331785590028,0.366171001413,0.00308258106187,0.156928557053,0.363594467206,1.0,1.0,0.883241758242,201.758241758,0.732600732601,198165.123687,99119179.6069,50054433661.9,29.8901098901,2.8021978022,47637.3626374,1.77468420742e-06,Class 1
0.430235210455,8812.91208791,17951195.8121,42157.7743113,0.86447094873,1.0,160980.378442,0.408234097485,0.448839343689,0.00297565959506,0.172313941944,0.399771450574,1.0,1.0,0.864998282967,166.730769231,0.586080586081,161247.262252,79987689.1128,40220089604.5,34.5604395604,-1.4010989011,38109.8901099,2.05197861483e-06,Class 1
0.487259992754,4525.54945055,19023808.3745,43348.6718903,0.930404000699,1.0,167199.295501,0.36501929553,0.385591746026,0.00338510591796,0.109700806603,0.616666999733,1.0,1.0,0.930674793956,168.598901099,0.626373626374,167440.061016,84239178.5838,42667076152.5,17.7472527473,1.4010989011,40729.9450549,1.05371874816e-06,Class 1
0.603080680004,3572.8021978,19198426.0163,50732.23688,0.945055790025,1.0,198647.209647,0.300860333887,0.31734737678,0.00348531858686,0.092429119479,0.62119903193,1.0,1.0,0.945269574176,198.489010989,0.750915750916,198879.78629,100516128.517,51030140151.2,14.010989011,0.467032967033,48828.2967033,8.3188322223e-07,Class 1
0.474083913644,13576.6483516,3455255.69909,15958.0275736,0.791212002097,1.0,47784.7590006,0.377331849533,0.439834952893,0.00260038621154,0.222511082858,0.149783427102,1.0,1.0,0.792024381868,60.2472527473,0.659340659341,47873.6667849,20953362.829,9803310924.77,53.2417582418,2.33516483516,8574.72527473,3.16115624447e-06,Class 1
0.648593165077,3096.42857143,18999590.5718,53114.0320379,0.952381684689,1.0,207710.64683,0.27370808447,0.287487182135,0.00353668282091,0.0831431083873,0.643391939976,1.0,1.0,0.952566964286,206.895604396,0.787545787546,207930.622485,105253452.1,53477111515.8,12.1428571429,1.4010989011,51210.1648352,7.20965459266e-07,Class 1
0.512163050625,11432.967033,17644279.8802,50494.0573642,0.824178528082,1.0,191216.370519,0.359321070446,0.412183117877,0.00275888156234,0.201947826641,0.199433746068,1.0,1.0,0.824862637363,198.956043956,0.692307692308,191495.980487,94746226.0258,47576474714.7,44.8351648352,-0.934065934066,45017.3076923,2.66202631114e-06,Class 1
0.475264662078,10956.5934066,4787314.45845,17625.2841842,0.831504422745,1.0,56586.9437985,0.383242748884,0.433341478909,0.0027964089007,0.196951182425,0.263364847363,1.0,1.0,0.832160027473,66.3186813187,0.655677655678,56686.3891407,26115855.4544,12606495246.1,42.967032967,2.8021978022,11432.967033,2.55110854817e-06,Class 1
0.568275436407,4287.36263736,19193295.1402,49779.5188168,0.934066948031,1.0,191730.044558,0.323035997692,0.341262454237,0.00340984461029,0.10553022542,0.602411758404,1.0,1.0,0.934323489011,192.417582418,0.721611721612,191972.55844,96811294.5287,49094243738.8,16.8131868132,2.8021978022,46922.8021978,9.98259866676e-07,Class 1
0.5753867622,10003.8461538,17642784.5796,53828.5705853,0.846156212071,1.0,203142.006453,0.32217513506,0.368183968577,0.00287397937662,0.186452619378,0.20268067166,1.0,1.0,0.846754807692,209.230769231,0.74358974359,203405.000061,101184136.465,50952678786.6,39.2307692308,1.86813186813,48351.9230769,2.32927302224e-06,Class 1
0.587677279985,7860.16483516,18115888.6844,53114.0320379,0.879122738056,1.0,202909.689314,0.318716188855,0.354887199984,0.00306077746864,0.160112617639,0.317447215047,1.0,1.0,0.879593063187,206.895604396,0.750915750916,203166.886222,101609305.508,51308891743.3,30.8241758242,1.4010989011,48828.2967033,1.83014308891e-06,Class 1
0.532879818594,6907.41758242,18667312.8016,49303.1597852,0.893774527383,1.0,188613.397278,0.350178998058,0.381909249474,0.00314924974117,0.147032025921,0.432206909462,1.0,1.0,0.894187843407,191.950549451,0.699633699634,188876.144464,94564074.5187,47777825675.8,27.0879120879,1.4010989011,45493.6813187,1.60830756298e-06,Class 1
0.439869044265,14529.3956044,17107900.6414,48112.2622062,0.77656021277,1.0,177150.945538,0.396339962285,0.463590034759,0.00253539473171,0.230710916445,0.144131844885,1.0,1.0,0.777429601648,188.214285714,0.626373626374,177443.294189,86789924.8951,43317496534.2,56.978021978,0.467032967033,40729.9450549,3.3829917704e-06,Class 1
0.469817118169,14529.3956044,3147606.18607,15958.0275736,0.77656021277,1.0,45880.8613959,0.376540769762,0.443163535784,0.00253539473171,0.230710916445,0.120495746153,1.0,1.0,0.777429601648,59.3131868132,0.655677655678,45968.201469,19738654.7414,9121872593.89,56.978021978,3.26923076923,7860.16483516,3.3829917704e-06,Class 1
0.43224784983,12147.5274725,17549156.6731,45730.4670482,0.813189686087,1.0,170963.85813,0.406859798745,0.463080574265,0.00270416292933,0.209142722832,0.242396957272,1.0,1.0,0.813916552198,179.807692308,0.611721611722,171250.699752,84239089.2679,42171457033.1,47.6373626374,-0.467032967033,39777.1978022,2.82840295558e-06,Class 1
0.502743898348,12862.0879121,2968115.42201,14767.1299947,0.802200844092,1.0,43270.5750119,0.360893625946,0.419906650077,0.00265133114573,0.215992228797,0.150395574659,1.0,1.0,0.802970467033,55.1098901099,0.684981684982,43348.277877,18827651.587,8765674820.56,50.4395604396,2.8021978022,7621.97802198,2.99477960003e-06,Class 1
0.50244871124,13576.6483516,2664484.13064,14290.7709631,0.791212002097,1.0,41129.5283162,0.358035214313,0.420538317673,0.00260038621154,0.222511082858,0.120875922641,1.0,1.0,0.792024381868,53.7087912088,0.684981684982,41204.6403426,17552211.4444,8068750290.12,53.2417582418,2.33516483516,6907.41758242,3.16115624447e-06,Class 1
0.336982919401,13814.8351648,14622725.0803,35012.3888374,0.787549054765,1.0,127888.983565,0.459370282005,0.523105774626,0.00258382386668,0.224612857632,0.251906828532,1.0,1.0,0.788375686813,139.175824176,0.43956043956,128140.156311,61827911.4993,30633524740.2,54.1758241758,-1.86813186813,28582.4175824,3.21661512596e-06,Class 1
0.487286827946,12385.7142857,3635289.81094,16196.2070894,0.809526738755,1.0,48501.0998014,0.372820156341,0.429176336741,0.00268634268486,0.211463502889,0.189395845587,1.0,1.0,0.810267857143,59.7802197802,0.67032967033,48588.2418193,21621460.0923,10221468679.7,48.5714285714,3.73626373626,9051.0989011,2.88386183706e-06,Class 1
0.496249781964,11432.967033,3827699.02433,15719.8480578,0.824178528082,1.0,49454.6471059,0.369463933481,0.422126839594,0.00275888156234,0.201947826641,0.218142641798,1.0,1.0,0.824862637363,59.7802197802,0.677655677656,49540.989072,22350289.4106,10655112634.2,44.8351648352,1.86813186813,9527.47252747,2.66202631114e-06,Class 1
0.662842651854,6907.41758242,17795177.288,56210.3657433,0.893774527383,1.0,216273.737538,0.271812458319,0.303542709735,0.00314924974117,0.147032025921,0.288480603563,1.0,1.0,0.894187843407,219.038461538,0.805860805861,216504.968296,108654558.826,54963862590.7,27.0879120879,1.4010989011,52401.0989011,1.60830756298e-06,Class 1
0.784352399737,6192.85714286,16957449.986,60735.7765434,0.904763369378,1.0,235632.737434,0.181494801583,0.210041833067,0.00321780526989,0.136582227618,0.0878397712066,1.0,1.0,0.905133928571,237.252747253,0.882783882784,235797.530968,118675816.815,60121085896.0,24.2857142857,0.934065934066,57403.021978,1.44193091853e-06,Class 1
0.581371009942,8812.91208791,17908434.8139,53352.2115537,0.86447094873,1.0,202906.337933,0.321317162603,0.361922408807,0.00297565959506,0.172313941944,0.263847417256,1.0,1.0,0.864998282967,207.82967033,0.747252747253,203166.857032,101366354.959,51123042165.2,34.5604395604,1.4010989011,48590.1098901,2.05197861483e-06,Class 1
0.621570127065,7383.79120879,17996020.1214,54304.9296169,0.886448632719,1.0,209113.030731,0.297960988919,0.332118219323,0.00310459430504,0.153688174234,0.304663484069,1.0,1.0,0.886890453297,212.5,0.776556776557,209359.568227,104888992.783,53012479978.8,28.956043956,0.467032967033,50495.6043956,1.71922532594e-06,Class 1
0.603241691154,3572.8021978,19195938.7056,51208.5959115,0.945055790025,1.0,198647.209647,0.300860333887,0.316049047675,0.00348531858686,0.092429119479,0.63741448111,1.0,1.0,0.945269574176,198.489010989,0.750915750916,198879.78629,100516128.517,51030140151.2,14.010989011,2.33516483516,48828.2967033,8.3188322223e-07,Class 1
0.396852232017,10480.2197802,17202999.7598,40252.3381849,0.838830317408,1.0,152166.610564,0.427503779941,0.47573179478,0.00283477483879,0.191788129747,0.344120968418,1.0,1.0,0.839457417582,159.725274725,0.545787545788,152434.569086,75068147.0365,37602754861.3,41.0989010989,-1.86813186813,35489.8351648,2.44019078521e-06,Class 2
0.607750003354,7145.6043956,18164246.193,52875.8525221,0.890111580051,1.0,206013.040458,0.30687878397,0.33953351803,0.00312681719814,0.150389892001,0.346313588269,1.0,1.0,0.890539148352,209.230769231,0.765567765568,206263.241819,103370624.42,52253610650.1,28.021978022,-1.86813186813,49781.043956,1.66376644446e-06,Class 2
0.3927196125,8098.35164835,15554954.644,33583.3117426,0.875459790724,1.0,128868.219883,0.426031605722,0.462675894245,0.00303918352534,0.163241835663,0.459932362443,1.0,1.0,0.875944368132,134.505494505,0.465201465201,129093.049512,63771493.5632,31996416585.3,31.7582417582,-2.8021978022,30249.7252747,1.88560197039e-06,Class 2
0.497430530398,7145.6043956,18666249.2279,45968.646564,0.890111580051,1.0,179322.092028,0.369929150917,0.402048409515,0.00312681719814,0.150389892001,0.450809043331,1.0,1.0,0.890539148352,183.076923077,0.663003663004,179587.13605,89766018.8814,45315368111.5,28.021978022,-2.8021978022,43111.8131868,1.66376644446e-06,Class 2
0.547263481329,5478.2967033,18969651.7169,47874.0826904,0.915752211372,1.0,189099.590025,0.339030164842,0.362669913731,0.00328824764803,0.125522565003,0.529674587162,1.0,1.0,0.916080013736,191.016483516,0.70695970696,189352.547279,95171439.727,48180497231.1,21.4835164835,-3.26923076923,45970.0549451,1.27555427409e-06,Class 2
0.519596398717,5001.92307692,19126575.6676,45492.2875324,0.923078106036,1.0,180052.080428,0.351533743425,0.372797942728,0.00333625748313,0.117776048263,0.579480042185,1.0,1.0,0.923377403846,181.675824176,0.673992673993,180301.740274,90677066.6938,45919375444.6,19.6153846154,-3.26923076923,43826.3736264,1.16463651112e-06,Class 2
0.498155080573,5954.67032967,18903441.4055,45015.9285008,0.908426316709,1.0,176234.522345,0.36623671289,0.393002761722,0.00324107641267,0.132966613848,0.521802203412,1.0,1.0,0.908782623626,178.873626374,0.655677655678,176490.838832,88490601.0678,44742348361.0,23.3516483516,-2.33516483516,42635.4395604,1.38647203705e-06,Class 2
0.62116759919,4287.36263736,18864326.9035,51684.9549431,0.934066948031,1.0,204123.34519,0.294567335298,0.313702497477,0.00340984461029,0.10553022542,0.558654502278,1.0,1.0,0.934323489011,204.56043956,0.769230769231,204357.893262,103127718.529,52315570631.8,16.8131868132,-1.86813186813,50019.2307692,9.98259866676e-07,Class 2
0.38195870064,10718.4065934,16671290.3409,38585.0815743,0.835167370076,1.0,144789.902556,0.435530291795,0.484991420474,0.00281548704477,0.194390822,0.34274952081,1.0,1.0,0.835808722527,152.71978022,0.516483516484,145050.996799,71241848.9377,35635886049.8,42.032967033,-1.4010989011,33584.3406593,2.49564966669e-06,Class 2
0.396986407975,11432.967033,8273886.36192,23341.5925633,0.824178528082,1.0,80828.7623737,0.427509264072,0.480371311504,0.00275888156234,0.201947826641,0.301006566522,1.0,1.0,0.824862637363,90.6043956044,0.556776556777,80980.6851572,38384288.7952,18832327054.7,44.8351648352,0.934065934066,17387.6373626,2.66202631114e-06,Class 2
0.418159374203,9051.0989011,17697711.7013,40728.6972165,0.860808001398,1.0,156457.3068,0.41498906152,0.456133962512,0.0029549042515,0.175236916985,0.399455486993,1.0,1.0,0.861349587912,162.527472527,0.567765567766,156721.844154,77619027.3217,38996603922.2,35.4945054945,-2.8021978022,36918.956044,2.10743749632e-06,Class 2
0.601551074079,7860.16483516,18017933.3474,53352.2115537,0.879122738056,1.0,205771.635158,0.310034687354,0.34639882153,0.00306077746864,0.160112617639,0.296782072558,1.0,1.0,0.879593063187,209.697802198,0.761904761905,206025.040411,103066941.816,52052274872.5,30.8241758242,-0.467032967033,49542.8571429,1.83014308891e-06,Class 2
0.504112493123,7145.6043956,18663734.7451,46206.8260798,0.890111580051,1.0,181227.392686,0.366451064311,0.397813700526,0.00312681719814,0.150389892001,0.45142500959,1.0,1.0,0.890539148352,184.945054945,0.67032967033,181492.572176,90737776.4199,45810956864.3,28.021978022,-3.73626373626,43588.1868132,1.66376644446e-06,Class 2
0.385313099599,9289.28571429,16216471.6798,36679.645448,0.857145054066,1.0,136709.734247,0.432193553067,0.475177440769,0.00293435855788,0.178111253971,0.403840898659,1.0,1.0,0.857700892857,143.379120879,0.490842490842,136952.937046,67476305.2229,33808408217.8,36.4285714286,0.467032967033,31917.032967,2.1628963778e-06,Class 2
0.500436071865,7145.6043956,18672290.5135,46683.1851114,0.890111580051,1.0,180274.723054,0.368207518138,0.401181603924,0.00312681719814,0.150389892001,0.440596602843,1.0,1.0,0.890539148352,184.010989011,0.666666666667,180539.854113,90251897.6507,45563162487.9,28.021978022,-0.934065934066,43350.0,1.66376644446e-06,Class 2
0.383273625032,9527.47252747,16198460.2658,36203.2864164,0.853482106735,1.0,136946.269279,0.43366328111,0.477451543319,0.00291402251419,0.180937997765,0.395692180398,1.0,1.0,0.854052197802,143.846153846,0.490842490842,137191.109264,67537037.278,33823894417.3,37.3626373626,-1.86813186813,31917.032967,2.21835525928e-06,Class 2
0.517798440875,4763.73626374,19180149.1353,45730.4670482,0.926741053367,1.0,178863.386504,0.351158939587,0.373053070691,0.00336057687558,0.113781358503,0.582871999417,1.0,1.0,0.927026098901,180.274725275,0.67032967033,179110.849992,90130455.8696,45656094868.7,18.6813186813,-0.934065934066,43588.1868132,1.10917762964e-06,Class 2
0.526251526252,7621.97802198,18513625.2586,48588.6212378,0.882785685388,1.0,188371.008696,0.354792454849,0.389679274318,0.00308258106187,0.156928557053,0.395241489152,1.0,1.0,0.883241758242,192.417582418,0.695970695971,188637.943056,94260391.9146,47576489898.1,29.8901098901,-1.86813186813,45255.4945055,1.77468420742e-06,Class 2
0.54165492627,3572.8021978,19442052.8984,45968.646564,0.945055790025,1.0,182446.632056,0.332353462614,0.347542176402,0.00348531858686,0.092429119479,0.667642170265,1.0,1.0,0.945269574176,182.60989011,0.688644688645,182683.579216,92256189.4406,46817635752.7,14.010989011,-2.33516483516,44779.1208791,8.3188322223e-07,Class 2
0.42019884877,9051.0989011,17744182.7631,40966.8767323,0.860808001398,1.0,157409.200491,0.413921789068,0.45506669006,0.0029549042515,0.175236916985,0.398175063173,1.0,1.0,0.861349587912,163.461538462,0.571428571429,157674.562218,78104906.0909,39244398298.6,35.4945054945,-2.8021978022,37157.1428571,2.10743749632e-06,Class 2
0.527566450643,2143.68131868,19648212.1784,43110.4923745,0.967033474015,1.0,172461.474487,0.326823878484,0.334407894284,0.00364192708825,0.0629332723939,0.790724448139,1.0,1.0,0.967161744505,171.401098901,0.655677655678,172680.083337,87518888.1873,44494569167.9,8.40659340659,-2.33516483516,42635.4395604,4.99129933338e-07,Class 2
0.527217593152,4763.73626374,19184846.3479,46206.8260798,0.926741053367,1.0,181721.151953,0.346429975543,0.367842814609,0.00336057687558,0.113781358503,0.582590136245,1.0,1.0,0.927026098901,183.076923077,0.681318681319,181969.004182,91588092.1773,46399477997.8,18.6813186813,-1.86813186813,44302.7472527,1.10917762964e-06,Class 2
0.476928443961,2858.24175824,18587365.907,38346.9020585,0.95604463202,1.0,152221.973468,0.35748906584,0.36964003687,0.00356267941285,0.0783115577812,0.740496525781,1.0,1.0,0.956215659341,152.252747253,0.575091575092,152434.802602,77011751.4294,39089551486.3,11.2087912088,-1.86813186813,37395.3296703,6.65506577784e-07,Class 2
0.457848622684,9527.47252747,18116050.3784,45015.9285008,0.853482106735,1.0,173117.482885,0.394043920093,0.43743230017,0.00291402251419,0.180937997765,0.348147839574,1.0,1.0,0.854052197802,179.340659341,0.630036630037,173394.395665,86000430.5087,43240080719.8,37.3626373626,-2.8021978022,40968.1318681,2.21835525928e-06,Class 2
0.377369882864,10003.8461538,15981459.8285,35726.9273848,0.846156212071,1.0,135516.631478,0.437407652971,0.483035840897,0.00287397937662,0.186452619378,0.379151219291,1.0,1.0,0.846754807692,142.912087912,0.483516483516,135762.017575,66686743.8496,33359278063.7,39.2307692308,-2.8021978022,31440.6593407,2.32927302224e-06,Class 2
0.495578902172,3572.8021978,19182211.7053,41919.5947955,0.945055790025,1.0,166256.108094,0.354763823815,0.369952537603,0.00348531858686,0.092429119479,0.685184305852,1.0,1.0,0.945269574176,166.730769231,0.626373626374,166487.372142,83996250.3637,42605131354.3,14.010989011,-2.33516483516,40729.9450549,8.3188322223e-07,Class 2
0.543291872962,3810.98901099,19385766.8587,46206.8260798,0.941392842694,1.0,183635.132148,0.333130387791,0.34893899645,0.00345995094473,0.0968998909285,0.652343317243,1.0,1.0,0.941620879121,184.010989011,0.692307692308,183874.469498,92802800.2648,47080916328.7,14.9450549451,-2.8021978022,45017.3076923,8.87342103712e-07,Class 2
0.536744086195,4287.36263736,19286111.4788,46445.0055956,0.934066948031,1.0,183154.329552,0.339153150578,0.358288312757,0.00340984461029,0.10553022542,0.611988919725,1.0,1.0,0.934323489011,184.010989011,0.688644688645,183398.095871,92438385.6057,46864094351.4,16.8131868132,-1.86813186813,44779.1208791,9.98259866676e-07,Class 2
0.371412470314,10956.5934066,16096784.5702,36679.645448,0.831504422745,1.0,138366.035571,0.44133547688,0.491434206906,0.0027964089007,0.196951182425,0.341451340016,1.0,1.0,0.832160027473,146.648351648,0.490842490842,138620.142575,67901429.6081,33916811614.7,42.967032967,-2.8021978022,31917.032967,2.55110854817e-06,Class 2
0.491768304955,4049.17582418,19091344.7966,41681.4152797,0.937729895362,1.0,166727.570177,0.360116583941,0.374871631993,0.00343479295254,0.101264981168,0.666809672839,1.0,1.0,0.937972184066,167.664835165,0.626373626374,166963.716579,84117714.4737,42636103753.4,15.8791208791,-4.2032967033,40729.9450549,9.42800985194e-07,Class 2
0.548095372271,3572.8021978,19436676.6851,46445.0055956,0.945055790025,1.0,184352.006704,0.329147412129,0.344336125917,0.00348531858686,0.092429119479,0.664872126132,1.0,1.0,0.945269574176,184.478021978,0.695970695971,184589.015343,93227946.979,47313224505.5,14.010989011,-2.33516483516,45255.4945055,8.3188322223e-07,Class 2
0.514846569792,5716.48351648,18980311.7184,46445.0055956,0.912089264041,1.0,180760.884711,0.35670873709,0.383040190146,0.00326455720538,0.129280935583,0.520288781715,1.0,1.0,0.912431318681,183.076923077,0.673992673993,181016.256929,90859262.8589,45965834043.3,22.4175824176,-0.934065934066,43826.3736264,1.33101315557e-06,Class 2
0.392826953267,8336.53846154,16075491.8217,35250.5683532,0.871796843393,1.0,133861.132445,0.426490258068,0.464879061774,0.00301779923198,0.16631760187,0.446061569035,1.0,1.0,0.872295673077,139.642857143,0.483516483516,134094.812046,66261619.4643,33250874666.8,32.6923076923,-1.4010989011,31440.6593407,1.94106085187e-06,Class 2
0.657234096795,7383.79120879,17713492.1977,55257.6476801,0.886448632719,1.0,215794.931495,0.274590435,0.308129057113,0.00310459430504,0.153688174234,0.265324097304,1.0,1.0,0.886890453297,219.038461538,0.802197802198,216028.59467,108290144.167,54747040613.5,28.956043956,-2.33516483516,52162.9120879,1.71922532594e-06,Class 2
0.425834239021,11671.1538462,17572871.7464,43825.0309219,0.82051558075,1.0,167632.085267,0.41146274219,0.46417140911,0.00274043236807,0.204385489428,0.276716351984,1.0,1.0,0.821213942308,176.071428571,0.600732600733,167916.201126,82659988.8501,41397101504.8,45.7692307692,-4.2032967033,39062.6373626,2.71748519262e-06,Class 2
0.600960699862,6192.85714286,18474613.6891,52161.3139747,0.904763369378,1.0,203156.325448,0.310603789129,0.339150820613,0.00321780526989,0.136582227618,0.417589370586,1.0,1.0,0.905133928571,205.494505495,0.758241758242,203405.116819,102155938.661,51696077099.1,24.2857142857,-0.934065934066,49304.6703297,1.44193091853e-06,Class 2
0.473171517128,2620.05494505,18247088.7418,37394.1839953,0.959707579352,1.0,147227.764427,0.356863232126,0.368920235836,0.00358888565471,0.0733411896689,0.75371589593,1.0,1.0,0.959864354396,147.115384615,0.556776556777,147433.040068,74521625.5282,37835093404.8,10.2747252747,-0.467032967033,36204.3956044,6.10047696302e-07,Class 2
0.36910464383,10956.5934066,15928647.9416,36679.645448,0.831504422745,1.0,136463.200448,0.442439710488,0.493093525426,0.0027964089007,0.196951182425,0.340345271082,1.0,1.0,0.832160027473,144.78021978,0.483516483516,136714.706448,66929672.0697,33421222862.0,42.967032967,-0.934065934066,31440.6593407,2.55110854817e-06,Class 2
0.412336137611,9289.28571429,17573343.2207,40966.8767323,0.857145054066,1.0,154790.241084,0.418226401186,0.461210288888,0.00293435855788,0.178111253971,0.386505379324,1.0,1.0,0.857700892857,161.126373626,0.56043956044,155054.580246,76708001.8383,38516501369.0,36.4285714286,-0.467032967033,36442.5824176,2.1628963778e-06,Class 2
0.363281407237,13100.2747253,16291427.1644,39537.7996375,0.79853789676,1.0,145255.339152,0.445277865468,0.505910471374,0.00263413985106,0.218201242176,0.258511566255,1.0,1.0,0.799321771978,155.521978022,0.509157509158,145527.282856,70877411.9496,35295159292.7,51.3736263736,-0.467032967033,33107.967033,3.05023848151e-06,Class 2
0.551261924888,11671.1538462,17381716.1428,52637.6730063,0.82051558075,1.0,200038.955225,0.332321538468,0.386206375998,0.00274043236807,0.204385489428,0.145032880769,1.0,1.0,0.821213942308,207.82967033,0.725274725275,200308.615274,99179867.0039,49822110301.7,45.7692307692,-1.4010989011,47160.989011,2.71748519262e-06,Class 2
0.41762267037,8336.53846154,17638285.4394,39775.9791533,0.871796843393,1.0,152892.105288,0.41400340262,0.452026892558,0.00301779923198,0.16631760187,0.434150623292,1.0,1.0,0.872295673077,158.324175824,0.556776556777,153149.17331,75979194.8489,38206762194.4,32.6923076923,-2.33516483516,36204.3956044,1.94106085187e-06,Class 2
0.67258382643,1905.49450549,19159278.342,52399.4934905,0.970696421347,1.0,210347.220221,0.252027697212,0.256822692142,0.00366876227992,0.0574634657617,0.78404665789,1.0,1.0,0.97081043956,208.296703297,0.802197802198,210550.633646,106893306.901,54390858023.5,7.47252747253,-2.8021978022,52162.9120879,4.43671051856e-07,Class 2
0.388828509708,10480.2197802,16883739.1756,38346.9020585,0.838830317408,1.0,147408.031213,0.432072078129,0.478766087176,0.00283477483879,0.191788129747,0.356218394365,1.0,1.0,0.839457417582,155.054945055,0.527472527473,147670.97877,72638753.1904,36363782979.4,41.0989010989,-4.67032967033,34298.9010989,2.44019078521e-06,Class 2
0.543560224879,6192.85714286,18805945.6575,48588.6212378,0.904763369378,1.0,189809.247585,0.342935062,0.3711131522,0.00321780526989,0.136582227618,0.473128301201,1.0,1.0,0.905133928571,192.417582418,0.70695970696,190067.063935,95353635.8921,48226955829.8,24.2857142857,-1.86813186813,45970.0549451,1.44193091853e-06,Class 2
0.415932053295,6669.23076923,16815041.5213,35250.5683532,0.897437474714,1.0,138866.764677,0.410221607367,0.43819202449,0.00317189193415,0.143612773243,0.53079958714,1.0,1.0,0.897836538462,142.912087912,0.509157509158,139096.632959,69237646.4637,34877031904.5,26.1538461538,-4.67032967033,33107.967033,1.5528486815e-06,Class 2
0.551557111997,3572.8021978,19427998.415,46445.0055956,0.945055790025,1.0,185304.747204,0.327496882165,0.341335011776,0.00348531858686,0.092429119479,0.672531249487,1.0,1.0,0.945269574176,185.412087912,0.699633699634,185541.733406,93713825.7483,47561018881.9,14.010989011,-3.26923076923,45493.6813187,8.3188322223e-07,Class 2
0.564894202257,5716.48351648,18831353.5427,49541.339301,0.912089264041,1.0,194101.534795,0.330115553803,0.35604697249,0.00326455720538,0.129280935583,0.489951070095,1.0,1.0,0.912431318681,196.153846154,0.725274725275,194354.309814,97661565.6282,49434955312.6,22.4175824176,-1.86813186813,47160.989011,1.33101315557e-06,Class 2
0.501777831448,10718.4065934,17849610.9243,48826.8007536,0.835167370076,1.0,187643.11737,0.367662863374,0.416413550753,0.00281548704477,0.194390822,0.251737198479,1.0,1.0,0.835808722527,194.752747253,0.681318681319,187923.309642,93106393.553,46786632986.9,42.032967033,-3.26923076923,44302.7472527,2.49564966669e-06,Class 2
0.549732318963,7621.97802198,18409532.3903,49779.5188168,0.882785685388,1.0,194090.054247,0.341504945898,0.375890357283,0.00308258106187,0.156928557053,0.379449035786,1.0,1.0,0.883241758242,198.021978022,0.717948717949,194354.251435,97175664.5299,49063256156.3,29.8901098901,-2.8021978022,46684.6153846,1.77468420742e-06,Class 2
0.563284090757,8812.91208791,18025873.0523,51923.1344589,0.86447094873,1.0,199090.898839,0.332659522678,0.373436959603,0.00297565959506,0.172313941944,0.281290265435,1.0,1.0,0.864998282967,204.093406593,0.732600732601,199355.984779,99422839.882,50131864659.7,34.5604395604,-0.467032967033,47637.3626374,2.05197861483e-06,Class 3
0.613009700922,5240.10989011,18653443.7538,52399.4934905,0.919415158704,1.0,204116.121324,0.302022196594,0.326281024083,0.00331214774061,0.121688643122,0.473514002172,1.0,1.0,0.919728708791,205.494505495,0.765567765568,204357.864072,102884767.98,52129721053.6,20.5494505495,0.0,49781.043956,1.2200953926e-06,Class 3
0.516241999758,7383.79120879,18601350.7662,48112.2622062,0.886448632719,1.0,185275.267216,0.360021471754,0.394178702159,0.00310459430504,0.153688174234,0.412410080697,1.0,1.0,0.886890453297,189.148351648,0.684981684982,185541.616648,92742023.5518,46817620569.4,28.956043956,-0.467032967033,44540.9340659,1.71922532594e-06,Class 3
0.458277985751,8812.91208791,18244152.012,45492.2875324,0.86447094873,1.0,171454.391441,0.393286577996,0.4338918242,0.00297565959506,0.172313941944,0.380058959239,1.0,1.0,0.864998282967,177.005494505,0.626373626374,171727.160947,85332355.5744,42945827744.7,34.5604395604,1.4010989011,40729.9450549,2.05197861483e-06,Class 3
0.411960444927,10718.4065934,17542417.5463,42634.1333429,0.835167370076,1.0,160018.660867,0.419348905989,0.468951557686,0.00281548704477,0.194390822,0.320406736497,1.0,1.0,0.835808722527,167.664835165,0.575091575092,160294.48581,79015909.2454,39600596071.9,42.032967033,-0.467032967033,37395.3296703,2.49564966669e-06,Class 3
0.532826148211,6907.41758242,18668261.0222,49064.9802694,0.893774527383,1.0,188613.397278,0.350178998058,0.382129109977,0.00314924974117,0.147032025921,0.428337970709,1.0,1.0,0.894187843407,191.950549451,0.699633699634,188876.144464,94564074.5187,47777825675.8,27.0879120879,0.467032967033,45493.6813187,1.60830756298e-06,Class 3
0.435575413597,10003.8461538,17907040.0735,44301.3899534,0.846156212071,1.0,166924.948502,0.40630469562,0.452617002646,0.00287397937662,0.186452619378,0.334819198321,1.0,1.0,0.846754807692,173.736263736,0.604395604396,167201.71366,82720743.2341,41536492484.2,39.2307692308,0.0,39300.8241758,2.32927302224e-06,Class 3
0.483449395537,6431.04395604,18764724.9543,44777.748985,0.901100422046,1.0,172897.641588,0.375291500845,0.405034231808,0.00319474377705,0.140130200229,0.493804511042,1.0,1.0,0.901485233516,176.071428571,0.641025641026,173156.311016,86668550.101,43782143254.6,25.2197802198,-0.467032967033,41682.6923077,1.49738980001e-06,Class 3
0.37135879993,10480.2197802,15770274.0113,36679.645448,0.838830317408,1.0,134087.134962,0.440952252057,0.489180266896,0.00283477483879,0.191788129747,0.360305539653,1.0,1.0,0.839457417582,141.978021978,0.47619047619,134332.925885,65836450.4212,32894661710.1,41.0989010989,1.86813186813,30964.2857143,2.44019078521e-06,Class 3
0.326517194649,14529.3956044,13150683.8497,32630.5936794,0.77656021277,1.0,116234.955995,0.464462791545,0.531712864018,0.00253539473171,0.230710916445,0.233611659363,1.0,1.0,0.777429601648,128.434065934,0.391941391941,116469.338145,55693683.6644,27458656445.9,56.978021978,-0.467032967033,25485.989011,3.3829917704e-06,Class 3
0.37280790028,9765.65934066,13754042.8845,31677.8756162,0.849819159403,1.0,116256.057589,0.439319034622,0.484509265475,0.00289389612044,0.183718139274,0.389542075336,1.0,1.0,0.850403502747,123.763736264,0.43956043956,116469.484093,56908436.4099,28387904336.6,38.2967032967,0.467032967033,26676.9230769,2.27381414076e-06,Class 3
0.564894202257,5716.48351648,18831353.5427,50494.0573642,0.912089264041,1.0,194101.534795,0.330115553803,0.35604697249,0.00326455720538,0.129280935583,0.489951070095,1.0,1.0,0.912431318681,196.153846154,0.725274725275,194354.309814,97661565.6282,49434955312.6,22.4175824176,1.86813186813,47160.989011,1.33101315557e-06,Class 3
0.398167156409,9765.65934066,17175024.1866,39775.9791533,0.849819159403,1.0,149552.962233,0.426197830121,0.471388060973,0.00289389612044,0.183718139274,0.373476103288,1.0,1.0,0.850403502747,156.456043956,0.538461538462,149814.616304,73914193.333,37060707509.8,38.2967032967,-0.467032967033,35013.4615385,2.27381414076e-06,Class 3
0.40251445746,7145.6043956,14493999.6128,31677.8756162,0.890111580051,1.0,119362.152172,0.418179254624,0.451259473928,0.00312681719814,0.150389892001,0.500237121885,1.0,1.0,0.890539148352,124.230769231,0.457875457875,119565.898069,59155656.42,29704322399.6,28.021978022,0.0,28106.043956,1.66376644446e-06,Class 3
0.365991761596,12147.5274725,10203658.9403,25008.8491739,0.813189686087,1.0,93898.6460297,0.444901704454,0.498472991108,0.00270416292933,0.209142722832,0.303831643216,1.0,1.0,0.813916552198,104.148351648,0.498168498168,94080.5366338,44882908.9603,22100112546.3,47.6373626374,-6.07142857143,20484.0659341,2.82840295558e-06,Class 3
0.348656227777,12385.7142857,14665264.0784,33821.4912584,0.809526738755,1.0,126468.015978,0.453853554928,0.510209735329,0.00268634268486,0.211463502889,0.29899424271,1.0,1.0,0.810267857143,136.373626374,0.43956043956,126711.123001,61463519.1691,30540607542.8,48.5714285714,-3.73626373626,28582.4175824,2.88386183706e-06,Class 3
0.424895007313,9289.28571429,17840455.7377,42395.9538271,0.857145054066,1.0,160501.757054,0.41160859138,0.454592479082,0.00293435855788,0.178111253971,0.377897786734,1.0,1.0,0.857700892857,166.730769231,0.582417582418,160770.888626,79623274.4537,40003267627.3,36.4285714286,-0.467032967033,37871.7032967,2.1628963778e-06,Class 3
0.351393417327,12147.5274725,12209806.7736,30248.7985214,0.813189686087,1.0,107210.420456,0.452199356479,0.508295281562,0.00270416292933,0.209142722832,0.303765186115,1.0,1.0,0.813916552198,117.225274725,0.446886446886,107418.589518,51685211.7295,25569233815.7,47.6373626374,1.4010989011,23818.6813187,2.82840295558e-06,Class 3
0.44381381744,11432.967033,17724996.7552,46206.8260798,0.824178528082,1.0,173109.492462,0.4010130355,0.453941386386,0.00275888156234,0.201947826641,0.262548991346,1.0,1.0,0.824862637363,181.208791209,0.622710622711,173394.337286,85514529.4105,42868381563.5,44.8351648352,0.0,40491.7582418,2.66202631114e-06,Class 3
0.446094808732,8574.72527473,18183373.7439,44063.2104376,0.868133896061,1.0,166456.271666,0.3995173159,0.439125154531,0.00299662458855,0.169341225678,0.399994027036,1.0,1.0,0.868646978022,171.868131868,0.608058608059,166725.398413,82842229.6732,41691369663.2,33.6263736264,0.934065934066,39539.010989,1.99651973335e-06,Class 3
0.566048115499,6431.04395604,18634106.353,51208.5959115,0.901100422046,1.0,195765.050914,0.331008129968,0.360039567232,0.00319474377705,0.140130200229,0.441564074232,1.0,1.0,0.901485233516,198.489010989,0.728937728938,196021.544532,98329640.5625,49729208287.7,25.2197802198,2.33516483516,47399.1758242,1.49738980001e-06,Class 3
0.445075071449,8336.53846154,18195977.9424,43825.0309219,0.871796843393,1.0,165267.441002,0.399716489032,0.438105292738,0.00301779923198,0.16631760187,0.414315031184,1.0,1.0,0.872295673077,170.467032967,0.604395604396,165534.508131,82295618.8489,41428089087.3,32.6923076923,1.4010989011,39300.8241758,1.94106085187e-06,Class 3
0.34436259711,13338.4615385,15137874.1537,35965.1069006,0.794874949429,1.0,132171.605868,0.455647038051,0.517169326782,0.00261715820634,0.220374032544,0.2640640987,1.0,1.0,0.795673076923,142.912087912,0.457875457875,132427.40219,64135841.2354,31841524222.9,52.3076923077,-1.86813186813,29773.3516484,3.10569736299e-06,Class 3
0.400340806934,7383.79120879,15455783.8846,32868.7731952,0.886448632719,1.0,127207.966302,0.420206500726,0.453121222844,0.00310459430504,0.153688174234,0.493258414878,1.0,1.0,0.886890453297,132.17032967,0.461538461538,127425.814793,63103418.6288,31702163610.2,28.956043956,-3.26923076923,30011.5384615,1.71922532594e-06,Class 3
0.383273625032,8812.91208791,14982082.4285,33583.3117426,0.86447094873,1.0,124821.314727,0.432329254421,0.473106691346,0.00297565959506,0.172313941944,0.42745033134,1.0,1.0,0.864998282967,131.236263736,0.446886446886,125043.975851,61524295.8821,30803903302.1,34.5604395604,0.467032967033,29058.7912088,2.05197861483e-06,Class 3
0.379167840706,9527.47252747,15721916.4934,35726.9273848,0.853482106735,1.0,132189.489385,0.435723307961,0.479750692743,0.00291402251419,0.180937997765,0.396914341336,1.0,1.0,0.854052197802,139.175824176,0.472527472527,132427.518948,65107643.4318,32584922535.4,37.3626373626,0.934065934066,30726.0989011,2.21835525928e-06,Class 3
0.405385822968,9051.0989011,17312190.4321,39061.4406059,0.860808001398,1.0,149794.794398,0.421625337415,0.462770238408,0.0029549042515,0.175236916985,0.407210532588,1.0,1.0,0.861349587912,155.989010989,0.542124542125,150052.817712,74217875.9371,37262043287.5,35.4945054945,-2.8021978022,35251.6483516,2.10743749632e-06,Class 3
0.440217901756,5716.48351648,17944942.2998,38585.0815743,0.912089264041,1.0,150292.735429,0.394103477105,0.420034895792,0.00326455720538,0.129280935583,0.564564371353,1.0,1.0,0.912431318681,153.186813187,0.556776556777,150529.278907,75311142.2436,38036413999.2,22.4175824176,-1.86813186813,36204.3956044,1.33101315557e-06,Class 3
0.395027438983,14053.021978,16970055.0821,44063.2104376,0.783886107434,1.0,162386.808425,0.425589278334,0.490633560775,0.00256747117176,0.226679803877,0.199353838183,1.0,1.0,0.784726991758,173.269230769,0.571428571429,162676.178804,79380279.2466,39569608489.4,55.1098901099,-0.467032967033,37157.1428571,3.27207400744e-06,Class 3
0.371090448014,12623.9010989,16535752.6672,40490.5177007,0.805863791423,1.0,147636.374823,0.441309368648,0.499615947383,0.00266873209033,0.213746490009,0.272037426743,1.0,1.0,0.806619162088,157.39010989,0.520146520147,147909.092609,72213584.1472,36007570022.7,49.5054945055,1.4010989011,33822.5274725,2.93932071855e-06,Class 3
0.436246293389,7145.6043956,18058441.7369,40252.3381849,0.890111580051,1.0,156469.003892,0.401595797675,0.433715056273,0.00312681719814,0.150389892001,0.4881676128,1.0,1.0,0.890539148352,160.659340659,0.575091575092,156721.902534,78104928.4199,39368303078.4,28.021978022,-2.8021978022,37395.3296703,1.66376644446e-06,Class 3
0.381073139315,15243.956044,16650464.264,43825.0309219,0.765571370775,1.0,159765.200246,0.43132524603,0.501896380545,0.00248885244616,0.236506631905,0.169441246749,1.0,1.0,0.766483516484,171.868131868,0.556776556777,160056.167643,77740424.4448,38655861981.7,59.7802197802,0.0,36204.3956044,3.54936841485e-06,Class 3
0.449663889224,4763.73626374,18044280.5526,38108.7225427,0.926741053367,1.0,149348.723734,0.38452424399,0.405937083055,0.00336057687558,0.113781358503,0.618780775804,1.0,1.0,0.927026098901,151.318681319,0.556776556777,149576.590034,75068214.0235,37974469200.9,18.6813186813,-1.86813186813,36204.3956044,1.10917762964e-06,Class 3
0.51465872345,5240.10989011,7089772.08111,19054.361279,0.919415158704,1.0,69922.2818202,0.354944865126,0.379058872545,0.00331214774061,0.121688643122,0.552101925084,1.0,1.0,0.919728708791,73.7912087912,0.67032967033,70024.6171627,34375861.5183,17190713984.2,20.5494505495,0.934065934066,16196.7032967,1.2200953926e-06,Class 3
0.463671859276,5240.10989011,18617568.5472,41205.0562481,0.919415158704,1.0,160290.781513,0.380359153835,0.404473161255,0.00331214774061,0.121688643122,0.579709317897,1.0,1.0,0.919728708791,162.527472527,0.59706959707,160532.833165,80534344.5951,40731179740.2,20.5494505495,-0.934065934066,38824.4505495,1.2200953926e-06,Class 3
0.522360423459,1667.30769231,19635721.7246,42634.1333429,0.974359368679,1.0,168182.342169,0.323634766083,0.331239464071,0.00369580712152,0.0517882821178,0.81903469143,1.0,1.0,0.974459134615,166.730769231,0.641025641026,168392.866648,85453909.0004,43472419263.3,6.53846153846,0.467032967033,41682.6923077,3.88212170374e-07,Class 3
0.79065866978,6192.85714286,349263.437719,4287.2312996,0.904763369378,1.0,10944.8229605,0.175475923099,0.204145446495,0.00321780526989,0.136582227618,0.065526291798,1.0,1.0,0.905133928571,16.8131868132,0.886446886447,10956.0680555,4008427.27693,1641613070.55,24.2857142857,0.0,1190.93406593,1.44193091853e-06,Class 3
0.375786606556,13576.6483516,16690080.4496,41205.0562481,0.791212002097,1.0,153343.633888,0.437770331135,0.500273434495,0.00260038621154,0.222511082858,0.234026449194,1.0,1.0,0.792024381868,163.928571429,0.538461538462,153625.371799,74885906.2134,37308486702.9,53.2417582418,-2.33516483516,35013.4615385,3.16115624447e-06,Class 3
0.494586000081,4525.54945055,19102282.9127,43348.6718903,0.930404000699,1.0,170055.896723,0.361440718181,0.382013168677,0.00338510591796,0.109700806603,0.613276479315,1.0,1.0,0.930674793956,171.401098901,0.637362637363,170298.215205,85696814.8915,43410459281.7,17.7472527473,-1.4010989011,41444.5054945,1.05371874816e-06,Class 3
0.47835070912,4763.73626374,18888653.2116,42157.7743113,0.926741053367,1.0,164578.880815,0.370693167448,0.392587298552,0.00336057687558,0.113781358503,0.60316803347,1.0,1.0,0.927026098901,166.263736264,0.615384615385,164820.079045,82842274.3311,41939179223.0,18.6813186813,-0.934065934066,40015.3846154,1.10917762964e-06,Class 3
0.502663392773,6192.85714286,18869495.615,45730.4670482,0.904763369378,1.0,178375.921309,0.364664372886,0.392842463086,0.00321780526989,0.136582227618,0.50156671657,1.0,1.0,0.905133928571,181.208791209,0.663003663004,178634.447176,89523090.6613,45253423313.3,24.2857142857,-1.86813186813,43111.8131868,1.44193091853e-06,Class 3
0.430503562372,9527.47252747,17906455.085,43348.6718903,0.853482106735,1.0,163594.693603,0.408825010528,0.452931969599,0.00291402251419,0.180937997765,0.36152209442,1.0,1.0,0.854052197802,170.0,0.593406593407,163867.215034,81141642.8164,40762136956.0,37.3626373626,0.0,38586.2637363,2.21835525928e-06,Class 3
0.390116598908,10003.8461538,16885646.3642,39061.4406059,0.846156212071,1.0,145983.007014,0.430653494281,0.476965801306,0.00287397937662,0.186452619378,0.367426346544,1.0,1.0,0.846754807692,153.186813187,0.52380952381,146241.91627,72031410.3111,36085016203.9,39.2307692308,0.0,34060.7142857,2.32927302224e-06,Class 3
0.539186088637,8336.53846154,18282043.3425,50494.0573642,0.871796843393,1.0,192894.975517,0.347562519114,0.386133379176,0.00301779923198,0.16631760187,0.334849495881,1.0,1.0,0.872295673077,197.554945055,0.710622710623,193163.331964,96386103.1566,48614126002.3,32.6923076923,0.467032967033,46208.2417582,1.94106085187e-06,Class 3
0.553569751372,7621.97802198,18391519.9657,50732.23688,0.882785685388,1.0,195043.404215,0.33914226746,0.374427834718,0.00308258106187,0.156928557053,0.362887568164,1.0,1.0,0.883241758242,198.956043956,0.721611721612,195306.969498,97661543.2992,49311050532.7,29.8901098901,0.0,46922.8021978,1.77468420742e-06,Class 3
0.429564330663,9289.28571429,17911304.9604,42634.1333429,0.857145054066,1.0,162405.828399,0.409155121385,0.451975668611,0.00293435855788,0.178111253971,0.376523671945,1.0,1.0,0.857700892857,168.598901099,0.589743589744,162676.324752,80595031.9921,40498856380.0,36.4285714286,-1.4010989011,38348.0769231,2.1628963778e-06,Class 3
0.385688792282,12385.7142857,16951582.7967,41205.0562481,0.809526738755,1.0,154061.891367,0.4333609342,0.490454997168,0.00268634268486,0.211463502889,0.271572162812,1.0,1.0,0.810267857143,163.461538462,0.545787545788,154339.946833,75554003.4768,37726644457.8,48.5714285714,-1.86813186813,35489.8351648,2.88386183706e-06,Class 3
0.399455245609,7383.79120879,15114688.6852,32868.7731952,0.886448632719,1.0,124354.291865,0.420482685057,0.454639915462,0.00310459430504,0.153688174234,0.489508251322,1.0,1.0,0.886890453297,129.368131868,0.450549450549,124567.660604,61645782.3212,30958780481.1,28.956043956,-0.467032967033,29296.978022,1.71922532594e-06,Class 3
0.463779200043,7383.79120879,18493008.7439,44301.3899534,0.886448632719,1.0,169082.030611,0.388043713392,0.422200943796,0.00310459430504,0.153688174234,0.451117866787,1.0,1.0,0.886890453297,173.269230769,0.622710622711,169345.409573,84482084.4749,42605116170.9,28.956043956,0.467032967033,40491.7582418,1.71922532594e-06,Class 3
0.416737109045,10718.4065934,17612074.7273,42872.3128587,0.835167370076,1.0,161922.776151,0.416758642837,0.466219771516,0.00281548704477,0.194390822,0.318491505527,1.0,1.0,0.835808722527,169.532967033,0.582417582418,162199.921936,79987666.7838,40096184824.6,42.032967033,-1.4010989011,37871.7032967,2.49564966669e-06,Class 3
0.597311113795,7621.97802198,18112115.3081,53114.0320379,0.882785685388,1.0,204580.023333,0.312935745959,0.348221313217,0.00308258106187,0.156928557053,0.316010829498,1.0,1.0,0.883241758242,208.296703297,0.758241758242,204834.15013,102520330.991,51788994296.5,29.8901098901,0.0,49304.6703297,1.77468420742e-06,Class 4
0.36894363268,17149.4505495,16246645.8756,44063.2104376,0.736267792122,1.0,158809.436123,0.4333609342,0.512753460529,0.00237396428182,0.250556979332,0.121836571815,1.0,1.0,0.737293956044,172.802197802,0.545787545788,159103.391201,76768644.5774,38036368449.1,67.2527472527,0.0,35489.8351648,3.9930394667e-06,Class 4
0.507466892082,11909.3406593,17550923.902,50494.0573642,0.816852633418,1.0,190738.700282,0.360951813962,0.41602186293,0.00272219282373,0.206783582292,0.182499087633,1.0,1.0,0.817565247253,198.956043956,0.688644688645,191019.60686,94381811.3666,47359652737.5,46.7032967033,-0.934065934066,44779.1208791,2.7729440741e-06,Class 4
0.561378792148,7860.16483516,18283873.8965,50732.23688,0.879122738056,1.0,197187.513757,0.334672316099,0.37045564613,0.00306077746864,0.160112617639,0.350401066692,1.0,1.0,0.879593063187,201.291208791,0.728937728938,197450.577843,98694032.8927,49822125485.0,30.8241758242,-2.33516483516,47399.1758242,1.83014308891e-06,Class 4
0.405788350843,15482.1428571,4913308.01177,19054.361279,0.761908423444,1.0,60138.1125214,0.415184868484,0.486846439399,0.00247375765085,0.23837311644,0.142021780222,1.0,1.0,0.762834821429,74.2582417582,0.589743589744,60258.9432272,26783885.7307,12652938661.4,60.7142857143,0.467032967033,11194.7802198,3.60482729633e-06,Class 4
0.507413221699,5954.67032967,18918678.106,45492.2875324,0.908426316709,1.0,179092.067162,0.361542161415,0.387528966944,0.00324107641267,0.132966613848,0.521784335704,1.0,1.0,0.908782623626,181.675824176,0.666666666667,179348.993021,89948237.3755,45485731490.1,23.3516483516,-3.26923076923,43350.0,1.38647203705e-06,Class 4
0.756229118866,3096.42857143,1834713.05085,7621.74452075,0.952381684689,1.0,25938.4223874,0.210471928792,0.224251026456,0.00353668282091,0.0831431083873,0.542123772139,1.0,1.0,0.952566964286,28.489010989,0.864468864469,25961.4724168,12450607.1769,6148385627.42,12.1428571429,1.4010989011,5716.48351648,7.20965459266e-07,Class 4
0.874116115874,2620.05494505,469701.822412,2381.79517323,0.959707579352,1.0,9283.47897116,0.124665387599,0.134918998869,0.00358888565471,0.0733411896689,0.377163248045,1.0,1.0,0.959864354396,11.6758241758,0.934065934066,9288.92090582,4069203.98994,1904908829.85,10.2747252747,-2.33516483516,1667.30769231,6.10047696302e-07,Class 4
0.435280226489,15958.5164835,3560279.71479,16434.3866052,0.754582528781,1.0,50155.3004654,0.393854154576,0.467721438772,0.00244419701002,0.242010049323,0.101945871893,1.0,1.0,0.755537431319,64.9175824176,0.622710622711,50255.388969,21560683.3793,9958172920.4,62.5824175824,-0.467032967033,8574.72527473,3.71574505929e-06,Class 4
0.416683438661,13338.4615385,17260693.807,45254.1080166,0.794874949429,1.0,168340.951958,0.414058720079,0.475751635613,0.00261715820634,0.220374032544,0.208580294748,1.0,1.0,0.795673076923,178.406593407,0.59706959707,168630.688591,82599234.4661,41257710525.4,52.3076923077,-0.934065934066,38824.4505495,3.10569736299e-06,Class 4
0.643440808276,11909.3406593,16690023.9119,57401.2633223,0.816852633418,1.0,217472.04246,0.256286468486,0.311420167325,0.00272219282373,0.206783582292,0.0155290205015,1.0,1.0,0.817565247253,225.10989011,0.791208791209,217695.71263,107986416.905,54297895276.1,46.7032967033,0.0,51448.3516484,2.7729440741e-06,Class 4
0.551261924888,11671.1538462,17381716.1428,52637.6730063,0.82051558075,1.0,200038.955225,0.332321538468,0.386206375998,0.00274043236807,0.204385489428,0.145032880769,1.0,1.0,0.821213942308,207.82967033,0.725274725275,200308.615274,99179867.0039,49822110301.7,45.7692307692,-1.4010989011,47160.989011,2.71748519262e-06,Class 4
0.361671295737,10956.5934066,14574378.7294,32392.4141636,0.831504422745,1.0,124096.648599,0.446834023394,0.495038003814,0.0027964089007,0.196951182425,0.352188902677,1.0,1.0,0.832160027473,132.637362637,0.435897435897,124329.371627,60613248.0697,30199895969.0,42.967032967,-5.6043956044,28344.2307692,2.55110854817e-06,Class 4
0.43192582753,11432.967033,17667290.5517,45015.9285008,0.824178528082,1.0,169299.618619,0.407892351453,0.460754398884,0.00275888156234,0.201947826641,0.274046036137,1.0,1.0,0.824862637363,177.472527473,0.608058608059,169583.465034,83571014.3335,41877204058.0,44.8351648352,-0.934065934066,39539.010989,2.66202631114e-06,Class 4
0.357672852178,15482.1428571,16180460.248,40728.6972165,0.761908423444,1.0,150482.241397,0.445121574404,0.516194600833,0.00247375765085,0.23837311644,0.183329970104,1.0,1.0,0.762834821429,162.994505495,0.520146520147,150767.15923,72942368.8075,36193404417.5,60.7142857143,-3.26923076923,33822.5274725,3.60482729633e-06,Class 4
0.293456238511,20007.6923077,9584969.98911,29057.9009425,0.692312424143,1.0,95061.3787901,0.472407351771,0.564994085521,0.00222679002751,0.268064694594,0.105524054487,1.0,1.0,0.693509615385,113.021978022,0.40293040293,95271.1933989,43485915.3917,20876596497.3,78.4615384615,0.934065934066,18816.7582418,4.65854604449e-06,Class 4
0.537039273303,4763.73626374,19175788.8389,46921.3646272,0.926741053367,1.0,184579.239431,0.341410268883,0.362823107948,0.00336057687558,0.113781358503,0.57705970612,1.0,1.0,0.927026098901,185.879120879,0.692307692308,184827.158371,93045728.485,47142861126.9,18.6813186813,-1.86813186813,45017.3076923,1.10917762964e-06,Class 4
0.777294744328,1429.12087912,18335644.7351,57163.0838065,0.97802231601,1.0,228965.360772,0.188446783647,0.192747360499,0.00372306161306,0.0458790782252,0.77804330277,1.0,1.0,0.97810782967,226.043956044,0.875457875458,229128.650473,116489418.176,59315773152.0,5.6043956044,-1.86813186813,56926.6483516,3.32753288892e-07,Class 4
1.0,0.0,16711679.9961,65023.0078278,1.0,1.0,260100.0,-0.0,-0.0,0.00389099121094,-0.0,nan,1.0,1.0,1.0,255.0,1.0,260092.031311,132644904.0,67647864751.5,0.0,0.0,65025.0,0.0,Class 4
0.65699258007,7621.97802198,17652214.9718,55495.8271959,0.882785685388,1.0,216033.075076,0.274055103325,0.308941922794,0.00308258106187,0.156928557053,0.244106539823,1.0,1.0,0.883241758242,219.505494505,0.802197802198,216266.766888,108350876.222,54762526813.1,29.8901098901,-1.86813186813,52162.9120879,1.77468420742e-06,Class 4
0.935702880758,2143.68131868,16704486.0749,64070.2897646,0.967033474015,1.0,253605.826176,0.0629332723939,0.0727687764157,0.00364192708825,0.0629332723939,0.00357045930794,1.0,1.0,0.967161744505,250.796703297,0.967032967033,253661.118708,128818583.572,65557091160.2,8.40659340659,0.467032967033,62881.3186813,4.99129933338e-07,Class 4
0.452186397241,21198.6263736,15702231.8574,50970.4163958,0.673997687485,1.0,184792.407378,0.344745876301,0.442660312461,0.00217437754377,0.274176602993,5.42622026629e-05,1.0,1.0,0.67526614011,202.225274725,0.630036630037,185064.834367,88976301.2052,43998904498.4,83.1318681319,-2.33516483516,40968.1318681,4.9358404519e-06,Class 4
0.714017362369,5001.92307692,17881762.6501,57877.6223539,0.923078106036,1.0,222966.13233,0.240233449701,0.261497649005,0.00333625748313,0.117776048263,0.406983369198,1.0,1.0,0.923377403846,223.708791209,0.838827838828,223174.053117,112541611.309,57070122381.7,19.6153846154,3.26923076923,54544.7802198,1.16463651112e-06,Class 4
0.316239316239,18578.5714286,8265305.24849,25723.3877213,0.714290108133,1.0,85082.8042554,0.462338495257,0.548306270661,0.00229660345584,0.259825181013,0.123436483759,1.0,1.0,0.715401785714,101.813186813,0.457875457875,85267.6975198,38748614.1384,18553529912.5,72.8571428571,-0.934065934066,16673.0769231,4.32579275559e-06,Class 4
0.480041326195,11909.3406593,17637993.2101,48826.8007536,0.816852633418,1.0,184065.480919,0.378416154496,0.433486203464,0.00272219282373,0.206783582292,0.210245029497,1.0,1.0,0.817565247253,192.417582418,0.663003663004,184350.580418,90980659.982,45625092102.8,46.7032967033,-0.934065934066,43111.8131868,2.7729440741e-06,Class 4
0.471373559286,12623.9010989,17494497.3372,48588.6212378,0.805863791423,1.0,182872.462818,0.382054765137,0.440361343871,0.00266873209033,0.213746490009,0.18886688117,1.0,1.0,0.806619162088,191.950549451,0.655677655678,183159.660947,90191098.6087,45175961948.7,49.5054945055,-1.4010989011,42635.4395604,2.93932071855e-06,Class 4
0.804103100806,6669.23076923,16674969.864,61450.3150908,0.897437474714,1.0,238991.181306,0.153951868637,0.184826739987,0.00317189193415,0.143612773243,0.000340790555285,1.0,1.0,0.897836538462,240.989010989,0.893772893773,239132.029594,120254917.233,60895441424.3,26.1538461538,0.0,58117.5824176,1.5528486815e-06,Class 4
0.320237759798,15958.5164835,14225165.2173,36441.4659322,0.754582528781,1.0,127168.057046,0.466124301998,0.539706387143,0.00244419701002,0.242010049323,0.193486452649,1.0,1.0,0.755537431319,140.576923077,0.428571428571,127425.552087,60916863.6869,30029517407.1,62.5824175824,2.33516483516,27867.8571429,3.71574505929e-06,Class 4
0.366260113513,15482.1428571,6953252.8405,23341.5925633,0.761908423444,1.0,74397.3261721,0.439960559586,0.511033586015,0.00247375765085,0.23837311644,0.176966437897,1.0,1.0,0.762834821429,88.2692307692,0.534798534799,74549.714175,34072067.2692,16369854307.1,60.7142857143,3.26923076923,14767.5824176,3.60482729633e-06,Class 4
0.638610473775,6192.85714286,18187720.8835,53828.5705853,0.904763369378,1.0,210788.198954,0.288073360464,0.316251450665,0.00321780526989,0.136582227618,0.382573429492,1.0,1.0,0.905133928571,212.967032967,0.787545787546,211026.861325,106042968.815,53678432110.2,24.2857142857,-1.86813186813,51210.1648352,1.44193091853e-06,Class 4
0.85460693153,4525.54945055,16786027.6668,61926.6741224,0.930404000699,1.0,244492.537491,0.128282373464,0.14885482396,0.00338510591796,0.109700806603,0.0367665881759,1.0,1.0,0.930674793956,244.258241758,0.923076923077,244610.224134,123595358.891,62738420639.2,17.7472527473,-1.4010989011,60023.0769231,1.05371874816e-06,Class 4
0.43047672718,12862.0879121,17403299.9874,47159.544143,0.802200844092,1.0,171676.073152,0.406949872018,0.465548078221,0.00265133114573,0.215992228797,0.22142790791,1.0,1.0,0.802970467033,181.208791209,0.611721611722,171965.216407,84421285.4329,42217915631.7,50.4395604396,3.73626373626,39777.1978022,2.99477960003e-06,Class 4
0.478055522012,7860.16483516,18491276.5281,46445.0055956,0.879122738056,1.0,175269.424019,0.381522691414,0.417306021444,0.00306077746864,0.160112617639,0.420590874909,1.0,1.0,0.879593063187,179.807692308,0.644688644689,175538.062389,87518821.2004,44122854828.3,30.8241758242,2.33516483516,41920.8791209,1.83014308891e-06,Class 4
0.398328167559,10242.032967,17235881.7051,40728.6972165,0.84249326474,1.0,151929.845312,0.426524609999,0.473921091399,0.00285427228274,0.189142332484,0.351566587179,1.0,1.0,0.843106112637,159.258241758,0.545787545788,152196.396867,75007414.9815,37587268661.7,40.1648351648,0.467032967033,35489.8351648,2.38473190373e-06,Class 4
0.455648136967,8336.53846154,18289537.9765,45254.1080166,0.871796843393,1.0,169076.244869,0.394273189558,0.431745657922,0.00301779923198,0.16631760187,0.413606519882,1.0,1.0,0.872295673077,174.203296703,0.619047619048,169345.380384,84239133.9258,42419266592.8,32.6923076923,3.26923076923,40253.5714286,1.94106085187e-06,Class 4
0.513746326933,5954.67032967,18922473.0066,47635.9031746,0.908426316709,1.0,180997.275617,0.358248735006,0.384235540535,0.00324107641267,0.132966613848,0.517986473932,1.0,1.0,0.908782623626,183.543956044,0.673992673993,181254.429148,90919994.914,45981320242.8,23.3516483516,3.26923076923,43826.3736264,1.38647203705e-06,Class 4
0.316212481048,22389.5604396,14619130.0816,41443.2357639,0.655682950826,1.0,144999.367843,0.448292350031,0.551808273829,0.00212720630842,0.279625244902,0.0472393411885,1.0,1.0,0.657022664835,164.395604396,0.472527472527,145288.818742,68387174.4034,33421177311.9,87.8021978022,-1.86813186813,30726.0989011,5.21313485931e-06,Class 4
0.618135222531,6669.23076923,18216591.1916,53590.3910695,0.897437474714,1.0,207446.306812,0.300579108122,0.331453979472,0.00317189193415,0.143612773243,0.358714797852,1.0,1.0,0.897836538462,210.164835165,0.772893772894,207692.333509,104220917.848,52718227003.8,26.1538461538,0.0,50257.4175824,1.5528486815e-06,Class 4
0.588267654202,5001.92307692,18889606.3148,50255.8778484,0.923078106036,1.0,198158.238636,0.315254556172,0.337454635709,0.00333625748313,0.117776048263,0.529107774919,1.0,1.0,0.923377403846,199.423076923,0.74358974359,198403.383474,99908763.3092,50627468595.8,19.6153846154,-2.33516483516,48351.9230769,1.16463651112e-06,Class 4
0.77187403561,4525.54945055,17500837.7279,59306.6994486,0.930404000699,1.0,232046.158701,0.200357571471,0.221266493937,0.00338510591796,0.109700806603,0.316992256509,1.0,1.0,0.930674793956,232.115384615,0.875457875458,232224.889312,117278934.891,59517093746.3,17.7472527473,0.467032967033,56926.6483516,1.05371874816e-06,Class 4
0.376591662306,10718.4065934,10872611.1669,27390.6443319,0.835167370076,1.0,97232.7019933,0.438367601174,0.487828729853,0.00281548704477,0.194390822,0.34622169947,1.0,1.0,0.835808722527,106.016483516,0.501831501832,97415.0936393,46947910.4762,23246167230.9,42.032967033,1.4010989011,21675.0,2.49564966669e-06,Class 4
0.412416643186,10242.032967,17575877.9627,42157.7743113,0.84249326474,1.0,158592.915176,0.41898415549,0.466380636891,0.00285427228274,0.189142332484,0.34164925783,1.0,1.0,0.843106112637,165.796703297,0.571428571429,158865.42331,78408566.3661,39321829296.4,40.1648351648,-0.467032967033,37157.1428571,2.38473190373e-06,Class 4
0.581022152451,5716.48351648,18739347.8096,50732.23688,0.912089264041,1.0,197914.741733,0.321163944651,0.347495397708,0.00326455720538,0.129280935583,0.471165422167,1.0,1.0,0.912431318681,199.89010989,0.739926739927,198165.182067,99605080.7051,50426132818.1,22.4175824176,-0.934065934066,48113.7362637,1.33101315557e-06,Class 4
0.736773604905,4525.54945055,17812298.3369,57639.4428381,0.930404000699,1.0,226311.881425,0.224965382548,0.245874305014,0.00338510591796,0.109700806603,0.387019103792,1.0,1.0,0.930674793956,226.510989011,0.85347985348,226508.580933,114363662.276,58030327488.0,17.7472527473,-0.467032967033,55497.5274725,1.05371874816e-06,Class 4
0.765567765568,5240.10989011,17364719.6691,59068.5199328,0.919415158704,1.0,231805.094262,0.203049539577,0.227163546997,0.00331214774061,0.121688643122,0.249561756907,1.0,1.0,0.919728708791,232.582417582,0.871794871795,231986.687904,116975252.287,59315757968.6,20.5494505495,-0.934065934066,56688.4615385,1.2200953926e-06,Class 4
0.393148975567,14767.5824176,16844353.7593,43825.0309219,0.772897265439,1.0,163099.211551,0.425262756878,0.493165968204,0.0025196709866,0.232675896796,0.179080098127,1.0,1.0,0.773780906593,174.67032967,0.571428571429,163390.695459,79562475.4117,39616067088.1,57.9120879121,-2.8021978022,37157.1428571,3.43845065188e-06,Class 4
0.880690737834,3096.42857143,16927998.2242,62641.2126698,0.952381684689,1.0,246885.949861,0.11602002922,0.130293544962,0.00353668282091,0.0831431083873,0.165165434781,1.0,1.0,0.952566964286,245.192307692,0.937728937729,246992.063076,125174481.638,63636680947.4,12.1428571429,0.467032967033,60975.8241758,7.20965459266e-07,Class 4
0.372781065089,20245.8791209,15785308.7335,45968.646564,0.688649476811,1.0,163808.93,0.417665974816,0.511383904849,0.00221588823089,0.269341092655,0.048105152712,1.0,1.0,0.68986092033,180.741758242,0.553113553114,164105.066167,78529918.8312,38733277796.1,79.3956043956,-0.467032967033,35966.2087912,4.71400492597e-06,Class 4
0.963826161628,714.56043956,16833364.804,64070.2897646,0.989011158005,1.0,256005.463568,0.0450507475712,0.0480884903288,0.00380608298729,0.0262740752932,0.432948679216,1.0,1.0,0.989053914835,251.730769231,0.981684981685,256042.95765,130397706.319,66455351468.3,2.8021978022,-0.467032967033,63834.0659341,1.66376644446e-07,Class 4
0.579868239209,11671.1538462,17199341.9004,54304.9296169,0.82051558075,1.0,205765.663654,0.311603079313,0.365617870169,0.00274043236807,0.204385489428,0.107207268801,1.0,1.0,0.821213942308,213.434065934,0.747252747253,206024.923653,102095139.619,51308876560.0,45.7692307692,-0.467032967033,48590.1098901,2.71748519262e-06,Class 4
0.383998175207,8812.91208791,14592380.2117,31201.5165846,0.86447094873,1.0,121967.815122,0.432531518761,0.469618656567,0.00297565959506,0.172313941944,0.437563700039,1.0,1.0,0.864998282967,128.434065934,0.435897435897,122185.821661,60066659.5744,30060520173.0,34.5604395604,-6.07142857143,28344.2307692,2.05197861483e-06,Class 4
0.431979497914,6431.04395604,17802712.5917,38823.2610901,0.901100422046,1.0,150049.481753,0.401158679363,0.430665191429,0.00319474377705,0.140130200229,0.525900216057,1.0,1.0,0.901485233516,153.653846154,0.553113553114,150291.077499,75007459.6395,37835078221.5,25.2197802198,-1.4010989011,35966.2087912,1.49738980001e-06,Class 4
0.587167411343,8098.35164835,18056410.7642,53114.0320379,0.875459790724,1.0,203147.241939,0.318762984494,0.356160267882,0.00303918352534,0.163241835663,0.300250225913,1.0,1.0,0.875944368132,207.362637363,0.750915750916,203405.05844,101670037.563,51324377942.9,31.7582417582,0.934065934066,48828.2967033,1.88560197039e-06,Class 4
0.5744206953,4525.54945055,19101699.8767,50017.6983326,0.930404000699,1.0,193872.431901,0.320821883137,0.341394333633,0.00338510591796,0.109700806603,0.568697594097,1.0,1.0,0.930674793956,194.752747253,0.728937728938,194116.166785,97843784.1222,49605318691.2,17.7472527473,1.4010989011,47399.1758242,1.05371874816e-06,Class 4
0.836520012344,1429.12087912,17776869.866,60259.4175118,0.97802231601,1.0,238521.271917,0.150750742202,0.156826227717,0.00372306161306,0.0458790782252,0.691183291732,1.0,1.0,0.97810782967,235.384615385,0.912087912088,238655.831105,121348205.868,61793716915.8,5.6043956044,0.934065934066,59308.5164835,3.32753288892e-07,Class 4
0.472285955802,9765.65934066,18108967.4546,46683.1851114,0.849819159403,1.0,178117.348582,0.385849994316,0.430884868783,0.00289389612044,0.183718139274,0.320109025312,1.0,1.0,0.850403502747,184.478021978,0.648351648352,178396.1582,88490556.4098,44494538801.2,38.2967032967,-1.4010989011,42159.0659341,2.27381414076e-06,Class 4
0.447758590616,9765.65934066,18032016.7973,45015.9285008,0.849819159403,1.0,170497.215014,0.399549292386,0.444739523239,0.00289389612044,0.183718139274,0.337703532523,1.0,1.0,0.850403502747,177.005494505,0.619047619048,170774.413694,84603526.256,42512183790.2,38.2967032967,-0.467032967033,40253.5714286,2.27381414076e-06,Class 4
0.644514215943,12385.7142857,16571543.6789,57877.6223539,0.809526738755,1.0,217953.624798,0.249462888289,0.306740734516,0.00268634268486,0.211463502889,0.00384144525825,1.0,1.0,0.810267857143,226.043956044,0.791208791209,218172.057067,108107881.015,54328867675.2,48.5714285714,0.934065934066,51448.3516484,2.88386183706e-06,Class 4
0.766211810168,6907.41758242,16929872.5798,60497.5970276,0.893774527383,1.0,233480.330139,0.191826510701,0.223556762117,0.00314924974117,0.147032025921,0.0714004559355,1.0,1.0,0.894187843407,235.851648352,0.871794871795,233653.893433,117400376.672,59424161365.6,27.0879120879,1.4010989011,56688.4615385,1.60830756298e-06,Class 4
0.593285835044,4763.73626374,18925279.6329,50970.4163958,0.926741053367,1.0,198875.127426,0.311603079313,0.333656558849,0.00336057687558,0.113781358503,0.528071080255,1.0,1.0,0.927026098901,199.89010989,0.747252747253,199117.929319,100333910.023,50859776772.6,18.6813186813,0.0,48590.1098901,1.10917762964e-06,Class 4
0.727273947054,9765.65934066,16551793.6309,60021.237996,0.849819159403,1.0,229668.044196,0.193970319273,0.239160550126,0.00289389612044,0.183718139274,0.00258236936549,1.0,1.0,0.850403502747,234.917582418,0.846153846154,229842.933612,114728009.948,57875435125.7,38.2967032967,0.467032967033,55021.1538462,2.27381414076e-06,Class 4
0.599779951428,9289.28571429,17656472.5719,54066.7501011,0.857145054066,1.0,207199.039011,0.307964843401,0.350948731103,0.00293435855788,0.178111253971,0.207794138149,1.0,1.0,0.857700892857,212.5,0.761904761905,207454.073722,103431334.146,52145192069.8,36.4285714286,-0.467032967033,49542.8571429,2.1628963778e-06,Class 4
0.532477290719,5001.92307692,19122846.6073,46445.0055956,0.923078106036,1.0,183862.701439,0.3449399394,0.366204138703,0.00333625748313,0.117776048263,0.572618615084,1.0,1.0,0.923377403846,185.412087912,0.688644688645,184112.612527,92620581.7708,46910552950.1,19.6153846154,-3.26923076923,44779.1208791,1.16463651112e-06,Class 4
0.771766694844,4763.73626374,17437680.6761,59544.8789644,0.926741053367,1.0,232284.409633,0.199886124186,0.221780255291,0.00336057687558,0.113781358503,0.292448800413,1.0,1.0,0.927026098901,232.582417582,0.875457875458,232463.061531,117339666.946,59532579945.9,18.6813186813,0.934065934066,56926.6483516,1.10917762964e-06,Class 4
0.85428490923,3334.61538462,17095750.1525,60973.9560592,0.948718737357,1.0,243292.394231,0.139040247566,0.152364615823,0.00351089587892,0.0878460485186,0.303261443044,1.0,1.0,0.948918269231,241.923076923,0.923076923077,243419.363042,123291698.616,62660989641.4,13.0769230769,-2.8021978022,60023.0769231,7.76424340748e-07,Class 4
0.368031236163,12385.7142857,16353276.2906,38346.9020585,0.809526738755,1.0,144544.474797,0.443327603085,0.499683783486,0.00268634268486,0.211463502889,0.287295067882,1.0,1.0,0.810267857143,154.120879121,0.509157509158,144812.766201,70695215.7845,35248700694.0,48.5714285714,-3.73626373626,33107.967033,2.88386183706e-06,Class 4
0.369882864388,15005.7692308,7068283.34665,22865.2335317,0.769234318107,1.0,74874.1505446,0.438680751659,0.508035539051,0.00250415689141,0.234607678141,0.187284686312,1.0,1.0,0.770132211538,88.2692307692,0.538461538462,75026.0878014,34436481.9284,16586676284.4,58.8461538462,1.4010989011,15005.7692308,3.49390953337e-06,Class 4
0.40380254666,11432.967033,17349281.4079,41919.5947955,0.824178528082,1.0,158825.495147,0.423862810369,0.476193039572,0.00275888156234,0.201947826641,0.299619241172,1.0,1.0,0.824862637363,167.197802198,0.567765567766,159103.566339,78226347.872,39151465917.8,44.8351648352,-2.8021978022,36918.956044,2.66202631114e-06,Class 4
0.361027251137,11909.3406593,15764114.5969,36203.2864164,0.816852633418,1.0,136458.761518,0.447226676112,0.501337859586,0.00272219282373,0.206783582292,0.3104538599,1.0,1.0,0.817565247253,145.714285714,0.479853479853,136714.677259,66686721.5206,33235373283.8,46.7032967033,-3.73626373626,31202.4725275,2.7729440741e-06,Class 4
0.435280226489,15958.5164835,3560279.71479,16434.3866052,0.754582528781,1.0,50155.3004654,0.393854154576,0.467721438772,0.00244419701002,0.242010049323,0.101945871893,1.0,1.0,0.755537431319,64.9175824176,0.622710622711,50255.388969,21560683.3793,9958172920.4,62.5824175824,-0.467032967033,8574.72527473,3.71574505929e-06,Class 4
0.643440808276,11909.3406593,16690023.9119,57401.2633223,0.816852633418,1.0,217472.04246,0.256286468486,0.311420167325,0.00272219282373,0.206783582292,0.0155290205015,1.0,1.0,0.817565247253,225.10989011,0.791208791209,217695.71263,107986416.905,54297895276.1,46.7032967033,0.0,51448.3516484,2.7729440741e-06,Class 4
0.551261924888,11671.1538462,17381716.1428,52637.6730063,0.82051558075,1.0,200038.955225,0.332321538468,0.386206375998,0.00274043236807,0.204385489428,0.145032880769,1.0,1.0,0.821213942308,207.82967033,0.725274725275,200308.615274,99179867.0039,49822110301.7,45.7692307692,-1.4010989011,47160.989011,2.71748519262e-06,Class 4
1.0,0.0,16711679.9961,65023.0078278,1.0,1.0,260100.0,-0.0,-0.0,0.00389099121094,-0.0,nan,1.0,1.0,1.0,255.0,1.0,260092.031311,132644904.0,67647864751.5,0.0,0.0,65025.0,0.0,Class 4
0.935702880758,2143.68131868,16704486.0749,64070.2897646,0.967033474015,1.0,253605.826176,0.0629332723939,0.0727687764157,0.00364192708825,0.0629332723939,0.00357045930794,1.0,1.0,0.967161744505,250.796703297,0.967032967033,253661.118708,128818583.572,65557091160.2,8.40659340659,0.467032967033,62881.3186813,4.99129933338e-07,Class 4
0.452186397241,21198.6263736,15702231.8574,50970.4163958,0.673997687485,1.0,184792.407378,0.344745876301,0.442660312461,0.00217437754377,0.274176602993,5.42622026629e-05,1.0,1.0,0.67526614011,202.225274725,0.630036630037,185064.834367,88976301.2052,43998904498.4,83.1318681319,-2.33516483516,40968.1318681,4.9358404519e-06,Class 4
0.316239316239,18578.5714286,8265305.24849,25723.3877213,0.714290108133,1.0,85082.8042554,0.462338495257,0.548306270661,0.00229660345584,0.259825181013,0.123436483759,1.0,1.0,0.715401785714,101.813186813,0.457875457875,85267.6975198,38748614.1384,18553529912.5,72.8571428571,-0.934065934066,16673.0769231,4.32579275559e-06,Class 4
0.366260113513,15482.1428571,6953252.8405,23341.5925633,0.761908423444,1.0,74397.3261721,0.439960559586,0.511033586015,0.00247375765085,0.23837311644,0.176966437897,1.0,1.0,0.762834821429,88.2692307692,0.534798534799,74549.714175,34072067.2692,16369854307.1,60.7142857143,3.26923076923,14767.5824176,3.60482729633e-06,Class 4
0.638610473775,6192.85714286,18187720.8835,53828.5705853,0.904763369378,1.0,210788.198954,0.288073360464,0.316251450665,0.00321780526989,0.136582227618,0.382573429492,1.0,1.0,0.905133928571,212.967032967,0.787545787546,211026.861325,106042968.815,53678432110.2,24.2857142857,-1.86813186813,51210.1648352,1.44193091853e-06,Class 4
0.507413221699,5954.67032967,18918678.106,45492.2875324,0.908426316709,1.0,179092.067162,0.361542161415,0.387528966944,0.00324107641267,0.132966613848,0.521784335704,1.0,1.0,0.908782623626,181.675824176,0.666666666667,179348.993021,89948237.3755,45485731490.1,23.3516483516,-3.26923076923,43350.0,1.38647203705e-06,Class 4
0.478055522012,7860.16483516,18491276.5281,46445.0055956,0.879122738056,1.0,175269.424019,0.381522691414,0.417306021444,0.00306077746864,0.160112617639,0.420590874909,1.0,1.0,0.879593063187,179.807692308,0.644688644689,175538.062389,87518821.2004,44122854828.3,30.8241758242,2.33516483516,41920.8791209,1.83014308891e-06,Class 4
0.455648136967,8336.53846154,18289537.9765,45254.1080166,0.871796843393,1.0,169076.244869,0.394273189558,0.431745657922,0.00301779923198,0.16631760187,0.413606519882,1.0,1.0,0.872295673077,174.203296703,0.619047619048,169345.380384,84239133.9258,42419266592.8,32.6923076923,3.26923076923,40253.5714286,1.94106085187e-06,Class 4
0.588267654202,5001.92307692,18889606.3148,50255.8778484,0.923078106036,1.0,198158.238636,0.315254556172,0.337454635709,0.00333625748313,0.117776048263,0.529107774919,1.0,1.0,0.923377403846,199.423076923,0.74358974359,198403.383474,99908763.3092,50627468595.8,19.6153846154,-2.33516483516,48351.9230769,1.16463651112e-06,Class 4
0.77187403561,4525.54945055,17500837.7279,59306.6994486,0.930404000699,1.0,232046.158701,0.200357571471,0.221266493937,0.00338510591796,0.109700806603,0.316992256509,1.0,1.0,0.930674793956,232.115384615,0.875457875458,232224.889312,117278934.891,59517093746.3,17.7472527473,0.467032967033,56926.6483516,1.05371874816e-06,Class 4
0.405788350843,15482.1428571,4913308.01177,19054.361279,0.761908423444,1.0,60138.1125214,0.415184868484,0.486846439399,0.00247375765085,0.23837311644,0.142021780222,1.0,1.0,0.762834821429,74.2582417582,0.589743589744,60258.9432272,26783885.7307,12652938661.4,60.7142857143,0.467032967033,11194.7802198,3.60482729633e-06,Class 4
0.373961813522,17387.6373626,16269196.3612,45015.9285008,0.732604844791,1.0,160951.896064,0.429321270662,0.509718378959,0.00236054668599,0.252175218757,0.112505838559,1.0,1.0,0.733645260989,175.137362637,0.553113553114,161246.999546,77801134.1709,38547443401.4,68.1868131868,1.4010989011,35966.2087912,4.04849834818e-06,Class 4
0.621248104765,4525.54945055,18789864.8856,53828.5705853,0.930404000699,1.0,204359.837291,0.295963789614,0.309147067751,0.00338510591796,0.109700806603,0.596757726185,1.0,1.0,0.930674793956,205.027472527,0.769230769231,204596.06548,103188450.584,52331056831.3,17.7472527473,6.07142857143,50019.2307692,1.05371874816e-06,Class 4
0.565994445115,12862.0879121,1522778.31648,10718.0782261,0.802200844092,1.0,29958.6817763,0.314966399188,0.374510793935,0.00265133114573,0.215992228797,0.0734131885417,1.0,1.0,0.802970467033,42.032967033,0.736263736264,30010.2249924,12025348.8178,5296553551.25,50.4395604396,0.0,4287.36263736,2.99477960003e-06,Class 4
0.411262729944,10480.2197802,17533705.4754,41681.4152797,0.838830317408,1.0,158829.765018,0.41981860346,0.46768343544,0.00283477483879,0.191788129747,0.336400896259,1.0,1.0,0.839457417582,166.263736264,0.571428571429,159103.595528,78469298.4211,39337315495.9,41.0989010989,-2.8021978022,37157.1428571,2.44019078521e-06,Class 4
0.368031236163,12385.7142857,16353276.2906,38346.9020585,0.809526738755,1.0,144544.474797,0.443327603085,0.499683783486,0.00268634268486,0.211463502889,0.287295067882,1.0,1.0,0.810267857143,154.120879121,0.509157509158,144812.766201,70695215.7845,35248700694.0,48.5714285714,-3.73626373626,33107.967033,2.88386183706e-06,Class 4
0.640649948342,9527.47252747,17289545.9833,55972.1862275,0.853482106735,1.0,215076.03303,0.277766890392,0.321794275174,0.00291402251419,0.180937997765,0.134544127676,1.0,1.0,0.854052197802,220.43956044,0.791208791209,215313.990446,107379096.355,54143033280.4,37.3626373626,-0.934065934066,51448.3516484,2.21835525928e-06,Class 4
0.446443666224,16196.7032967,3099481.18451,15243.4890262,0.750919581449,1.0,46589.8161243,0.385036708537,0.459831275314,0.00242973116451,0.243781154072,0.0864944483704,1.0,1.0,0.751888736264,61.6483516484,0.6336996337,46682.6889347,19677900.3574,8982481614.45,63.5164835165,-1.86813186813,7621.97802198,3.77120394078e-06,Class 4
0.531806410927,9765.65934066,3628578.84666,13338.0528999,0.849819159403,1.0,46844.9269073,0.350857817597,0.395112164341,0.00289389612044,0.183718139274,0.271672418266,1.0,1.0,0.850403502747,55.5769230769,0.70695970696,46921.06548,21439286.2562,10298914860.9,38.2967032967,-3.26923076923,9289.28571429,2.27381414076e-06,Class 4
0.620791906506,11432.967033,16969369.2058,56448.5452591,0.824178528082,1.0,213167.704497,0.280982993228,0.333845040659,0.00275888156234,0.201947826641,0.063381506543,1.0,1.0,0.824862637363,220.43956044,0.776556776557,213408.49594,105921437.718,53275745371.4,44.8351648352,0.934065934066,50495.6043956,2.66202631114e-06,Class 4
0.486079244321,8098.35164835,18462836.0012,47159.544143,0.875459790724,1.0,178363.820038,0.37748114247,0.414596878278,0.00303918352534,0.163241835663,0.399472608588,1.0,1.0,0.875944368132,183.076923077,0.655677655678,178634.388797,89037189.5631,44881724157.0,31.7582417582,1.86813186813,42635.4395604,1.88560197039e-06,Class 4
0.632572555649,7383.79120879,17909374.6102,53114.0320379,0.886448632719,1.0,211021.735472,0.291616182267,0.321325819431,0.00310459430504,0.153688174234,0.335270055065,1.0,1.0,0.886890453297,214.368131868,0.783882783883,211265.004354,105860750.321,53508068731.6,28.956043956,-6.07142857143,50971.978022,1.71922532594e-06,Class 4
0.644514215943,12385.7142857,16571543.6789,57877.6223539,0.809526738755,1.0,217953.624798,0.249462888289,0.306740734516,0.00268634268486,0.211463502889,0.00384144525825,1.0,1.0,0.810267857143,226.043956044,0.791208791209,218172.057067,108107881.015,54328867675.2,48.5714285714,0.934065934066,51448.3516484,2.88386183706e-06,Class 4
0.687557863382,10956.5934066,16580818.8077,58830.340417,0.831504422745,1.0,224166.840067,0.222339276607,0.27306227954,0.0027964089007,0.196951182425,0.000748089253247,1.0,1.0,0.832160027473,230.714285714,0.820512820513,224364.768262,111630518.839,56218305488.8,42.967032967,0.0,53353.8461538,2.55110854817e-06,Class 4
0.684901179407,8812.91208791,17121455.4797,56686.7247749,0.86447094873,1.0,222003.860956,0.24777731792,0.286817358442,0.00297565959506,0.172313941944,0.117749368463,1.0,1.0,0.864998282967,226.510989011,0.820512820513,222221.218296,111083930.344,56078929692.8,34.5604395604,-4.2032967033,53353.8461538,2.05197861483e-06,Class 4
0.417810516712,16434.8901099,3945600.56014,18101.6432158,0.747256634117,1.0,53481.2882309,0.403866098578,0.479662157788,0.00241547496894,0.245521103393,0.104853845717,1.0,1.0,0.748240041209,68.6538461538,0.604395604396,53589.8875954,23139783.797,10732528448.7,64.4505494505,2.33516483516,9289.28571429,3.82666282226e-06,Class 4
0.399133223309,15958.5164835,16705187.3174,45254.1080166,0.754582528781,1.0,167144.864226,0.418002376451,0.491584461596,0.00244419701002,0.242010049323,0.134712347423,1.0,1.0,0.755537431319,179.807692308,0.582417582418,167439.710741,81323771.9945,40436881215.0,62.5824175824,-2.33516483516,37871.7032967,3.71574505929e-06,Class 4
0.546726777496,12623.9010989,17179122.7957,52875.8525221,0.805863791423,1.0,200038.837064,0.330975072421,0.389281651156,0.00266873209033,0.213746490009,0.107992735946,1.0,1.0,0.806619162088,208.763736264,0.721611721612,200308.586084,98936916.4548,49636260723.6,49.5054945055,-1.4010989011,46922.8021978,2.93932071855e-06,Class 4
0.352064297119,17149.4505495,6633515.11131,22388.8745001,0.736267792122,1.0,73204.1046532,0.444099814322,0.523448145458,0.00237396428182,0.250556979332,0.135181507605,1.0,1.0,0.737293956044,88.7362637363,0.520146520147,73358.7655143,33039555.3467,15734874574.9,67.2527472527,-0.934065934066,14053.021978,3.9930394667e-06,Class 4
0.546726777496,12623.9010989,17179122.7957,52875.8525221,0.805863791423,1.0,200038.837064,0.330975072421,0.389281651156,0.00266873209033,0.213746490009,0.107992735946,1.0,1.0,0.806619162088,208.763736264,0.721611721612,200308.586084,98936916.4548,49636260723.6,49.5054945055,-1.4010989011,46922.8021978,2.93932071855e-06,Class 4
0.453071958566,7145.6043956,18394416.467,42395.9538271,0.890111580051,1.0,164084.748474,0.393005623426,0.425660357486,0.00312681719814,0.150389892001,0.475379106329,1.0,1.0,0.890539148352,168.131868132,0.604395604396,164343.647039,81991958.5738,41350658089.5,28.021978022,-1.86813186813,39300.8241758,1.66376644446e-06,Class 4
0.834909900844,3810.98901099,17140432.3118,60259.4175118,0.941392842694,1.0,240897.605216,0.153582877644,0.167896082057,0.00345995094473,0.0968998909285,0.3089816486,1.0,1.0,0.941620879121,240.054945055,0.912087912088,241037.553289,121955526.419,61948578911.4,14.9450549451,-3.73626373626,59308.5164835,8.87342103712e-07,Class 4
0.834909900844,3810.98901099,17140432.3118,60259.4175118,0.941392842694,1.0,240897.605216,0.153582877644,0.167896082057,0.00345995094473,0.0968998909285,0.3089816486,1.0,1.0,0.941620879121,240.054945055,0.912087912088,241037.553289,121955526.419,61948578911.4,14.9450549451,-3.73626373626,59308.5164835,8.87342103712e-07,Class 4
0.298528089737,21436.8131868,7687609.48956,25008.8491739,0.670334740153,1.0,83174.6049081,0.464722094318,0.563077134536,0.00216452399683,0.275318781582,0.0756984306604,1.0,1.0,0.671617445055,102.747252747,0.432234432234,83362.1738248,37048004.9526,17500392425.4,84.0659340659,-4.67032967033,15482.1428571,4.99129933338e-06,Class 4
0.688738611816,4287.36263736,18305865.9581,54543.1091327,0.934066948031,1.0,217480.265315,0.255640032727,0.272558682875,0.00340984461029,0.10553022542,0.523030775263,1.0,1.0,0.934323489011,217.637362637,0.820512820513,217695.946146,109930021.298,55784691901.1,16.8131868132,-3.73626373626,53353.8461538,9.98259866676e-07,Class 4
0.486911135263,5001.92307692,18938699.8662,45015.9285008,0.923078106036,1.0,168623.449656,0.368306614012,0.384573037311,0.00333625748313,0.117776048263,0.619534133484,1.0,1.0,0.923377403846,170.467032967,0.630036630037,168869.123516,84846521.4631,42945842928.0,19.6153846154,6.07142857143,40968.1318681,1.16463651112e-06,Class 4
0.569805042333,6669.23076923,18544543.526,49779.5188168,0.897437474714,1.0,196955.340824,0.329492364512,0.357462781635,0.00317189193415,0.143612773243,0.439997677676,1.0,1.0,0.897836538462,199.89010989,0.732600732601,197212.434814,98876251.3867,49992488863.6,26.1538461538,-4.67032967033,47637.3626374,1.5528486815e-06,Class 4
0.569805042333,6669.23076923,18544543.526,49779.5188168,0.897437474714,1.0,196955.340824,0.329492364512,0.357462781635,0.00317189193415,0.143612773243,0.439997677676,1.0,1.0,0.897836538462,199.89010989,0.732600732601,197212.434814,98876251.3867,49992488863.6,26.1538461538,-4.67032967033,47637.3626374,1.5528486815e-06,Class 4
0.403426853976,7145.6043956,14222239.0854,30248.7985214,0.890111580051,1.0,117459.897733,0.417943464062,0.449306100277,0.00312681719814,0.150389892001,0.505621562202,1.0,1.0,0.890539148352,122.362637363,0.465201465201,117660.461943,58183898.8815,29208733646.9,28.021978022,-3.73626373626,27629.6703297,1.66376644446e-06,Class 4
0.467562962068,11194.7802198,17806315.3076,47159.544143,0.827841475413,1.0,179540.949718,0.38744661997,0.438848404169,0.00277754040655,0.199469948981,0.257672832879,1.0,1.0,0.828511332418,187.28021978,0.648351648352,179825.19151,88854948.74,44587455998.6,43.9010989011,-2.33516483516,42159.0659341,2.60656742965e-06,Class 4
0.306873834346,17149.4505495,11651910.0357,30486.9780372,0.736267792122,1.0,107429.780724,0.471715379775,0.550709738944,0.00237396428182,0.250556979332,0.168011152682,1.0,1.0,0.737293956044,122.362637363,0.388278388278,107656.615789,50531191.039,24655472124.6,67.2527472527,-2.8021978022,22627.7472527,3.9930394667e-06,Class 4
0.370151216305,12623.9010989,16451129.8494,38585.0815743,0.805863791423,1.0,146684.690648,0.442246690318,0.498859205312,0.00266873209033,0.213746490009,0.279905814964,1.0,1.0,0.806619162088,156.456043956,0.516483516484,146956.374546,71727705.378,35759775646.3,49.5054945055,-5.13736263736,33584.3406593,2.93932071855e-06,Class 4
0.422855532746,12385.7142857,17449645.5696,45968.646564,0.809526738755,1.0,168343.841952,0.412164728645,0.468951877734,0.00268634268486,0.211463502889,0.244865271871,1.0,1.0,0.810267857143,177.472527473,0.600732600733,168630.717781,82842185.0152,41443560103.5,48.5714285714,2.8021978022,39062.6373626,2.88386183706e-06,Class 4
0.373961813522,17387.6373626,16269196.3612,45015.9285008,0.732604844791,1.0,160951.896064,0.429321270662,0.509718378959,0.00236054668599,0.252175218757,0.112505838559,1.0,1.0,0.733645260989,175.137362637,0.553113553114,161246.999546,77801134.1709,38547443401.4,68.1868131868,1.4010989011,35966.2087912,4.04849834818e-06,Class 4
0.32267976224,15005.7692308,13023554.1076,32154.2346478,0.769234318107,1.0,115757.715075,0.466154062349,0.53530655135,0.00250415689141,0.234607678141,0.221293668445,1.0,1.0,0.770132211538,128.434065934,0.388278388278,115992.964518,55329269.0052,27241834468.7,58.8461538462,-2.33516483516,25247.8021978,3.49390953337e-06,Class 4
0.415958888486,9051.0989011,17655271.7302,40966.8767323,0.860808001398,1.0,155505.440548,0.416026184735,0.457844029667,0.0029549042515,0.175236916985,0.396432668124,1.0,1.0,0.861349587912,161.593406593,0.564102564103,155769.126091,77133148.5525,38748809545.8,35.4945054945,-0.934065934066,36680.7692308,2.10743749632e-06,Class 4
0.619745334031,10003.8461538,17328282.3416,55734.0067117,0.846156212071,1.0,211733.103257,0.290902606265,0.337139131193,0.00287397937662,0.186452619378,0.138622695096,1.0,1.0,0.846754807692,217.637362637,0.776556776557,211979.46263,105557045.388,53182828174.0,39.2307692308,0.934065934066,50495.6043956,2.32927302224e-06,Class 4
0.395268955709,10718.4065934,17174024.3221,40490.5177007,0.835167370076,1.0,152403.408023,0.428426905923,0.477888034602,0.00281548704477,0.194390822,0.333813104969,1.0,1.0,0.835808722527,160.192307692,0.545787545788,152672.741304,75128879.0915,37618241060.8,42.032967033,-1.4010989011,35489.8351648,2.49564966669e-06,Class 4
0.369882864388,15005.7692308,7068283.34665,22865.2335317,0.769234318107,1.0,74874.1505446,0.438680751659,0.508035539051,0.00250415689141,0.234607678141,0.187284686312,1.0,1.0,0.770132211538,88.2692307692,0.538461538462,75026.0878014,34436481.9284,16586676284.4,58.8461538462,1.4010989011,15005.7692308,3.49390953337e-06,Class 4
0.730950368313,8336.53846154,16865771.5416,59783.0584802,0.871796843393,1.0,229177.37168,0.210871432575,0.24926023628,0.00301779923198,0.16631760187,0.0443346277098,1.0,1.0,0.872295673077,233.049450549,0.849816849817,229366.618365,114849496.387,58030312304.7,32.6923076923,1.4010989011,55259.3406593,1.94106085187e-06,Class 4
0.552550014088,6907.41758242,18576942.1236,49064.9802694,0.893774527383,1.0,193378.99016,0.339491177008,0.369209944484,0.00314924974117,0.147032025921,0.433692725777,1.0,1.0,0.894187843407,196.620879121,0.717948717949,193639.734779,96993468.3648,49016797557.7,27.0879120879,-4.2032967033,46684.6153846,1.60830756298e-06,Class 4
0.594359242711,4525.54945055,18985058.2818,50732.23688,0.930404000699,1.0,198638.704059,0.31012098847,0.331029910936,0.00338510591796,0.109700806603,0.548625165454,1.0,1.0,0.930674793956,199.423076923,0.747252747253,198879.757101,100273177.968,50844290573.0,17.7472527473,-0.467032967033,48590.1098901,1.05371874816e-06,Class 4
0.412416643186,10242.032967,17575877.9627,42157.7743113,0.84249326474,1.0,158592.915176,0.41898415549,0.466380636891,0.00285427228274,0.189142332484,0.34164925783,1.0,1.0,0.843106112637,165.796703297,0.571428571429,158865.42331,78408566.3661,39321829296.4,40.1648351648,-0.467032967033,37157.1428571,2.38473190373e-06,Class 4
0.576889532933,4049.17582418,19218708.9352,49303.1597852,0.937729895362,1.0,193400.055381,0.317209311355,0.335907953049,0.00343479295254,0.101264981168,0.598526558401,1.0,1.0,0.937972184066,193.818681319,0.728937728938,193639.822348,97722320.0122,49574346292.0,15.8791208791,-0.467032967033,47399.1758242,9.42800985194e-07,Class 4
0.478001851628,11194.7802198,17800454.5344,48826.8007536,0.827841475413,1.0,182399.648191,0.381127810048,0.432801070591,0.00277754040655,0.199469948981,0.245666296808,1.0,1.0,0.828511332418,190.082417582,0.659340659341,182683.3457,90312585.0477,45330839127.7,43.9010989011,1.4010989011,42873.6263736,2.60656742965e-06,Class 4
0.581719867434,8574.72527473,17968330.7116,53114.0320379,0.868133896061,1.0,202668.598333,0.321501825801,0.361109664431,0.00299662458855,0.169341225678,0.276315073547,1.0,1.0,0.868646978022,207.362637363,0.747252747253,202928.684814,101305622.904,51107555965.6,33.6263736264,0.934065934066,48590.1098901,1.99651973335e-06,Class 4
0.489809335963,13576.6483516,17231757.9848,50732.23688,0.791212002097,1.0,188591.170961,0.366652956516,0.429491417896,0.00260038621154,0.222511082858,0.130871158721,1.0,1.0,0.792024381868,198.489010989,0.673992673993,188875.940137,92863420.6749,46476878628.9,53.2417582418,0.467032967033,43826.3736264,3.16115624447e-06,Class 4
0.656670557769,8098.35164835,17529678.5665,55972.1862275,0.875459790724,1.0,216509.692623,0.272616331133,0.310013614522,0.00303918352534,0.163241835663,0.204111715871,1.0,1.0,0.875944368132,220.43956044,0.802197802198,216743.111325,108472340.332,54793499212.2,31.7582417582,-0.934065934066,52162.9120879,1.88560197039e-06,Class 4
0.430718243905,8812.91208791,17938027.6017,41443.2357639,0.86447094873,1.0,160980.378442,0.408234097485,0.447274138007,0.00297565959506,0.172313941944,0.408519274232,1.0,1.0,0.864998282967,166.730769231,0.586080586081,161247.262252,79987689.1128,40220089604.5,34.5604395604,-4.2032967033,38109.8901099,2.05197861483e-06,Class 4
0.612204645172,5478.2967033,3647273.86356,12623.5143525,0.915752211372,1.0,44481.5920113,0.302996155645,0.328323063114,0.00328824764803,0.125522565003,0.458173294494,1.0,1.0,0.916080013736,49.0384615385,0.765567765568,44539.401675,21317866.8041,10515752021.5,21.4835164835,0.467032967033,9765.65934066,1.27555427409e-06,Class 4
0.581022152451,5716.48351648,18739347.8096,50732.23688,0.912089264041,1.0,197914.741733,0.321163944651,0.347495397708,0.00326455720538,0.129280935583,0.471165422167,1.0,1.0,0.912431318681,199.89010989,0.739926739927,198165.182067,99605080.7051,50426132818.1,22.4175824176,-0.934065934066,48113.7362637,1.33101315557e-06,Class 4
0.683156891948,4287.36263736,18354376.631,55257.6476801,0.934066948031,1.0,216525.772808,0.258757193349,0.278605324931,0.00340984461029,0.10553022542,0.483517599125,1.0,1.0,0.934323489011,216.703296703,0.81684981685,216743.228083,109444142.529,55536897524.7,16.8131868132,0.0,53115.6593407,9.98259866676e-07,Class 4
0.382092876598,9289.28571429,15833590.271,35726.9273848,0.857145054066,1.0,132904.289306,0.433834358539,0.476818246241,0.00293435855788,0.178111253971,0.405786853952,1.0,1.0,0.857700892857,139.642857143,0.47619047619,133142.064793,65532790.146,32817230712.3,36.4285714286,0.467032967033,30964.2857143,2.1628963778e-06,Class 4
0.504434515424,11194.7802198,17731955.5977,50017.6983326,0.827841475413,1.0,189071.71878,0.364827484333,0.416636236323,0.00277754040655,0.199469948981,0.217673335791,1.0,1.0,0.828511332418,196.620879121,0.684981684982,189352.372142,93713736.4323,47065399762.4,43.9010989011,-0.467032967033,44540.9340659,2.60656742965e-06,Class 4
0.55193280468,10480.2197802,17671369.6154,52161.3139747,0.838830317408,1.0,198847.921899,0.336221848704,0.384667168658,0.00283477483879,0.191788129747,0.202344907957,1.0,1.0,0.839457417582,205.494505495,0.725274725275,199117.754182,98876206.7288,49744679303.9,41.0989010989,-0.934065934066,47160.989011,2.44019078521e-06,Class 4
0.493834614714,10718.4065934,17877197.0455,49064.9802694,0.835167370076,1.0,185736.791582,0.372305649535,0.421908301233,0.00281548704477,0.194390822,0.251071391691,1.0,1.0,0.835808722527,192.884615385,0.673992673993,186017.873516,92134636.0146,46291044234.1,42.032967033,-0.467032967033,43826.3736264,2.49564966669e-06,Class 4
0.376591662306,10718.4065934,10872611.1669,27390.6443319,0.835167370076,1.0,97232.7019933,0.438367601174,0.487828729853,0.00281548704477,0.194390822,0.34622169947,1.0,1.0,0.835808722527,106.016483516,0.501831501832,97415.0936393,46947910.4762,23246167230.9,42.032967033,1.4010989011,21675.0,2.49564966669e-06,Class 4
0.799219095922,1905.49450549,17987227.5463,58830.340417,0.970696421347,1.0,233258.779011,0.178066151222,0.186887543037,0.00366876227992,0.0574634657617,0.631684763853,1.0,1.0,0.97081043956,230.714285714,0.89010989011,233415.867163,118554397.363,60337923056.6,7.47252747253,0.0,57879.3956044,4.43671051856e-07,Class 4
0.935622375183,1905.49450549,16765985.3805,63593.930733,0.970696421347,1.0,253362.756629,0.0679276412182,0.0763470775189,0.00366876227992,0.0574634657617,0.0820055184747,1.0,1.0,0.97081043956,250.32967033,0.967032967033,253422.94649,128757851.517,65541604960.6,7.47252747253,-0.934065934066,62881.3186813,4.43671051856e-07,Class 4
0.5744206953,4525.54945055,19101699.8767,50017.6983326,0.930404000699,1.0,193872.431901,0.320821883137,0.341394333633,0.00338510591796,0.109700806603,0.568697594097,1.0,1.0,0.930674793956,194.752747253,0.728937728938,194116.166785,97843784.1222,49605318691.2,17.7472527473,1.4010989011,47399.1758242,1.05371874816e-06,Class 4
0.963826161628,714.56043956,16833364.804,64070.2897646,0.989011158005,1.0,256005.463568,0.0450507475712,0.0480884903288,0.00380608298729,0.0262740752932,0.432948679216,1.0,1.0,0.989053914835,251.730769231,0.981684981685,256042.95765,130397706.319,66455351468.3,2.8021978022,-0.467032967033,63834.0659341,1.66376644446e-07,Class 4
0.867648834682,4049.17582418,16795748.238,62403.033154,0.937729895362,1.0,245929.426014,0.119871600608,0.138570242302,0.00343479295254,0.101264981168,0.0438416898741,1.0,1.0,0.937972184066,245.192307692,0.930402930403,246039.315823,124445652.32,63203036992.9,15.8791208791,-0.467032967033,60499.4505495,9.42800985194e-07,Class 4
0.393793020167,9051.0989011,16748166.5849,38108.7225427,0.860808001398,1.0,142181.952415,0.427468712356,0.469286557288,0.0029549042515,0.175236916985,0.410424701203,1.0,1.0,0.861349587912,148.516483516,0.512820512821,142431.073207,70330845.7833,35279688276.5,35.4945054945,0.934065934066,33346.1538462,2.10743749632e-06,Class 4
0.410323498236,9051.0989011,17496705.9563,40252.3381849,0.860808001398,1.0,152650.00194,0.418958413554,0.460776258485,0.0029549042515,0.175236916985,0.400100492273,1.0,1.0,0.861349587912,158.791208791,0.553113553114,152910.971902,75675512.2448,38005426416.7,35.4945054945,-0.934065934066,35966.2087912,2.10743749632e-06,Class 4
0.841243006078,3096.42857143,17272794.9081,60497.5970276,0.952381684689,1.0,241138.963573,0.150571930015,0.163336915472,0.00353668282091,0.0831431083873,0.389430603042,1.0,1.0,0.952566964286,239.587912088,0.915750915751,241275.754697,122259209.023,62149914689.1,12.1428571429,-2.33516483516,59546.7032967,7.20965459266e-07,Class 4
0.860886366381,2381.86813187,17289971.9698,61212.135575,0.963370526684,1.0,243296.002715,0.135834838039,0.146541257572,0.00361530154651,0.0682199296312,0.434904956112,1.0,1.0,0.963513049451,240.989010989,0.92673992674,243419.392231,123534649.165,62846839219.6,9.34065934066,-0.934065934066,60261.2637363,5.5458881482e-07,Class 4
0.58485958486,7145.6043956,18326350.0548,51923.1344589,0.890111580051,1.0,201243.761856,0.320669198431,0.353643284217,0.00312681719814,0.150389892001,0.366342614398,1.0,1.0,0.890539148352,204.56043956,0.747252747253,201499.651503,100941230.574,51014638768.2,28.021978022,-0.934065934066,48590.1098901,1.66376644446e-06,Class 4
