0.724338598464,13.3846153846,299.910045773,18.9322279283,0.913386726907,1.0,66.3370508968,0.318189946872,0.343495248232,0.0474776807546,0.200204520749,0.399708548574,1.0,1.0,0.918926105945,1.50699300699,0.84965034965,67.4159746503,1655.20401278,42880.8940925,1.03496503497,-0.0944055944056,13.6923076923,0.000205837991305,Class 1
0.54865763607,21.0874125874,714.74296514,35.9942908654,0.83981206665,1.0,119.74300742,0.507420772393,0.576425493279,0.0367421313389,0.357604297037,0.304045554466,1.0,1.0,0.848670240016,2.72552447552,0.737762237762,123.67034528,3024.40347738,77226.5224524,1.64685314685,-0.0192307692308,25.9825174825,0.000324297002498,Class 1
0.859406327938,8.17132867133,61.9219524947,6.4178048514,0.944392828267,1.0,20.9412126362,0.158790009551,0.174085774099,0.0514739030637,0.122989006947,0.215507365981,1.0,1.0,0.947955890264,0.589160839161,0.926573426573,21.0112543706,423.023997487,9312.97475791,0.660839160839,-0.0681818181818,3.27972027972,0.000125664416322,Class 1
0.839772115996,6.8951048951,147.543556119,10.8828398164,0.943267166584,1.0,36.40841664,0.201239539822,0.22046405477,0.0502375956648,0.155627050291,0.40695576648,1.0,1.0,0.946537597018,0.828671328671,0.916083916084,36.6362543706,890.215594952,22857.6131703,0.566433566434,-2.03830008427e-17,7.53496503497,0.000106037753097,Class 1
0.724338598464,13.3846153846,299.910045773,18.9322279283,0.913386726907,1.0,66.3370508968,0.318189946872,0.343495248232,0.0474776807546,0.200204520749,0.399708548574,1.0,1.0,0.918926105945,1.50699300699,0.84965034965,67.4159746503,1655.20401278,42880.8940925,1.03496503497,-0.0944055944056,13.6923076923,0.000205837991305,Class 1
0.859406327938,8.17132867133,61.9219524947,6.4178048514,0.944392828267,1.0,20.9412126362,0.158790009551,0.174085774099,0.0514739030637,0.122989006947,0.215507365981,1.0,1.0,0.947955890264,0.589160839161,0.926573426573,21.0112543706,423.023997487,9312.97475791,0.660839160839,-0.0681818181818,3.27972027972,0.000125664416322,Class 1
0.38615580224,17.3111888112,2273.39972818,66.0865111451,0.825669630462,1.0,235.064890685,0.662488813511,0.755115568244,0.0329950043401,0.398365156987,0.388558366879,1.0,1.0,0.834328492021,4.75,0.611888111888,244.853911713,6575.60201322,180212.551572,1.42307692308,0.0437062937063,57.4755244755,0.000266223588023,Class 1
0.584136143577,15.7832167832,726.013643691,34.3185915647,0.859587809857,1.0,119.417079123,0.47853579101,0.549925563755,0.0387287810529,0.335960172531,0.326671198774,1.0,1.0,0.868600470043,2.5979020979,0.762237762238,122.877513112,3100.46450229,81078.6067236,1.28671328671,-0.0244755244755,27.0944055944,0.000242725363833,Class 1
0.54865763607,21.0874125874,714.74296514,35.9942908654,0.83981206665,1.0,119.74300742,0.507420772393,0.576425493279,0.0367421313389,0.357604297037,0.304045554466,1.0,1.0,0.848670240016,2.72552447552,0.737762237762,123.67034528,3024.40347738,77226.5224524,1.64685314685,-0.0192307692308,25.9825174825,0.000324297002498,Class 1
0.694875055015,9.48251748252,500.340799775,23.996913243,0.913583671017,1.0,92.0526264344,0.354412796955,0.388739876842,0.0455888353342,0.230489826806,0.488664841258,1.0,1.0,0.918882079459,1.91608391608,0.832167832168,93.7009396853,2417.92418324,64157.5808823,0.776223776224,-0.125874125874,21.2902097902,0.000145828796348,Class 1
0.52623600176,12.3216783217,1093.62073982,39.4331020542,0.883354445824,1.0,150.748188872,0.523102506883,0.564413315681,0.0410378792973,0.268358337129,0.524223580788,1.0,1.0,0.888544788545,3.18881118881,0.72027972028,155.568072552,3995.54175317,105322.742377,1.04895104895,-0.188811188811,36.2062937063,0.000189491400564,Class 1
0.347938774512,21.8181818182,2096.64618681,60.5012838724,0.800125174286,1.0,215.685057467,0.675115771336,0.764713642521,0.0314316638344,0.40673336619,0.361730361448,1.0,1.0,0.810408661851,4.73426573427,0.573426573427,225.662478147,5682.3072689,147079.561324,1.83216783217,-0.0979020979021,51.548951049,0.000335535283632,Class 1
0.736001760477,11.6608391608,302.079113959,19.2215635927,0.919962652706,1.0,65.404395854,0.306949548776,0.332594491962,0.047502131828,0.193444450686,0.375751228678,1.0,1.0,0.924268840134,1.47027972028,0.856643356643,66.3958697552,1626.31377021,41740.718639,0.905594405594,-0.0227272727273,13.8636363636,0.000179328553031,Class 1
0.640667025282,26.5944055944,152.760067524,19.9199901661,0.824057950061,1.0,51.7380338847,0.358025965573,0.415692367059,0.0378393732579,0.324930389248,0.0758250571301,1.0,1.0,0.835674581828,1.56643356643,0.797202797203,53.0855550699,1020.24367625,21760.0454802,2.0979020979,-5.55111512313e-17,6.81468531469,0.000408987398607,Class 1
0.607217956868,24.4440559441,346.498722993,24.579955201,0.837175321411,1.0,78.4207512684,0.433869254473,0.481168060429,0.038085412184,0.333773147059,0.222551344564,1.0,1.0,0.846734675581,2.01573426573,0.776223776224,80.7385270979,1802.96106042,43328.0768121,1.89160839161,-0.134615384615,14.3216783217,0.000375917815364,Class 1
0.833463739058,7.64335664336,137.906079228,10.3920181381,0.94083254808,1.0,35.0706819185,0.204790321061,0.225430495841,0.0498479066825,0.156039502636,0.357753605621,1.0,1.0,0.943833089987,0.835664335664,0.912587412587,35.3110795455,816.690900896,19966.0590837,0.615384615385,-0.0244755244755,7.01748251748,0.000117544892631,Class 1
0.54865763607,21.0874125874,714.74296514,35.9942908654,0.83981206665,1.0,119.74300742,0.507420772393,0.576425493279,0.0367421313389,0.357604297037,0.304045554466,1.0,1.0,0.848670240016,2.72552447552,0.737762237762,123.67034528,3024.40347738,77226.5224524,1.64685314685,-0.0192307692308,25.9825174825,0.000324297002498,Class 1
0.736001760477,11.6608391608,302.079113959,19.2215635927,0.919962652706,1.0,65.404395854,0.306949548776,0.332594491962,0.047502131828,0.193444450686,0.375751228678,1.0,1.0,0.924268840134,1.47027972028,0.856643356643,66.3958697552,1626.31377021,41740.718639,0.905594405594,-0.0227272727273,13.8636363636,0.000179328553031,Class 1
0.570370189251,22.0104895105,521.057742856,30.725934222,0.848636868508,1.0,97.6163206485,0.47118860382,0.524388785334,0.0387517039342,0.32172552236,0.268586107046,1.0,1.0,0.856833871257,2.38986013986,0.751748251748,100.719296329,2308.99263822,55757.2099524,1.70979020979,0.00174825174825,19.972027972,0.000338492726036,Class 1
0.827350970708,8.45454545455,124.406654681,9.62584680944,0.937389910056,1.0,33.150520311,0.204335301789,0.224354375414,0.049857075835,0.153139839095,0.329470615744,1.0,1.0,0.940907810139,0.825174825175,0.909090909091,33.3862543706,748.287819602,17890.1195623,0.685314685315,-0.0664335664336,6.33216783217,0.000130019922407,Class 1
0.614137610641,16.1468531469,572.886491999,29.205392264,0.886885733797,1.0,102.729336197,0.427236673057,0.4596321056,0.043003134322,0.260482441255,0.400851139163,1.0,1.0,0.892766368247,2.31118881119,0.77972027972,105.356534091,2573.6631474,65333.5146126,1.25174825175,-0.0909090909091,22.5874125874,0.00024831761856,Class 1
0.853097951,8.5,62.1566610973,6.91605659965,0.940927530887,1.0,21.2510728041,0.162450696674,0.181174641675,0.0510887986576,0.126672486453,0.181141642401,1.0,1.0,0.94476677169,0.606643356643,0.923076923077,21.3311844406,425.664622487,9329.40739558,0.695804195804,-0.0437062937063,3.27972027972,0.000130718954248,Class 1
0.802948799452,11.3881118881,103.539713535,10.5283817745,0.920056348857,1.0,31.6081132112,0.217678992638,0.237306934483,0.0483288837474,0.17212087616,0.263717291589,1.0,1.0,0.925060836599,0.861888111888,0.895104895105,31.8958697552,671.21040483,15443.7449721,0.926573426573,-0.0227272727273,5.23076923077,0.000175134361986,Class 1
0.594112181525,11.3881118881,882.101046261,36.5393083479,0.913640463413,1.0,136.351093411,0.438425084771,0.473135675712,0.0459647705878,0.221275339069,0.528937611366,1.0,1.0,0.918143715259,2.77447552448,0.765734265734,139.652862762,3686.09775186,99685.0922732,0.891608391608,-0.0926573426573,32.4090909091,0.000175134361986,Class 1
0.476624773828,10.6363636364,1798.51475698,55.4374726836,0.913627343663,1.0,211.783612909,0.539946178443,0.574661137802,0.0456148145997,0.222398353592,0.614840675104,1.0,1.0,0.917933989088,4.0979020979,0.678321678322,218.309331294,6019.68379862,168698.502429,0.846153846154,-0.125874125874,52.4265734266,0.000163573450771,Class 1
0.735586092229,18.4405594406,137.596883405,15.080392264,0.876832062089,1.0,43.4627752795,0.302497537647,0.341466940107,0.0429374220622,0.273525717602,0.1364430751,1.0,1.0,0.88504428264,1.1958041958,0.856643356643,44.2359047203,924.841796875,21214.1482992,1.42657342657,-0.0454545454545,6.59440559441,0.000283591840685,Class 1
0.597461978581,12.9195804196,801.538832787,34.899448208,0.880069938481,1.0,127.859601663,0.427545215533,0.486455731241,0.0399834267568,0.295787605175,0.459848470379,1.0,1.0,0.885612784651,2.67307692308,0.769230769231,130.927338287,3359.51219679,88336.7081495,1.03146853147,-0.0751748251748,29.8321678322,0.000198686357856,Class 1
0.457504034427,16.1293706294,1578.73174899,52.2810041521,0.874926916933,1.0,190.994796032,0.577157505438,0.639514043723,0.0411310990146,0.304279691386,0.475736092761,1.0,1.0,0.883056846999,3.97377622378,0.664335664336,197.864401224,5138.29585063,136372.566104,1.24825174825,-0.0926573426573,45.9265734266,0.000248048760159,Class 1
0.566971490048,11.9020979021,996.040584325,40.656878278,0.900339825344,1.0,146.310319274,0.479905845744,0.525691830122,0.0434279717223,0.251696878238,0.472747976546,1.0,1.0,0.90524107303,2.9965034965,0.748251748252,150.349541084,3939.29295509,105567.876501,0.937062937063,0.0034965034965,34.9825174825,0.000183038798956,Class 1
0.452369309013,25.9965034965,975.289426752,42.7914936626,0.798254393567,1.0,143.67381724,0.578779194418,0.64794120083,0.0332395150741,0.374812472436,0.342485377655,1.0,1.0,0.809388368042,3.34090909091,0.664335664336,149.418597028,3671.87200885,95023.4695678,2.13636363636,-0.0751748251748,31.2692307692,0.000399792441315,Class 1
0.601887622867,9.57342657343,999.988956286,39.4947279283,0.932072190342,1.0,150.989410792,0.417532320054,0.44225040186,0.0482906789452,0.177367385436,0.589523444007,1.0,1.0,0.935108641359,2.91608391608,0.769230769231,154.242897727,4230.29503114,118060.690039,0.72027972028,-0.101398601399,36.527972028,0.00014722686003,Class 1
0.718274732261,17.965034965,179.787271011,16.6481370192,0.875795936979,1.0,50.0393949007,0.316176658804,0.357691536546,0.0426271990684,0.273296959569,0.183081166557,1.0,1.0,0.883666013474,1.32517482517,0.846153846154,50.9684222028,1104.45182747,26018.2835156,1.41258741259,-0.0454545454545,8.41258741259,0.000276278892196,Class 1
0.44659885569,21.4160839161,1221.46364619,45.2569656906,0.820067618734,1.0,162.366222296,0.596098229964,0.668070723985,0.0346423954105,0.369889792301,0.361447106955,1.0,1.0,0.830000928559,3.61013986014,0.660839160839,168.829436189,4243.51875273,110741.255789,1.77972027972,-0.18006993007,37.3006993007,0.000329351540424,Class 1
0.681671475378,3.25524475524,801.350735762,31.4912314248,0.973870605358,1.0,127.956929357,0.315072481913,0.317972145454,0.0543285658834,0.0814737938732,0.813436597131,1.0,1.0,0.974975024975,2.40734265734,0.818181818182,129.703562063,3560.67434714,98531.1830184,0.255244755245,-0.124125874126,31.9090909091,5.00614341445e-05,Class 1
0.724583109198,19.7797202797,157.272204653,16.8946405157,0.884522184298,1.0,48.1532674608,0.297471847508,0.334644212817,0.0448660004768,0.236277785421,0.200273563592,1.0,1.0,0.892445375138,1.28846153846,0.84965034965,48.9692963287,1048.23641007,24499.3309642,1.47902097902,-0.0227272727273,7.45454545455,0.000304186394152,Class 1
0.677637048266,14.0244755245,380.189735317,21.6542559003,0.88683241354,1.0,76.8591595118,0.362357581705,0.408641089557,0.0426271990684,0.273019998517,0.333715312995,1.0,1.0,0.893529707472,1.79195804196,0.821678321678,78.4448208042,1850.34567581,45568.5191198,1.12937062937,-0.113636363636,16.3251748252,0.000215678208758,Class 1
0.549855738667,10.2832167832,1358.02331854,48.4663188374,0.929258148042,1.0,185.192435809,0.454148240436,0.477345548767,0.0479101591154,0.185848773135,0.623263682687,1.0,1.0,0.93267197546,3.50874125874,0.730769230769,189.621394231,5284.37463123,149448.530538,0.751748251748,-0.103146853147,45.2692307692,0.000158142511084,Class 1
0.683920974131,18.6608391608,248.311843939,18.8880845717,0.870258401582,1.0,61.2458709119,0.347482445253,0.389851342219,0.0419318716685,0.27558687699,0.231622262148,1.0,1.0,0.878135486309,1.55769230769,0.825174825175,62.5269886364,1412.41374836,34450.2327889,1.47902097902,-0.0996503496503,11.1573426573,0.00028697945653,Class 1
0.52623600176,12.3216783217,1093.62073982,39.4331020542,0.883354445824,1.0,150.748188872,0.523102506883,0.564413315681,0.0410378792973,0.268358337129,0.524223580788,1.0,1.0,0.888544788545,3.18881118881,0.72027972028,155.568072552,3995.54175317,105322.742377,1.04895104895,-0.188811188811,36.2062937063,0.000189491400564,Class 1
0.65638906548,21.4545454545,224.322350197,19.1817908654,0.843841023592,1.0,58.8992050384,0.368269188506,0.421211977302,0.0391612594137,0.314889488577,0.142894020245,1.0,1.0,0.854168427726,1.60839160839,0.807692307692,60.3442963287,1282.77645597,29754.342683,1.73426573427,-0.0944055944056,9.91958041958,0.000329943028905,Class 1
0.435424715145,15.472027972,1658.60502843,50.7910565997,0.857622183934,1.0,193.401934411,0.602292292554,0.662389187993,0.0385836028045,0.31023355763,0.508100540395,1.0,1.0,0.865666384897,4.04020979021,0.65034965035,200.768247378,5258.57130955,141294.462793,1.31818181818,-0.23951048951,46.8251748252,0.000237939684306,Class 1
0.45249156438,15.2867132867,1452.84191841,48.1315286276,0.860730011435,1.0,177.240673633,0.595838068039,0.649581747609,0.0383100564209,0.305062745746,0.458140616189,1.0,1.0,0.867066267066,3.8006993007,0.664335664336,184.059331294,4694.12883796,122910.488498,1.28671328671,-0.122377622378,42.6643356643,0.000235089785263,Class 1
0.440070419091,35.534965035,748.017129737,40.7185041521,0.745585399983,1.0,127.20737244,0.604910710089,0.700621808786,0.0283217929361,0.479025427909,0.153620886415,1.0,1.0,0.762041964446,3.19405594406,0.657342657343,132.988527098,3079.8932064,76355.9945896,2.78671328671,-0.0996503496503,24.7587412587,0.000546481584544,Class 1
0.496723556164,19.8986013986,885.634479787,36.9025076486,0.82563361913,1.0,132.557691829,0.534265820781,0.60786986138,0.0355684798156,0.361928295258,0.321255015703,1.0,1.0,0.836566158201,3.06468531469,0.699300699301,137.304960664,3318.59436462,83550.5490586,1.68181818182,-0.183566433566,29.7307692308,0.000306014631274,Class 1
0.347938774512,21.8181818182,2096.64618681,60.5012838724,0.800125174286,1.0,215.685057467,0.675115771336,0.764713642521,0.0314316638344,0.40673336619,0.361730361448,1.0,1.0,0.810408661851,4.73426573427,0.573426573427,225.662478147,5682.3072689,147079.561324,1.83216783217,-0.0979020979021,51.548951049,0.000335535283632,Class 1
0.766907917258,14.8636363636,253.247899015,18.0279447115,0.921309484941,1.0,62.2913894161,0.247136639098,0.27113139427,0.0486987062326,0.170824356412,0.334383459404,1.0,1.0,0.926415251415,1.33391608392,0.874125874126,62.897618007,1632.0230141,44889.6206823,1.03846153846,-0.0996503496503,12.1713286713,0.000228583411974,Class 1
0.885128857157,7.79020979021,66.2839208249,5.27051464161,0.956523864608,1.0,21.8077231442,0.14549975841,0.151815073004,0.0530708637953,0.110402990727,0.411608945724,1.0,1.0,0.959185526012,0.534965034965,0.940559440559,21.8460445804,508.705542504,12974.6684587,0.573426573427,-0.15034965035,3.57692307692,0.000119803303194,Class 1
0.840187784244,11.6293706294,44.1978880722,8.07208806818,0.928750385012,1.0,20.5316937959,0.182599356263,0.202339858723,0.0498647167954,0.154756145508,0.156559689272,1.0,1.0,0.933398492533,0.629370629371,0.916083916084,20.6589816434,387.106875546,8185.01117071,0.902097902098,1.40946282423e-17,2.33216783217,0.00017884460791,Class 1
0.796860482175,14.6328671329,69.6611959317,9.88677338287,0.909615102003,1.0,28.1484886393,0.217136361382,0.24509663672,0.0475647877036,0.182361784032,0.118633233043,1.0,1.0,0.915383334614,0.837412587413,0.891608391608,28.425590035,549.507061298,11867.0762111,1.13636363636,-0.0681818181818,3.54895104895,0.00022503448109,Class 1
0.737248765221,11.013986014,384.372047587,22.3063538024,0.946056108849,1.0,78.5844957151,0.285988196207,0.301518488937,0.0518834585432,0.118947711177,0.586658919449,1.0,1.0,0.949204961705,1.63286713287,0.856643356643,79.5698208042,2055.55060369,54923.44654,0.762237762238,-0.0244755244755,17.3391608392,0.000169380792218,Class 1
0.623429018534,21.3496503497,332.645911091,24.6297803759,0.851140381908,1.0,74.1731434171,0.406471440397,0.456574337997,0.0398703405423,0.299683733329,0.206591400997,1.0,1.0,0.860208541459,1.90909090909,0.786713286713,76.1729676573,1691.91740876,40281.5213324,1.6993006993,0.020979020979,13.9405594406,0.000328329878503,Class 2
0.765636461441,12.8531468531,164.640765858,14.8338887675,0.909211286572,1.0,43.5536560869,0.269026289405,0.297759771218,0.0467105283266,0.213673053324,0.28099791471,1.0,1.0,0.915250454674,1.11888111888,0.874125874126,44.1414991259,965.471823099,22582.1859959,1.02097902098,0.0454545454545,7.95804195804,0.000197664695935,Class 2
0.384810993203,28.5734265734,1532.01383151,57.954955201,0.771643500022,1.0,188.386360705,0.67353374408,0.772028754079,0.0296772993178,0.454389223494,0.28322952379,1.0,1.0,0.785116005789,4.14685314685,0.611888111888,197.047093531,5082.07912205,136933.388247,2.30769230769,0.104895104895,42.6328671329,0.000439422169526,Class 2
0.672160007824,13.9090909091,399.271550326,25.5554796766,0.884781266615,1.0,79.5953215893,0.373645699077,0.418786455159,0.0429603449435,0.271625644372,0.33860413451,1.0,1.0,0.892759964395,1.82867132867,0.818181818182,81.2901005245,1963.34868062,49679.7887603,1.14685314685,0.136363636364,17.0699300699,0.000213903743316,Class 2
0.76656560223,8.1993006993,391.156064327,22.9986614948,0.948083669172,1.0,79.0915055952,0.261916416134,0.282040603402,0.0510490656634,0.136181453318,0.553058868531,1.0,1.0,0.950903263403,1.53671328671,0.874125874126,79.8801354895,2183.57961375,61309.7505993,0.590909090909,0.0716783216783,18.1083916084,0.000126094589762,Class 2
0.651449948653,13.3426573427,429.040757937,26.079955201,0.888998347708,1.0,81.7928360568,0.371238662997,0.410634470115,0.0434035206489,0.254211405165,0.387944793858,1.0,1.0,0.896080361946,1.93706293706,0.804195804196,83.5785620629,1939.38943674,46843.9787188,1.11188811189,0.13986013986,17.7972027972,0.000205192731144,Class 2
0.620177025771,15.5909090909,487.76673549,28.3435041521,0.87299970702,1.0,90.7991043498,0.387511597597,0.431297360169,0.0409614696929,0.274320130642,0.368079899206,1.0,1.0,0.879613975768,2.14160839161,0.783216783217,92.9133522727,2178.85922476,53318.7466111,1.29020979021,0.0926573426573,19.5944055944,0.000239767921429,Class 2
0.61729179911,15.0244755245,676.656699984,34.399885271,0.878102256871,1.0,117.26344191,0.427857642505,0.478967205059,0.0415024496919,0.293835807786,0.390968564746,1.0,1.0,0.885852448833,2.43531468531,0.783216783217,120.046219406,3172.25127021,86874.8379572,1.1993006993,0.0472027972028,26.5559440559,0.000231056909258,Class 2
0.381583451514,30.4825174825,1543.32726267,58.9261090472,0.784514618786,1.0,190.576893584,0.672703758117,0.75725757595,0.0316089341166,0.434385959303,0.301430218526,1.0,1.0,0.797272599196,4.21328671329,0.608391608392,199.370520105,5092.78902153,135677.0522,2.35664335664,0.101398601399,42.7447552448,0.000468781506844,Class 2
0.389236637488,38.1468531469,979.22699345,49.594378278,0.74881957663,1.0,146.964571292,0.662779116767,0.755855005074,0.0295198955328,0.46077530704,0.188513524784,1.0,1.0,0.764795140757,3.65034965035,0.615384615385,154.393247378,3614.35163079,90209.7690378,2.93706293706,0.101398601399,29.513986014,0.000586649029556,Class 2
0.566971490048,10.3076923077,996.915959185,41.2499726836,0.891259372687,1.0,144.804496187,0.460875044341,0.516903320422,0.0416766635899,0.274297327737,0.492821205729,1.0,1.0,0.897015324419,2.97902097902,0.748251748252,148.610030594,3863.06579163,102436.027561,0.881118881119,0.115384615385,34.9440559441,0.000158518912844,Class 2
0.938212137513,4.83916083916,11.2069451073,3.0310041521,0.970442897163,1.0,7.31821432221,0.0786328738616,0.0865373058091,0.054739649555,0.0786328738616,0.129289353912,1.0,1.0,0.972266195343,0.230769230769,0.968531468531,7.28485576923,129.984716455,2640.07006494,0.370629370629,-6.93889390391e-18,0.636363636364,7.44200052159e-05,Class 2
0.70145239376,9.9020979021,397.273172015,22.6227873689,0.91473852493,1.0,76.9349407393,0.327540658379,0.357823539085,0.0460228418871,0.204391572043,0.444498509414,1.0,1.0,0.919006634391,1.71678321678,0.835664335664,78.2341564685,1907.93172257,48206.1840837,0.832167832168,0.0454545454545,17.2937062937,0.000152281397956,Class 2
0.549635679006,15.4615384615,1068.6768903,46.0930670892,0.908476588798,1.0,157.696418828,0.451515918281,0.476539760312,0.0467441485525,0.205930307403,0.597605728378,1.0,1.0,0.913998181306,3.18881118881,0.730769230769,161.672967657,4324.23843149,119027.157368,1.13286713287,0.125874125874,36.9475524476,0.000237778369266,Class 2
0.754609027336,15.9440559441,98.7162855484,12.9326649913,0.894004933504,1.0,34.297589507,0.257561470645,0.289803378144,0.0456866396279,0.207427900968,0.12392096705,1.0,1.0,0.90087604703,1.02447552448,0.867132867133,34.7901005245,668.714720826,14184.5895689,1.27972027972,0.020979020979,4.83566433566,0.000245198861116,Class 2
0.49892415277,11.1538461538,1455.46929838,51.5589761801,0.886374924242,1.0,183.351201082,0.544222055388,0.599817709164,0.0407337690718,0.277667835427,0.50765718582,1.0,1.0,0.891382495709,3.68181818182,0.699300699301,189.244645979,5054.30737817,137538.761116,0.937062937063,0.101398601399,44.979020979,0.000171531659421,Class 2
0.567118196489,10.8041958042,1006.73566975,42.0261964598,0.908769454334,1.0,145.840326317,0.485658391471,0.517171005618,0.0452205410411,0.233436284784,0.568018121035,1.0,1.0,0.913905005251,2.97902097902,0.748251748252,149.917722902,3955.91107135,106971.643164,0.881118881119,0.115384615385,35.1468531469,0.000166154491414,Class 2
0.802948799452,12.2762237762,101.626524383,11.4615111451,0.917223684564,1.0,32.1143293854,0.21510483141,0.241367987586,0.0479468357255,0.180306665016,0.199170824476,1.0,1.0,0.922537718692,0.875874125874,0.895104895105,32.3993662587,673.230072662,15223.9254791,0.968531468531,0.0227272727273,5.13636363636,0.000188792368723,Class 2
0.613012861265,8.43006993007,851.019148571,37.9820531031,0.917813763856,1.0,131.070194439,0.433536570086,0.466213461959,0.04600297539,0.212879220505,0.603282977584,1.0,1.0,0.922281564589,2.63461538462,0.77972027972,134.149366259,3575.86698263,97472.1873344,0.723776223776,0.16958041958,31.7552447552,0.000129643520647,Class 2
0.502983030955,12.3321678322,1401.03982138,52.0004097465,0.880472730863,1.0,181.726345218,0.526388307921,0.57858874694,0.0400521954008,0.286248303289,0.498301646126,1.0,1.0,0.88547430134,3.62762237762,0.702797202797,187.289226399,5044.07021689,138631.396032,1.02447552448,0.148601398601,44.1888111888,0.000189652715604,Class 2
0.598684532251,4.91258741259,1014.5599719,39.2587139423,0.944919690294,1.0,142.943927567,0.44869477055,0.469806889858,0.0491097899042,0.165702962852,0.687610195851,1.0,1.0,0.947212563078,2.86888111888,0.769230769231,146.472792832,3841.06289609,102167.06676,0.423076923077,0.0996503496503,35.7447552448,7.55492104973e-05,Class 2
0.545307839014,8.43006993007,1192.63133598,44.9597628934,0.894391278003,1.0,160.522762167,0.501757894353,0.554143775103,0.0417423758497,0.266359772093,0.557369603803,1.0,1.0,0.899866959963,3.22902097902,0.734265734266,165.152862762,4391.63249836,119008.004096,0.772727272727,0.117132867133,39.5804195804,0.000129643520647,Class 2
0.466966599834,12.6888111888,1623.22065528,55.4851125437,0.88928612725,1.0,193.795432837,0.573846819567,0.616198688855,0.0423490681085,0.263600864117,0.581722195011,1.0,1.0,0.89488492277,3.91433566434,0.674825174825,200.509506119,5378.76405431,147625.791246,1.05244755245,0.152097902098,47.4405594406,0.000195137426971,Class 2
0.799794610983,6.81468531469,341.914929965,22.9532069493,0.964133897839,1.0,71.3324550353,0.204305085612,0.204305085612,0.0539297077485,0.0855925691456,0.775909764083,1.0,1.0,0.966469428008,1.3513986014,0.891608391608,71.7350305944,2000.78426847,57295.5511347,0.472027972028,0.229020979021,16.3951048951,0.000104801004455,Class 2
0.503031933102,11.2517482517,1466.38744461,51.899448208,0.883537962769,1.0,186.476640115,0.532815231434,0.594130994606,0.0400613645533,0.289311323499,0.479005280556,1.0,1.0,0.888687274264,3.6993006993,0.702797202797,192.242897727,5174.72684932,141694.87142,0.93006993007,0.0734265734266,45.7062937063,0.000173037266463,Class 2
0.544549855739,10.048951049,1105.78060369,43.2853747815,0.893717563583,1.0,152.645102367,0.490134219138,0.542736187545,0.0420312041542,0.272189689973,0.506176426689,1.0,1.0,0.899112586132,3.17132867133,0.730769230769,157.052338287,4047.8818974,106419.908953,0.867132867133,0.115384615385,37.1433566434,0.000154539808519,Class 2
0.680131057753,6.53146853147,859.412982584,40.3115985577,0.964142540401,1.0,142.865772746,0.276340057735,0.28069942409,0.053920538596,0.0880645048957,0.774871340685,1.0,1.0,0.966519858347,2.56293706294,0.811188811189,144.356534091,4185.07748306,122904.042366,0.461538461538,0.178321678322,34.7727272727,0.000100445498369,Class 2
0.582766883466,10.0454545455,1395.36458236,55.7783817745,0.947758670273,1.0,202.304103168,0.335639252368,0.350137570075,0.0515075232896,0.117338836491,0.67722386976,1.0,1.0,0.950424575425,3.63111888112,0.734265734266,205.266499126,5966.55918105,175596.529063,0.688811188811,0.131118881119,49.2552447552,0.000154486036839,Class 2
0.540686586141,12.7762237762,1157.31864277,46.9772454108,0.87490652666,1.0,163.679297918,0.498026182215,0.5565097033,0.0396181888479,0.301894650964,0.470019682025,1.0,1.0,0.881102551295,3.25174825175,0.730769230769,168.298841783,4577.46111506,127492.832958,1.06993006993,0.122377622378,39.2832167832,0.000196481718973,Class 2
0.579881656805,13.3426573427,852.515743781,39.302857299,0.88677826646,1.0,132.059686634,0.483498090392,0.533500121357,0.0419272870923,0.284230053136,0.458379636485,1.0,1.0,0.892951119393,2.76573426573,0.758741258741,135.807583042,3522.90069111,94125.5094771,1.06993006993,0.157342657343,30.958041958,0.000205192731144,Class 2
0.530661646046,8.47552447552,1464.7747849,52.7372978584,0.910040935772,1.0,190.235835152,0.487608655092,0.526460531208,0.0435655090102,0.239901962544,0.572444602206,1.0,1.0,0.913397980225,3.62937062937,0.72027972028,195.277862762,5409.57431436,151829.464951,0.706293706294,0.125874125874,47.1503496503,0.000130342552488,Class 2
0.613673040246,15.0104895105,572.931735574,29.802420236,0.887582479185,1.0,101.147602323,0.430204680476,0.459524103792,0.0429832678248,0.265829739652,0.406279209356,1.0,1.0,0.893785541382,2.29545454545,0.77972027972,103.78048514,2512.33606042,63212.308674,1.19230769231,0.0157342657343,22.4755244755,0.000230841822537,Class 2
0.358403833928,24.1363636364,2179.41422116,66.1643083479,0.808756079388,1.0,226.428364153,0.704985569976,0.789511777776,0.0324433269964,0.408261959781,0.373065425012,1.0,1.0,0.818377135685,4.77447552448,0.587412587413,237.023492133,6219.90675535,168097.370682,1.88461538462,0.0681818181818,53.8146853147,0.000371185907518,Class 2
0.684409995599,20.0664335664,323.191214064,25.4685041521,0.877871098129,1.0,75.7426739696,0.341458231224,0.380809821605,0.0433011317791,0.268498059226,0.273928262971,1.0,1.0,0.885696354927,1.71503496503,0.825174825175,77.126638986,1958.315737,53452.938591,1.5,0.0786713286713,14.4755244755,0.000308595671917,Class 2
0.533620225928,13.6293706294,1006.05784827,42.1743607955,0.881600202626,1.0,144.73239717,0.487180858714,0.530223783148,0.0410241255685,0.271344472878,0.459710221414,1.0,1.0,0.88689931863,3.10839160839,0.723776223776,149.013876748,3753.98613691,96941.1219115,1.11888111888,0.115384615385,34.2307692308,0.00020960200891,Class 2
0.630275319087,14.3916083916,631.301019633,32.2932419143,0.898628915167,1.0,111.144987624,0.379932306273,0.424183551416,0.0441508065798,0.237996375897,0.407212867697,1.0,1.0,0.904102147852,2.36013986014,0.79020979021,113.422967657,2880.86441488,75392.9961467,1.08391608392,0.0244755244755,25.048951049,0.000221324235165,Class 2
0.456770502225,13.7412587413,1583.60208417,52.9685041521,0.881295661383,1.0,188.069596897,0.590148571282,0.642100887381,0.0416399869798,0.271867868752,0.529403079551,1.0,1.0,0.887858935936,3.8951048951,0.667832167832,194.984156469,5128.56863254,138364.431735,1.13986013986,0.0524475524476,45.7937062937,0.000211322702672,Class 2
0.427209154482,26.9335664336,1354.44074154,54.2303048514,0.813370251434,1.0,178.545914575,0.636978487453,0.710355422105,0.0341228101007,0.392985159778,0.312024140391,1.0,1.0,0.823374221932,3.87937062937,0.646853146853,186.10041521,4794.0029092,128453.348392,2.04545454545,0.0716783216783,40.2727272727,0.000414203251573,Class 2
0.796615971441,14.8846153846,51.7486911362,10.5353747815,0.907903056983,1.0,24.8237102544,0.218803403319,0.245915496291,0.047537280246,0.184028825969,0.102053748052,1.0,1.0,0.913966802428,0.795454545455,0.891608391608,25.0899256993,443.139491368,8694.75518842,1.16433566434,0.0437062937063,2.64685314685,0.000228906042055,Class 2
0.700890019072,16.5454545455,250.053362795,19.6236614948,0.890058251024,1.0,59.7897799295,0.333268753419,0.375258290099,0.0444595013815,0.246074511043,0.256862282413,1.0,1.0,0.897126591357,1.51048951049,0.835664335664,60.9526879371,1348.84420072,31683.2253316,1.27972027972,0.020979020979,11.2867132867,0.000254447590088,Class 2
0.766663406524,6.79020979021,297.208546979,18.2303048514,0.940821891631,1.0,60.7604971895,0.260339828181,0.28181860462,0.0494673868527,0.159223920707,0.500064376281,1.0,1.0,0.943638412869,1.34265734266,0.874125874126,61.4352054196,1486.02864128,36983.5625256,0.566433566434,0.0909090909091,13.8251748252,0.000104424602694,Class 2
0.61391755098,11.6048951049,934.524917677,43.649448208,0.924128683455,1.0,148.987257719,0.388597331181,0.408616404806,0.0482417767984,0.191986234351,0.604644433921,1.0,1.0,0.928615935347,2.83391608392,0.772727272727,151.839925699,4277.55000273,123391.502402,0.877622377622,0.197552447552,35.4090909091,0.00017846820615,Class 2
0.796469265001,3.78671328671,316.259045225,17.5952524038,0.952958907219,1.0,62.5517800312,0.234465998752,0.258973853272,0.0510490656634,0.139359688024,0.65400843346,1.0,1.0,0.956098388791,1.27097902098,0.891608391608,63.0689466783,1630.97865221,42999.9319804,0.353146853147,0.0681818181818,14.9755244755,5.8234729515e-05,Class 2
0.406327937796,27.451048951,1510.36706672,57.7910565997,0.797586671424,1.0,187.854308461,0.652728701767,0.748177075284,0.0324647216857,0.430979117905,0.296646396113,1.0,1.0,0.810718768411,4.10664335664,0.629370629371,196.112652972,4988.57666357,131499.636799,2.09440559441,0.141608391608,42.6748251748,0.000422161460224,Class 2
0.598831238691,19.5384615385,748.038595214,39.44140625,0.877735236012,1.0,131.301635112,0.405072260222,0.452249243092,0.0419624355103,0.270365029053,0.377457740864,1.0,1.0,0.884382284382,2.66433566434,0.769230769231,134.138002622,3617.04677939,101202.650485,1.41258741259,0.0734265734266,28.979020979,0.000300476148227,Class 2
0.509976037948,14.9020979021,1181.62050354,48.5782069493,0.854029221378,1.0,161.763316694,0.546140933949,0.616339820584,0.037510811959,0.340403691676,0.433165937049,1.0,1.0,0.862675305464,3.35314685315,0.70979020979,167.129261364,4406.37971208,119537.404801,1.25874125874,0.22027972028,38.472027972,0.000229174900455,Class 2
0.625213946892,17.1783216783,443.832214424,27.7018957605,0.878267139621,1.0,86.6764945075,0.393132849794,0.432938836879,0.0426867985598,0.254705317271,0.297650790198,1.0,1.0,0.885259612183,2.07167832168,0.786713286713,88.7595061189,2070.35354294,50701.5088488,1.37412587413,0.0926573426573,18.1503496503,0.00026418026418,Class 2
0.462687661988,26.520979021,911.3861416,44.2582768794,0.803051061517,1.0,138.877250232,0.558259294557,0.63431014414,0.0341518457504,0.392301374601,0.283528972953,1.0,1.0,0.815851136043,3.27447552448,0.671328671329,144.256009615,3462.02399749,87278.6618208,2.12237762238,0.117132867133,29.8391608392,0.000407858193325,Class 2
0.613012861265,19.9685314685,462.895828571,29.4427174388,0.860084416813,1.0,91.2897086242,0.418138640589,0.47246338137,0.0400797028583,0.315355899533,0.304989666671,1.0,1.0,0.868313577448,2.16608391608,0.77972027972,93.6703452797,2204.99263822,54595.5386237,1.54895104895,0.0856643356643,18.6923076923,0.000307090064876,Class 2
0.673089148614,12.3916083916,411.629983414,24.6157943619,0.900483766807,1.0,79.802090993,0.353803505337,0.395206898378,0.0448461339797,0.23335093282,0.386312775628,1.0,1.0,0.906590845052,1.83916083916,0.818181818182,81.3757648601,1937.74214653,48028.9544618,1.02097902098,0.0909090909091,17.472027972,0.000190566834165,Class 2
0.777666389555,13.6538461538,164.903524843,15.239920236,0.91439026545,1.0,44.827609163,0.263162042752,0.288056470244,0.0474547578732,0.206519835343,0.271934824703,1.0,1.0,0.91998610364,1.10314685315,0.881118881119,45.383631993,1035.82218368,25354.0729332,1.02447552448,0.0297202797203,8.06643356643,0.00020997841067,Class 3
0.694068169593,15.1153846154,352.650763321,22.955392264,0.873208420631,1.0,75.0771731856,0.352787083591,0.410734640792,0.0414443783926,0.305566764655,0.279509805212,1.0,1.0,0.882943338713,1.70104895105,0.832167832168,76.5182473776,1879.84589434,48579.3356626,1.22027972028,0.00174825174825,15.5594405594,0.000232454972939,Class 3
0.497530441586,26.1223776224,975.799831582,44.9291684878,0.816465516603,1.0,152.201147855,0.550550504796,0.620605490987,0.0352582568218,0.395920316863,0.277072434164,1.0,1.0,0.828936448167,3.27097902098,0.699300699301,157.481534091,4117.22559277,112726.877129,1.98951048951,-0.0716783216783,33.2447552448,0.000401728221797,Class 3
0.730842583989,13.2237762238,258.446449855,18.9540810752,0.913035717899,1.0,59.3484756151,0.294535015036,0.322695936955,0.0471934370263,0.186635224318,0.319091574325,1.0,1.0,0.918053741131,1.41608391608,0.853146853147,60.237652972,1401.04426628,34393.8581441,1.02797202797,0.0454545454545,11.9265734266,0.000203364494022,Class 3
0.656022299379,20.5314685315,278.244757684,21.8701649913,0.851444060325,1.0,66.7077787863,0.37516883449,0.421446505484,0.0397908745538,0.310199076008,0.217049154899,1.0,1.0,0.861420790748,1.70979020979,0.807692307692,68.293597028,1531.14959845,37016.7379517,1.63636363636,-0.0244755244755,12.1503496503,0.000315747305367,Class 3
0.678835150863,13.1013986014,367.587457401,21.5817034528,0.896344647003,1.0,74.3198035047,0.345148475543,0.384719176541,0.0445221572571,0.229260861184,0.341640785389,1.0,1.0,0.902516714055,1.7465034965,0.821678321678,75.7542613636,1787.9952606,44219.331893,1.08741258741,-0.0472027972028,15.8776223776,0.00020148248522,Class 3
0.607315761162,20.8006993007,411.278319638,25.482927229,0.844827376602,1.0,84.4464052432,0.420772999468,0.47855330015,0.0384659320138,0.323354805705,0.237511242871,1.0,1.0,0.854135928174,2.08566433566,0.776223776224,86.7525131119,1995.58737161,48803.4435079,1.67482517483,-0.0996503496503,16.7447552448,0.000319887724732,Class 3
0.73573279867,13.5034965035,221.827545254,17.059413243,0.893185605143,1.0,53.5282167662,0.299602259158,0.339188377721,0.0441156581618,0.245054225015,0.277669934703,1.0,1.0,0.899824694536,1.31468531469,0.856643356643,54.3722683566,1255.4211238,31006.8575431,1.11188811189,0.0034965034965,10.3776223776,0.000207666228427,Class 3
0.528852266615,20.472027972,898.677006574,40.2285565997,0.841149710277,1.0,139.343935978,0.527503353457,0.597636264232,0.0367207366497,0.361882850644,0.339739534588,1.0,1.0,0.850391595584,3.02622377622,0.723776223776,143.953562063,3664.42642319,96885.1921421,1.59090909091,-0.0681818181818,31.2447552448,0.000314833186806,Class 3
0.300381436745,39.5664335664,1870.27105492,65.9636964598,0.707154558424,1.0,208.03379708,0.751024854524,0.881515072941,0.0238976768424,0.54206349094,0.16784809432,1.0,1.0,0.724866959963,4.81818181818,0.534965034965,219.550590035,5425.12282834,140426.683264,3.08391608392,0.0909090909091,45.5944055944,0.000608480331664,Class 3
0.297985231552,27.6573426573,2482.42761285,68.2084517045,0.757638304618,1.0,234.374185145,0.760939227975,0.871817679567,0.0275301894347,0.473478865677,0.290440319897,1.0,1.0,0.771778541971,5.16083916084,0.531468531469,246.938701923,6299.09988254,166156.974894,2.28671328671,-0.027972027972,55.4615384615,0.000425333989348,Class 3
0.656975891242,17.5699300699,317.406995831,22.2158817745,0.863661686308,1.0,69.9193066621,0.363273827051,0.414869473648,0.0410241255685,0.281151752996,0.286435717779,1.0,1.0,0.872268436692,1.7465034965,0.807692307692,71.4675480769,1629.86851235,39673.5034402,1.45104895105,-0.00174825174825,13.6888111888,0.000270202692348,Class 3
0.683896523057,14.8776223776,334.082372222,21.5393083479,0.892827701844,1.0,71.0425777528,0.347794898019,0.389271395882,0.0440866225121,0.24474846479,0.286975671201,1.0,1.0,0.899038141346,1.69755244755,0.825174825175,72.4500655594,1681.98018193,41035.2793361,1.17832167832,-0.0227272727273,14.6013986014,0.000228798498695,Class 3
0.354956232579,23.4370629371,2012.21290892,61.4615111451,0.790983604463,1.0,211.630611936,0.699141518056,0.795976655218,0.0301479824808,0.439080600004,0.314984273096,1.0,1.0,0.80195797792,4.64160839161,0.583916083916,221.817198427,5600.9362571,145568.675206,1.91258741259,0.00524475524476,50.1713286713,0.000360431571504,Class 3
0.496381241136,13.3356643357,1225.0900726,46.9606370192,0.851586583328,1.0,161.587991223,0.54460150094,0.615777242021,0.0366718345029,0.336437713523,0.443315094794,1.0,1.0,0.859667896206,3.42307692308,0.699300699301,167.052338287,4294.47193236,113298.441732,1.18881118881,0.13986013986,38.8531468531,0.000205085187784,Class 3
0.427429214143,37.5769230769,784.427752536,45.0991859703,0.744940428379,1.0,132.55412269,0.607189849532,0.705932036394,0.0286274313536,0.476247825409,0.145969310706,1.0,1.0,0.76070580061,3.30244755245,0.646853146853,138.57069493,3243.36315833,81307.5387876,2.91258741259,0.0751748251748,25.6573426573,0.000577884245704,Class 3
0.508826837498,22.7132867133,852.651069507,41.3972628934,0.820299900947,1.0,133.274240849,0.554091860623,0.632820160714,0.0344345612866,0.394785570885,0.273690172191,1.0,1.0,0.830807813981,3.02797202797,0.70979020979,138.179960664,3401.35709408,87453.5792433,1.7972027972,0.0909090909091,29.2412587413,0.00034930083373,Class 3
0.445816421341,20.0104895105,1277.37851376,47.9785565997,0.827648181918,1.0,164.638883327,0.608013330593,0.677477613101,0.0351573961441,0.374842998502,0.361031100252,1.0,1.0,0.837864059018,3.66608391608,0.660839160839,171.367897727,4262.81333315,109610.299714,1.64685314685,0.00524475524476,38.2937062937,0.000307735325036,Class 3
0.846716220842,9.95804195804,55.9300155521,7.85617897727,0.931167817983,1.0,21.376985879,0.165791048818,0.187636656143,0.0498815269084,0.148719402078,0.186924583315,1.0,1.0,0.935884628192,0.622377622378,0.91958041958,21.466673951,424.867583588,9381.67058942,0.804195804196,1.77809156288e-17,2.95104895105,0.000153141744837,Class 3
0.660912514059,17.0979020979,348.284087138,23.0266335227,0.876486577115,1.0,74.2663965379,0.385350246343,0.428114599612,0.0419196461318,0.27526757198,0.276969107719,1.0,1.0,0.883187165399,1.7972027972,0.811188811189,76.0051354895,1767.8579682,43563.4426611,1.35664335664,-0.020979020979,14.9475524476,0.000262943515539,Class 3
0.790332045577,11.3216783217,132.387384607,12.1031195367,0.923511007788,1.0,36.7110174565,0.233011963882,0.25678921855,0.0486849525038,0.17024729824,0.241419449873,1.0,1.0,0.9281923205,0.968531468531,0.888111888112,37.0907998252,788.039021525,17944.579735,0.902097902098,-2.08166817117e-17,6.55944055944,0.000174112700064,Class 3
0.524231013742,27.1048951049,586.329328646,34.3474377185,0.804425397286,1.0,108.067421921,0.519053590654,0.597457038439,0.0340907180669,0.394705335101,0.181406169157,1.0,1.0,0.816592221881,2.65034965035,0.72027972028,111.991149476,2616.82169198,65041.7346191,2.13986013986,-0.027972027972,21.548951049,0.000416838063897,Class 3
0.486234045675,25.7552447552,894.733899846,43.0331894668,0.800812971703,1.0,139.493266389,0.552903361095,0.649797828467,0.0334794412318,0.410267708208,0.231914782501,1.0,1.0,0.814825078767,3.17832167832,0.692307692308,144.643247378,3572.10807747,92414.0919727,2.04195804196,0.027972027972,30.1153846154,0.00039608219539,Class 3
0.391559489462,24.7097902098,1749.67360731,59.2364237325,0.79160911766,1.0,202.385517534,0.673052019676,0.777708792012,0.0305269741185,0.447771322183,0.294301648231,1.0,1.0,0.804016496324,4.33041958042,0.618881118881,211.441324301,5471.26897126,146074.080855,1.94755244755,0.0192307692308,47.2202797203,0.000380004463049,Class 3
0.493911682723,24.534965035,744.129635146,36.4492733829,0.814608807858,1.0,121.73037342,0.523035469722,0.591864096769,0.0352735387427,0.353381075986,0.263448188264,1.0,1.0,0.825450190835,2.93531468531,0.695804195804,126.145869755,2972.41352983,73813.0862636,2.0034965035,-0.0926573426573,25.7657342657,0.000377315879046,Class 3
0.506014964057,23.1643356643,834.388166653,40.344378278,0.820791496874,1.0,132.595310839,0.538649402814,0.611799036023,0.0357442219057,0.369859330782,0.297386760255,1.0,1.0,0.832441756961,3.00174825175,0.706293706294,137.287478147,3434.76766007,90238.9755228,1.87762237762,0.00874125874126,28.9020979021,0.000356237380459,Class 3
0.42050956037,20.1993006993,1608.29038707,56.0497978584,0.823833871415,1.0,192.72156078,0.624441977434,0.699299034432,0.0343780181794,0.368812492702,0.413372266811,1.0,1.0,0.83293565409,4.06818181818,0.63986013986,200.474541084,5264.12637948,142679.530538,1.67482517483,0.0681818181818,45.5734265734,0.00031063899576,Class 3
0.40160888063,24.0524475524,1645.26138276,58.9261090472,0.803243203024,1.0,196.590181129,0.650981309572,0.74952477752,0.0328055085212,0.421373486116,0.31762498111,1.0,1.0,0.815907009657,4.19405594406,0.625874125874,205.006009615,5350.50618717,144449.780975,1.93356643357,0.120629370629,45.7587412587,0.000369895387196,Class 3
0.689031248472,20.4965034965,247.671648189,21.7639586976,0.864610776153,1.0,63.2925117775,0.344226197488,0.393115380152,0.0407841994107,0.302266820999,0.221527770074,1.0,1.0,0.872285246804,1.56993006993,0.828671328671,64.5663243007,1491.03596208,37177.8526808,1.55944055944,0.041958041958,11.2097902098,0.000315209588566,Class 3
0.465744046164,27.0909090909,833.433137501,40.399885271,0.808623552987,1.0,130.644608452,0.55914701986,0.627344974154,0.0341931069368,0.380473091241,0.249646693414,1.0,1.0,0.818932029509,3.17832167832,0.674825174825,135.867023601,3146.73482572,76401.0768941,2.12587412587,-0.0244755244755,27.5874125874,0.000416622977177,Class 3
0.66717198885,15.3776223776,345.818570113,22.4838013549,0.870910803103,1.0,72.6768822276,0.357796911725,0.410671720787,0.0416002539855,0.277945766999,0.294284360684,1.0,1.0,0.879957382361,1.75174825175,0.814685314685,74.1956949301,1734.08622432,42914.4709063,1.29370629371,0.0034965034965,14.9195804196,0.000236487848945,Class 3
0.691451904739,19.472027972,154.631406268,16.6673677885,0.857458261819,1.0,46.5352092833,0.292640886028,0.340971474556,0.0406909796934,0.265251795066,0.1217456821,1.0,1.0,0.866037808346,1.3513986014,0.828671328671,47.3713942308,941.794757976,20559.0782326,1.5979020979,-0.00174825174825,7.13986013986,0.000299454486306,Class 3
0.556139664531,23.8881118881,493.534343608,31.4851125437,0.812142779431,1.0,95.6727410758,0.461186079357,0.535607939406,0.035226164788,0.360017199345,0.232189744318,1.0,1.0,0.824631778478,2.37762237762,0.741258741259,98.6729676573,2287.83458534,56722.8236707,1.97202797203,0.0664335664336,18.9895104895,0.000367368118233,Class 3
0.305247200352,28.1118881119,2250.54981799,65.621913243,0.764700630337,1.0,221.150491527,0.726869656288,0.837904844795,0.0291302065504,0.4544090826,0.28639738302,1.0,1.0,0.779424261636,4.98601398601,0.534965034965,232.641499126,5797.27492625,149486.678019,2.32167832168,0.027972027972,51.7517482517,0.000432324307757,Class 3
0.427673724877,14.1713286713,2021.8333657,62.5130845717,0.874210672517,1.0,221.366492951,0.626738856912,0.681911082683,0.0396059633112,0.303129466832,0.506941256963,1.0,1.0,0.880073772381,4.41083916084,0.643356643357,229.841673951,6240.11654556,172995.462247,1.13636363636,0.103146853147,54.465034965,0.000217936619321,Class 3
0.506210572644,8.16083916084,1498.76765506,49.7421055507,0.901662784748,1.0,183.127979111,0.550648808425,0.60887939611,0.0424468724021,0.261126040202,0.538103469099,1.0,1.0,0.906479257922,3.66083916084,0.706293706294,189.073317308,5038.15680999,136408.475168,0.713286713287,0.027972027972,45.6818181818,0.000125503101282,Class 3
0.193945914226,23.7692307692,5283.01987659,91.8596754808,0.764955153874,1.0,323.432687032,0.835304824833,0.952243805911,0.0277777565529,0.444234073674,0.377841279563,1.0,1.0,0.777503105868,7.00699300699,0.391608391608,342.658981643,8769.89883359,229459.202167,2.05594405594,0.020979020979,80.5944055944,0.000365539881111,Class 3
0.60205878038,21.7517482517,456.072818238,29.3273328234,0.8545441763,1.0,91.4080796167,0.441546869573,0.4916313234,0.0398489458531,0.305734422254,0.247553957818,1.0,1.0,0.862910326853,2.19755244755,0.772727272727,94.0112543706,2208.78492406,55010.5261128,1.67482517483,0.0262237762238,18.3356643357,0.000334513621711,Class 3
0.419971636755,16.958041958,1972.90017997,62.2154447115,0.821092428375,1.0,222.339002305,0.608964740877,0.701930465194,0.0320139050198,0.39672113917,0.378409189517,1.0,1.0,0.829357021184,4.43706293706,0.63986013986,230.573317308,6246.52153901,172723.732707,1.3986013986,0.0244755244755,53.9545454545,0.000260792648336,Class 3
0.559758423395,16.4545454545,793.87983184,37.5550426136,0.869086322345,1.0,125.781183772,0.495854681911,0.544873452869,0.0404831455695,0.305550731372,0.408885858873,1.0,1.0,0.876768744076,2.76223776224,0.744755244755,129.648492133,3248.15473394,84313.8305545,1.32167832168,0.0734265734266,28.6398601399,0.000253049526406,Class 3
0.437796469265,16.1013986014,1792.24956007,59.4121230332,0.828810663756,1.0,210.403047935,0.596674278108,0.68741087976,0.0332868890288,0.388871480351,0.380924551754,1.0,1.0,0.837666820359,4.21853146853,0.653846153846,218.021743881,5888.73488035,162464.949518,1.35314685315,0.0681818181818,51.0034965035,0.000247618586719,Class 3
0.482468580371,22.3041958042,912.948216021,41.4995356206,0.823219586295,1.0,136.63554635,0.552313077943,0.619595750727,0.0352475594772,0.355522277978,0.297235831786,1.0,1.0,0.832791567407,3.16608391608,0.688811188811,141.757757867,3433.67729731,86858.9382085,1.82167832168,0.0297202797203,30.2552447552,0.000343009547162,Class 3
0.446476600323,22.7167832168,1243.44925916,48.7984866696,0.829770419641,1.0,165.812803781,0.606929503935,0.678833490902,0.0360666704362,0.364735029632,0.322407709637,1.0,1.0,0.839573087169,3.66958041958,0.660839160839,172.533981643,4337.29880081,113056.758794,1.79370629371,-0.0122377622378,37.9090909091,0.00034935460541,Class 3
0.662697442418,9.96853146853,559.985564051,28.1433293269,0.906265127492,1.0,98.4936042059,0.369239816887,0.410923783732,0.0441431656193,0.244745386237,0.445934088748,1.0,1.0,0.911283908399,2.11363636364,0.811188811189,100.437827797,2505.73247651,64107.1224852,0.821678321678,0.0437062937063,22.8776223776,0.000153303059877,Class 3
0.784072570786,7.86013986014,260.758971111,16.4907943619,0.934533745373,1.0,56.541713534,0.24916610922,0.272879405063,0.0486605014304,0.180389137755,0.453514900045,1.0,1.0,0.937974365378,1.23076923077,0.884615384615,57.1065340909,1416.10993499,36377.5378316,0.636363636364,0.020979020979,12.4615384615,0.000120878736796,Class 3
0.612352682283,16.7202797203,544.370633722,30.135899257,0.878909192712,1.0,99.2419616858,0.430239676951,0.476235528172,0.0422573765832,0.276823632111,0.358346757668,1.0,1.0,0.885822510823,2.25874125874,0.77972027972,101.830310315,2481.99039827,63176.521551,1.32167832168,0.041958041958,21.5559440559,0.000257136174091,Class 3
0.548315321043,24.8146853147,512.285079384,32.5056545017,0.82959028104,1.0,98.5557104072,0.464035054518,0.520952010592,0.03756277049,0.323711924117,0.218434900141,1.0,1.0,0.839586375163,2.46328671329,0.734265734266,101.696569056,2320.38850798,56282.9507194,1.96853146853,0.0681818181818,19.5244755245,0.000381617613452,Class 3
0.561910117854,18.8741258741,617.154238635,31.6664936626,0.854250450901,1.0,106.976672046,0.458683606467,0.517631945358,0.0398703405423,0.296670020468,0.310069175437,1.0,1.0,0.863679909834,2.52097902098,0.744755244755,110.146743881,2617.89610194,65214.4282927,1.55244755245,-0.0454545454545,23.1293706294,0.000290259529014,Class 3
0.601251894958,16.6748251748,597.88162207,31.2709517045,0.860728197564,1.0,105.780833757,0.439451345414,0.497296911421,0.0394149393002,0.320453267343,0.338261251185,1.0,1.0,0.869514940188,2.36888111888,0.772727272727,108.582932692,2685.95483228,69236.8381211,1.36013986014,-0.00174825174825,23.2692307692,0.00025643714225,Class 3
0.516211061666,20.958041958,816.898654848,38.0401824738,0.844782803121,1.0,128.530278904,0.51807812004,0.583120193478,0.0380594329185,0.335553089792,0.291902352899,1.0,1.0,0.853747854709,2.95454545455,0.713286713287,132.922967657,3216.66402153,81038.1750147,1.66433566434,-0.027972027972,28.3566433566,0.000322307450335,Class 3
0.741870018094,10.8741258741,264.480038821,17.1678048514,0.913698680067,1.0,58.2856578091,0.296881014628,0.322953685605,0.0463498749939,0.212955683562,0.363886306586,1.0,1.0,0.918606553703,1.37062937063,0.86013986014,59.1554851399,1386.04874618,34032.7168088,0.888111888112,-0.0244755244755,12.2377622378,0.000167229925015,Class 4
0.899726147978,2.36013986014,178.144090604,9.36579436189,0.989556903274,1.0,39.8472795442,0.100714926333,0.100714926333,0.0572963149176,0.0252928687321,0.849269347221,1.0,1.0,0.990166083916,0.708041958042,0.947552447552,39.7839816434,1153.28776497,33936.661493,0.157342657343,-0.0786713286713,9.44055944056,3.62958840467e-05,Class 4
0.777495232041,10.5104895105,219.830574863,15.3483118444,0.925168809926,1.0,51.5935554714,0.274142483927,0.294650356004,0.047868897929,0.192352962816,0.370363693188,1.0,1.0,0.929023380466,1.18531468531,0.881118881119,52.2411494755,1256.14151278,31805.9019596,0.818181818182,-0.0244755244755,10.5769230769,0.000161637670288,Class 4
0.833781603012,13.3636363636,34.3804327763,8.91824191434,0.918981673926,1.0,20.1715742869,0.189066828722,0.212694753009,0.0486513322779,0.181200724109,0.101986278533,1.0,1.0,0.924464317734,0.643356643357,0.912587412587,20.3163243007,361.290004917,7237.78367946,1.02097902098,0.041958041958,1.81468531469,0.000205515361225,Class 4
0.488997016969,27.1328671329,652.831679565,36.6249726836,0.790219991447,1.0,112.642684002,0.533675661236,0.60933802087,0.0327795292557,0.403662573975,0.207295192321,1.0,1.0,0.803440149594,2.84615384615,0.692307692308,117.02611451,2651.81032834,63757.4015772,2.21678321678,0.0454545454545,22.8251748252,0.000417268237337,Class 4
0.725512249988,10.8321678322,314.145730016,19.7696405157,0.924884768139,1.0,65.9538727125,0.290616244507,0.31984124976,0.049089923407,0.165206717429,0.445916105187,1.0,1.0,0.930251799483,1.51398601399,0.84965034965,66.8880026224,1595.91882922,39739.1245339,0.867132867133,0.0244755244755,14.1993006993,0.000166584664855,Class 4
0.174018289403,10.2062937063,11478.4034329,166.082140516,0.839405923514,1.0,625.399924306,0.803548335593,0.90861888514,0.0325869770527,0.354704770006,0.433726878587,1.0,1.0,0.844724506263,12.0437062937,0.321678321678,657.458806818,18194.9676164,506494.688482,0.926573426573,-0.0541958041958,163.314685315,0.000156959534122,Class 4
0.139322216245,34.2517482517,6404.48362073,103.450147509,0.694441405722,1.0,345.827877878,0.908540673198,1.02346820592,0.0226751231723,0.493203798687,0.352780424958,1.0,1.0,0.709945022926,7.74825174825,0.297202797203,369.302338287,9339.01990002,243454.852517,2.90909090909,0.178321678322,84.7272727273,0.000526747377958,Class 4
0.40987334344,20.0454545455,1540.77898556,54.1761090472,0.827024942424,1.0,182.469142011,0.62342324421,0.699550058793,0.0355837617365,0.351175948745,0.402589660847,1.0,1.0,0.837401380671,4.02972027972,0.629370629371,190.13013549,4776.83431217,123997.293814,1.68181818182,0.131118881119,43.020979021,0.000308273041837,Class 4
0.706342608441,9.93356643357,419.728736006,21.6848503059,0.912557750936,1.0,80.7226958271,0.331912482405,0.371630729916,0.0452495766908,0.224726598579,0.430864024915,1.0,1.0,0.917107251723,1.7534965035,0.839160839161,82.0794361888,2036.12616095,52108.4425791,0.807692307692,-0.0961538461538,18.2517482517,0.000152765343077,Class 4
0.918113355176,7.40909090909,-0.0697464463006,4.21544471154,0.958283577838,1.0,7.308391178,0.0994639772504,0.111683732571,0.0534911166194,0.0994639772504,0.00392499232872,1.0,1.0,0.961000858116,0.277972027972,0.958041958042,7.2857298951,96.5708724869,1290.52092268,0.555944055944,0.0437062937063,0.0,0.000113942190067,Class 4
0.944960633772,3.56293706294,20.0668164671,3.43528736888,0.97739758774,1.0,8.04683287258,0.0743708120129,0.0785810217425,0.0555816833953,0.0643039607958,0.343175767897,1.0,1.0,0.978776351853,0.225524475524,0.972027972028,8.01125437063,159.702319165,3496.41247644,0.276223776224,0.0437062937063,1.13636363636,5.47933419906e-05,Class 4
0.588463983569,19.7622377622,441.687942662,30.3129097465,0.837214021036,1.0,86.4197839924,0.409972654904,0.466244613258,0.0373564645582,0.314472276405,0.275690036877,1.0,1.0,0.846553446553,2.17482517483,0.762237762238,88.7463942308,1997.67396471,47640.2923114,1.66433566434,0.248251748252,17.513986014,0.000303917535751,Class 4
0.802190816177,10.2342657343,194.93845265,14.5882593969,0.922347211704,1.0,47.8596569664,0.240233787084,0.262184508052,0.0482234384933,0.199785552655,0.356600444346,1.0,1.0,0.928455678936,1.06118881119,0.895104895105,48.3067089161,1214.68800535,32377.4785276,0.807692307692,-0.00174825174825,9.64685314685,0.000157389707563,Class 4
0.741992273461,13.4475524476,198.632826883,15.9383468094,0.895639426857,1.0,49.5611144636,0.293393957777,0.328579555166,0.0448721132451,0.237663368028,0.259192438586,1.0,1.0,0.902767424883,1.25174825175,0.86013986014,50.3338068182,1130.16522345,27202.7601873,1.1048951049,-2.77555756156e-17,9.37412587413,0.000206805881546,Class 4
0.619125629615,27.3531468531,188.540750806,21.8115985577,0.813627847079,1.0,57.6762548248,0.387767247396,0.446323436882,0.0365220716783,0.346296748677,0.110664870015,1.0,1.0,0.825782710879,1.70104895105,0.783216783217,59.3294361888,1185.04694329,26379.101834,2.17832167832,0.00524475524476,8.2027972028,0.000420655853182,Class 4
0.846545063328,2.91608391608,203.513111841,11.8797803759,0.96933860818,1.0,43.0661295451,0.182587844754,0.197061861565,0.0534972293877,0.0974639860291,0.635965965153,1.0,1.0,0.970970055585,0.912587412587,0.91958041958,43.258631993,1063.27678376,26611.8380392,0.251748251748,0.0244755244755,10.1958041958,4.48455811778e-05,Class 4
0.865641351655,6.37762237762,109.961232854,9.44446569056,0.956842290841,1.0,28.9470124283,0.171201386004,0.178311259275,0.0526551955475,0.120436769555,0.496646518861,1.0,1.0,0.959615224519,0.681818181818,0.93006993007,29.0593312937,672.623156141,16418.6325103,0.48951048951,0.0454545454545,5.75174825175,9.80795444463e-05,Class 4
1.0,0.0,-0.0666666666667,0.00390625,1.0,1.0,0.0,-0.0,-0.0,0.05859375,-0.0,nan,1.0,1.0,1.0,0.0,1.0,0.015625,-0.001953125,0.000244140625,0.0,0.0,0.0,0.0,Class 4
0.918260061617,5.88811188811,8.95264638431,3.66561953671,0.961789528929,1.0,7.80781739838,0.091794073485,0.103263313112,0.0539281795565,0.0817491903013,0.061024996247,1.0,1.0,0.964420195189,0.27972027972,0.958041958042,7.77786276224,118.417627295,2007.09333855,0.475524475524,0.020979020979,0.503496503497,9.05515092366e-05,Class 4
0.986087339234,1.57342657343,-0.0671659194298,0.784063592657,0.993037935516,1.0,1.56995721315,0.0180986605252,0.02020376539,0.0577257368942,0.0180986605252,0.000527299635889,1.0,1.0,0.993444055944,0.0524475524476,0.993006993007,1.5628277972,23.0143274694,342.367213109,0.104895104895,0.0,0.0,2.41972560312e-05,Class 4
0.821604968458,15.6993006993,12.8693206749,8.45495520105,0.906835344555,1.0,17.9863753597,0.184246500228,0.211395189211,0.0475357520539,0.184246500228,0.0391173592414,1.0,1.0,0.913265420477,0.643356643357,0.905594405594,18.1205201049,278.784760162,4816.20719344,1.1958041958,0.0,0.681818181818,0.000241434843511,Class 4
0.958555430583,3.76223776224,-0.0681817424038,1.86754261364,0.979141284499,1.0,3.73483944188,0.054231666871,0.0605469814653,0.0560080489877,0.054231666871,0.00159394644857,1.0,1.0,0.980495466072,0.13986013986,0.979020979021,3.70793269231,49.6492706512,673.581537847,0.27972027972,-6.93889390391e-18,0.0,5.78583277545e-05,Class 4
0.663675485354,25.2272727273,107.044980965,16.4859866696,0.832812180754,1.0,43.1610370694,0.334806192641,0.383907397452,0.0393201913908,0.301911646374,0.0701229073451,1.0,1.0,0.844345238095,1.38636363636,0.811188811189,44.2280375874,799.879329655,16197.8615586,2.01048951049,-0.0681818181818,4.91958041958,0.0003879626717,Class 4
0.783974766492,17.0314685315,57.2923174538,12.0463013549,0.894628732424,1.0,27.8756064715,0.24057223224,0.273718006723,0.0455659124529,0.229853645018,0.0857241092443,1.0,1.0,0.901477849074,0.868881118881,0.884615384615,28.2350305944,516.407738746,10547.1887002,1.3041958042,0.0506993006993,2.90559440559,0.000261921853617,Class 4
0.852828989193,13.1398601399,21.1709680982,8.22462303322,0.928704353279,1.0,17.3305166048,0.16923345752,0.189978745943,0.0498433221062,0.159244926402,0.0837254908381,1.0,1.0,0.933129690822,0.566433566434,0.923076923077,17.4177229021,291.719856316,5362.70183942,0.958041958042,0.0454545454545,1.13636363636,0.0002020739737,Class 4
0.846545063328,12.4335664336,29.9642166339,7.06159855769,0.927670431653,1.0,18.4264957852,0.174622342145,0.195262516925,0.0498586040271,0.156756136729,0.150806247209,1.0,1.0,0.932645879761,0.594405594406,0.91958041958,18.529611014,317.642933239,5999.13912089,0.937062937063,-0.048951048951,1.59440559441,0.000191212094326,Class 4
0.441684189936,30.6818181818,899.886246309,41.4776824738,0.759846842792,1.0,139.331464542,0.58870509034,0.685934615993,0.0290400432173,0.467279283439,0.233121146152,1.0,1.0,0.774803882015,3.33391608392,0.657342657343,145.184331294,3483.1668078,88364.0234358,2.47902097902,-0.187062937063,29.0384615385,0.000471846492608,Class 4
0.508606777838,39.1643356643,186.94524473,25.955392264,0.741095089155,1.0,65.269548071,0.441117606536,0.522921127954,0.0309258322534,0.390257960982,0.0357140913284,1.0,1.0,0.757902354056,2.15909090909,0.702797202797,67.8206949301,1202.2883113,23769.7828326,3.13636363636,-0.0646853146853,7.43006993007,0.000602296588456,Class 4
0.827106459974,10.513986014,118.298968336,11.829955201,0.929324951249,1.0,34.0102432682,0.213166595117,0.236985004603,0.0494154283217,0.178274978134,0.305650625965,1.0,1.0,0.934784926612,0.840909090909,0.909090909091,34.2769886364,771.585186298,18583.047966,0.800699300699,0.0472027972028,6.04195804196,0.000161691441968,Class 4
0.986087339234,1.00699300699,-0.0671659194298,0.502157998252,0.993055220641,1.0,1.00428303108,0.0180986605252,0.02020376539,0.0577257368942,0.0180986605252,0.000527299635889,1.0,1.0,0.993544916622,0.041958041958,0.993006993007,1.00163898601,11.7082741477,139.059029106,0.0839160839161,0.0,0.0,1.54862438599e-05,Class 4
0.872365396841,10.5664335664,18.5343789851,5.98511254371,0.940899343705,1.0,14.3448359235,0.140561241153,0.158196638748,0.0514800158321,0.122649365122,0.139746812596,1.0,1.0,0.944737954353,0.479020979021,0.933566433566,14.3705201049,233.388234812,4126.25259335,0.79020979021,-0.020979020979,1.00699300699,0.000162498017169,Class 4
0.891877353416,4.56293706294,85.6865755742,6.26745520105,0.966954850423,1.0,22.6731436123,0.125368139414,0.136172234903,0.0539159540198,0.0874191028454,0.425763186357,1.0,1.0,0.968819641897,0.536713286713,0.944055944056,22.6738417832,520.797052557,12568.2129026,0.367132867133,-0.0437062937063,4.59090909091,7.01720424904e-05,Class 4
0.911438212138,5.46853146853,38.1008351449,5.03799715909,0.965920547596,1.0,13.7018348808,0.113302654268,0.121723073727,0.0543193967309,0.088172793276,0.30914390954,1.0,1.0,0.9684459771,0.377622377622,0.954545454545,13.6869536713,274.024707714,5917.76925638,0.41958041958,0.020979020979,2.0979020979,8.40989076283e-05,Class 4
0.784757200841,11.7937062937,126.550365254,11.510899257,0.914837799118,1.0,36.080126463,0.220618614329,0.248666975632,0.0475678440877,0.177310084478,0.239411553596,1.0,1.0,0.920099131638,0.966783216783,0.884615384615,36.4168487762,774.190518466,17839.4518121,0.968531468531,-0.0437062937063,6.27272727273,0.000181371876874,Class 4
0.701941415228,10.5629370629,354.93235331,20.3216510052,0.907069508022,1.0,70.6656748465,0.327280590209,0.362750917106,0.0456041172551,0.224411928558,0.392744306476,1.0,1.0,0.913438644689,1.6486013986,0.835664335664,71.9081075175,1681.64954382,40876.873851,0.891608391608,-0.0227272727273,15.5384615385,0.000162444245489,Class 4
0.852877891339,9.63636363636,52.4181562507,8.44839925699,0.937432499853,1.0,20.3630965891,0.170238243483,0.18748995627,0.0506517357206,0.142360585793,0.181367147697,1.0,1.0,0.94141243372,0.597902097902,0.923076923077,20.4579326923,395.996407889,8469.58574458,0.762237762238,0.0699300699301,2.77622377622,0.000148194750271,Class 4
0.951782483251,3.65384615385,19.9911424377,3.23292722902,0.980855229604,1.0,8.14966968174,0.062198855931,0.0664090656605,0.056012633564,0.0521265620062,0.473629450933,1.0,1.0,0.981912318451,0.215034965035,0.975524475524,8.10740821678,166.275636473,3660.28479943,0.255244755245,0.0227272727273,1.13636363636,5.61914056724e-05,Class 4
1.0,0.0,-0.0666666666667,0.00390625,1.0,1.0,0.0,-0.0,-0.0,0.05859375,-0.0,nan,1.0,1.0,1.0,0.0,1.0,0.015625,-0.001953125,0.000244140625,0.0,0.0,0.0,0.0,Class 4
0.972345835982,2.05944055944,10.9976987467,2.62672093531,0.987815484008,1.0,4.58907481472,0.0353813747017,0.0353813747017,0.0568653647489,0.0353813747017,1.0,1.0,1.0,0.988461538462,0.120629370629,0.986013986014,4.56020541958,95.8874153191,2212.77797032,0.15034965035,0.0716783216783,0.636363636364,3.16715195608e-05,Class 4
0.602034329307,18.527972028,505.664259035,28.7914936626,0.855626297141,1.0,95.2730936518,0.428694415357,0.489865860361,0.0402050146095,0.300944726672,0.315892218118,1.0,1.0,0.865740189298,2.22552447552,0.772727272727,97.8084571678,2365.26044854,60346.232625,1.52097902098,-0.0227272727273,20.0944055944,0.000284936132687,Class 4
0.878527067338,8.02097902098,67.4433692503,7.65338177448,0.953723375477,1.0,22.148179219,0.152611418368,0.164726060045,0.0526674210842,0.114637442472,0.274688975419,1.0,1.0,0.956830028945,0.562937062937,0.937062937063,22.2026879371,487.520227819,11598.3810899,0.587412587413,0.0034965034965,3.61188811189,0.000123352234079,Class 4
0.815174336153,10.3251748252,113.80091105,11.3745356206,0.932205493357,1.0,32.7595024415,0.20515344031,0.226615362826,0.0498479066825,0.156039502636,0.295276230227,1.0,1.0,0.936400778708,0.851398601399,0.902097902098,33.0060096154,714.43144941,16638.3662024,0.814685314685,0.0437062937063,5.77272727273,0.000158787771245,Class 4
0.911389309991,5.51048951049,60.7965685334,6.03668597028,0.968675082795,1.0,18.6487310206,0.116718305321,0.124622737269,0.0543193967309,0.0865836759228,0.343162209197,1.0,1.0,0.970402514153,0.437062937063,0.954545454545,18.6362543706,439.67363691,11104.9833626,0.398601398601,-6.93889390391e-18,3.33216783217,8.47441677892e-05,Class 4
1.0,0.0,-0.0666666666667,0.00390625,1.0,1.0,0.0,-0.0,-0.0,0.05859375,-0.0,nan,1.0,1.0,1.0,0.0,1.0,0.015625,-0.001953125,0.000244140625,0.0,0.0,0.0,0.0,Class 4
0.521834808548,36.3916083916,222.829583603,28.4772454108,0.754970800892,1.0,68.2777103167,0.44432446289,0.521967700575,0.0316884001051,0.386994685322,0.0630551187039,1.0,1.0,0.7706002331,2.15034965035,0.713286713287,70.8425480769,1329.9916002,27859.5745995,2.92307692308,0.132867132867,8.87762237762,0.000559655646161,Class 4
0.93143919018,4.95454545455,25.21490631,3.13196569056,0.967643416872,1.0,10.5228715451,0.091588444329,0.0986983175999,0.0543148121546,0.091588444329,0.288846178115,1.0,1.0,0.969920624248,0.284965034965,0.965034965035,10.4920236014,224.193031578,5399.32522775,0.381118881119,-0.0506993006993,1.41608391608,7.61944706581e-05,Class 4
0.859797545112,10.1783216783,18.6704149289,6.82908107517,0.933999773046,1.0,13.9437746274,0.142981145656,0.162616534472,0.0507128634041,0.125092019084,0.0663910166465,1.0,1.0,0.938542227004,0.494755244755,0.926573426573,13.9745410839,217.664622487,3779.0498781,0.821678321678,0.0646853146853,1.00699300699,0.000156529360682,Class 4
0.958579881657,3.47902097902,-0.0681818526028,2.36579436189,0.979149927062,1.0,3.45310267606,0.0534371081944,0.0584418766005,0.0560095771798,0.0534371081944,0.00212470456475,1.0,1.0,0.980545896411,0.134615384615,0.979020979021,3.42733828671,43.9962439904,571.927445845,0.269230769231,0.0472027972028,0.0,5.35028216689e-05,Class 4
0.859210719351,8.34615384615,101.486765138,9.30067198427,0.946098316615,1.0,29.3166246261,0.167726416522,0.184994983232,0.0514418110299,0.136135623647,0.331025763136,1.0,1.0,0.949322792592,0.68006993007,0.926573426573,29.4203452797,732.400527207,19842.9722448,0.646853146853,-0.00524475524476,5.34965034965,0.000128353000325,Class 4
0.611447992567,16.513986014,635.923163153,34.2823153409,0.871495384772,1.0,112.03178112,0.450050470334,0.49243096504,0.0404724482249,0.305384530433,0.388003262567,1.0,1.0,0.878740170086,2.40034965035,0.77972027972,114.965799825,2967.63523,79819.4759598,1.2972027972,0.0996503496503,24.9090909091,0.000253963644967,Class 4
0.500537923615,18.6223776224,1060.88249894,43.8496230332,0.865248114034,1.0,150.545304805,0.541126948446,0.591146007089,0.0401224922368,0.310738025584,0.401167116018,1.0,1.0,0.872706780399,3.31118881119,0.699300699301,155.779611014,3873.24116313,99221.4723267,1.44055944056,0.020979020979,34.6993006993,0.000286387968049,Class 4
0.878649322705,6.17832167832,113.526682978,9.96544471154,0.957198306259,1.0,29.9408216374,0.15040119986,0.158410745451,0.0526597801237,0.118742538558,0.469776098519,1.0,1.0,0.959942461385,0.641608391608,0.937062937063,29.9990166084,781.78852983,21630.8679507,0.479020979021,0.0576923076923,6.03146853147,9.50145586824e-05,Class 4
0.944960633772,3.73776223776,22.2346778943,3.05897618007,0.972851124355,1.0,8.71136223173,0.0714711484716,0.0785810217425,0.0551599023791,0.0714711484716,0.254556707206,1.0,1.0,0.975269922385,0.232517482517,0.972027972028,8.67209353147,183.782520214,4295.05856473,0.297202797203,-0.00174825174825,1.25874125874,5.7481925994e-05,Class 4
0.979167685461,1.69230769231,-0.0674179442044,0.502157998252,0.989576465894,1.0,1.68561078932,0.0281925322734,0.0302976371382,0.0572932585334,0.0281925322734,0.00105645596831,1.0,1.0,0.990281513358,0.0664335664336,0.98951048951,1.67471590909,21.0479813156,268.647370452,0.132867132867,-0.0244755244755,0.0,2.60254931535e-05,Class 4
0.938309941806,3.61538461538,18.5854330166,2.58214051573,0.973941474347,1.0,7.74698882389,0.074422664132,0.0807379787263,0.0551751843,0.0643612752006,0.229211819578,1.0,1.0,0.975639744871,0.234265734266,0.968531468531,7.70968094406,143.992911385,2988.0400715,0.300699300699,-0.020979020979,1.04895104895,5.55999171916e-05,Class 4
0.904934226613,5.3006993007,39.0721366574,4.25084680944,0.96351721301,1.0,13.71123257,0.113177739657,0.123336433096,0.0539235949802,0.0851648413543,0.240139003566,1.0,1.0,0.965918696688,0.388111888112,0.951048951049,13.6956949301,272.92953726,5953.11306101,0.433566433566,-0.041958041958,2.14335664336,8.1517866985e-05,Class 4
0.859626387598,10.5734265734,19.4538436326,6.0275076486,0.932241328472,1.0,14.4871572049,0.151445608098,0.171291224201,0.0502910823879,0.141451346732,0.052912692662,1.0,1.0,0.936731537693,0.503496503497,0.926573426573,14.5331075175,231.989305616,4131.89447491,0.839160839161,-0.020979020979,1.04895104895,0.000162605560529,Class 4
0.986087339234,1.27622377622,-0.0671669138016,1.26832932692,0.993045309423,1.0,1.2728172714,0.02020376539,0.02020376539,0.0577242087021,0.02020376539,nan,1.0,1.0,0.99348984349,0.0472027972028,0.993006993007,1.26824737762,16.8001119974,225.666355373,0.0944055944056,0.0472027972028,0.0,1.96266632253e-05,Class 4
1.0,0.0,-0.0666666666667,0.00390625,1.0,1.0,0.0,-0.0,-0.0,0.05859375,-0.0,nan,1.0,1.0,1.0,0.0,1.0,0.015625,-0.001953125,0.000244140625,0.0,0.0,0.0,0.0,Class 4
0.924959655729,6.26573426573,-0.0694748058782,3.3553048514,0.961778253254,1.0,6.19238302353,0.0817491903013,0.0932184299282,0.0539281795565,0.0817491903013,0.00374586011976,1.0,1.0,0.964353595123,0.244755244755,0.961538461538,6.15898164336,78.3426710009,1005.0593569,0.48951048951,0.020979020979,0.0,9.63588506841e-05,Class 4
0.986087339234,1.00699300699,-0.0671659194298,0.502157998252,0.993055220641,1.0,1.00428303108,0.0180986605252,0.02020376539,0.0577257368942,0.0180986605252,0.000527299635889,1.0,1.0,0.993544916622,0.041958041958,0.993006993007,1.00163898601,11.7082741477,139.059029106,0.0839160839161,0.0,0.0,1.54862438599e-05,Class 4
0.683652012323,15.3811188811,331.050412087,23.3155321241,0.884504684947,1.0,71.3029375044,0.359711841809,0.400373978378,0.0433637876547,0.260243824071,0.332030709943,1.0,1.0,0.89182115961,1.68006993007,0.825174825175,72.7664991259,1746.98903245,44538.6895743,1.24825174825,0.106643356643,14.5524475524,0.000236541620625,Class 4
0.979167685461,1.69230769231,-0.0674179442044,1.18135380245,0.989576465894,1.0,1.68561078932,0.0281925322734,0.0302976371382,0.0572932585334,0.0281925322734,0.00105645596831,1.0,1.0,0.990281513358,0.0664335664336,0.98951048951,1.67471590909,21.0479813156,268.647370452,0.132867132867,0.0244755244755,0.0,2.60254931535e-05,Class 4
1.0,0.0,-0.0666666666667,0.00390625,1.0,1.0,0.0,-0.0,-0.0,0.05859375,-0.0,nan,1.0,1.0,1.0,0.0,1.0,0.015625,-0.001953125,0.000244140625,0.0,0.0,0.0,0.0,Class 4
0.840334490684,7.33216783217,105.972132235,9.58126638986,0.940886395552,1.0,28.6926845883,0.17540572155,0.196129657772,0.0502849696195,0.139673354293,0.309080100387,1.0,1.0,0.94426727119,0.736013986014,0.916083916084,28.8259396853,626.009792941,14492.0895962,0.618881118881,0.0437062937063,5.46153846154,0.000112759213105,Class 4
0.749718812656,10.6748251748,205.013338089,14.5637838724,0.920083263592,1.0,48.194105974,0.248296033338,0.273557291715,0.0484633646511,0.151568787346,0.355477934893,1.0,1.0,0.925209405979,1.22202797203,0.863636363636,48.7507648601,1070.95395815,24902.7489603,0.898601398601,-0.0227272727273,9.66783216783,0.000164164939251,Class 4
0.600445009536,22.4160839161,474.054690001,30.5773328234,0.837357997322,1.0,94.3003276376,0.441484896752,0.513831990115,0.0372922804905,0.361299425354,0.24054121119,1.0,1.0,0.84818754963,2.24300699301,0.772727272727,96.9605550699,2281.61173787,56582.2061281,1.72377622378,0.0506993006993,18.9125874126,0.000344730240924,Class 4
0.639371118392,22.2237762238,296.579881264,23.6603747815,0.844517942752,1.0,70.6098099928,0.398333590335,0.446215612806,0.0394393903736,0.319649485155,0.215637368782,1.0,1.0,0.855201849433,1.7972027972,0.797202797203,72.4317089161,1661.19800317,41528.9747852,1.76223776224,3.68628738645e-18,12.7727272727,0.00034177279852,Class 4
0.40987334344,20.0454545455,1540.77898556,54.1761090472,0.827024942424,1.0,182.469142011,0.62342324421,0.699550058793,0.0355837617365,0.351175948745,0.402589660847,1.0,1.0,0.837401380671,4.02972027972,0.629370629371,190.13013549,4776.83431217,123997.293814,1.68181818182,0.131118881119,43.020979021,0.000308273041837,Class 4
0.918113355176,7.40909090909,-0.0697464463006,4.21544471154,0.958283577838,1.0,7.308391178,0.0994639772504,0.111683732571,0.0534911166194,0.0994639772504,0.00392499232872,1.0,1.0,0.961000858116,0.277972027972,0.958041958042,7.2857298951,96.5708724869,1290.52092268,0.555944055944,0.0437062937063,0.0,0.000113942190067,Class 4
0.944960633772,3.56293706294,20.0668164671,3.43528736888,0.97739758774,1.0,8.04683287258,0.0743708120129,0.0785810217425,0.0555816833953,0.0643039607958,0.343175767897,1.0,1.0,0.978776351853,0.225524475524,0.972027972028,8.01125437063,159.702319165,3496.41247644,0.276223776224,0.0437062937063,1.13636363636,5.47933419906e-05,Class 4
1.0,0.0,-0.0666666666667,0.00390625,1.0,1.0,0.0,-0.0,-0.0,0.05859375,-0.0,nan,1.0,1.0,1.0,0.0,1.0,0.015625,-0.001953125,0.000244140625,0.0,0.0,0.0,0.0,Class 4
0.986087339234,1.57342657343,-0.0671659194298,0.784063592657,0.993037935516,1.0,1.56995721315,0.0180986605252,0.02020376539,0.0577257368942,0.0180986605252,0.000527299635889,1.0,1.0,0.993444055944,0.0524475524476,0.993006993007,1.5628277972,23.0143274694,342.367213109,0.104895104895,0.0,0.0,2.41972560312e-05,Class 4
0.821604968458,15.6993006993,12.8693206749,8.45495520105,0.906835344555,1.0,17.9863753597,0.184246500228,0.211395189211,0.0475357520539,0.184246500228,0.0391173592414,1.0,1.0,0.913265420477,0.643356643357,0.905594405594,18.1205201049,278.784760162,4816.20719344,1.1958041958,0.0,0.681818181818,0.000241434843511,Class 4
0.663675485354,25.2272727273,107.044980965,16.4859866696,0.832812180754,1.0,43.1610370694,0.334806192641,0.383907397452,0.0393201913908,0.301911646374,0.0701229073451,1.0,1.0,0.844345238095,1.38636363636,0.811188811189,44.2280375874,799.879329655,16197.8615586,2.01048951049,-0.0681818181818,4.91958041958,0.0003879626717,Class 4
0.508606777838,39.1643356643,186.94524473,25.955392264,0.741095089155,1.0,65.269548071,0.441117606536,0.522921127954,0.0309258322534,0.390257960982,0.0357140913284,1.0,1.0,0.757902354056,2.15909090909,0.702797202797,67.8206949301,1202.2883113,23769.7828326,3.13636363636,-0.0646853146853,7.43006993007,0.000602296588456,Class 4
0.827106459974,10.513986014,118.298968336,11.829955201,0.929324951249,1.0,34.0102432682,0.213166595117,0.236985004603,0.0494154283217,0.178274978134,0.305650625965,1.0,1.0,0.934784926612,0.840909090909,0.909090909091,34.2769886364,771.585186298,18583.047966,0.800699300699,0.0472027972028,6.04195804196,0.000161691441968,Class 4
0.725512249988,10.8321678322,314.145730016,19.7696405157,0.924884768139,1.0,65.9538727125,0.290616244507,0.31984124976,0.049089923407,0.165206717429,0.445916105187,1.0,1.0,0.930251799483,1.51398601399,0.84965034965,66.8880026224,1595.91882922,39739.1245339,0.867132867133,0.0244755244755,14.1993006993,0.000166584664855,Class 4
0.891877353416,4.56293706294,85.6865755742,6.26745520105,0.966954850423,1.0,22.6731436123,0.125368139414,0.136172234903,0.0539159540198,0.0874191028454,0.425763186357,1.0,1.0,0.968819641897,0.536713286713,0.944055944056,22.6738417832,520.797052557,12568.2129026,0.367132867133,-0.0437062937063,4.59090909091,7.01720424904e-05,Class 4
0.784757200841,11.7937062937,126.550365254,11.510899257,0.914837799118,1.0,36.080126463,0.220618614329,0.248666975632,0.0475678440877,0.177310084478,0.239411553596,1.0,1.0,0.920099131638,0.966783216783,0.884615384615,36.4168487762,774.190518466,17839.4518121,0.968531468531,-0.0437062937063,6.27272727273,0.000181371876874,Class 4
1.0,0.0,-0.0666666666667,0.00390625,1.0,1.0,0.0,-0.0,-0.0,0.05859375,-0.0,nan,1.0,1.0,1.0,0.0,1.0,0.015625,-0.001953125,0.000244140625,0.0,0.0,0.0,0.0,Class 4
0.972345835982,2.05944055944,10.9976987467,2.62672093531,0.987815484008,1.0,4.58907481472,0.0353813747017,0.0353813747017,0.0568653647489,0.0353813747017,1.0,1.0,1.0,0.988461538462,0.120629370629,0.986013986014,4.56020541958,95.8874153191,2212.77797032,0.15034965035,0.0716783216783,0.636363636364,3.16715195608e-05,Class 4
0.488997016969,27.1328671329,652.831679565,36.6249726836,0.790219991447,1.0,112.642684002,0.533675661236,0.60933802087,0.0327795292557,0.403662573975,0.207295192321,1.0,1.0,0.803440149594,2.84615384615,0.692307692308,117.02611451,2651.81032834,63757.4015772,2.21678321678,0.0454545454545,22.8251748252,0.000417268237337,Class 4
0.834930803462,10.8391608392,40.7320991662,7.7386090472,0.925320926538,1.0,19.0316570877,0.164857287455,0.18670289478,0.0496033959485,0.13703139834,0.103484173612,1.0,1.0,0.930415738108,0.618881118881,0.912587412587,19.1187718531,337.33578726,6717.93637832,0.895104895105,0.020979020979,2.14335664336,0.000166692208215,Class 4
0.663895545014,9.17132867133,530.819780705,22.086948208,0.909130643967,1.0,93.3187163222,0.364332905542,0.380447529662,0.0449149026236,0.222957711199,0.591755934899,1.0,1.0,0.914133302595,2.04370629371,0.811188811189,95.1581075175,2342.34829819,59275.9959555,0.800699300699,-0.302447552448,21.7482517483,0.000141043116822,Class 4
0.160521296885,48.4370629371,3329.9130696,83.1070531031,0.627794810496,1.0,265.218944722,0.82352859347,0.956786827526,0.0192214090542,0.533821737,0.135834637976,1.0,1.0,0.648306821384,6.53671328671,0.335664335664,282.82069493,6631.56759451,162614.582876,3.96853146853,0.0227272727273,59.4090909091,0.000744899083999,Class 4
0.821702772752,8.50699300699,112.381940186,10.4038188374,0.93743102739,1.0,30.7518220603,0.189517310399,0.210346360264,0.0502819132354,0.140362799326,0.286061012359,1.0,1.0,0.941270268193,0.812937062937,0.905594405594,30.9413243007,650.076445039,14552.5840236,0.702797202797,0.0437062937063,5.70629370629,0.000130826497609,Class 4
0.840334490684,7.33216783217,105.972132235,9.58126638986,0.940886395552,1.0,28.6926845883,0.17540572155,0.196129657772,0.0502849696195,0.139673354293,0.309080100387,1.0,1.0,0.94426727119,0.736013986014,0.916083916084,28.8259396853,626.009792941,14492.0895962,0.618881118881,0.0437062937063,5.46153846154,0.000112759213105,Class 4
0.958579881657,2.48251748252,23.1758719515,1.18135380245,0.981548710451,1.0,7.72850830138,0.0584418766005,0.0584418766005,0.0560049926036,0.0584418766005,0.856479053019,1.0,1.0,0.982919644458,0.188811188811,0.979020979021,7.69045017483,176.745643029,4422.74314187,0.195804195804,-0.0979020979021,1.32167832168,3.81778928492e-05,Class 4
0.110372145337,64.979020979,4466.19279587,96.0996230332,0.493310005428,1.0,296.548008311,0.955852095007,1.18523481506,0.010237167771,0.757408450931,0.0651249105563,1.0,1.0,0.527593880478,7.1958041958,0.283216783217,319.564576049,7752.35272345,198083.822687,5.14685314685,0.0104895104895,64.541958042,0.000999292902407,Class 4
0.280771675877,21.9545454545,3373.18370265,82.2359866696,0.798190754479,1.0,275.265330771,0.715827729816,0.767066126233,0.0336521269377,0.361934203896,0.524249167868,1.0,1.0,0.813026716873,5.80244755245,0.493006993007,288.481534091,7612.69543542,207030.821403,1.91258741259,0.312937062937,67.3531468531,0.000337632379155,Class 4
0.905032030906,6.65734265734,20.5259147684,3.83957058566,0.956558249053,1.0,11.0618205693,0.108067857608,0.119537097235,0.0530983712529,0.0980340787797,0.123699604666,1.0,1.0,0.959386767079,0.353146853147,0.951048951049,11.0418487762,195.900035511,3926.21282063,0.531468531469,-0.0454545454545,1.13636363636,0.000102381278852,Class 4
0.684532250966,19.6153846154,186.692137793,17.795427229,0.861608038073,1.0,51.8475492793,0.327880808179,0.376161548947,0.0412747490709,0.276367073019,0.131295887488,1.0,1.0,0.87030661646,1.44055944056,0.825174825175,52.9247159091,1098.04306436,24834.4355588,1.58041958042,-0.0244755244755,8.5034965035,0.000301659125189,Class 4
0.951782483251,2.1993006993,28.9254935591,3.25434331294,0.980858593739,1.0,8.69485064746,0.0614042972544,0.0664090656605,0.0555847397795,0.0614042972544,0.561265749758,1.0,1.0,0.981806654884,0.218531468531,0.975524475524,8.65111451049,188.08540483,4347.34287417,0.185314685315,0.0437062937063,1.63636363636,3.38223867636e-05,Class 4
0.859626387598,10.5734265734,19.4538436326,6.0275076486,0.932241328472,1.0,14.4871572049,0.151445608098,0.171291224201,0.0502910823879,0.141451346732,0.052912692662,1.0,1.0,0.936731537693,0.503496503497,0.926573426573,14.5331075175,231.989305616,4131.89447491,0.839160839161,-0.020979020979,1.04895104895,0.000162605560529,Class 4
0.918333414837,6.39160839161,-0.0697368286436,3.16736778846,0.95831713925,1.0,6.30894862296,0.0872170328702,0.0998476620589,0.0535201522691,0.0872170328702,0.00390336937604,1.0,1.0,0.9611926535,0.258741258741,0.958041958042,6.27786276224,76.6883877841,940.546463546,0.517482517483,0.0,0.0,9.82946311666e-05,Class 4
0.951782483251,3.36013986014,25.8527687622,3.70976289336,0.979812925232,1.0,9.18189572339,0.0635094021192,0.0664090656605,0.0560095771798,0.0534371081944,0.311495919709,1.0,1.0,0.981372793873,0.222027972028,0.975524475524,9.13887674825,214.363704655,5526.88521464,0.248251748252,0.0332167832168,1.46853146853,5.16745845466e-05,Class 4
0.152965915204,62.4755244755,2822.2234436,78.1101125437,0.538137671221,1.0,242.354838257,0.902366844279,1.09697807459,0.0128977501956,0.699335939809,0.063335003796,1.0,1.0,0.568218320141,6.12937062937,0.356643356643,260.61527535,6127.98526278,153215.9272,4.94405594406,-0.181818181818,50.2972027972,0.000960792379478,Class 4
0.84016333317,8.62587412587,96.7935747508,9.4379097465,0.939131069505,1.0,28.1460516556,0.184983032293,0.2031344174,0.0502666313145,0.145451329175,0.272582248956,1.0,1.0,0.942617638771,0.732517482517,0.916083916084,28.3032124126,606.835514095,13954.1104113,0.688811188811,0.0192307692308,5.00699300699,0.000132654734731,Class 4
0.885764585065,8.31818181818,9.12221398544,5.16037478147,0.944431126683,1.0,10.1687521829,0.115401030805,0.131925413918,0.05193236069,0.105384062265,0.0252250999748,1.0,1.0,0.948301698302,0.382867132867,0.940559440559,10.1563592657,146.085951158,2328.19192355,0.681818181818,0.0437062937063,0.503496503497,0.000127922826885,Class 4
0.64827130911,23.5,161.866605342,19.4335391171,0.833874948581,1.0,50.5340532141,0.332928480797,0.384030080359,0.0391337519561,0.281817900398,0.123636377913,1.0,1.0,0.844879479495,1.52272727273,0.800699300699,51.7053103147,1004.79683403,21706.6227583,1.92657342657,0.0472027972028,7.23776223776,0.000361399461745,Class 4
0.885764585065,8.31818181818,9.12221398544,5.16037478147,0.944431126683,1.0,10.1687521829,0.115401030805,0.131925413918,0.05193236069,0.105384062265,0.0252250999748,1.0,1.0,0.948301698302,0.382867132867,0.940559440559,10.1563592657,146.085951158,2328.19192355,0.681818181818,0.0437062937063,0.503496503497,0.000127922826885,Class 4
0.68585260893,7.77622377622,518.982491131,24.9636964598,0.928593049773,1.0,91.8329943796,0.339584575988,0.367144138839,0.0471796832975,0.187956105643,0.520939199843,1.0,1.0,0.931582840237,1.96853146853,0.825174825175,93.4229676573,2314.15637292,58555.72779,0.643356643357,-0.0244755244755,21.6538461538,0.000119588216474,Class 4
1.0,0.0,-0.0666666666667,0.00390625,1.0,1.0,0.0,-0.0,-0.0,0.05859375,-0.0,nan,1.0,1.0,1.0,0.0,1.0,0.015625,-0.001953125,0.000244140625,0.0,0.0,0.0,0.0,Class 4
1.0,0.0,-0.0666666666667,0.00390625,1.0,1.0,0.0,-0.0,-0.0,0.05859375,-0.0,nan,1.0,1.0,1.0,0.0,1.0,0.015625,-0.001953125,0.000244140625,0.0,0.0,0.0,0.0,Class 4
0.569538852756,22.8181818182,406.167361204,28.4986614948,0.834906878112,1.0,83.5193843795,0.406483074556,0.460499548962,0.0388113034256,0.282311507113,0.202089815689,1.0,1.0,0.845231691386,2.1993006993,0.748251748252,85.8460445804,1864.56349705,43279.6295601,1.88111888112,0.108391608392,16.027972028,0.000350913984132,Class 4
0.859112915057,5.09440559441,138.315991517,10.3990111451,0.957189481681,1.0,33.1921026412,0.179474227314,0.190515739149,0.0522548092205,0.121939432502,0.497250555796,1.0,1.0,0.959767155921,0.746503496503,0.926573426573,33.3381774476,803.351685424,20200.5339253,0.423076923077,0.0646853146853,7.15034965035,7.83453378609e-05,Class 4
0.701794708788,14.5559440559,246.411431667,16.9492733829,0.875091136044,1.0,57.4067159649,0.307325132837,0.350935664596,0.0416460997482,0.265692664276,0.282814765447,1.0,1.0,0.882943979098,1.46678321678,0.835664335664,58.397618007,1287.9987571,30248.1505118,1.23426573427,-0.106643356643,11.1398601399,0.000223851504128,Class 4
0.79624920534,9.76573426573,170.392411532,14.3566160402,0.931835816764,1.0,42.4240520945,0.244238119218,0.264450566206,0.04983873753,0.163149375907,0.399086649819,1.0,1.0,0.936735860294,1.01923076923,0.891608391608,42.8661494755,997.690190669,24720.5930381,0.77972027972,0.103146853147,8.3986013986,0.000150184302433,Class 4
0.79624920534,9.76573426573,170.392411532,14.3566160402,0.931835816764,1.0,42.4240520945,0.244238119218,0.264450566206,0.04983873753,0.163149375907,0.399086649819,1.0,1.0,0.936735860294,1.01923076923,0.891608391608,42.8661494755,997.690190669,24720.5930381,0.77972027972,0.103146853147,8.3986013986,0.000150184302433,Class 4
0.74284806103,16.6748251748,109.16627461,13.357927229,0.885983261521,1.0,36.7208014397,0.269340679929,0.304184087508,0.0445649466355,0.232091666913,0.1298320388,1.0,1.0,0.893542675273,1.08916083916,0.86013986014,37.2927229021,718.941501858,15197.6776097,1.33916083916,-0.00524475524476,5.28671328671,0.00025643714225,Class 4
0.99303144408,0.590909090909,-0.0669158274401,0.589133522727,0.996524064171,1.0,0.590092597615,0.0101045467569,0.0101045467569,0.058158215255,0.0101045467569,nan,1.0,1.0,0.996753246753,0.0227272727273,0.996503496503,0.595170454545,7.46040482955,96.078014027,0.0454545454545,0.0227272727273,0.0,9.0874139317e-06,Class 4
0.731600567265,15.5874125874,143.985700664,16.406441215,0.887023929417,1.0,41.7641407375,0.263506116913,0.298772413825,0.0442272161842,0.220523679714,0.190545877658,1.0,1.0,0.893952201645,1.18531468531,0.853146853147,42.3670236014,849.704449847,18495.8084281,1.27972027972,0.153846153846,6.83916083916,0.000239714149749,Class 4
0.833781603012,8.88461538462,103.177269341,9.71282233392,0.931822437198,1.0,29.6099269093,0.186832309318,0.212694753009,0.0494628022764,0.15980097888,0.28010027693,1.0,1.0,0.936531417301,0.76048951049,0.912587412587,29.7787368881,655.447402207,15567.4768886,0.730769230769,0.00174825174825,5.31468531469,0.000136633839056,Class 4
0.639053254438,22.9825174825,309.288999315,23.531441215,0.855916190992,1.0,72.7602974307,0.400691706115,0.444841281547,0.040091928395,0.310626753598,0.280611941427,1.0,1.0,0.86419429929,1.86188811189,0.797202797203,74.668597028,1641.32863035,38391.0518995,1.71678321678,-0.0681818181818,13.1503496503,0.000353441253095,Class 4
0.834930803462,10.8391608392,40.7320991662,7.7386090472,0.925320926538,1.0,19.0316570877,0.164857287455,0.18670289478,0.0496033959485,0.13703139834,0.103484173612,1.0,1.0,0.930415738108,0.618881118881,0.912587412587,19.1187718531,337.33578726,6717.93637832,0.895104895105,0.020979020979,2.14335664336,0.000166692208215,Class 4
0.725121032813,17.6503496503,131.738278502,14.9492733829,0.874488308615,1.0,41.4726938297,0.282752967378,0.32435610484,0.0431009386156,0.246574613281,0.137225973051,1.0,1.0,0.882991367607,1.19230769231,0.84965034965,42.1607298951,849.606329218,18888.7788171,1.43356643357,4.33680868994e-19,6.27272727273,0.00027143944099,Class 4
0.778595530344,10.0244755245,164.0694788,13.1560041521,0.923517354856,1.0,41.0123057822,0.233008576584,0.259169507282,0.0483411092841,0.166321549077,0.275705437827,1.0,1.0,0.92809113963,1.0541958042,0.881118881119,41.4290865385,896.421615494,20573.2146508,0.835664335664,0.0227272727273,7.97902097902,0.000154163406759,Class 4
0.986087339234,1.00699300699,-0.0671659194298,0.502157998252,0.993055220641,1.0,1.00428303108,0.0180986605252,0.02020376539,0.0577257368942,0.0180986605252,0.000527299635889,1.0,1.0,0.993544916622,0.041958041958,0.993006993007,1.00163898601,11.7082741477,139.059029106,0.0839160839161,0.0,0.0,1.54862438599e-05,Class 4
0.755733776713,12.8601398601,143.58173372,14.0655321241,0.907934864324,1.0,39.6004757561,0.241096475802,0.269913719058,0.0473386152746,0.167576135769,0.230439103565,1.0,1.0,0.914009067855,1.09090909091,0.867132867133,40.064576049,827.457837085,18488.4777354,1.06993006993,0.0664335664336,6.93356643357,0.000197772239295,Class 4
0.749718812656,10.6748251748,205.013338089,14.5637838724,0.920083263592,1.0,48.194105974,0.248296033338,0.273557291715,0.0484633646511,0.151568787346,0.355477934893,1.0,1.0,0.925209405979,1.22202797203,0.863636363636,48.7507648601,1070.95395815,24902.7489603,0.898601398601,-0.0227272727273,9.66783216783,0.000164164939251,Class 4
0.945033986992,4.37762237762,-0.0686948021191,2.17086429196,0.972206697967,1.0,4.33705154405,0.063845287689,0.0722657071481,0.0551705997237,0.063845287689,0.00238168308008,1.0,1.0,0.974102820257,0.174825174825,0.972027972028,4.30583479021,53.2679332386,662.428893616,0.34965034965,-6.93889390391e-18,0.0,6.73221434467e-05,Class 4
0.853122402073,5.48601398601,122.176840878,9.58126638986,0.958265365466,1.0,30.2121072106,0.16749518354,0.181130598692,0.0526750620446,0.108111900591,0.433317077144,1.0,1.0,0.960635518328,0.732517482517,0.923076923077,30.3241914336,675.518206403,15702.7194585,0.451048951049,0.0472027972028,6.2972027972,8.43677660287e-05,Class 4
0.972272482762,2.18881118881,-0.0676709146444,1.08738527098,0.986103348984,1.0,2.17747095921,0.0361759333783,0.0403861431079,0.0568638365568,0.0361759333783,0.00105859832489,1.0,1.0,0.987051410128,0.0874125874126,0.986013986014,2.1607298951,26.6329900568,331.214568878,0.174825174825,-3.46944695195e-18,0.0,3.36610717234e-05,Class 4
0.878527067338,8.02097902098,67.4433692503,7.65338177448,0.953723375477,1.0,22.148179219,0.152611418368,0.164726060045,0.0526674210842,0.114637442472,0.274688975419,1.0,1.0,0.956830028945,0.562937062937,0.937062937063,22.2026879371,487.520227819,11598.3810899,0.587412587413,0.0034965034965,3.61188811189,0.000123352234079,Class 4
1.0,0.0,-0.0666666666667,0.00390625,1.0,1.0,0.0,-0.0,-0.0,0.05859375,-0.0,nan,1.0,1.0,1.0,0.0,1.0,0.015625,-0.001953125,0.000244140625,0.0,0.0,0.0,0.0,Class 4
0.690155997848,14.9545454545,276.549563964,18.704955201,0.89290702759,1.0,62.1753870887,0.332052095263,0.367206005314,0.0448904515502,0.225858984853,0.280678879801,1.0,1.0,0.899752811291,1.56468531469,0.828671328671,63.376638986,1413.09447389,33409.0574174,1.21328671329,-0.0681818181818,12.2972027972,0.000229981475656,Class 4
0.905007579833,7.5034965035,19.7042116963,4.80067198427,0.954783899804,1.0,11.7237292085,0.10518504799,0.119920782043,0.0526888157734,0.10518504799,0.21708135084,1.0,1.0,0.95748610364,0.367132867133,0.951048951049,11.6991914336,205.771101945,3992.24341503,0.566433566434,-1.38777878078e-17,1.09090909091,0.000115394025429,Class 4
0.891583940535,8.28671328671,33.5927613133,5.58782233392,0.953050933504,1.0,15.4052654289,0.136688222415,0.149702536412,0.0526613083158,0.116637433693,0.205326692905,1.0,1.0,0.955955903071,0.444055944056,0.944055944056,15.4229676573,304.297544253,6747.17534248,0.615384615385,-0.0244755244755,1.83566433566,0.000127438881764,Class 4
0.911536016431,6.75874125874,9.74249606299,4.43179086538,0.956556157365,1.0,8.82255788995,0.104087676132,0.116202317809,0.0530846175241,0.104087676132,0.0841312203994,1.0,1.0,0.959372678603,0.309440559441,0.954545454545,8.80146416084,137.475046438,2399.37379637,0.534965034965,0.0437062937063,0.545454545455,0.000103940657574,Class 4
0.840627903565,10.486013986,48.6636917585,8.51876638986,0.932244874621,1.0,20.3228142649,0.171419383382,0.190887473019,0.0503033079246,0.139897225855,0.146141079746,1.0,1.0,0.936750749251,0.627622377622,0.916083916084,20.425590035,373.135120739,7513.57489995,0.835664335664,0.0646853146853,2.55944055944,0.000161261268528,Class 4
0.394615873637,23.534965035,1522.7972855,53.3618607955,0.830308727156,1.0,182.233128966,0.60305691276,0.65784518082,0.0377614354614,0.311258756689,0.435480840357,1.0,1.0,0.840703367146,4.09965034965,0.611888111888,189.724541084,4721.29453944,122324.464268,1.8986013986,0.00174825174825,42.0559440559,0.000361937178546,Class 4
0.815174336153,10.3251748252,113.80091105,11.3745356206,0.932205493357,1.0,32.7595024415,0.20515344031,0.226615362826,0.0498479066825,0.156039502636,0.295276230227,1.0,1.0,0.936400778708,0.851398601399,0.902097902098,33.0060096154,714.43144941,16638.3662024,0.814685314685,0.0437062937063,5.77272727273,0.000158787771245,Class 4
0.790258692357,11.5944055944,131.896492779,12.4859866696,0.911309266472,1.0,36.9634694878,0.2368051414,0.265165595026,0.0463896079882,0.203751401006,0.274607928803,1.0,1.0,0.916285797536,0.961538461538,0.888111888112,37.3530375874,820.82245684,19566.0446607,0.951048951049,0.020979020979,6.55594405594,0.00017830689111,Class 4
0.449630788792,19.8251748252,1412.97791507,52.3714761801,0.840161624989,1.0,179.108744163,0.614762659621,0.684697451536,0.0364502466502,0.357659774008,0.38976589751,1.0,1.0,0.84883033633,3.8006993007,0.664335664336,186.192198427,4848.46887292,130423.824818,1.58041958042,0.0559440559441,42.0629370629,0.000304885425993,Class 4
0.765587559294,12.541958042,232.277012094,17.1031195367,0.918234946834,1.0,55.7698681165,0.275075562235,0.30155910708,0.0482448331826,0.193426195078,0.338171186228,1.0,1.0,0.924214567484,1.2534965035,0.874125874126,56.4623033217,1412.93330693,37612.4134598,0.961538461538,-0.00524475524476,11.1328671329,0.000192879016408,Class 4
0.789891926256,13.6678321678,153.77332088,13.4698153409,0.910894303378,1.0,43.2498782399,0.249913873461,0.276118847141,0.0466937182136,0.215895801232,0.255347943236,1.0,1.0,0.916491681396,1.04020979021,0.888111888112,43.7227928322,1036.99635326,26628.0621159,1.03146853147,-0.0681818181818,7.63986013986,0.000210193497391,Class 4
0.791774658908,14.1223776224,53.6186418694,9.40731534091,0.904475950013,1.0,24.4547861943,0.2029835272,0.231366274146,0.0473202769695,0.167438072184,0.0924641739967,1.0,1.0,0.910992853301,0.795454545455,0.888111888112,24.6773382867,437.860645214,8782.0696552,1.15734265734,-0.0227272727273,2.73426573427,0.0002171838158,Class 4
0.602034329307,18.527972028,505.664259035,28.7914936626,0.855626297141,1.0,95.2730936518,0.428694415357,0.489865860361,0.0402050146095,0.300944726672,0.315892218118,1.0,1.0,0.865740189298,2.22552447552,0.772727272727,97.8084571678,2365.26044854,60346.232625,1.52097902098,-0.0227272727273,20.0944055944,0.000284936132687,Class 4
0.859699740819,7.81818181818,66.1576143288,7.68222792832,0.946155264614,1.0,21.495288072,0.152345280418,0.167875573148,0.051914022385,0.110737519004,0.319562399232,1.0,1.0,0.949780988243,0.590909090909,0.926573426573,21.5523382867,450.39085719,10351.9223923,0.643356643357,0.0244755244755,3.5034965035,0.000120233476635,Class 4
0.904836422319,7.9965034965,9.78019829672,4.89464051573,0.953058848836,1.0,10.0327450683,0.115326887505,0.127546642826,0.0526643647,0.115326887505,0.0867822471486,1.0,1.0,0.956003771869,0.344405594406,0.951048951049,10.0217438811,157.559618116,2717.22355599,0.604895104895,0.0262237762238,0.545454545455,0.000122975832318,Class 4
0.944960633772,3.73776223776,22.2346778943,3.05897618007,0.972851124355,1.0,8.71136223173,0.0714711484716,0.0785810217425,0.0551599023791,0.0714711484716,0.254556707206,1.0,1.0,0.975269922385,0.232517482517,0.972027972028,8.67209353147,183.782520214,4295.05856473,0.297202797203,-0.00174825174825,1.25874125874,5.7481925994e-05,Class 4
0.958579881657,3.47902097902,-0.0681818526028,2.36579436189,0.979149927062,1.0,3.45310267606,0.0534371081944,0.0584418766005,0.0560095771798,0.0534371081944,0.00212470456475,1.0,1.0,0.980545896411,0.134615384615,0.979020979021,3.42733828671,43.9962439904,571.927445845,0.269230769231,0.0472027972028,0.0,5.35028216689e-05,Class 4
0.898283534647,6.61888111888,50.0673720194,5.6018083479,0.954079113079,1.0,17.3514208662,0.123205935708,0.135469734011,0.0526720056604,0.115282844522,0.333864460442,1.0,1.0,0.957608257127,0.445804195804,0.947552447552,17.348666958,389.550767592,9674.15488247,0.520979020979,-0.0262237762238,2.73426573427,0.000101789790371,Class 4
0.645777299623,9.24125874126,592.533654137,28.2141335227,0.90597951744,1.0,100.728197742,0.377057008069,0.413973492995,0.0438879575407,0.223534132359,0.472868521392,1.0,1.0,0.910032275417,2.18706293706,0.800699300699,102.806708916,2546.73236724,64737.1405687,0.807692307692,0.0192307692308,23.6608391608,0.000142118550423,Class 4
1.0,0.0,-0.0666666666667,0.00390625,1.0,1.0,0.0,-0.0,-0.0,0.05859375,-0.0,nan,1.0,1.0,1.0,0.0,1.0,0.015625,-0.001953125,0.000244140625,0.0,0.0,0.0,0.0,Class 4
0.958555430583,1.11538461538,41.9382194691,3.54324191434,0.986757968198,1.0,10.5469487299,0.0605469814653,0.0605469814653,0.0564328863881,0.0483641594065,0.869262469467,1.0,1.0,0.987698199237,0.225524475524,0.979020979021,10.5007648601,259.468053431,6638.35216175,0.101398601399,0.0472027972028,2.37062937063,1.71531659421e-05,Class 4
1.0,0.0,-0.0666666666667,0.00390625,1.0,1.0,0.0,-0.0,-0.0,0.05859375,-0.0,nan,1.0,1.0,1.0,0.0,1.0,0.015625,-0.001953125,0.000244140625,0.0,0.0,0.0,0.0,Class 4
0.898307985721,5.3041958042,49.4086915959,5.83257757867,0.961768961262,1.0,15.8649318083,0.121100830843,0.133364629146,0.0535063985403,0.0931046196732,0.256453421626,1.0,1.0,0.96417044494,0.431818181818,0.947552447552,15.8591564685,326.747008851,7291.82249611,0.437062937063,0.0437062937063,2.68881118881,8.15716386651e-05,Class 4
