0.733261505654,0.516549295775,5.71525123366,0.957746478873,0.948345070423,1.0,3.56015073998,0.226583692484,0.243823103354,0.160449873537,0.0954305692072,0.481821021501,1.0,1.0,0.956954225352,0.362852112676,0.850352112676,3.36197183099,16.1391725352,86.7128521127,0.172183098592,-0.00475352112676,0.830281690141,0.00229577464789,Class 1
0.550486510613,0.627464788732,21.4869199608,1.99559859155,0.937253521127,1.0,7.79910844345,0.33334591136,0.354277572295,0.155071166435,0.109837283585,0.578323791918,1.0,1.0,0.947711267606,0.779577464789,0.705281690141,7.41830985915,38.4355633803,208.656514085,0.209154929577,-0.00633802816901,2.025,0.00278873239437,Class 1
0.87111361833,0.294718309859,1.53945187324,0.4375,0.970528169014,1.0,1.48741724438,0.127781857106,0.137599205841,0.171662926503,0.0626093077781,0.440223367034,1.0,1.0,0.975440140845,0.153697183099,0.932394366197,1.49225352113,6.19480633803,33.2357394366,0.0982394366197,-0.00369718309859,0.313732394366,0.00130985915493,Class 1
0.845285409641,0.25985915493,2.6900467454,0.56161971831,0.974014084507,1.0,2.08847216719,0.146768242403,0.155400182186,0.173480212259,0.0568071745366,0.567387505114,1.0,1.0,0.978345070423,0.203873239437,0.917605633803,2.02887323944,9.24102112676,50.1603873239,0.0866197183099,-0.00422535211268,0.481690140845,0.00115492957746,Class 1
0.733261505654,0.516549295775,5.71525123366,0.957746478873,0.948345070423,1.0,3.56015073998,0.226583692484,0.243823103354,0.160449873537,0.0954305692072,0.481821021501,1.0,1.0,0.956954225352,0.362852112676,0.850352112676,3.36197183099,16.1391725352,86.7128521127,0.172183098592,-0.00475352112676,0.830281690141,0.00229577464789,Class 1
0.87111361833,0.294718309859,1.53945187324,0.4375,0.970528169014,1.0,1.48741724438,0.127781857106,0.137599205841,0.171662926503,0.0626093077781,0.440223367034,1.0,1.0,0.975440140845,0.153697183099,0.932394366197,1.49225352113,6.19480633803,33.2357394366,0.0982394366197,-0.00369718309859,0.313732394366,0.00130985915493,Class 1
0.564419262051,0.437323943662,23.3128193487,2.0536971831,0.956267605634,1.0,8.18574164537,0.318007465933,0.332626113603,0.164384794684,0.0844038628411,0.675766225969,1.0,1.0,0.963556338028,0.794366197183,0.710915492958,7.75633802817,40.6823943662,222.008626761,0.145774647887,0.00211267605634,2.16443661972,0.00194366197183,Class 1
0.639168567744,0.541901408451,12.1222295492,1.45950704225,0.945809859155,1.0,5.63995022508,0.283004217708,0.301118435335,0.159207064571,0.0988230307809,0.563197211496,1.0,1.0,0.954841549296,0.561443661972,0.782746478873,5.32253521127,26.9708626761,146.104401408,0.180633802817,-0.00264084507042,1.41338028169,0.00240845070423,Class 1
0.550486510613,0.627464788732,21.4869199608,1.99559859155,0.937253521127,1.0,7.79910844345,0.33334591136,0.354277572295,0.155071166435,0.109837283585,0.578323791918,1.0,1.0,0.947711267606,0.779577464789,0.705281690141,7.41830985915,38.4355633803,208.656514085,0.209154929577,-0.00633802816901,2.025,0.00278873239437,Class 1
0.68200877802,0.377112676056,10.5855013976,1.29577464789,0.962288732394,1.0,5.18287027527,0.252973611107,0.265478388421,0.16742715979,0.0755414208258,0.648807105308,1.0,1.0,0.968573943662,0.500176056338,0.812323943662,4.87464788732,24.8064260563,135.080457746,0.125704225352,-0.0068661971831,1.31197183099,0.00167605633803,Class 1
0.536041707994,0.776408450704,20.7517490273,1.9823943662,0.92235915493,1.0,7.6379250755,0.34525945516,0.371033200425,0.148087247074,0.127602795844,0.514203272478,1.0,1.0,0.935299295775,0.781161971831,0.696478873239,7.28521126761,37.4064260563,202.213908451,0.258802816901,-0.0132042253521,1.95528169014,0.00345070422535,Class 1
0.44761332077,0.919014084507,37.5635807656,2.73767605634,0.908098591549,1.0,10.4891789065,0.39415820906,0.424811707949,0.141657161278,0.143187044449,0.504175843236,1.0,1.0,0.923415492958,1.07957746479,0.589084507042,10.1267605634,52.898943662,286.599471831,0.306338028169,-0.00950704225352,2.77922535211,0.00408450704225,Class 1
0.749978426899,0.342253521127,6.4088948903,0.963028169014,0.965774647887,1.0,3.76700105459,0.2118903207,0.223292588922,0.169208986312,0.0701933314701,0.61447836542,1.0,1.0,0.971478873239,0.364436619718,0.859507042254,3.55211267606,17.5343309859,95.3008802817,0.114084507042,-0.00422535211268,0.922183098592,0.00152112676056,Class 1
0.69475624876,0.846126760563,4.88636473782,1.01056338028,0.915387323944,1.0,3.36868696415,0.251720357899,0.280018839982,0.144912281789,0.13538169332,0.297226093638,1.0,1.0,0.92948943662,0.37764084507,0.827112676056,3.18028169014,14.4881161972,75.8980633803,0.282042253521,0.00158450704225,0.70985915493,0.00376056338028,Class 1
0.665303759175,0.722535211268,7.88566617139,1.19542253521,0.927746478873,1.0,4.40132879829,0.271113726505,0.295172156085,0.150581729816,0.121366554147,0.424466640311,1.0,1.0,0.939788732394,0.462676056338,0.805633802817,4.15422535211,20.1345070423,107.580809859,0.240845070423,-0.00950704225352,1.02676056338,0.00321126760563,Class 1
0.829194356279,0.383450704225,2.41829261427,0.577464788732,0.961654929577,1.0,2.02417141637,0.159957359956,0.17275195316,0.167104803114,0.0764959227095,0.435441471437,1.0,1.0,0.968045774648,0.209683098592,0.908802816901,1.96338028169,8.63653169014,46.1853873239,0.127816901408,-0.00369718309859,0.437323943662,0.00170422535211,Class 1
0.550486510613,0.627464788732,21.4869199608,1.99559859155,0.937253521127,1.0,7.79910844345,0.33334591136,0.354277572295,0.155071166435,0.109837283585,0.578323791918,1.0,1.0,0.947711267606,0.779577464789,0.705281690141,7.41830985915,38.4355633803,208.656514085,0.209154929577,-0.00633802816901,2.025,0.00278873239437,Class 1
0.749978426899,0.342253521127,6.4088948903,0.963028169014,0.965774647887,1.0,3.76700105459,0.2118903207,0.223292588922,0.169208986312,0.0701933314701,0.61447836542,1.0,1.0,0.971478873239,0.364436619718,0.859507042254,3.55211267606,17.5343309859,95.3008802817,0.114084507042,-0.00422535211268,0.922183098592,0.00152112676056,Class 1
0.685397986511,0.583098591549,7.98095776589,1.17429577465,0.941690140845,1.0,4.39687013283,0.257234863024,0.276723252581,0.157204423725,0.104206989624,0.490377654016,1.0,1.0,0.951408450704,0.447887323944,0.818309859155,4.14577464789,20.3595070423,109.554049296,0.194366197183,-0.00316901408451,1.05211267606,0.00259154929577,Class 1
0.792086639556,0.377112676056,3.99026681099,0.743838028169,0.962288732394,1.0,2.77866762311,0.185969712725,0.198531199397,0.16742715979,0.0755414208258,0.522454756263,1.0,1.0,0.968573943662,0.277288732394,0.88661971831,2.64577464789,12.4361795775,67.0998239437,0.125704225352,-0.00475352112676,0.643309859155,0.00167605633803,Class 1
0.669417774251,0.411971830986,11.175792365,1.34595070423,0.958802816901,1.0,5.36096644917,0.261506065538,0.275170105126,0.165660335251,0.0807269970648,0.63239309058,1.0,1.0,0.965669014085,0.520774647887,0.803521126761,5.04577464789,25.6882042254,139.742077465,0.137323943662,-0.00739436619718,1.35633802817,0.00183098591549,Class 1
0.865153491371,0.389788732394,1.12511193699,0.424295774648,0.961021126761,1.0,1.31828593198,0.131550643389,0.14457266511,0.166782942373,0.0774451441708,0.304827989728,1.0,1.0,0.967517605634,0.14735915493,0.929225352113,1.3338028169,5.13001760563,26.8818661972,0.129929577465,-0.00264084507042,0.247183098592,0.0017323943662,Class 1
0.840061991668,0.411971830986,1.82574654209,0.516725352113,0.958802816901,1.0,1.72926445675,0.151584182699,0.165326058968,0.165660335251,0.0807269970648,0.367619306394,1.0,1.0,0.965669014085,0.185915492958,0.91514084507,1.69718309859,7.10352112676,37.6100352113,0.137323943662,-0.00422535211268,0.35176056338,0.00183098591549,Class 1
0.60013191827,0.354929577465,19.5457826677,1.8213028169,0.964507042254,1.0,7.43480011394,0.295367890462,0.307064130184,0.168559313628,0.0721578298553,0.7139544127,1.0,1.0,0.970422535211,0.711971830986,0.742957746479,7.01478873239,36.7274647887,200.709683099,0.118309859155,-0.00845070422535,1.95845070423,0.00157746478873,Class 1
0.513095120016,0.367605633803,37.0423586873,2.5713028169,0.96323943662,1.0,10.5534554186,0.338710038436,0.350684665255,0.167911624678,0.0740995808998,0.741164307165,1.0,1.0,0.969366197183,1.01514084507,0.641197183099,10.0338028169,53.4582746479,292.586795775,0.122535211268,-0.0116197183099,2.86161971831,0.0016338028169,Class 1
0.751321662369,0.551408450704,4.47488327292,0.854753521127,0.94485915493,1.0,3.07207142374,0.215113809689,0.233529063503,0.158743056933,0.100079355547,0.423470283732,1.0,1.0,0.954049295775,0.321126760563,0.862323943662,2.90985915493,13.561971831,72.3656690141,0.183802816901,-0.00422535211268,0.687676056338,0.00245070422535,Class 1
0.637467764332,0.367605633803,14.804612252,1.56778169014,0.96323943662,1.0,6.33686467325,0.276736053717,0.288936558839,0.167911624678,0.0740995808998,0.684588286905,1.0,1.0,0.969366197183,0.608450704225,0.77676056338,5.96690140845,30.886971831,168.546302817,0.122535211268,-0.00633802816901,1.64154929577,0.0016338028169,Class 1
0.562896746677,0.316901408451,26.5050363332,2.14876760563,0.968309859155,1.0,8.81158347338,0.311366752462,0.321889811954,0.17051428288,0.0661927970443,0.751975177317,1.0,1.0,0.973591549296,0.839788732394,0.702464788732,8.33098591549,44.1065140845,241.462147887,0.105633802817,-0.00528169014085,2.36091549296,0.00140845070423,Class 1
0.638341598889,0.278873239437,16.1275347957,1.62588028169,0.972112676056,1.0,6.66718196527,0.270925824602,0.280197830272,0.172487105733,0.0599989902907,0.746925456631,1.0,1.0,0.97676056338,0.629577464789,0.774647887324,6.26690140845,32.725,179.116021127,0.0929577464789,-0.00422535211268,1.74929577465,0.00123943661972,Class 1
0.496691628645,0.912676056338,24.8146069763,2.21214788732,0.908732394366,1.0,8.39518423851,0.368906975223,0.399305339663,0.141937611585,0.142520978624,0.47684689014,1.0,1.0,0.923943661972,0.871478873239,0.658802816901,8.05211267606,41.3970070423,223.424119718,0.304225352113,-0.0116197183099,2.15809859155,0.00405633802817,Class 1
0.648275887721,0.129929577465,17.5248342167,1.65492957746,0.987007042254,1.0,7.01970496947,0.2532284945,0.257144850017,0.180385898135,0.0327953643667,0.868018217068,1.0,1.0,0.989172535211,0.644894366197,0.777816901408,6.56901408451,34.692165493,190.713556338,0.0433098591549,-0.00792253521127,1.86971830986,0.000577464788732,Class 1
0.792692422138,0.507042253521,2.9629628986,0.68573943662,0.949295774648,1.0,2.36904206548,0.186400564011,0.203342792785,0.160917972624,0.0941421269407,0.382065016722,1.0,1.0,0.957746478873,0.252464788732,0.887676056338,2.2676056338,10.0839788732,53.4867957746,0.169014084507,-0.00316901408451,0.503873239437,0.00225352112676,Class 1
0.511908103551,0.830281690141,23.7752354903,2.14612676056,0.916971830986,1.0,8.21425429488,0.359191809518,0.38684603967,0.145628595517,0.133641478045,0.503686260255,1.0,1.0,0.930809859155,0.844014084507,0.672535211268,7.85985915493,40.4906690141,218.878697183,0.27676056338,-0.0105633802817,2.11690140845,0.00369014084507,Class 1
0.660772416187,0.218661971831,14.6837187508,1.51496478873,0.978133802817,1.0,6.31275392983,0.254904583553,0.261967011522,0.175647255009,0.0496470723698,0.787855492483,1.0,1.0,0.981778169014,0.588908450704,0.791549295775,5.92042253521,30.9194542254,169.511795775,0.0728873239437,-0.00792253521127,1.6573943662,0.000971830985915,Class 1
0.77211540369,0.554577464789,3.48145087352,0.757042253521,0.944542253521,1.0,2.63776336159,0.200850682973,0.219378651913,0.158588635687,0.100496251268,0.380849776468,1.0,1.0,0.953785211268,0.281514084507,0.875352112676,2.51056338028,11.3397007042,60.136443662,0.18485915493,-0.00369718309859,0.567253521127,0.00246478873239,Class 1
0.720310206308,0.61161971831,5.56511941879,0.965669014085,0.938838028169,1.0,3.53772251994,0.235800663131,0.256143342387,0.155830254414,0.10784571918,0.428196214832,1.0,1.0,0.949031690141,0.370246478873,0.842605633803,3.34084507042,15.8365316901,84.5473591549,0.203873239437,-0.00897887323944,0.804929577465,0.00271830985915,Class 1
0.596860741916,0.240845070423,22.3769965261,1.9375,0.975915492958,1.0,8.04435476633,0.289020733079,0.296930985172,0.174477782186,0.0535461668125,0.792331805366,1.0,1.0,0.979929577465,0.756338028169,0.734507042254,7.57253521127,40.0454225352,219.546302817,0.0802816901408,-0.00633802816901,2.1485915493,0.00107042253521,Class 1
0.711798502281,0.86514084507,3.84150869945,0.899647887324,0.913485915493,1.0,2.95389345566,0.239492308101,0.268395448245,0.144056796767,0.137449112046,0.25646128874,1.0,1.0,0.927904929577,0.340669014085,0.83838028169,2.79154929577,12.2935739437,63.7375,0.28838028169,-0.00580985915493,0.589436619718,0.00384507042254,Class 1
0.536041707994,0.776408450704,20.7517490273,1.9823943662,0.92235915493,1.0,7.6379250755,0.34525945516,0.371033200425,0.148087247074,0.127602795844,0.514203272478,1.0,1.0,0.935299295775,0.781161971831,0.696478873239,7.28521126761,37.4064260563,202.213908451,0.258802816901,-0.0132042253521,1.95528169014,0.00345070422535,Class 1
0.737875173577,0.706690140845,3.85289505487,0.838908450704,0.929330985915,1.0,2.88022561994,0.223670623217,0.247230633346,0.151322220294,0.119492872931,0.323024620154,1.0,1.0,0.94110915493,0.318485915493,0.854577464789,2.72816901408,12.2507922535,64.3396126761,0.235563380282,-0.00792253521127,0.602112676056,0.00314084507042,Class 1
0.498425163658,0.820774647887,26.7180606913,2.27024647887,0.917922535211,1.0,8.74566323001,0.365942094084,0.39323880787,0.146059871553,0.13258965039,0.517293182858,1.0,1.0,0.931602112676,0.895246478873,0.655985915493,8.38169014085,43.4053697183,234.94665493,0.273591549296,-0.0121478873239,2.27535211268,0.00364788732394,Class 1
0.548435826225,0.703521126761,20.2651942006,1.94278169014,0.929647887324,1.0,7.54575627535,0.336819018349,0.360183265175,0.151470690339,0.119115916228,0.541965852869,1.0,1.0,0.941373239437,0.763732394366,0.706338028169,7.1838028169,36.9857394366,200.287147887,0.234507042254,-0.0116197183099,1.93943661972,0.00312676056338,Class 1
0.558965731006,0.912676056338,15.153268465,1.75528169014,0.908732394366,1.0,6.42853034297,0.335147019127,0.365672942646,0.141937611585,0.142520978624,0.424955446006,1.0,1.0,0.923943661972,0.678169014085,0.72323943662,6.11901408451,30.6683098592,164.464612676,0.304225352113,-0.00105633802817,1.57816901408,0.00405633802817,Class 1
0.571770234081,0.732042253521,16.5070440126,1.74735915493,0.926795774648,1.0,6.73715543695,0.32510106967,0.349344406715,0.150138923329,0.12248198803,0.511670183168,1.0,1.0,0.938996478873,0.688204225352,0.729929577465,6.4,32.5800176056,175.924823944,0.244014084507,-0.0142605633803,1.6985915493,0.00325352112676,Class 1
0.44761332077,0.919014084507,37.5635807656,2.73767605634,0.908098591549,1.0,10.4891789065,0.39415820906,0.424811707949,0.141657161278,0.143187044449,0.504175843236,1.0,1.0,0.923415492958,1.07957746479,0.589084507042,10.1267605634,52.898943662,286.599471831,0.306338028169,-0.00950704225352,2.77922535211,0.00408450704225,Class 1
0.709972971633,0.564084507042,6.60487083766,1.05281690141,0.943591549296,1.0,3.91128130985,0.241895026001,0.260734898363,0.15812611585,0.101741370842,0.475096684257,1.0,1.0,0.952992957746,0.400352112676,0.835211267606,3.68943661972,17.8639084507,95.9399647887,0.188028169014,-0.00422535211268,0.919014084507,0.00250704225352,Class 1
0.877919311645,0.205985915493,1.89633006425,0.432218309859,0.979401408451,1.0,1.62708547807,0.121528114052,0.127986972417,0.176318252827,0.0473696927303,0.598220196193,1.0,1.0,0.982834507042,0.157922535211,0.935915492958,1.62323943662,7.09480633803,38.650528169,0.068661971831,-0.0100352112676,0.370774647887,0.000915492957746,Class 1
0.83061793295,0.481690140845,1.69230945387,0.532570422535,0.951830985915,1.0,1.70480617123,0.157974841193,0.174078256368,0.162171692125,0.0906612667985,0.305203619656,1.0,1.0,0.95985915493,0.19014084507,0.90985915493,1.66971830986,6.81514084507,35.6568661972,0.160563380282,-0.00211267605634,0.329577464789,0.00214084507042,Class 1
0.809747817893,0.551408450704,1.9771595433,0.593309859155,0.94485915493,1.0,1.90335292075,0.173033073829,0.191469429436,0.158743056933,0.100079355547,0.289523165409,1.0,1.0,0.954049295775,0.214436619718,0.897887323944,1.84295774648,7.64066901408,39.8251760563,0.183802816901,-0.00211267605634,0.367605633803,0.00245070422535,Class 1
0.72087804999,0.174295774648,10.0734722586,1.19278169014,0.982570422535,1.0,5.00258115311,0.219189497241,0.224610884381,0.178004426205,0.0415020975974,0.804105542315,1.0,1.0,0.985475352113,0.461091549296,0.83661971831,4.68661971831,24.1583626761,132.590669014,0.0580985915493,-0.00897887323944,1.29612676056,0.000774647887324,Class 1
0.69961094029,0.636971830986,6.52476306611,1.09242957746,0.936302816901,1.0,3.90587690853,0.249161440057,0.270435909342,0.154617201448,0.111022227958,0.435259746036,1.0,1.0,0.946919014085,0.407218309859,0.828873239437,3.68521126761,17.6983274648,94.6448943662,0.212323943662,0.00475352112676,0.903169014085,0.00283098591549,Class 2
0.825954919659,0.421478873239,2.27295110782,0.595950704225,0.957852112676,1.0,1.97293214444,0.162321389357,0.176372319195,0.165181077663,0.0821148271529,0.397688171344,1.0,1.0,0.964876760563,0.208626760563,0.907042253521,1.91478873239,8.29269366197,44.0948943662,0.140492957746,0.00475352112676,0.41514084507,0.00187323943662,Class 2
0.488153888117,1.09330985915,22.3949132608,2.20158450704,0.890669014085,1.0,7.93440403109,0.376057789721,0.412562499112,0.134139121702,0.160628688657,0.405369487725,1.0,1.0,0.90889084507,0.846654929577,0.657042253521,7.62323943662,38.6645246479,207.45334507,0.364436619718,0.00897887323944,1.99330985915,0.00485915492958,Class 2
0.744061446142,0.320070422535,6.96425165078,1.02904929577,0.967992957746,1.0,3.96881460831,0.21459931987,0.22521318118,0.170350686868,0.0666982572669,0.643460727096,1.0,1.0,0.973327464789,0.380809859155,0.855281690141,3.73802816901,18.6094190141,101.326232394,0.106690140845,0.00580985915493,0.982394366197,0.00142253521127,Class 2
0.769406119817,0.253521126761,6.17320225236,0.93661971831,0.974647887324,1.0,3.64704757548,0.196262448994,0.204646341349,0.173812239635,0.0557281057304,0.684742726161,1.0,1.0,0.978873239437,0.344366197183,0.871126760563,3.44014084507,17.085915493,93.3054577465,0.0845070422535,0.00528169014085,0.906338028169,0.00112676056338,Class 2
0.705876314223,0.595774647887,6.54457448502,1.08186619718,0.940422535211,1.0,3.89958598624,0.244844946341,0.264731594512,0.156592441976,0.105832899909,0.457454952169,1.0,1.0,0.950352112676,0.402464788732,0.832746478873,3.67887323944,17.7434859155,95.1107394366,0.198591549296,0.00528169014085,0.909507042254,0.00264788732394,Class 2
0.692656466971,0.595774647887,7.36954021544,1.15845070423,0.940422535211,1.0,4.19225980384,0.253033571693,0.272856667234,0.156592441976,0.105832899909,0.476800427275,1.0,1.0,0.950352112676,0.429929577465,0.823591549296,3.95352112676,19.2677816901,103.4875,0.198591549296,0.00845070422535,0.991901408451,0.00264788732394,Class 2
0.756311247768,0.380281690141,5.70953390996,0.933978873239,0.961971830986,1.0,3.5077036942,0.209208329075,0.221887097271,0.16726591946,0.0760193370545,0.571077077495,1.0,1.0,0.968309859155,0.344366197183,0.864084507042,3.31338028169,16.1352112676,87.4110915493,0.12676056338,0.00422535211268,0.842957746479,0.00169014084507,Class 2
0.552662418171,0.624295774648,21.2049269595,2.01672535211,0.937570422535,1.0,7.74329967117,0.332113717167,0.352907610877,0.155222736064,0.109440646839,0.579352697582,1.0,1.0,0.947975352113,0.773767605634,0.707394366197,7.36338028169,38.1368838028,207.031866197,0.208098591549,0.00792253521127,2.00915492958,0.00277464788732,Class 2
0.461646994644,1.39436619718,21.064748836,2.20686619718,0.860563380282,1.0,7.67486524286,0.391766438708,0.438398632704,0.122036798254,0.187252791539,0.310997504063,1.0,1.0,0.883802816901,0.854577464789,0.637676056338,7.4014084507,36.8463028169,195.870598592,0.464788732394,0.00316901408451,1.86654929577,0.00619718309859,Class 2
0.601332820869,0.361267605634,19.2577438371,1.84507042254,0.963873239437,1.0,7.37185086278,0.295131383214,0.30711822105,0.168235221186,0.0731315005267,0.707810275744,1.0,1.0,0.969894366197,0.706690140845,0.744366197183,6.95563380282,36.3867957746,198.804049296,0.120422535211,0.00633802816901,1.93943661972,0.00160563380282,Class 2
0.955612229716,0.152112676056,-0.0653299526546,0.170774647887,0.984788732394,1.0,0.34882556329,0.0522979439113,0.0573794012876,0.179192124578,0.0372284051366,0.219454465997,1.0,1.0,0.987323943662,0.0422535211268,0.977464788732,0.520422535211,1.07922535211,5.87658450704,0.0507042253521,0.00105633802817,0.0507042253521,0.000676056338028,Class 2
0.666606080143,0.446830985915,10.967832672,1.38028169014,0.955316901408,1.0,5.30417642549,0.264455653144,0.27927891415,0.163908512696,0.085763241349,0.609583620505,1.0,1.0,0.962764084507,0.519190140845,0.802112676056,4.99507042254,25.3388204225,137.637852113,0.148943661972,0.00792253521127,1.33415492958,0.00198591549296,Class 2
0.652575133902,0.244014084507,15.1386307212,1.58362676056,0.975598591549,1.0,6.4264825719,0.261083369793,0.269124534601,0.174311210573,0.0540946883349,0.768708387486,1.0,1.0,0.979665492958,0.60264084507,0.785563380282,6.0323943662,31.4914612676,172.521302817,0.081338028169,0.00580985915493,1.68591549296,0.00108450704225,Class 2
0.815658103551,0.430985915493,2.59800282087,0.632922535211,0.956901408451,1.0,2.14495104644,0.169934004326,0.184329279184,0.164702935925,0.083491799936,0.410730877861,1.0,1.0,0.964084507042,0.225,0.901056338028,2.06901408451,9.1301056338,48.6466549296,0.143661971831,0.00316901408451,0.459507042254,0.00191549295775,Class 2
0.554335449316,0.532394366197,22.8978268419,2.06426056338,0.94676056338,1.0,8.08880138504,0.327665821888,0.345444091332,0.159672188058,0.0975581414932,0.627113892414,1.0,1.0,0.955633802817,0.796478873239,0.704929577465,7.6823943662,40.0866197183,218.23221831,0.177464788732,0.00422535211268,2.12323943662,0.0023661971831,Class 2
0.682263191827,0.247183098592,12.2427137121,1.4014084507,0.975281690141,1.0,5.65557090244,0.245598103146,0.253767532042,0.174144762944,0.0546411684738,0.751625635169,1.0,1.0,0.979401408451,0.530281690141,0.809507042254,5.30563380282,27.4517605634,150.304401408,0.0823943661972,0.00528169014085,1.46725352113,0.0010985915493,Class 2
0.829476542353,0.342253521127,2.70119973099,0.614436619718,0.965774647887,1.0,2.14362291774,0.159494352596,0.170896620817,0.169208986312,0.0701933314701,0.488838427241,1.0,1.0,0.971478873239,0.216549295775,0.908802816901,2.07323943662,9.32658450704,50.1952464789,0.114084507042,0.00422535211268,0.478521126761,0.00152112676056,Class 2
0.687041261654,0.348591549296,10.5382418859,1.31954225352,0.96514084507,1.0,5.16528028191,0.248837413956,0.260360417908,0.168883902004,0.07117847322,0.668004684466,1.0,1.0,0.970950704225,0.495422535211,0.815492957746,4.85563380282,24.7565140845,134.956866197,0.116197183099,0.00739436619718,1.31197183099,0.00154929577465,Class 2
0.575764977187,0.465845070423,20.8751086994,1.9639084507,0.953415492958,1.0,7.69704750953,0.313738064896,0.329131250884,0.162959296271,0.0884513865452,0.656991783657,1.0,1.0,0.961179577465,0.750528169014,0.723943661972,7.28943661972,38.0354753521,207.311795775,0.155281690141,0.0100352112676,2.01866197183,0.00207042253521,Class 2
0.646693860345,0.383450704225,13.6266172904,1.5360915493,0.961654929577,1.0,6.03488990698,0.272631561292,0.285314590396,0.167104803114,0.0764959227095,0.669069515319,1.0,1.0,0.968045774648,0.581514084507,0.78485915493,5.68169014085,29.2731514085,159.593838028,0.127816901408,0.00792253521127,1.55281690141,0.00170422535211,Class 2
0.666567893275,0.41514084507,11.374597534,1.38820422535,0.958485915493,1.0,5.41873136792,0.263217686023,0.277074611276,0.165500458738,0.0811908279464,0.629204350899,1.0,1.0,0.965404929577,0.526584507042,0.801408450704,5.10070422535,25.9868838028,141.366725352,0.13838028169,0.00369718309859,1.37218309859,0.00184507042254,Class 2
0.567544386035,0.367605633803,24.3873215245,2.0985915493,0.96323943662,1.0,8.4058832285,0.312450681452,0.324616765814,0.167911624678,0.0740995808998,0.719326463951,1.0,1.0,0.969366197183,0.807042253521,0.710563380282,7.95281690141,41.9088028169,229.116725352,0.122535211268,0.00739436619718,2.23732394366,0.0016338028169,Class 2
0.800051825035,0.291549295775,4.32325765126,0.788732394366,0.970845070423,1.0,2.88763970178,0.178548299802,0.187893803953,0.171827514382,0.0620907169045,0.618600863233,1.0,1.0,0.975704225352,0.278873239437,0.890845070423,2.74718309859,13.1658450704,71.5617957746,0.0971830985915,0.0116197183099,0.690845070423,0.00129577464789,Class 2
0.550346161476,0.57676056338,22.5953269282,2.06426056338,0.942323943662,1.0,8.02338077249,0.331536152238,0.3507854788,0.1575111585,0.103388720176,0.605314720236,1.0,1.0,0.951936619718,0.795422535211,0.702816901408,7.62746478873,39.6952464789,215.847007042,0.192253521127,0.00528169014085,2.09788732394,0.00256338028169,Class 2
0.610351368776,0.301056338028,19.184452036,1.83450704225,0.969894366197,1.0,7.36487556251,0.28675832113,0.296535468686,0.171334122694,0.0636414069765,0.747461827107,1.0,1.0,0.974911971831,0.698767605634,0.750352112676,6.93661971831,36.3986795775,199.1875,0.100352112676,0.0100352112676,1.94577464789,0.00133802816901,Class 2
0.727706060305,0.142605633803,9.95210615414,1.22183098592,0.98573943662,1.0,4.96094216601,0.212738956349,0.216875752206,0.179702997917,0.035349421638,0.835792861261,1.0,1.0,0.988116197183,0.453697183099,0.840845070423,4.64436619718,23.9856514085,131.808978873,0.0475352112676,0.0100352112676,1.28978873239,0.000633802816901,Class 2
0.674056486808,0.142605633803,14.5110761096,1.52552816901,0.98573943662,1.0,6.27410004215,0.241370922642,0.245637316343,0.179702997917,0.035349421638,0.851289472252,1.0,1.0,0.988116197183,0.576232394366,0.8,5.86971830986,30.7863556338,169.18221831,0.0475352112676,0.00897887323944,1.6573943662,0.000633802816901,Class 2
0.599850972029,0.522887323944,16.5523571403,1.74735915493,0.947711267606,1.0,6.75250435969,0.303706351361,0.321091361992,0.160138427395,0.0962845445185,0.607279283493,1.0,1.0,0.956426056338,0.666021126761,0.748943661972,6.38732394366,32.9175176056,178.884683099,0.174295774648,0.00792253521127,1.73661971831,0.00232394366197,Class 2
0.698993503273,0.263028169014,10.6562065386,1.31161971831,0.973697183099,1.0,5.19189160958,0.237522989832,0.245909995216,0.173314384547,0.0573438168707,0.735648081948,1.0,1.0,0.978080985915,0.488556338028,0.822535211268,4.87253521127,25.017165493,136.841373239,0.087676056338,0.0110915492958,1.33415492958,0.00116901408451,Class 2
0.612685231105,0.202816901408,20.8011739392,1.8926056338,0.979718309859,1.0,7.72990478012,0.278010425447,0.284308224447,0.17648631224,0.0467944160174,0.819233984452,1.0,1.0,0.983098591549,0.721478873239,0.74823943662,7.26197183099,38.3959507042,210.682570423,0.0676056338028,0.0105633802817,2.06302816901,0.000901408450704,Class 2
0.642442719698,0.535563380282,11.9091649401,1.45950704225,0.946443661972,1.0,5.58075337245,0.280983792289,0.298875021656,0.159517022912,0.0979807316017,0.565259163807,1.0,1.0,0.95536971831,0.555105633803,0.785211267606,5.26549295775,26.6666373239,144.466021127,0.178521126761,0.00369718309859,1.39753521127,0.00238028169014,Class 2
0.568996478873,0.532394366197,20.5469060788,1.95070422535,0.94676056338,1.0,7.62089876011,0.320182237521,0.337960506965,0.159672188058,0.0975581414932,0.618794440291,1.0,1.0,0.955633802817,0.751056338028,0.720070422535,7.22816901408,37.5656690141,204.37834507,0.177464788732,0.00422535211268,1.98697183099,0.0023661971831,Class 2
0.76350773656,0.373943661972,5.38999043549,0.907570422535,0.962605633803,1.0,3.37683155131,0.204504567278,0.216918682627,0.167588524102,0.0750621633347,0.570593394857,1.0,1.0,0.968838028169,0.331690140845,0.868661971831,3.19295774648,15.4792253521,83.8396126761,0.124647887324,0.00633802816901,0.808098591549,0.00166197183099,Class 2
0.629973467566,0.402464788732,15.0630473085,1.62588028169,0.959753521127,1.0,6.40030382252,0.282489282172,0.295848909985,0.166140708689,0.0793280713722,0.665192554559,1.0,1.0,0.966461267606,0.618485915493,0.771478873239,6.0323943662,31.1824823944,169.986091549,0.134154929577,0.0068661971831,1.65422535211,0.00178873239437,Class 2
0.71675089268,0.326408450704,8.62279326093,1.1610915493,0.96735915493,1.0,4.55329699423,0.230926274306,0.241807509105,0.170023866792,0.0677044827737,0.659787799891,1.0,1.0,0.972799295775,0.43573943662,0.83661971831,4.28098591549,21.6104753521,117.785035211,0.108802816901,0.00369718309859,1.14401408451,0.00145070422535,Class 2
0.532354939496,0.389788732394,31.056194124,2.37852112676,0.961021126761,1.0,9.58198327558,0.330977564081,0.343999585801,0.166782942373,0.0774451441708,0.717942189629,1.0,1.0,0.967517605634,0.923767605634,0.670422535211,9.09788732394,48.2206866197,263.686443662,0.129929577465,0.00264084507042,2.5764084507,0.0017323943662,Class 2
0.536544584408,0.624295774648,23.947226369,2.14084507042,0.937570422535,1.0,8.273924179,0.340381337573,0.361215656253,0.155222736064,0.109440646839,0.588162021447,1.0,1.0,0.947975352113,0.825528169014,0.69014084507,7.88098591549,41.0095950704,222.818838028,0.208098591549,0.00580985915493,2.16443661972,0.00277464788732,Class 2
0.842616792303,0.389788732394,1.88483586022,0.537852112676,0.961021126761,1.0,1.74622019229,0.149788501544,0.162775671329,0.166782942373,0.0774451441708,0.390741093311,1.0,1.0,0.967517605634,0.185387323944,0.916549295775,1.71408450704,7.24058098592,38.4804577465,0.129929577465,0.00475352112676,0.361267605634,0.0017323943662,Class 2
0.753763886134,0.529225352113,4.54068080715,0.867957746479,0.947077464789,1.0,3.08986045146,0.213369492789,0.231066783669,0.159827477187,0.0971345839069,0.436175051921,1.0,1.0,0.955897887324,0.320598591549,0.863732394366,2.92676056338,13.6990316901,73.2360915493,0.176408450704,0.00158450704225,0.697183098592,0.00235211267606,Class 2
0.801260662567,0.285211267606,4.31897203561,0.770246478873,0.971478873239,1.0,2.88282419288,0.177531215659,0.18698576706,0.172157062091,0.0610483633278,0.612380445239,1.0,1.0,0.976232394366,0.277816901408,0.891549295775,2.74295774648,13.1547535211,71.5343309859,0.0950704225352,0.00528169014085,0.690845070423,0.0012676056338,Class 2
0.674951646499,0.225,13.2115463922,1.47535211268,0.9775,1.0,5.92395193369,0.247940878212,0.254886537942,0.1753125,0.0507719994771,0.781628481664,1.0,1.0,0.98125,0.552992957746,0.803169014085,5.55492957746,28.8786091549,158.262852113,0.075,0.0121478873239,1.54647887324,0.001,Class 2
0.800768696687,0.114084507042,5.81234504313,0.860035211268,0.988591549296,1.0,3.45604171933,0.168100742919,0.171604843368,0.181242313033,0.0295167808605,0.829102948645,1.0,1.0,0.990492957746,0.312676056338,0.889436619718,3.26267605634,16.3728873239,90.1237676056,0.0380281690141,0.00633802816901,0.880985915493,0.000507042253521,Class 2
0.521855534616,0.662323943662,25.8454782598,2.24383802817,0.933767605634,1.0,8.61604906412,0.349210231308,0.371257650784,0.153412083416,0.114146324163,0.578322405265,1.0,1.0,0.944806338028,0.863556338028,0.675352112676,8.22323943662,42.8349471831,232.649119718,0.220774647887,0.00897887323944,2.25950704225,0.00294366197183,Class 2
0.639877504463,0.335915492958,15.0420726437,1.60475352113,0.966408450704,1.0,6.39729749789,0.27370763851,0.284839171505,0.169534566554,0.0692023017753,0.705876858318,1.0,1.0,0.972007042254,0.610563380282,0.777816901408,6.01971830986,31.2419014085,170.664260563,0.111971830986,0.00633802816901,1.66373239437,0.00149295774648,Class 2
0.55938355485,0.532394366197,22.0617399287,2.04841549296,0.94676056338,1.0,7.92571434729,0.325120520498,0.342619026958,0.159672188058,0.0975581414932,0.628979424319,1.0,1.0,0.955633802817,0.780633802817,0.710211267606,7.52394366197,39.2072183099,213.399471831,0.177464788732,0.0137323943662,2.07570422535,0.0023661971831,Class 2
0.670403441777,0.478521126761,10.2670566061,1.33538732394,0.952147887324,1.0,5.10065067733,0.263416302547,0.279360446812,0.162328964987,0.0902214434908,0.581930814046,1.0,1.0,0.960123239437,0.503345070423,0.805633802817,4.80492957746,24.2217429577,131.331514085,0.159507042254,0.00580985915493,1.27077464789,0.00212676056338,Class 2
0.632927246578,0.643309859155,11.3495696653,1.45422535211,0.935669014085,1.0,5.43666097764,0.289125958642,0.31062478395,0.15431517804,0.111808090765,0.50528360845,1.0,1.0,0.94639084507,0.552992957746,0.779929577465,5.13661971831,25.7412852113,138.811443662,0.214436619718,0.00369718309859,1.33732394366,0.00285915492958,Class 2
0.639898085697,0.671830985915,10.3922671979,1.4014084507,0.932816901408,1.0,5.16723326785,0.285657801732,0.308092975365,0.152962209879,0.115304730565,0.481878333258,1.0,1.0,0.944014084507,0.530281690141,0.785915492958,4.88098591549,24.2669014085,130.558274648,0.223943661972,0.00528169014085,1.25492957746,0.00298591549296,Class 2
0.747795824241,0.440492957746,5.61865510022,0.947183098592,0.955950704225,1.0,3.49391584792,0.21604601402,0.230734937187,0.164225910038,0.0848581431718,0.527370339522,1.0,1.0,0.963292253521,0.34911971831,0.859154929577,3.30070422535,15.9474471831,86.0610915493,0.146830985915,0.00475352112676,0.827112676056,0.00195774647887,Class 2
0.758283078754,0.583098591549,3.88338020605,0.817781690141,0.941690140845,1.0,2.83227006099,0.210391864455,0.229895216287,0.157204423725,0.104206989624,0.379336729678,1.0,1.0,0.951408450704,0.302112676056,0.866901408451,2.68802816901,12.2690140845,65.0927816901,0.194366197183,0.0,0.614788732394,0.00259154929577,Class 3
0.694403640151,0.719366197183,6.05183927177,1.07394366197,0.928063380282,1.0,3.76134812389,0.252795141942,0.276847920881,0.150729579944,0.120993288216,0.383161795411,1.0,1.0,0.940052816901,0.401936619718,0.826056338028,3.55,16.7872359155,89.2026408451,0.239788732394,0.00264084507042,0.846126760563,0.00319718309859,Class 3
0.554746330093,0.861971830986,16.4959126109,1.82394366197,0.913802816901,1.0,6.73460441473,0.336835059848,0.36566160386,0.144199067645,0.13710610353,0.453664288828,1.0,1.0,0.928169014085,0.702464788732,0.717957746479,6.41267605634,32.3970070423,174.232570423,0.287323943662,0.00211267605634,1.6764084507,0.00383098591549,Class 3
0.703916881571,0.557746478873,7.0374785772,1.09242957746,0.944225352113,1.0,4.06485436598,0.245545056258,0.264193484736,0.158434338425,0.100912215771,0.485916736136,1.0,1.0,0.953521126761,0.414084507042,0.830985915493,3.83309859155,18.6735915493,100.42306338,0.185915492958,-0.00211267605634,0.96338028169,0.00247887323944,Class 3
0.697465036699,0.643309859155,6.59361603364,1.08714788732,0.935669014085,1.0,3.93281560145,0.250556623006,0.272073531254,0.15431517804,0.111808090765,0.430652078166,1.0,1.0,0.94639084507,0.410387323944,0.827464788732,3.71056338028,17.8266725352,95.3167253521,0.214436619718,-0.000528169014085,0.909507042254,0.00285915492958,Class 3
0.70012075977,0.636971830986,6.49369832931,1.0713028169,0.936302816901,1.0,3.89461775139,0.248838265183,0.270134046161,0.154617201448,0.111022227958,0.433030170934,1.0,1.0,0.946919014085,0.406161971831,0.829225352113,3.67464788732,17.6397007042,94.3227112676,0.212323943662,-0.00264084507042,0.9,0.00283098591549,Class 3
0.69588028169,0.583098591549,7.29018410279,1.11883802817,0.941690140845,1.0,4.16110500634,0.250867658091,0.270356047647,0.157204423725,0.104206989624,0.477923482448,1.0,1.0,0.951408450704,0.425704225352,0.825704225352,3.92394366197,19.1283450704,102.788204225,0.194366197183,-0.00316901408451,0.985563380282,0.00259154929577,Class 3
0.623359700456,0.608450704225,12.7017286855,1.52816901408,0.939154929577,1.0,5.80140718106,0.293697569421,0.314042520919,0.15598244396,0.107444872095,0.534303252673,1.0,1.0,0.949295774648,0.584154929577,0.771478873239,5.48309859155,27.7322183099,149.936795775,0.202816901408,0.00211267605634,1.44823943662,0.00270422535211,Class 3
0.566929180718,0.798591549296,16.0058784978,1.76320422535,0.92014084507,1.0,6.62275577316,0.329080250559,0.3557719411,0.147070521722,0.130112539975,0.476157427736,1.0,1.0,0.933450704225,0.684507042254,0.727464788732,6.29647887324,31.8757042254,171.702640845,0.266197183099,-0.00422535211268,1.65422535211,0.00354929577465,Class 3
0.459806090061,1.01408450704,30.6597229377,2.52904929577,0.898591549296,1.0,9.38329005957,0.389966442103,0.423861417121,0.137509918667,0.152903778134,0.456914266521,1.0,1.0,0.915492957746,0.981338028169,0.616549295775,9.04929577465,46.7336267606,252.215669014,0.338028169014,0.00528169014085,2.43697183099,0.00450704225352,Class 3
0.475627355683,0.842957746479,31.5672539206,2.49735915493,0.915704225352,1.0,9.55859665416,0.378116018409,0.406292682147,0.145055296568,0.135034923176,0.519048801813,1.0,1.0,0.929753521127,0.978169014085,0.627112676056,9.18873239437,47.8411971831,259.206514085,0.280985915493,-0.00422535211268,2.51302816901,0.00374647887324,Class 3
0.689868329696,0.507042253521,8.49157565759,1.19542253521,0.949295774648,1.0,4.54804948719,0.252958372181,0.269915897,0.160917972624,0.0941421269407,0.538901313068,1.0,1.0,0.957746478873,0.454225352113,0.820422535211,4.28521126761,21.2816901408,115.023767606,0.169014084507,-0.00105633802817,1.10915492958,0.00225352112676,Class 3
0.761294386035,0.500704225352,4.41270568297,0.844190140845,0.949929577465,1.0,3.02260618637,0.208147654772,0.224893162438,0.161230658599,0.0932781110655,0.448337302963,1.0,1.0,0.958274647887,0.31161971831,0.868309859155,2.86549295775,13.4146126761,71.8237676056,0.166901408451,0.00105633802817,0.684507042254,0.00222535211268,Class 3
0.469021275541,0.675,39.5704753404,2.76936619718,0.9325,1.0,10.8481051181,0.375835143838,0.398409162689,0.1528125,0.115689302462,0.598089333896,1.0,1.0,0.94375,1.08433098592,0.601056338028,10.4183098592,54.9928697183,299.395950704,0.225,-0.00158450704225,2.91549295775,0.003,Class 3
0.521294138068,0.602112676056,27.5117220117,2.29929577465,0.939788732394,1.0,8.92274940214,0.347217041251,0.367253229652,0.156287195001,0.106640611134,0.609133130092,1.0,1.0,0.949823943662,0.886267605634,0.671126760563,8.51056338028,44.5470070423,242.375880282,0.200704225352,0.00845070422535,2.35774647887,0.00267605633803,Class 3
0.523878446737,0.972887323944,18.8374523482,1.97447183099,0.902711267606,1.0,7.23833570556,0.355289221343,0.387829890832,0.139293356973,0.148755165043,0.426546417854,1.0,1.0,0.918926056338,0.76426056338,0.691197183099,6.91971830986,34.994806338,187.922711268,0.324295774648,0.000528169014085,1.80633802817,0.00432394366197,Class 3
0.577683743305,0.751056338028,15.4707884781,1.73679577465,0.924894366197,1.0,6.49783921562,0.322258021639,0.34737112074,0.149256657905,0.124693474697,0.491513666217,1.0,1.0,0.937411971831,0.667077464789,0.735915492958,6.16971830986,31.2648767606,168.597007042,0.250352112676,0.00264084507042,1.62570422535,0.00333802816901,Class 3
0.481764778814,0.953873239437,26.953226569,2.34419014085,0.904612676056,1.0,8.76821644202,0.377475461903,0.409380147563,0.140123549395,0.146808793324,0.46624592444,1.0,1.0,0.92051056338,0.913204225352,0.642605633803,8.42816901408,43.4037852113,234.234683099,0.317957746479,-0.000528169014085,2.26267605634,0.00423943661972,Class 3
0.871683693712,0.310563380282,1.41812708311,0.4375,0.968943661972,1.0,1.4292693401,0.127278488933,0.137666143713,0.170841846856,0.0651771060466,0.403205693519,1.0,1.0,0.97411971831,0.15,0.932746478873,1.43943661972,5.87077464789,31.3713028169,0.103521126761,0.0,0.294718309859,0.00138028169014,Class 3
0.663833812736,0.694014084507,8.29245858112,1.23503521127,0.930598591549,1.0,4.52699303666,0.271758329776,0.294962829212,0.151916844376,0.11798055024,0.44026038346,1.0,1.0,0.942165492958,0.471654929577,0.804225352113,4.27253521127,20.8467429577,111.645598592,0.231338028169,-0.00264084507042,1.06795774648,0.00308450704225,Class 3
0.877552816901,0.269366197183,1.49192577744,0.426936619718,0.973063380282,1.0,1.44170276671,0.122619539086,0.131621142182,0.172983101071,0.0584114296709,0.456684809322,1.0,1.0,0.977552816901,0.14735915493,0.935915492958,1.45422535211,6.03318661972,32.4815140845,0.0897887323944,-0.00158450704225,0.307394366197,0.00119718309859,Class 3
0.590327068042,0.770070422535,13.7574999006,1.62852112676,0.922992957746,1.0,6.08402328236,0.315594362564,0.341343639718,0.148378855882,0.126879615515,0.470553204803,1.0,1.0,0.935827464789,0.629049295775,0.747535211268,5.77042253521,29.0117077465,156.114260563,0.256690140845,-0.00264084507042,1.50211267606,0.00342253521127,Class 3
0.5887440488,0.662323943662,15.5843157446,1.71830985915,0.933767605634,1.0,6.52359781357,0.314153912934,0.336298029859,0.153412083416,0.114146324163,0.531123839244,1.0,1.0,0.944806338028,0.659683098592,0.743309859155,6.18450704225,31.5199823944,170.46778169,0.220774647887,0.00264084507042,1.64788732394,0.00294366197183,Class 3
0.507846905376,0.605281690141,30.4973723918,2.40757042254,0.939471830986,1.0,9.43130890503,0.354014854084,0.374256578268,0.156134757489,0.107043170796,0.61228854965,1.0,1.0,0.949559859155,0.936443661972,0.654225352113,9.00915492958,47.3080105634,257.53221831,0.20176056338,0.00158450704225,2.50669014085,0.00269014084507,Class 3
0.584797411228,0.64014084507,16.4205390641,1.74471830986,0.935985915493,1.0,6.71853274943,0.315673470453,0.337071130285,0.154466127752,0.111415566864,0.546799265662,1.0,1.0,0.946654929577,0.676056338028,0.739084507042,6.37042253521,32.5950704225,176.493133803,0.21338028169,-0.00316901408451,1.70809859155,0.00284507042254,Class 3
0.629221136679,0.649647887324,11.5988889417,1.46478873239,0.935035211268,1.0,5.50677972703,0.291367909082,0.313096813959,0.154013650565,0.112590708347,0.503142079372,1.0,1.0,0.945862676056,0.560387323944,0.777112676056,5.20422535211,26.1041373239,140.772007042,0.216549295775,0.000528169014085,1.35633802817,0.00288732394366,Class 3
0.688085945249,0.694014084507,6.67785899668,1.11883802817,0.930598591549,1.0,3.97938818293,0.256766444543,0.279970943979,0.151916844376,0.11798055024,0.409463267337,1.0,1.0,0.942165492958,0.419894366197,0.821478873239,3.75492957746,17.9740316901,95.8586267606,0.231338028169,0.00264084507042,0.912676056338,0.00308450704225,Class 3
0.594329250149,0.675,14.7467466468,1.68133802817,0.9325,1.0,6.32328287525,0.311429943093,0.333963738248,0.1528125,0.115689302462,0.521096401135,1.0,1.0,0.94375,0.641725352113,0.748591549296,5.99225352113,30.4282570423,164.401232394,0.225,0.00580985915493,1.58767605634,0.003,Class 3
0.730062239635,0.516549295775,5.89180919855,0.986795774648,0.948345070423,1.0,3.62839264732,0.228610045852,0.245887002575,0.160449873537,0.0954305692072,0.482485923604,1.0,1.0,0.956954225352,0.369190140845,0.84823943662,3.42535211268,16.4909330986,88.6459507042,0.172183098592,0.000528169014085,0.849295774648,0.00229577464789,Class 3
0.556848591549,0.763732394366,17.9103242411,1.86091549296,0.923626760563,1.0,7.04762706183,0.333855705983,0.359392924888,0.148670960623,0.126153682412,0.50135167018,1.0,1.0,0.936355633803,0.722007042254,0.716901408451,6.70633802817,34.2183978873,184.761091549,0.254577464789,-0.00264084507042,1.78415492958,0.00339436619718,Class 3
0.741363816703,0.51338028169,5.30801219408,0.93926056338,0.948661971831,1.0,3.39832993569,0.221350490031,0.238504924298,0.160605782583,0.0950020914618,0.471194588326,1.0,1.0,0.957218309859,0.347535211268,0.855633802817,3.21197183099,15.3128521127,82.188556338,0.171126760563,0.00316901408451,0.785915492958,0.00228169014085,Class 3
0.702274598294,0.763732394366,5.19732785146,1.0,0.923626760563,1.0,3.45536546849,0.247484335404,0.273021554309,0.148670960623,0.126153682412,0.34051727001,1.0,1.0,0.936355633803,0.37764084507,0.831690140845,3.26267605634,15.1060739437,79.7294014085,0.254577464789,-0.00264084507042,0.751056338028,0.00339436619718,Class 3
0.687940140845,0.636971830986,7.25472686854,1.15052816901,0.936302816901,1.0,4.16433841593,0.256432048568,0.27771869717,0.154617201448,0.111022227958,0.449773260305,1.0,1.0,0.946919014085,0.431514084507,0.820774647887,3.92816901408,19.0467429577,102.055105634,0.212323943662,0.00369718309859,0.976056338028,0.00283098591549,Class 3
0.423909690538,1.05528169014,41.1825593402,2.93045774648,0.894471830986,1.0,11.0176589519,0.40904443252,0.444339192954,0.135747433545,0.156961352374,0.462736519179,1.0,1.0,0.912059859155,1.14876760563,0.558450704225,10.6823943662,55.7169894366,301.366021127,0.35176056338,-0.00158450704225,2.91866197183,0.00469014084507,Class 3
0.538217863519,0.364436619718,30.4345028142,2.34683098592,0.963556338028,1.0,9.48529461524,0.326528095523,0.338701063374,0.16807336094,0.0736162336526,0.730615928191,1.0,1.0,0.96963028169,0.911091549296,0.676056338028,8.99647887324,47.707306338,260.999119718,0.121478873239,0.00264084507042,2.55105633803,0.00161971830986,Class 3
0.528897292204,0.459507042254,29.7892446311,2.33362676056,0.954049295775,1.0,9.34855322753,0.336731594903,0.352096337968,0.163275205812,0.0875598033612,0.679368887863,1.0,1.0,0.961707746479,0.910035211268,0.671126760563,8.89084507042,46.9356514085,256.256161972,0.153169014085,-0.00158450704225,2.50035211268,0.00204225352113,Class 3
0.393027921047,1.09647887324,62.5790641323,3.84154929577,0.890352112676,1.0,14.6088568829,0.425280195488,0.461940832444,0.134005901607,0.160930989926,0.465439411334,1.0,1.0,0.908626760563,1.5073943662,0.441549295775,14.2274647887,75.3117957746,408.831514085,0.365492957746,0.00422535211268,3.97394366197,0.00487323943662,Class 3
0.643139258084,0.690845070423,9.89697911177,1.36707746479,0.930915492958,1.0,5.02446079894,0.28406225508,0.307156859076,0.152065810355,0.117600585875,0.465601250598,1.0,1.0,0.942429577465,0.518661971831,0.788732394366,4.74577464789,23.4794014085,126.130105634,0.230281690141,0.00316901408451,1.21056338028,0.00307042253521,Class 3
0.543040815314,0.579929577465,23.7962438678,2.11971830986,0.942007042254,1.0,8.25262052257,0.335377086228,0.354740584845,0.157357729121,0.103798301495,0.607555069068,1.0,1.0,0.951672535211,0.818133802817,0.695070422535,7.8514084507,40.9319542254,222.626584507,0.193309859155,0.00475352112676,2.16443661972,0.00257746478873,Class 3
0.589575729022,0.570422535211,17.0082706681,1.7764084507,0.942957746479,1.0,6.85498748619,0.310896745888,0.32994891697,0.157818389208,0.10256685964,0.583823319205,1.0,1.0,0.952464788732,0.681338028169,0.741197183099,6.49295774648,33.4110915493,181.345950704,0.19014084507,0.00422535211268,1.7588028169,0.00253521126761,Class 3
0.53276755604,0.465845070423,28.7360301246,2.30985915493,0.953415492958,1.0,9.16664277866,0.335187258369,0.350705744964,0.162959296271,0.0884513865452,0.675641169445,1.0,1.0,0.961179577465,0.893133802817,0.676408450704,8.71549295775,45.9500880282,250.806514085,0.155281690141,0.00580985915493,2.44647887324,0.00207042253521,Class 3
0.54851294386,0.795422535211,18.500952993,1.90580985915,0.920457746479,1.0,7.17313993436,0.339024816642,0.365629627832,0.147215396251,0.129756022206,0.490978399538,1.0,1.0,0.933714788732,0.737852112676,0.70985915493,6.83309859155,34.8601232394,188.120246479,0.26514084507,-0.000528169014085,1.81584507042,0.00353521126761,Class 3
0.55263563777,0.770070422535,18.3804594463,1.88996478873,0.922992957746,1.0,7.14850720356,0.336260757743,0.362015069803,0.148378855882,0.126879615515,0.500935690431,1.0,1.0,0.935827464789,0.732570422535,0.713028169014,6.80563380282,34.7571302817,187.688204225,0.256690140845,-0.00158450704225,1.81267605634,0.00342253521127,Class 3
0.758727187066,0.225,7.0448744509,0.994718309859,0.9775,1.0,3.97238699983,0.201111105323,0.208627160178,0.1753125,0.0507719994771,0.71878968301,1.0,1.0,0.98125,0.371302816901,0.863732394366,3.73802816901,18.794806338,102.847359155,0.075,0.00158450704225,1.0014084507,0.001,Class 3
0.775671741718,0.301056338028,5.41292629162,0.87588028169,0.969894366197,1.0,3.35826618414,0.19447069758,0.204520232497,0.171334122694,0.0636414069765,0.624015348845,1.0,1.0,0.974911971831,0.322711267606,0.875704225352,3.17605633803,15.5275528169,84.4903169014,0.100352112676,0.00264084507042,0.817605633803,0.00133802816901,Class 3
0.637549841301,0.716197183099,10.0485137389,1.38556338028,0.92838028169,1.0,5.07387106735,0.287695723586,0.311638746519,0.150877554057,0.1206192901,0.456002179588,1.0,1.0,0.940316901408,0.526056338028,0.78485915493,4.79436619718,23.6996478873,127.206514085,0.238732394366,0.00316901408451,1.22007042254,0.00318309859155,Class 3
0.59112254513,0.80176056338,13.2166751569,1.62059859155,0.919823943662,1.0,5.9501743138,0.315635401507,0.34243769987,0.146925771176,0.130468391826,0.453278755379,1.0,1.0,0.933186619718,0.619542253521,0.748943661972,5.64366197183,28.2463908451,151.741021127,0.267253521127,0.00369718309859,1.45774647887,0.00356338028169,Class 3
0.619373388217,0.70985915493,11.7082679594,1.4911971831,0.929014084507,1.0,5.54385374959,0.298129248396,0.321871093942,0.151173874231,0.119869085457,0.476867683851,1.0,1.0,0.940845070423,0.570422535211,0.770422535211,5.24436619718,26.2095070423,141.032922535,0.23661971831,0.00105633802817,1.35633802817,0.00315492957746,Class 3
0.709872297163,0.605281690141,6.21617806496,1.0448943662,0.939471830986,1.0,3.78210902042,0.242420518715,0.26266544557,0.156134757489,0.107043170796,0.441283141324,1.0,1.0,0.949559859155,0.392429577465,0.835563380282,3.56901408451,17.1152288732,91.6079225352,0.20176056338,0.000528169014085,0.874647887324,0.00269014084507,Class 3
0.602949067645,0.659154929577,14.0452049717,1.62323943662,0.934084507042,1.0,6.14995013288,0.306297292664,0.328343089539,0.153562289228,0.113758613695,0.52082447789,1.0,1.0,0.945070422535,0.62323943662,0.755633802817,5.82323943662,29.5211267606,159.499823944,0.219718309859,0.00105633802817,1.54014084507,0.00292957746479,Class 3
0.771697827812,0.472183098592,4.15453648361,0.804577464789,0.952781690141,1.0,2.89750176694,0.200935534131,0.216728496096,0.162643882662,0.0893385813584,0.456236063817,1.0,1.0,0.960651408451,0.29735915493,0.874647887324,2.7514084507,12.8370598592,68.800528169,0.157394366197,-0.000528169014085,0.655985915493,0.0020985915493,Class 4
0.894495635787,0.101408450704,2.03544663208,0.426936619718,0.98985915493,1.0,1.63439009528,0.104984602121,0.108289960328,0.181929676651,0.0268169788443,0.749091909924,1.0,1.0,0.991549295775,0.148943661972,0.944718309859,1.63802816901,7.38080985915,40.7748239437,0.0338028169014,-0.00316901408451,0.396126760563,0.000450704225352,Class 4
0.781274548701,0.564084507042,3.01373325072,0.717429577465,0.943591549296,1.0,2.42561246019,0.194251862709,0.213117517432,0.15812611585,0.101741370842,0.349416476526,1.0,1.0,0.952992957746,0.263028169014,0.880985915493,2.3161971831,10.2424295775,54.0561619718,0.188028169014,-0.00105633802817,0.507042253521,0.00250704225352,Class 4
0.872952539179,0.310563380282,1.37675520586,0.43485915493,0.968943661972,1.0,1.40534023512,0.126250695561,0.136635229296,0.170841846856,0.0651771060466,0.400505525508,1.0,1.0,0.97411971831,0.147887323944,0.933450704225,1.41830985915,5.75352112676,30.7269366197,0.103521126761,0.00105633802817,0.28838028169,0.00138028169014,Class 4
0.550249206507,1.16936619718,12.3995009596,1.6786971831,0.883063380282,1.0,5.78361402474,0.340961270949,0.380063817217,0.130976058818,0.167747465751,0.316553322302,1.0,1.0,0.902552816901,0.642781690141,0.720774647887,5.50845070423,26.7791373239,141.735387324,0.389788732394,0.00369718309859,1.34366197183,0.00519718309859,Class 4
0.803149920651,0.272535211268,4.33647059731,0.757042253521,0.972746478873,1.0,2.88484090749,0.175850640801,0.184962781239,0.172817645308,0.0589424434509,0.617590189508,1.0,1.0,0.977288732394,0.27676056338,0.892605633803,2.74507042254,13.1911971831,71.801584507,0.0908450704225,0.00105633802817,0.694014084507,0.00121126760563,Class 4
0.780711168419,0.177464788732,56.9754128271,6.71214788732,0.982253521127,1.0,29.8304325537,0.185012694695,0.190926633013,0.177835250942,0.0421008511579,0.754433635516,1.0,1.0,0.985211267606,2.66197183099,0.877464788732,26.6922535211,146.283450704,803.711795775,0.0591549295775,-0.00211267605634,7.89718309859,0.000788732394366,Class 4
0.368143969451,1.51021126761,66.0582233886,4.32323943662,0.848697183099,1.0,15.981214291,0.445070211971,0.495446762142,0.117450096707,0.199012700112,0.341842837197,1.0,1.0,0.873884976526,1.69242957746,0.479929577465,15.6612676056,82.4564260563,445.880809859,0.503873239437,0.0121478873239,4.32147887324,0.00671205007825,Class 4
0.517389158897,0.681338028169,26.2754002386,2.2676056338,0.931866197183,1.0,8.68969250435,0.352129402928,0.374815761331,0.152513452192,0.116456121137,0.571371799464,1.0,1.0,0.943221830986,0.873063380282,0.671126760563,8.29929577465,43.2199823944,234.664612676,0.227112676056,0.00897887323944,2.27852112676,0.00302816901408,Class 4
0.69511332077,0.598943661972,7.17933989993,1.10827464789,0.940105633803,1.0,4.1270048414,0.251563623892,0.271547979666,0.156439756497,0.106237188917,0.469386611811,1.0,1.0,0.950088028169,0.42411971831,0.825352112676,3.89225352113,18.9215669014,101.568133803,0.199647887324,-0.00580985915493,0.972887323944,0.00266197183099,Class 4
0.888825877802,0.516549295775,-0.324201820447,0.281690140845,0.948345070423,1.0,0.516939056626,0.0979381400418,0.115215096765,0.160449873537,0.0954305692072,0.000126977649066,1.0,1.0,0.956954225352,0.0882042253521,0.941901408451,0.615492957746,0.896214788732,2.94524647887,0.172183098592,-0.000528169014085,0.00633802816901,0.00229577464789,Class 4
0.91326844872,0.313732394366,0.150563655825,0.271126760563,0.968626760563,1.0,0.647353334188,0.0895727063787,0.100059405636,0.170678002876,0.0656857517798,0.161961058385,1.0,1.0,0.973855633803,0.0818661971831,0.955281690141,0.754929577465,2.06558098592,10.4431338028,0.104577464789,0.00158450704225,0.0887323943662,0.00139436619718,Class 4
0.596934388018,0.988732394366,10.2134916427,1.5176056338,0.901126760563,1.0,5.17127468052,0.313455374381,0.346242416725,0.138604939496,0.150361767755,0.356635188573,1.0,1.0,0.917605633803,0.564084507042,0.757042253521,4.90211267606,23.7661971831,126.13221831,0.329577464789,0.0179577464789,1.19788732394,0.00439436619718,Class 4
0.834144514977,0.367605633803,2.3443260844,0.569542253521,0.96323943662,1.0,1.97586599212,0.156251063965,0.168544018645,0.167911624678,0.0740995808998,0.438797763784,1.0,1.0,0.969366197183,0.203873239437,0.91161971831,1.92112676056,8.43292253521,45.1501760563,0.122535211268,-0.00105633802817,0.427816901408,0.0016338028169,Class 4
0.791725104146,0.586267605634,2.42484721652,0.661971830986,0.941373239437,1.0,2.1532041679,0.186222850163,0.205831785171,0.157051242313,0.104614789083,0.301901516446,1.0,1.0,0.951144366197,0.240316901408,0.887323943662,2.06690140845,8.81558098592,46.0977112676,0.195422535211,-0.000528169014085,0.427816901408,0.00260563380282,Class 4
0.702446191232,0.808098591549,4.80020229073,0.968309859155,0.919190140845,1.0,3.31846988853,0.246961691964,0.273940098028,0.146636642035,0.131178107259,0.312512157386,1.0,1.0,0.932658450704,0.369190140845,0.832042253521,3.1338028169,14.3043133803,75.0889084507,0.269366197183,-0.0068661971831,0.703521126761,0.00359154929577,Class 4
0.89312090855,0.114084507042,1.99677851664,0.442781690141,0.988591549296,1.0,1.6210488293,0.106716587574,0.110455642487,0.181242313033,0.0295167808605,0.723433343047,1.0,1.0,0.990492957746,0.148943661972,0.944014084507,1.62535211268,7.28573943662,40.1853873239,0.0380281690141,0.00316901408451,0.389788732394,0.000507042253521,Class 4
0.912718458639,0.180633802817,0.952542716741,0.331866197183,0.981936619718,1.0,1.05012593174,0.0932458626593,0.0992540835104,0.177666199663,0.0426968189199,0.504352866037,1.0,1.0,0.984947183099,0.105105633803,0.954929577465,1.12042253521,4.35360915493,23.7202464789,0.0602112676056,0.00264084507042,0.225,0.000802816901408,Class 4
0.994378099583,0.0253521126761,-0.334588232795,0.0730633802817,0.997464788732,1.0,0.0252807003283,0.00840538190825,0.00925335372702,0.186095516763,0.00840538190825,0.000186453359617,1.0,1.0,0.997887323944,0.00422535211268,0.997183098592,0.266901408451,-0.0806338028169,0.17235915493,0.00845070422535,0.0,0.0,0.000112676056338,Class 4
0.942038534021,0.215492957746,-0.0659526601706,0.197183098592,0.978450704225,1.0,0.408873665898,0.064133115588,0.0713363777344,0.175814818488,0.0490812173819,0.147695068566,1.0,1.0,0.982042253521,0.0528169014085,0.970422535211,0.562676056338,1.19014084507,6.15123239437,0.0718309859155,0.00105633802817,0.0507042253521,0.000957746478873,Class 4
0.984597054156,0.0697183098592,-0.336798529872,0.0915492957746,0.993028169014,1.0,0.0691907434331,0.0197031973212,0.0220351198228,0.183656764531,0.0197031973212,0.000593478754049,1.0,1.0,0.994190140845,0.0116197183099,0.992253521127,0.296478873239,-0.00299295774648,0.364612676056,0.0232394366197,0.0,0.0,0.00030985915493,Class 4
0.858912666138,0.652816901408,-0.25724260736,0.355633802817,0.934718309859,1.0,0.688120606335,0.119479958599,0.141309293896,0.153863072803,0.112980809334,0.00083407308678,1.0,1.0,0.945598591549,0.11514084507,0.925352112676,0.748591549296,1.36919014085,4.82447183099,0.217605633803,0.00211267605634,0.019014084507,0.0029014084507,Class 4
0.951518547907,0.152112676056,0.0402061946575,0.173415492958,0.984788732394,1.0,0.423166181799,0.0568740306524,0.0618594372029,0.179192124578,0.0372284051366,0.300383946156,1.0,1.0,0.987323943662,0.0485915492958,0.975352112676,0.583802816901,1.43098591549,7.80968309859,0.0507042253521,-0.00422535211268,0.0697183098592,0.000676056338028,Class 4
0.724001686173,1.19154929577,0.931615229698,0.738556338028,0.880845070423,1.0,1.80859500836,0.214603318707,0.254437656606,0.130066951002,0.169771395294,0.0395244312266,1.0,1.0,0.900704225352,0.26514084507,0.845422535211,1.70985915493,5.6536971831,25.523415493,0.397183098592,0.00528169014085,0.199647887324,0.00529577464789,Class 4
0.827556784368,0.478521126761,1.82253292098,0.551056338028,0.952147887324,1.0,1.77286476415,0.160462098574,0.17646706029,0.162328964987,0.0902214434908,0.317062562822,1.0,1.0,0.960123239437,0.195950704225,0.908098591549,1.73098591549,7.1613556338,37.5762323944,0.159507042254,-0.000528169014085,0.348591549296,0.00212676056338,Class 4
0.891592194009,0.294718309859,0.890134368363,0.368838028169,0.970528169014,1.0,1.10315945436,0.110777081599,0.120614190235,0.171662926503,0.0626093077781,0.350978878604,1.0,1.0,0.975440140845,0.119894366197,0.943661971831,1.15422535211,4.31875,22.9258802817,0.0982394366197,0.00264084507042,0.212323943662,0.00130985915493,Class 4
0.841419361238,0.728873239437,-0.185086927949,0.389964788732,0.927112676056,1.0,0.803300821211,0.132146471382,0.156524331411,0.150286401508,0.122110901161,0.00324346161725,1.0,1.0,0.93926056338,0.132042253521,0.915492957746,0.841549295775,1.73679577465,6.44278169014,0.242957746479,-0.00105633802817,0.0316901408451,0.00323943661972,Class 4
0.433025689347,1.84436619718,17.8547275783,2.14348591549,0.815563380282,1.0,7.07172058922,0.40415698292,0.465794372356,0.106033277128,0.220257132955,0.195026611623,1.0,1.0,0.846302816901,0.842957746479,0.616549295775,6.83521126761,32.8264084507,171.401584507,0.614788732394,-0.0105633802817,1.60669014085,0.00819718309859,Class 4
0.586703531045,1.54647887324,5.16772056413,1.26144366197,0.845352112676,1.0,3.76772429537,0.309228408398,0.360939020153,0.116347450903,0.199244592275,0.121920604626,1.0,1.0,0.871126760563,0.48485915493,0.752464788732,3.55211267606,15.1860915493,76.0332746479,0.515492957746,-0.00528169014085,0.681338028169,0.00687323943662,Class 4
0.853670898631,0.285211267606,2.20363892953,0.532570422535,0.971478873239,1.0,1.84866424019,0.141119803108,0.150628879255,0.172157062091,0.0610483633278,0.50739466389,1.0,1.0,0.976232394366,0.18485915493,0.922535211268,1.81338028169,7.99559859155,43.1822183099,0.0950704225352,0.00316901408451,0.411971830986,0.0012676056338,Class 4
0.984597054156,0.0697183098592,-0.336798529872,0.0915492957746,0.993028169014,1.0,0.0691907434331,0.0197031973212,0.0220351198228,0.183656764531,0.0197031973212,0.000593478754049,1.0,1.0,0.994190140845,0.0116197183099,0.992253521127,0.296478873239,-0.00299295774648,0.364612676056,0.0232394366197,0.0,0.0,0.00030985915493,Class 4
0.908649325531,0.332746478873,0.169398993881,0.271126760563,0.966725352113,1.0,0.676931044388,0.093278401948,0.104389820351,0.16969754265,0.0687045457571,0.157185361102,1.0,1.0,0.972271126761,0.0860915492958,0.952816901408,0.778169014085,2.15748239437,10.8477112676,0.110915492958,-0.00264084507042,0.0919014084507,0.00147887323944,Class 4
0.900323596509,0.19014084507,1.27096590673,0.360915492958,0.980985915493,1.0,1.25245957436,0.103651526759,0.109929514363,0.177159789724,0.0444684781895,0.539769820016,1.0,1.0,0.984154929577,0.123591549296,0.94823943662,1.29577464789,5.30827464789,28.9163732394,0.0633802816901,-0.00422535211268,0.275704225352,0.000845070422535,Class 4
0.91924419758,0.202816901408,0.628563151035,0.284330985915,0.979718309859,1.0,0.863183501058,0.0875048730167,0.0942695200286,0.17648631224,0.0467944160174,0.407889052843,1.0,1.0,0.983098591549,0.0908450704225,0.958450704225,0.955633802817,3.39577464789,18.3392605634,0.0676056338028,-0.00211267605634,0.171126760563,0.000901408450704,Class 4
0.852353699663,0.297887323944,2.1636736895,0.516725352113,0.970211267606,1.0,1.83547391306,0.142247418332,0.152181784619,0.171498462607,0.0631261986443,0.491747119282,1.0,1.0,0.975176056338,0.18485915493,0.921830985915,1.80070422535,7.90052816901,42.5927816901,0.0992957746479,-0.00316901408451,0.405633802817,0.00132394366197,Class 4
0.748289029954,0.517253521127,4.90159859986,0.882218309859,0.947992957746,1.0,3.2317033137,0.218572254899,0.236023658724,0.160118218111,0.0979381400418,0.456648982391,1.0,1.0,0.956602112676,0.332922535211,0.860211267606,3.05915492958,14.4446302817,77.3360915493,0.172887323944,-0.00475352112676,0.739436619718,0.00229890453834,Class 4
0.765521969847,0.941197183099,1.00462075176,0.646126760563,0.90588028169,1.0,1.66364310337,0.193417671173,0.224877768944,0.140679490676,0.145499868436,0.0794865384564,1.0,1.0,0.921566901408,0.228697183099,0.871478873239,1.59577464789,5.50871478873,26.049471831,0.313732394366,0.00475352112676,0.215492957746,0.00418309859155,Class 4
0.957667625471,0.152112676056,-0.117649125465,0.162852112676,0.984788732394,1.0,0.311590928008,0.0498862574878,0.0549677148641,0.179192124578,0.0372284051366,0.182588348534,1.0,1.0,0.987323943662,0.0390845070423,0.978521126761,0.488732394366,0.903345070423,4.91003521127,0.0507042253521,0.00105633802817,0.0411971830986,0.000676056338028,Class 4
0.999296022615,0.00316901408451,-0.333489882968,0.0625,0.999683098592,1.0,0.00316799589873,0.00136885082841,0.00136885082841,0.187324005654,0.00136885082841,nan,1.0,1.0,0.999735915493,0.000528169014085,0.999647887324,0.252112676056,-0.119454225352,0.0762323943662,0.00105633802817,-0.000528169014085,0.0,1.40845070423e-05,Class 4
0.964576968855,0.0507042253521,0.268909183467,0.183978873239,0.994929577465,1.0,0.488314437868,0.0439295345672,0.0454491649067,0.184698968459,0.0151113643418,0.705419434989,1.0,1.0,0.995774647887,0.0454225352113,0.982042253521,0.653521126761,2.01566901408,11.5586267606,0.0169014084507,0.00316901408451,0.110915492958,0.000225352112676,Class 4
0.643930519738,0.579929577465,11.1987156916,1.41197183099,0.942007042254,1.0,5.38637804817,0.281392193987,0.30078578883,0.157357729121,0.103798301495,0.53383006276,1.0,1.0,0.951672535211,0.541373239437,0.787323943662,5.0838028169,25.5717429577,138.214612676,0.193309859155,-0.00158450704225,1.33415492958,0.00257746478873,Class 4
0.875455514779,0.456338028169,0.400419812778,0.360915492958,0.954366197183,1.0,0.933260707108,0.119579025973,0.134842518711,0.163433346558,0.0871123483072,0.143825009943,1.0,1.0,0.961971830986,0.119366197183,0.93485915493,0.987323943662,3.07728873239,15.249471831,0.152112676056,0.0,0.129929577465,0.00202816901408,Class 4
0.864015572307,0.335915492958,1.50716927658,0.463908450704,0.966408450704,1.0,1.49877782085,0.133294856875,0.144518939557,0.169534566554,0.0692023017753,0.394146439366,1.0,1.0,0.972007042254,0.158450704225,0.928521126761,1.4985915493,6.14964788732,32.7698943662,0.111971830986,0.00211267605634,0.307394366197,0.00149295774648,Class 4
0.900208044039,0.218661971831,1.09618389673,0.363556338028,0.978133802817,1.0,1.16877622995,0.103990711171,0.111294491881,0.175647255009,0.0496470723698,0.46750950296,1.0,1.0,0.981778169014,0.118838028169,0.94823943662,1.21971830986,4.83054577465,26.1403169014,0.0728873239437,0.00158450704225,0.247183098592,0.000971830985915,Class 4
0.951549047808,0.104577464789,0.307158125082,0.205105633803,0.989542253521,1.0,0.563887031784,0.0576129231051,0.0611084895242,0.181757649772,0.0274988286805,0.49851189871,1.0,1.0,0.991285211268,0.056514084507,0.975352112676,0.710563380282,2.22720070423,12.436443662,0.0348591549296,0.000528169014085,0.117253521127,0.000464788732394,Class 4
0.632458341599,1.28028169014,4.65569585626,1.1610915493,0.871971830986,1.0,3.46972193625,0.285223215285,0.327984452186,0.126491271573,0.177640898063,0.164255264002,1.0,1.0,0.893309859155,0.429929577465,0.785563380282,3.26901408451,14.1339788732,71.6579225352,0.42676056338,0.00950704225352,0.649647887324,0.00569014084507,Class 4
0.938003620313,0.142605633803,0.455408471682,0.231514084507,0.98573943662,1.0,0.697878335133,0.0705880462889,0.0752742919419,0.179702997917,0.035349421638,0.47638426654,1.0,1.0,0.988116197183,0.0713028169014,0.968309859155,0.820422535211,2.76276408451,15.1786971831,0.0475352112676,-0.00369718309859,0.142605633803,0.000633802816901,Class 4
0.854851219996,0.627464788732,0.00525769996839,0.379401408451,0.937253521127,1.0,0.833053805297,0.127820025319,0.148805783155,0.155071166435,0.109837283585,0.0303177677433,1.0,1.0,0.947711267606,0.125704225352,0.92323943662,0.879577464789,2.14559859155,9.22517605634,0.209154929577,0.00105633802817,0.0633802816901,0.00278873239437,Class 4
0.954268250347,0.177464788732,-0.170314918978,0.165492957746,0.982253521127,1.0,0.298566802474,0.0522352976169,0.058165637737,0.177835250942,0.0421008511579,0.116332491123,1.0,1.0,0.985211267606,0.0401408450704,0.97676056338,0.473943661972,0.771830985915,4.05334507042,0.0591549295775,0.00105633802817,0.0316901408451,0.000788732394366,Class 4
0.89025862924,0.326408450704,0.73738054987,0.352992957746,0.96735915493,1.0,1.03472999699,0.111248193407,0.122165088229,0.170023866792,0.0677044827737,0.290568938213,1.0,1.0,0.972799295775,0.116725352113,0.942957746479,1.09084507042,3.90519366197,20.4857394366,0.108802816901,-0.000528169014085,0.186971830986,0.00145070422535,Class 4
0.691913806784,0.361267605634,10.0070737309,1.28257042254,0.963873239437,1.0,5.00455042977,0.246694916688,0.258681754525,0.168235221186,0.0731315005267,0.653263069504,1.0,1.0,0.969894366197,0.481690140845,0.819366197183,4.70563380282,23.8992957746,130.179049296,0.120422535211,0.00633802816901,1.26443661972,0.00160563380282,Class 4
0.604874280897,0.402464788732,18.0221891404,1.7764084507,0.959753521127,1.0,7.09533087892,0.295609583255,0.309070533822,0.166140708689,0.0793280713722,0.675679099462,1.0,1.0,0.966461267606,0.685035211268,0.749295774648,6.69788732394,34.8759683099,190.283626761,0.134154929577,0.000528169014085,1.85387323944,0.00178873239437,Class 4
0.900466921246,0.16161971831,1.44724942187,0.395246478873,0.983838028169,1.0,1.33626348931,0.102962488959,0.108246234082,0.17868236709,0.0390782043889,0.605975227116,1.0,1.0,0.986531690141,0.128345070423,0.94823943662,1.37183098592,5.78600352113,31.6924295775,0.0538732394366,0.00475352112676,0.304225352113,0.000718309859155,Class 4
0.956364560603,0.0697183098592,0.37772990961,0.197183098592,0.993028169014,1.0,0.580663460317,0.0524494473815,0.054767448799,0.183656764531,0.0197031973212,0.629680627991,1.0,1.0,0.994190140845,0.0549295774648,0.977816901408,0.729577464789,2.40070422535,13.5741197183,0.0232394366197,-0.00105633802817,0.129929577465,0.00030985915493,Class 4
0.969335201349,0.0982394366197,-0.116706850529,0.133802816901,0.990176056338,1.0,0.259861204236,0.0388002431362,0.0420639010045,0.182101827514,0.0261302950026,0.287446586392,1.0,1.0,0.991813380282,0.0301056338028,0.984507042254,0.452816901408,0.809066901408,4.67658450704,0.0327464788732,-0.00158450704225,0.0411971830986,0.00043661971831,Class 4
0.965891192224,0.107746478873,-0.0822559320194,0.141725352113,0.989225352113,1.0,0.293948922208,0.042463637334,0.0460314527831,0.181585746876,0.0281759893716,0.298096306104,1.0,1.0,0.991021126761,0.0338028169014,0.982746478873,0.480281690141,0.942957746479,5.36214788732,0.0359154929577,-0.00211267605634,0.0475352112676,0.000478873239437,Class 4
0.924548452688,0.205985915493,0.459774829705,0.268485915493,0.979401408451,1.0,0.756189355551,0.0825584957784,0.0894470904473,0.176318252827,0.0473696927303,0.35657412872,1.0,1.0,0.982834507042,0.0818661971831,0.961267605634,0.862676056338,2.87367957746,15.4533450704,0.068661971831,0.000528169014085,0.142605633803,0.000915492957746,Class 4
0.91412046221,0.377112676056,-0.228986970528,0.234154929577,0.962288732394,1.0,0.449413000806,0.0829933789673,0.0956011764474,0.16742715979,0.0755414208258,0.0179383402288,1.0,1.0,0.968573943662,0.0702464788732,0.955633802817,0.575352112676,0.945334507042,3.95193661972,0.125704225352,-0.00158450704225,0.0221830985915,0.00167605633803,Class 4
0.970738196786,0.123591549296,-0.288679849863,0.128521126761,0.98764084507,1.0,0.15951495525,0.0350920103097,0.0391767247577,0.180728092144,0.0314959676918,0.050927328945,1.0,1.0,0.989700704225,0.0237676056338,0.985211267606,0.364084507042,0.267165492958,1.56461267606,0.0411971830986,0.00264084507042,0.00950704225352,0.000549295774648,Class 4
1.0,0.0,-0.333333333333,0.0625,1.0,1.0,0.0,-0.0,-0.0,0.1875,-0.0,nan,1.0,1.0,1.0,0.0,1.0,0.25,-0.125,0.0625,0.0,0.0,0.0,0.0,Class 4
0.938115205316,0.282042253521,-0.330318018441,0.181338028169,0.971795774648,1.0,0.286650211184,0.0618885447567,0.071321372118,0.17232202192,0.0605245637254,0.000202401312723,1.0,1.0,0.976496478873,0.0480633802817,0.968309859155,0.448591549296,0.427200704225,1.60686619718,0.094014084507,-0.000528169014085,0.00316901408451,0.00125352112676,Class 4
0.977651507637,0.0982394366197,-0.321382165552,0.104753521127,0.990176056338,1.0,0.109754526722,0.0274974671533,0.0307808910619,0.182101827514,0.0261302950026,0.0151035750484,1.0,1.0,0.991813380282,0.0174295774648,0.988732394366,0.326056338028,0.105545774648,0.810387323944,0.0327464788732,-0.000528169014085,0.00316901408451,0.00043661971831,Class 4
0.761713201746,0.421478873239,5.06448879324,0.889084507042,0.957852112676,1.0,3.2623052083,0.206774571201,0.220825501039,0.165181077663,0.0821148271529,0.525362510229,1.0,1.0,0.964876760563,0.32588028169,0.867957746479,3.08732394366,14.8002640845,79.8572183099,0.140492957746,0.00475352112676,0.766901408451,0.00187323943662,Class 4
0.976949761952,0.0919014084507,-0.270394096809,0.112676056338,0.990809859155,1.0,0.141172550126,0.0293626237903,0.0324338845486,0.18244650119,0.0247417981662,0.101055786752,1.0,1.0,0.992341549296,0.0195422535211,0.98838028169,0.353521126761,0.270334507042,1.74947183099,0.0306338028169,0.000528169014085,0.012676056338,0.000408450704225,Class 4
0.997186074192,0.012676056338,-0.333960046692,0.0677816901408,0.998732394366,1.0,0.0126583641455,0.00462710823345,0.00505109414284,0.186796766515,0.00462710823345,8.53374396687e-05,1.0,1.0,0.998943661972,0.00211267605634,0.998591549296,0.258450704225,-0.102816901408,0.117429577465,0.00422535211268,0.0,0.0,5.6338028169e-05,Class 4
0.870975004959,0.335915492958,1.27894180433,0.4375,0.966408450704,1.0,1.36738340373,0.127636614132,0.138846259199,0.169534566554,0.0692023017753,0.369612531046,1.0,1.0,0.972007042254,0.146830985915,0.932394366197,1.3823943662,5.50475352113,29.2258802817,0.111971830986,0.00316901408451,0.272535211268,0.00149295774648,Class 4
0.848977881373,0.348591549296,1.93819772656,0.522007042254,0.96514084507,1.0,1.74731827186,0.145037981311,0.15668646987,0.168883902004,0.07117847322,0.424738242519,1.0,1.0,0.970950704225,0.181690140845,0.920070422535,1.71830985915,7.34436619718,39.2684859155,0.116197183099,0.00211267605634,0.370774647887,0.00154929577465,Class 4
0.67110841103,0.64014084507,8.35947154861,1.22975352113,0.935985915493,1.0,4.53568677844,0.266720795742,0.288132084166,0.154466127752,0.111415566864,0.465511876454,1.0,1.0,0.946654929577,0.466901408451,0.808802816901,4.27887323944,20.986971831,112.700880282,0.21338028169,0.0,1.08063380282,0.00284507042254,Class 4
0.747879141043,0.472183098592,5.33065930787,0.926056338028,0.952781690141,1.0,3.39114736787,0.216577950709,0.232358594517,0.162643882662,0.0893385813584,0.496795970286,1.0,1.0,0.960651408451,0.342781690141,0.859507042254,3.20563380282,15.3580105634,82.6544014085,0.157394366197,0.00264084507042,0.792253521127,0.0020985915493,Class 4
0.517389158897,0.681338028169,26.2754002386,2.2676056338,0.931866197183,1.0,8.68969250435,0.352129402928,0.374815761331,0.152513452192,0.116456121137,0.571371799464,1.0,1.0,0.943221830986,0.873063380282,0.671126760563,8.29929577465,43.2199823944,234.664612676,0.227112676056,0.00897887323944,2.27852112676,0.00302816901408,Class 4
0.888825877802,0.516549295775,-0.324201820447,0.281690140845,0.948345070423,1.0,0.516939056626,0.0979381400418,0.115215096765,0.160449873537,0.0954305692072,0.000126977649066,1.0,1.0,0.956954225352,0.0882042253521,0.941901408451,0.615492957746,0.896214788732,2.94524647887,0.172183098592,-0.000528169014085,0.00633802816901,0.00229577464789,Class 4
0.91326844872,0.313732394366,0.150563655825,0.271126760563,0.968626760563,1.0,0.647353334188,0.0895727063787,0.100059405636,0.170678002876,0.0656857517798,0.161961058385,1.0,1.0,0.973855633803,0.0818661971831,0.955281690141,0.754929577465,2.06558098592,10.4431338028,0.104577464789,0.00158450704225,0.0887323943662,0.00139436619718,Class 4
0.994378099583,0.0253521126761,-0.334588232795,0.0730633802817,0.997464788732,1.0,0.0252807003283,0.00840538190825,0.00925335372702,0.186095516763,0.00840538190825,0.000186453359617,1.0,1.0,0.997887323944,0.00422535211268,0.997183098592,0.266901408451,-0.0806338028169,0.17235915493,0.00845070422535,0.0,0.0,0.000112676056338,Class 4
0.984597054156,0.0697183098592,-0.336798529872,0.0915492957746,0.993028169014,1.0,0.0691907434331,0.0197031973212,0.0220351198228,0.183656764531,0.0197031973212,0.000593478754049,1.0,1.0,0.994190140845,0.0116197183099,0.992253521127,0.296478873239,-0.00299295774648,0.364612676056,0.0232394366197,0.0,0.0,0.00030985915493,Class 4
0.858912666138,0.652816901408,-0.25724260736,0.355633802817,0.934718309859,1.0,0.688120606335,0.119479958599,0.141309293896,0.153863072803,0.112980809334,0.00083407308678,1.0,1.0,0.945598591549,0.11514084507,0.925352112676,0.748591549296,1.36919014085,4.82447183099,0.217605633803,0.00211267605634,0.019014084507,0.0029014084507,Class 4
0.724001686173,1.19154929577,0.931615229698,0.738556338028,0.880845070423,1.0,1.80859500836,0.214603318707,0.254437656606,0.130066951002,0.169771395294,0.0395244312266,1.0,1.0,0.900704225352,0.26514084507,0.845422535211,1.70985915493,5.6536971831,25.523415493,0.397183098592,0.00528169014085,0.199647887324,0.00529577464789,Class 4
0.586703531045,1.54647887324,5.16772056413,1.26144366197,0.845352112676,1.0,3.76772429537,0.309228408398,0.360939020153,0.116347450903,0.199244592275,0.121920604626,1.0,1.0,0.871126760563,0.48485915493,0.752464788732,3.55211267606,15.1860915493,76.0332746479,0.515492957746,-0.00528169014085,0.681338028169,0.00687323943662,Class 4
0.853670898631,0.285211267606,2.20363892953,0.532570422535,0.971478873239,1.0,1.84866424019,0.141119803108,0.150628879255,0.172157062091,0.0610483633278,0.50739466389,1.0,1.0,0.976232394366,0.18485915493,0.922535211268,1.81338028169,7.99559859155,43.1822183099,0.0950704225352,0.00316901408451,0.411971830986,0.0012676056338,Class 4
0.803149920651,0.272535211268,4.33647059731,0.757042253521,0.972746478873,1.0,2.88484090749,0.175850640801,0.184962781239,0.172817645308,0.0589424434509,0.617590189508,1.0,1.0,0.977288732394,0.27676056338,0.892605633803,2.74507042254,13.1911971831,71.801584507,0.0908450704225,0.00105633802817,0.694014084507,0.00121126760563,Class 4
0.900323596509,0.19014084507,1.27096590673,0.360915492958,0.980985915493,1.0,1.25245957436,0.103651526759,0.109929514363,0.177159789724,0.0444684781895,0.539769820016,1.0,1.0,0.984154929577,0.123591549296,0.94823943662,1.29577464789,5.30827464789,28.9163732394,0.0633802816901,-0.00422535211268,0.275704225352,0.000845070422535,Class 4
0.852353699663,0.297887323944,2.1636736895,0.516725352113,0.970211267606,1.0,1.83547391306,0.142247418332,0.152181784619,0.171498462607,0.0631261986443,0.491747119282,1.0,1.0,0.975176056338,0.18485915493,0.921830985915,1.80070422535,7.90052816901,42.5927816901,0.0992957746479,-0.00316901408451,0.405633802817,0.00132394366197,Class 4
0.999296022615,0.00316901408451,-0.333489882968,0.0625,0.999683098592,1.0,0.00316799589873,0.00136885082841,0.00136885082841,0.187324005654,0.00136885082841,nan,1.0,1.0,0.999735915493,0.000528169014085,0.999647887324,0.252112676056,-0.119454225352,0.0762323943662,0.00105633802817,-0.000528169014085,0.0,1.40845070423e-05,Class 4
0.964576968855,0.0507042253521,0.268909183467,0.183978873239,0.994929577465,1.0,0.488314437868,0.0439295345672,0.0454491649067,0.184698968459,0.0151113643418,0.705419434989,1.0,1.0,0.995774647887,0.0454225352113,0.982042253521,0.653521126761,2.01566901408,11.5586267606,0.0169014084507,0.00316901408451,0.110915492958,0.000225352112676,Class 4
0.550249206507,1.16936619718,12.3995009596,1.6786971831,0.883063380282,1.0,5.78361402474,0.340961270949,0.380063817217,0.130976058818,0.167747465751,0.316553322302,1.0,1.0,0.902552816901,0.642781690141,0.720774647887,5.50845070423,26.7791373239,141.735387324,0.389788732394,0.00369718309859,1.34366197183,0.00519718309859,Class 4
0.838851914303,0.621126760563,0.529435751043,0.4375,0.937887323944,1.0,1.14904639898,0.14513015607,0.165891419707,0.155374429677,0.109043175985,0.106922031692,1.0,1.0,0.94823943662,0.153169014085,0.914436619718,1.16056338028,3.71742957746,17.8966549296,0.207042253521,-0.00316901408451,0.148943661972,0.00276056338028,Class 4
0.643888365404,0.459507042254,12.8199921741,1.43573943662,0.954049295775,1.0,5.82352758959,0.277570319246,0.292127804852,0.163275205812,0.0875598033612,0.62888810064,1.0,1.0,0.961707746479,0.569894366197,0.784507042254,5.48943661972,28.057834507,152.513204225,0.153169014085,-0.0205985915493,1.47992957746,0.00204225352113,Class 4
0.332524052767,1.96795774648,48.6923834393,3.51936619718,0.803204225352,1.0,12.226771046,0.461427564023,0.527236477615,0.102075543047,0.228095474779,0.240094926384,1.0,1.0,0.836003521127,1.37693661972,0.431690140845,12.0514084507,61.5352992958,328.518133803,0.655985915493,0.00580985915493,3.14683098592,0.00874647887324,Class 4
0.866427792105,0.38661971831,1.10420279721,0.432218309859,0.961338028169,1.0,1.30359855289,0.130541567946,0.143463108805,0.166943810752,0.076971188302,0.303502354475,1.0,1.0,0.967781690141,0.145774647887,0.929929577465,1.32112676056,5.06584507042,26.5459507042,0.128873239437,0.00211267605634,0.244014084507,0.00171830985915,Class 4
0.870975004959,0.335915492958,1.27894180433,0.4375,0.966408450704,1.0,1.36738340373,0.127636614132,0.138846259199,0.169534566554,0.0692023017753,0.369612531046,1.0,1.0,0.972007042254,0.146830985915,0.932394366197,1.3823943662,5.50475352113,29.2258802817,0.111971830986,0.00316901408451,0.272535211268,0.00149295774648,Class 4
0.94698794882,0.0538732394366,0.726346295148,0.223591549296,0.994612676056,1.0,0.800617898531,0.0603105612756,0.0608921499872,0.184524957846,0.0158977623456,0.836950739257,1.0,1.0,0.99551056338,0.0723591549296,0.972887323944,0.919718309859,3.48688380282,19.6269366197,0.0179577464789,-0.00792253521127,0.19014084507,0.000239436619718,Class 4
0.277984278913,2.99471830986,47.3191320885,3.83626760563,0.700528169014,1.0,12.4288555884,0.477116035899,0.577278742347,0.0764868701646,0.276257593516,0.0822935037283,1.0,1.0,0.750440140845,1.50580985915,0.335563380282,12.3133802817,60.9870598592,320.080105634,0.99823943662,0.00369718309859,3.02007042254,0.0133098591549,Class 4
0.448565512795,0.744718309859,44.7684361811,3.0360915493,0.925528169014,1.0,11.6161804388,0.388427032995,0.412839031064,0.149550250446,0.123959157609,0.580640281978,1.0,1.0,0.937940140845,1.16883802817,0.569014084507,11.1936619718,59.1601232394,321.928697183,0.24823943662,0.0205985915493,3.13415492958,0.00330985915493,Class 4
0.919208738346,0.266197183099,0.259325186652,0.260563380282,0.97338028169,1.0,0.676977494364,0.085897492086,0.0947975548725,0.173148680817,0.0578785612772,0.23195730224,1.0,1.0,0.977816901408,0.0802816901408,0.958450704225,0.78661971831,2.33415492958,12.1702464789,0.0887323943662,-0.00105633802817,0.107746478873,0.00118309859155,Class 4
0.762748710573,0.706690140845,2.73576190744,0.738556338028,0.929330985915,1.0,2.37595187544,0.20562254593,0.229256674443,0.151322220294,0.119492872931,0.265068256909,1.0,1.0,0.94110915493,0.272007042254,0.870070422535,2.26338028169,9.67121478873,50.163556338,0.235563380282,-0.00158450704225,0.462676056338,0.00314084507042,Class 4
0.961808668915,0.0697183098592,0.233928143,0.183978873239,0.993028169014,1.0,0.481484226272,0.0471625514454,0.0494385559571,0.183656764531,0.0197031973212,0.597496507284,1.0,1.0,0.994190140845,0.0464788732394,0.980633802817,0.645070422535,1.93169014085,10.9966549296,0.0232394366197,0.00211267605634,0.104577464789,0.00030985915493,Class 4
0.91412046221,0.377112676056,-0.228986970528,0.234154929577,0.962288732394,1.0,0.449413000806,0.0829933789673,0.0956011764474,0.16742715979,0.0755414208258,0.0179383402288,1.0,1.0,0.968573943662,0.0702464788732,0.955633802817,0.575352112676,0.945334507042,3.95193661972,0.125704225352,-0.00158450704225,0.0221830985915,0.00167605633803,Class 4
0.928747272367,0.32323943662,-0.314909645173,0.205105633803,0.967676056338,1.0,0.337839361906,0.0697166118461,0.0805252539003,0.170187214838,0.0672021475687,0.00160930643504,1.0,1.0,0.973063380282,0.055985915493,0.96338028169,0.48661971831,0.557922535211,2.10757042254,0.107746478873,0.00105633802817,0.00633802816901,0.00143661971831,Class 4
0.953638662964,0.0760563380282,0.414414488764,0.210387323944,0.992394366197,1.0,0.611345980186,0.0551971422546,0.0577282995379,0.183310355088,0.02117375782,0.617915548862,1.0,1.0,0.993661971831,0.0580985915493,0.976408450704,0.754929577465,2.52904929577,14.2459507042,0.0253521126761,0.00105633802817,0.136267605634,0.000338028169014,Class 4
0.289758728427,2.75704225352,43.7325574751,3.54049295775,0.724295774648,1.0,11.6050467475,0.474995624689,0.56719006005,0.0812524796667,0.267585869865,0.109744244447,1.0,1.0,0.770246478873,1.39964788732,0.380281690141,11.4894366197,56.8776408451,298.752640845,0.919014084507,-0.00845070422535,2.82042253521,0.0122535211268,Class 4
0.862849880976,0.313732394366,1.69169799294,0.485035211268,0.968626760563,1.0,1.58718941857,0.134301706775,0.144732713153,0.170678002876,0.0656857517798,0.439262061712,1.0,1.0,0.973855633803,0.16426056338,0.927816901408,1.57887323944,6.63846830986,35.573415493,0.104577464789,0.00475352112676,0.335915492958,0.00139436619718,Class 4
0.930692818885,0.297887323944,-0.226278695422,0.210387323944,0.970211267606,1.0,0.375496393214,0.0705879594618,0.0805386098833,0.171498462607,0.0631261986443,0.0315167882384,1.0,1.0,0.975176056338,0.0570422535211,0.964436619718,0.522535211268,0.806690140845,3.60862676056,0.0992957746479,0.00211267605634,0.0221830985915,0.00132394366197,Class 4
0.637084159889,1.34366197183,3.85338010057,1.08978873239,0.865633802817,1.0,3.19459309306,0.279456046456,0.324397831524,0.12399672684,0.18304886612,0.127105211194,1.0,1.0,0.888028169014,0.40985915493,0.788732394366,3.00492957746,12.5447183099,62.5892605634,0.447887323944,0.00105633802817,0.557746478873,0.00597183098592,Class 4
0.930692818885,0.297887323944,-0.226278695422,0.210387323944,0.970211267606,1.0,0.375496393214,0.0705879594618,0.0805386098833,0.171498462607,0.0631261986443,0.0315167882384,1.0,1.0,0.975176056338,0.0570422535211,0.964436619718,0.522535211268,0.806690140845,3.60862676056,0.0992957746479,0.00211267605634,0.0221830985915,0.00132394366197,Class 4
0.743192818885,0.240845070423,7.81895229983,1.05017605634,0.975915492958,1.0,4.25804070511,0.211152239777,0.219143465002,0.174477782186,0.0535461668125,0.718340190471,1.0,1.0,0.979929577465,0.399295774648,0.853521126761,4.00211267606,20.2295774648,110.648415493,0.0802816901408,-0.00422535211268,1.07746478873,0.00107042253521,Class 4
0.995079597302,0.0221830985915,-0.334431057202,0.0730633802817,0.997781690141,1.0,0.0221284326461,0.00749783585813,0.00822885084075,0.186270643226,0.00749783585813,0.000179586575037,1.0,1.0,0.998151408451,0.00369718309859,0.997535211268,0.264788732394,-0.0861795774648,0.158626760563,0.00739436619718,0.000528169014085,0.0,9.85915492958e-05,Class 4
0.995079597302,0.0221830985915,-0.334431057202,0.0730633802817,0.997781690141,1.0,0.0221284326461,0.00749783585813,0.00822885084075,0.186270643226,0.00749783585813,0.000179586575037,1.0,1.0,0.998151408451,0.00369718309859,0.997535211268,0.264788732394,-0.0861795774648,0.158626760563,0.00739436619718,0.000528169014085,0.0,9.85915492958e-05,Class 4
0.60200133902,1.34683098592,5.98510459335,1.29313380282,0.865316901408,1.0,3.96744947587,0.304873868238,0.349881883722,0.123873301428,0.18331475677,0.179190101543,1.0,1.0,0.887764084507,0.484330985915,0.763732394366,3.74647887324,16.6541373239,85.1558098592,0.448943661972,0.00792253521127,0.779577464789,0.00598591549296,Class 4
0.894114758976,0.152112676056,1.71280624222,0.426936619718,0.984788732394,1.0,1.48490364725,0.107625265241,0.112552631099,0.179192124578,0.0372284051366,0.647239216202,1.0,1.0,0.987323943662,0.140492957746,0.944718309859,1.50281690141,6.53151408451,35.8396126761,0.0507042253521,0.00528169014085,0.345422535211,0.000676056338028,Class 4
0.718373834557,0.868309859155,3.49756503487,0.854753521127,0.913169014085,1.0,2.80894533757,0.234679076724,0.263610391317,0.143914649871,0.137791500841,0.244232760719,1.0,1.0,0.92764084507,0.327464788732,0.842605633803,2.65633802817,11.536971831,59.5628521127,0.289436619718,-0.0105633802817,0.54823943662,0.00385915492958,Class 4
0.843038831581,0.313732394366,2.39246599105,0.572183098592,0.968626760563,1.0,1.96702449651,0.149321699985,0.159721706526,0.170678002876,0.0656857517798,0.49824325847,1.0,1.0,0.973855633803,0.198063380282,0.916549295775,1.91690140845,8.51452464789,45.8832746479,0.104577464789,0.00580985915493,0.437323943662,0.00139436619718,Class 4
0.843038831581,0.313732394366,2.39246599105,0.572183098592,0.968626760563,1.0,1.96702449651,0.149321699985,0.159721706526,0.170678002876,0.0656857517798,0.49824325847,1.0,1.0,0.973855633803,0.198063380282,0.916549295775,1.91690140845,8.51452464789,45.8832746479,0.104577464789,0.00580985915493,0.437323943662,0.00139436619718,Class 4
0.761785608014,0.507042253521,4.33666955036,0.836267605634,0.949295774648,1.0,2.99290676643,0.207865753938,0.224825190314,0.160917972624,0.0941421269407,0.440681978032,1.0,1.0,0.957746478873,0.309507042254,0.868661971831,2.83802816901,13.2498239437,70.8846830986,0.169014084507,0.0,0.675,0.00225352112676,Class 4
0.976952737552,0.0950704225352,-0.287456770031,0.112676056338,0.990492957746,1.0,0.131733306532,0.0290361380503,0.0322058300995,0.182274102361,0.0254386229432,0.0714457189119,1.0,1.0,0.992077464789,0.019014084507,0.98838028169,0.345070422535,0.217253521127,1.44102112676,0.0316901408451,0.00105633802817,0.00950704225352,0.000422535211268,Class 4
0.786283971434,0.754225352113,1.47382493735,0.638204225352,0.924577464789,1.0,1.77761434346,0.185391164659,0.210536021198,0.14911004761,0.12505957591,0.165866692245,1.0,1.0,0.937147887324,0.221830985915,0.884154929577,1.71408450704,6.52992957746,32.649471831,0.251408450704,0.00845070422535,0.28838028169,0.00335211267606,Class 4
0.887387175164,0.209154929577,1.56082893383,0.419014084507,0.979084507042,1.0,1.43779457825,0.114270954394,0.121262087232,0.176150317397,0.0479425616192,0.534455743859,1.0,1.0,0.982570422535,0.141549295775,0.941197183099,1.45633802817,6.16232394366,33.5093309859,0.0697183098592,0.00105633802817,0.320070422535,0.000929577464789,Class 4
0.649042104741,0.722535211268,9.06846750456,1.27992957746,0.927746478873,1.0,4.77914444867,0.280974190171,0.304978823743,0.150581729816,0.121366554147,0.444780397271,1.0,1.0,0.939788732394,0.498591549296,0.793661971831,4.51338028169,22.1278169014,118.535035211,0.240845070423,-0.0116197183099,1.13450704225,0.00321126760563,Class 4
0.838851914303,0.621126760563,0.529435751043,0.4375,0.937887323944,1.0,1.14904639898,0.14513015607,0.165891419707,0.155374429677,0.109043175985,0.106922031692,1.0,1.0,0.94823943662,0.153169014085,0.914436619718,1.16056338028,3.71742957746,17.8966549296,0.207042253521,-0.00316901408451,0.148943661972,0.00276056338028,Class 4
0.796226443166,0.416901408451,3.4761604938,0.723767605634,0.958028169014,1.0,2.55999362605,0.185519398381,0.199376323635,0.165164773854,0.0839140273352,0.46637237276,1.0,1.0,0.964994131455,0.26161971831,0.889436619718,2.44647887324,11.2463028169,60.3227112676,0.139436619718,0.00316901408451,0.575704225352,0.00185289514867,Class 4
0.834247421147,0.35176056338,2.45198806456,0.588028169014,0.964823943662,1.0,2.02182601706,0.156104377295,0.167836211129,0.168721545824,0.0716688683962,0.463882083099,1.0,1.0,0.970686619718,0.206514084507,0.91161971831,1.96338028169,8.69832746479,46.6924295775,0.117253521127,0.00369718309859,0.443661971831,0.00156338028169,Class 4
0.976250991867,0.0855633802817,-0.219212607103,0.115316901408,0.991443661972,1.0,0.172576038016,0.0308195722121,0.0336786445899,0.182791670799,0.0233319744791,0.191352417124,1.0,1.0,0.99286971831,0.0216549295775,0.988028169014,0.380985915493,0.435123239437,2.68855633803,0.0285211267606,-0.000528169014085,0.0221830985915,0.000380281690141,Class 4
0.847031095021,0.269366197183,2.55677319921,0.56426056338,0.973063380282,1.0,2.0252414327,0.145720805539,0.154722408636,0.172983101071,0.0584114296709,0.543935992738,1.0,1.0,0.977552816901,0.19911971831,0.918661971831,1.97183098592,8.90589788732,48.2684859155,0.0897887323944,0.00158450704225,0.462676056338,0.00119718309859,Class 4
0.848977881373,0.348591549296,1.93819772656,0.522007042254,0.96514084507,1.0,1.74731827186,0.145037981311,0.15668646987,0.168883902004,0.07117847322,0.424738242519,1.0,1.0,0.970950704225,0.181690140845,0.920070422535,1.71830985915,7.34436619718,39.2684859155,0.116197183099,0.00211267605634,0.370774647887,0.00154929577465,Class 4
0.94274077564,0.228169014085,-0.15410628616,0.181338028169,0.977183098592,1.0,0.359114027821,0.0623086839085,0.0699234303494,0.175145308471,0.0513311339924,0.0926224831057,1.0,1.0,0.980985915493,0.0496478873239,0.970774647887,0.518309859155,0.919190140845,4.59524647887,0.0760563380282,-0.00211267605634,0.0348591549296,0.00101408450704,Class 4
0.873772317001,0.266197183099,1.63733852516,0.461267605634,0.97338028169,1.0,1.5228005918,0.125597247918,0.13440971162,0.173148680817,0.0578785612772,0.484764481443,1.0,1.0,0.977816901408,0.154225352113,0.933802816901,1.52605633803,6.43802816901,34.7230633803,0.0887323943662,0.00528169014085,0.329577464789,0.00118309859155,Class 4
0.993675609998,0.0221830985915,-0.301082399048,0.0783450704225,0.997781690141,1.0,0.0474027437676,0.0100227356653,0.010753750648,0.186270643226,0.00749783585813,0.254349655622,1.0,1.0,0.998151408451,0.00580985915493,0.996830985915,0.285915492958,0.031073943662,0.802992957746,0.00739436619718,0.000528169014085,0.00633802816901,9.85915492958e-05,Class 4
0.875455514779,0.456338028169,0.400419812778,0.360915492958,0.954366197183,1.0,0.933260707108,0.119579025973,0.134842518711,0.163433346558,0.0871123483072,0.143825009943,1.0,1.0,0.961971830986,0.119366197183,0.93485915493,0.987323943662,3.07728873239,15.249471831,0.152112676056,0.0,0.129929577465,0.00202816901408,Class 4
1.0,0.0,-0.333333333333,0.0625,1.0,1.0,0.0,-0.0,-0.0,0.1875,-0.0,nan,1.0,1.0,1.0,0.0,1.0,0.25,-0.125,0.0625,0.0,0.0,0.0,0.0,Class 4
0.71675089268,0.497535211268,6.84583556045,1.05545774648,0.950246478873,1.0,3.97797759952,0.236565095415,0.253194365093,0.161387187562,0.0928445688474,0.517048261506,1.0,1.0,0.958538732394,0.399823943662,0.839084507042,3.75070422535,18.3337147887,98.873415493,0.165845070423,-0.00264084507042,0.950704225352,0.00221126760563,Class 4
0.931949513985,0.25985915493,-0.0486022148305,0.215669014085,0.974014084507,1.0,0.462827910577,0.0726285393524,0.0813202504948,0.173480212259,0.0568071745366,0.121502451745,1.0,1.0,0.978345070423,0.0612676056338,0.96514084507,0.602816901408,1.3264084507,6.66566901408,0.0866197183099,0.0,0.0538732394366,0.00115492957746,Class 4
0.921873388217,0.221830985915,0.442219277451,0.271126760563,0.977816901408,1.0,0.758468975452,0.0847576880218,0.092177441436,0.175479815513,0.0502106558535,0.32968406863,1.0,1.0,0.981514084507,0.0834507042254,0.95985915493,0.862676056338,2.84278169014,15.1998239437,0.0739436619718,0.0,0.139436619718,0.000985915492958,Class 4
0.91326100972,0.307394366197,0.187120337154,0.279049295775,0.96926056338,1.0,0.665932262952,0.0899451758426,0.100188176277,0.171005814818,0.0646668441023,0.181422232811,1.0,1.0,0.974383802817,0.0829225352113,0.955281690141,0.771830985915,2.17174295775,11.0600352113,0.102464788732,0.00369718309859,0.0950704225352,0.0013661971831,Class 4
0.885734725253,0.32323943662,0.894000926097,0.387323943662,0.967676056338,1.0,1.12833208116,0.11533588082,0.126072439887,0.170187214838,0.0672021475687,0.330620853091,1.0,1.0,0.973063380282,0.124647887324,0.940492957746,1.17323943662,4.36866197183,23.049471831,0.107746478873,0.00528169014085,0.212323943662,0.00143661971831,Class 4
0.481347450903,0.96338028169,26.8027855543,2.3389084507,0.903661971831,1.0,8.74095148537,0.377868484032,0.410090407082,0.139707895259,0.147784514197,0.462599885408,1.0,1.0,0.919718309859,0.91161971831,0.642605633803,8.40281690141,43.2445422535,233.309330986,0.321126760563,-0.00105633802817,2.25316901408,0.00428169014085,Class 4
0.864015572307,0.335915492958,1.50716927658,0.463908450704,0.966408450704,1.0,1.49877782085,0.133294856875,0.144518939557,0.169534566554,0.0692023017753,0.394146439366,1.0,1.0,0.972007042254,0.158450704225,0.928521126761,1.4985915493,6.14964788732,32.7698943662,0.111971830986,0.00211267605634,0.307394366197,0.00149295774648,Class 4
0.892870214243,0.358098591549,0.470465358665,0.329225352113,0.964190140845,1.0,0.893927970747,0.107713108427,0.119690033718,0.168397205416,0.0726453698779,0.213054608918,1.0,1.0,0.970158450704,0.107218309859,0.944366197183,0.964084507042,3.13987676056,16.1125,0.119366197183,-0.000528169014085,0.142605633803,0.00159154929577,Class 4
0.555974261059,0.570422535211,21.799337879,2.01936619718,0.942957746479,1.0,7.86828422652,0.328406669904,0.347470740934,0.157818389208,0.10256685964,0.604637554848,1.0,1.0,0.952464788732,0.779577464789,0.708450704225,7.47535211268,38.8633802817,211.308978873,0.19014084507,0.00316901408451,2.05352112676,0.00253521126761,Class 4
0.79199613172,0.443661971831,3.47172642801,0.727992957746,0.955633802817,1.0,2.57478000331,0.186842459422,0.201679781597,0.164067149375,0.0853112667287,0.446925151997,1.0,1.0,0.963028169014,0.26514084507,0.886971830986,2.45774647887,11.2628521127,60.3001760563,0.147887323944,0.00105633802817,0.573591549296,0.00197183098592,Class 4
0.86663310851,0.310563380282,1.58518402628,0.448063380282,0.968943661972,1.0,1.52485793905,0.131322930978,0.141660596896,0.170841846856,0.0651771060466,0.430461763462,1.0,1.0,0.97411971831,0.158450704225,0.929929577465,1.52394366197,6.33978873239,33.9487676056,0.103521126761,-0.00422535211268,0.320070422535,0.00138028169014,Class 4
0.798833316802,0.703521126761,1.35312185523,0.577464788732,0.929647887324,1.0,1.6776711904,0.176970692532,0.200496399553,0.151470690339,0.119115916228,0.16918937952,1.0,1.0,0.941373239437,0.208098591549,0.891549295775,1.62746478873,6.14806338028,30.8188380282,0.234507042254,-0.00211267605634,0.272535211268,0.00312676056338,Class 4
0.643930519738,0.579929577465,11.1987156916,1.41197183099,0.942007042254,1.0,5.38637804817,0.281392193987,0.30078578883,0.157357729121,0.103798301495,0.53383006276,1.0,1.0,0.951672535211,0.541373239437,0.787323943662,5.0838028169,25.5717429577,138.214612676,0.193309859155,-0.00158450704225,1.33415492958,0.00257746478873,Class 4
0.91798155128,0.177464788732,0.816615180041,0.31073943662,0.982253521127,1.0,0.962119921411,0.0886981052511,0.0946120435693,0.177835250942,0.0421008511579,0.484247517727,1.0,1.0,0.985211267606,0.0971830985915,0.957746478873,1.04436619718,3.93767605634,21.4512323944,0.0591549295775,0.00211267605634,0.202816901408,0.000788732394366,Class 4
0.976943562785,0.0760563380282,-0.184838587555,0.12588028169,0.992394366197,1.0,0.188365985658,0.0304557679869,0.0328837673989,0.183310355088,0.02117375782,0.29775499955,1.0,1.0,0.993661971831,0.0221830985915,0.98838028169,0.395774647887,0.53573943662,3.29172535211,0.0253521126761,0.00316901408451,0.0285211267606,0.000338028169014,Class 4
0.956364560603,0.0697183098592,0.37772990961,0.197183098592,0.993028169014,1.0,0.580663460317,0.0524494473815,0.054767448799,0.183656764531,0.0197031973212,0.629680627991,1.0,1.0,0.994190140845,0.0549295774648,0.977816901408,0.729577464789,2.40070422535,13.5741197183,0.0232394366197,-0.00105633802817,0.129929577465,0.00030985915493,Class 4
0.954268250347,0.177464788732,-0.170314918978,0.165492957746,0.982253521127,1.0,0.298566802474,0.0522352976169,0.058165637737,0.177835250942,0.0421008511579,0.116332491123,1.0,1.0,0.985211267606,0.0401408450704,0.97676056338,0.473943661972,0.771830985915,4.05334507042,0.0591549295775,0.00105633802817,0.0316901408451,0.000788732394366,Class 4
0.946076423329,0.16161971831,0.129258821092,0.199823943662,0.983838028169,1.0,0.493931057262,0.0623349988951,0.0677393199222,0.17868236709,0.0390782043889,0.308535048845,1.0,1.0,0.986531690141,0.0554577464789,0.972535211268,0.642957746479,1.74075704225,9.46179577465,0.0538732394366,-0.000528169014085,0.0855633802817,0.000718309859155,Class 4
0.69399003174,0.475352112676,8.55165734431,1.20070422535,0.952464788732,1.0,4.56080644631,0.249679758807,0.265560875042,0.162486361833,0.0897805505876,0.559993788179,1.0,1.0,0.960387323944,0.452112676056,0.822887323944,4.29577464789,21.4021126761,115.852992958,0.158450704225,0.00316901408451,1.11866197183,0.00211267605634,Class 4
0.990174568538,0.0380281690141,-0.30179110603,0.0836267605634,0.996197183099,1.0,0.0631009458832,0.0143870893166,0.0156590470448,0.185396250744,0.0118627299605,0.13702134945,1.0,1.0,0.996830985915,0.00845070422535,0.995070422535,0.296478873239,0.0588028169014,0.871654929577,0.012676056338,0.0,0.00633802816901,0.000169014084507,Class 4
0.970037938901,0.0665492957746,0.0396951962463,0.157570422535,0.993345070423,1.0,0.341609646573,0.03863568772,0.040679746315,0.183830155227,0.0189575569233,0.548821577981,1.0,1.0,0.994454225352,0.0343309859155,0.98485915493,0.52676056338,1.28125,7.4389084507,0.0221830985915,0.00369718309859,0.0697183098592,0.000295774647887,Class 4
1.0,0.0,-0.333333333333,0.0625,1.0,1.0,0.0,-0.0,-0.0,0.1875,-0.0,nan,1.0,1.0,1.0,0.0,1.0,0.25,-0.125,0.0625,0.0,0.0,0.0,0.0,Class 4
0.917902449911,0.215492957746,0.59188877145,0.297535211268,0.978450704225,1.0,0.850306951345,0.0885753122632,0.0957425410536,0.175814818488,0.0490812173819,0.385845253245,1.0,1.0,0.982042253521,0.0908450704225,0.957746478873,0.942957746479,3.30070422535,17.7498239437,0.0718309859155,0.00316901408451,0.164788732394,0.000957746478873,Class 4
