0.641457100592,20.5961538462,322.645244976,21.3188100962,0.841156653807,1.0,73.1068556511,0.381622541818,0.423200943688,0.0383228550296,0.332661549238,0.362356014648,1.0,1.0,0.852062640885,1.82692307692,0.798076923077,74.8521634615,1726.20537861,42886.8713379,1.67307692308,-0.192307692308,13.7884615385,0.000316742081448,Class 1
0.570636094675,21.1826923077,661.064277878,31.8728966346,0.866979863633,1.0,116.630546269,0.439716028941,0.482834514671,0.0422753328402,0.262978562105,0.431905048244,1.0,1.0,0.875761217949,2.61057692308,0.75,119.739182692,2974.96274038,77389.3587928,1.60576923077,-0.254807692308,24.9615384615,0.00032576228078,Class 1
0.704326923077,20.1923076923,135.721813748,13.7707331731,0.87096860934,1.0,44.2804117902,0.290301848493,0.324316356347,0.0433385724852,0.235376010921,0.158699182635,1.0,1.0,0.879339250493,1.28846153846,0.836538461538,45.0637019231,897.561147837,19773.6676119,1.59615384615,-0.192307692308,6.375,0.0003105314524,Class 1
0.818417159763,11.1634615385,88.3292703197,9.20102163462,0.928292294782,1.0,28.6488344589,0.198895087507,0.216262202642,0.0494753143491,0.15829931691,0.341208029086,1.0,1.0,0.932752183714,0.793269230769,0.903846153846,28.859375,588.328425481,13060.0897123,0.875,-0.0625,4.51923076923,0.000171679531541,Class 1
0.641457100592,20.5961538462,322.645244976,21.3188100962,0.841156653807,1.0,73.1068556511,0.381622541818,0.423200943688,0.0383228550296,0.332661549238,0.362356014648,1.0,1.0,0.852062640885,1.82692307692,0.798076923077,74.8521634615,1726.20537861,42886.8713379,1.67307692308,-0.192307692308,13.7884615385,0.000316742081448,Class 1
0.704326923077,20.1923076923,135.721813748,13.7707331731,0.87096860934,1.0,44.2804117902,0.290301848493,0.324316356347,0.0433385724852,0.235376010921,0.158699182635,1.0,1.0,0.879339250493,1.28846153846,0.836538461538,45.0637019231,897.561147837,19773.6676119,1.59615384615,-0.192307692308,6.375,0.0003105314524,Class 1
0.335613905325,28.6153846154,2266.93778491,69.3825120192,0.744023540873,1.0,234.768346821,0.671313079456,0.821619818907,0.0258760170118,0.514110344261,0.285648090027,1.0,1.0,0.762119170893,4.98076923077,0.567307692308,245.217548077,6373.08037861,170397.239727,2.26923076923,0.0673076923077,54.7692307692,0.000440067429687,Class 1
0.540680473373,27.5673076923,527.375155813,31.7887620192,0.818193864409,1.0,101.934088789,0.496690426367,0.545597950476,0.0356300850592,0.359977477679,0.317508715513,1.0,1.0,0.828139969005,2.53365384615,0.730769230769,105.469951923,2416.74399038,58841.8071101,2.10576923077,-0.120192307692,19.7884615385,0.000423949368586,Class 1
0.570636094675,21.1826923077,661.064277878,31.8728966346,0.866979863633,1.0,116.630546269,0.439716028941,0.482834514671,0.0422753328402,0.262978562105,0.431905048244,1.0,1.0,0.875761217949,2.61057692308,0.75,119.739182692,2974.96274038,77389.3587928,1.60576923077,-0.254807692308,24.9615384615,0.00032576228078,Class 1
0.752034023669,6.53846153846,398.210368135,19.2767427885,0.942533936652,1.0,77.2245995364,0.263601480397,0.27878355917,0.0495330991124,0.140932201775,0.65184900071,1.0,1.0,0.945054945055,1.56730769231,0.865384615385,78.0396634615,2042.86132812,54803.7678223,0.538461538462,-0.134615384615,18.0673076923,0.00010055304173,Class 1
0.426775147929,17.1057692308,1659.59109074,49.9498197115,0.829511333206,1.0,194.353691045,0.613268778038,0.679535474828,0.034197022929,0.364151558821,0.466839899437,1.0,1.0,0.837908565793,4.08173076923,0.644230769231,201.965144231,5280.35546875,141822.199989,1.47115384615,-0.341346153846,46.7211538462,0.000263064501819,Class 1
0.362056213018,39.6346153846,1045.02178449,47.0880408654,0.724551709089,1.0,152.429447195,0.638971892221,0.728222848222,0.0275402181953,0.461785318334,0.221894697506,1.0,1.0,0.741835728374,3.83653846154,0.586538461538,159.924278846,3709.69185697,91806.0827261,3.15384615385,-0.201923076923,30.5480769231,0.000609528879425,Class 1
0.613905325444,15.3365384615,560.295186289,29.5279447115,0.880412310813,1.0,101.11565654,0.378280920913,0.42127828844,0.0423100036982,0.247151530831,0.418433973194,1.0,1.0,0.88688715131,2.27403846154,0.778846153846,103.292067308,2536.71965144,64901.5659743,1.25961538462,-0.00480769230769,22.2692307692,0.000235856031704,Class 1
0.574704142012,37.3461538462,74.377432226,20.0844350962,0.757221178183,1.0,47.854554006,0.373031208976,0.440892280367,0.0327292899408,0.373031208976,0.0603351151205,1.0,1.0,0.77417714497,1.71153846154,0.75,49.4290865385,798.653695913,14636.1285494,2.96153846154,-0.125,3.23076923077,0.00057433531482,Class 1
0.583025147929,26.8173076923,346.720066277,25.6878004808,0.817253582145,1.0,79.4926436012,0.42930850563,0.481409851034,0.0364852995562,0.352966412447,0.202966615474,1.0,1.0,0.829872851507,2.11057692308,0.759615384615,81.8930288462,1765.99038462,40953.2662447,2.08653846154,-0.120192307692,14.0288461538,0.000412415343211,Class 1
0.784578402367,10.1442307692,207.374441219,13.2334735577,0.91572171856,1.0,49.2410516616,0.24510218484,0.254495225235,0.0462278106509,0.222021087727,0.586990680023,1.0,1.0,0.920761570161,1.13942307692,0.884615384615,49.7439903846,1187.21424279,29928.5488469,0.817307692308,-0.129807692308,10.0384615385,0.000156005086801,Class 1
0.570636094675,21.1826923077,661.064277878,31.8728966346,0.866979863633,1.0,116.630546269,0.439716028941,0.482834514671,0.0422753328402,0.262978562105,0.431905048244,1.0,1.0,0.875761217949,2.61057692308,0.75,119.739182692,2974.96274038,77389.3587928,1.60576923077,-0.254807692308,24.9615384615,0.00032576228078,Class 1
0.613905325444,15.3365384615,560.295186289,29.5279447115,0.880412310813,1.0,101.11565654,0.378280920913,0.42127828844,0.0423100036982,0.247151530831,0.418433973194,1.0,1.0,0.88688715131,2.27403846154,0.778846153846,103.292067308,2536.71965144,64901.5659743,1.25961538462,-0.00480769230769,22.2692307692,0.000235856031704,Class 1
0.719859467456,15.0288461538,250.196644095,18.30078125,0.901471813697,1.0,59.4062518305,0.29538921534,0.320730405213,0.0462509245562,0.214047012988,0.31351726709,1.0,1.0,0.908411700479,1.44711538462,0.846153846154,60.3209134615,1382.81520433,33609.2904334,1.16346153846,-0.0528846153846,11.5,0.000231124123858,Class 1
0.68676035503,15.0096153846,330.971634062,19.3740985577,0.882236066746,1.0,70.8221540156,0.341328358074,0.380432661064,0.0421828772189,0.272492720704,0.349998730989,1.0,1.0,0.889162440124,1.6875,0.826923076923,72.1814903846,1677.84495192,40973.9098745,1.20192307692,-0.1875,14.5,0.000230828379617,Class 1
0.641272189349,23.1346153846,295.605741496,22.5339543269,0.851755130093,1.0,71.6971391351,0.384096640698,0.425385980049,0.0402413091716,0.298975166474,0.248335800853,1.0,1.0,0.860565035926,1.80769230769,0.798076923077,73.4387019231,1692.37184495,42332.3824557,1.78846153846,-0.125,12.7980769231,0.000355780321178,Class 1
0.87074704142,11.4134615385,-0.0716976629752,4.85126201923,0.933092235063,1.0,11.1900545828,0.138645435735,0.15819758723,0.0505616678994,0.138645435735,0.00707112453985,1.0,1.0,0.937514088476,0.4375,0.932692307692,11.2103365385,145.134014423,1887.78938176,0.875,-0.0625,0.0,0.000175524206666,Class 1
0.802144970414,13.2307692308,65.7500939633,9.20102163462,0.901529099704,1.0,26.1067775133,0.198098863511,0.222021087727,0.0463433801775,0.198098863511,0.281952345082,1.0,1.0,0.908741899127,0.788461538462,0.894230769231,26.3137019231,511.389272837,11266.0191744,1.09615384615,-0.0576923076923,3.36538461538,0.000203472037382,Class 1
0.581730769231,13.7115384615,845.760408915,35.6661658654,0.879288627166,1.0,132.840235414,0.468123746101,0.515491186349,0.0411774223373,0.29567827786,0.450695796462,1.0,1.0,0.886832998732,2.75961538462,0.759615384615,136.424278846,3568.06685697,96042.615178,1.11538461538,-0.134615384615,31.0192307692,0.000210865643392,Class 1
0.55750739645,18.9903846154,902.823624901,39.6012620192,0.882224815491,1.0,143.646179398,0.460283415337,0.505942827409,0.0431652181953,0.259997478379,0.433869570624,1.0,1.0,0.889445970696,2.97596153846,0.740384615385,147.441105769,3886.32872596,105883.68842,1.39423076923,-0.139423076923,32.4807692308,0.000292047437376,Class 1
0.767381656805,15.7403846154,154.774840948,14.5063100962,0.913946557731,1.0,44.9500281125,0.26016381601,0.285505005883,0.0483658468935,0.179328663909,0.298982066714,1.0,1.0,0.919485242322,1.12019230769,0.875,45.5036057692,1054.34465144,26768.4391714,1.16346153846,-0.0625,7.57692307692,0.000242066660752,Class 1
0.463387573964,27.7403846154,1055.05284647,46.5952524038,0.810382731905,1.0,156.166185463,0.557249309164,0.624700199833,0.0338849852071,0.389848638675,0.347525002207,1.0,1.0,0.820694209637,3.48557692308,0.673076923077,161.897836538,4043.76352163,105248.550049,2.08653846154,-0.0625,33.9711538462,0.000426611066749,Class 1
0.538646449704,15.2884615385,1018.7532084,42.1805889423,0.830212383444,1.0,147.923781371,0.499938538404,0.586121219123,0.0346939718935,0.390914130893,0.407429995717,1.0,1.0,0.844140514934,3.11538461538,0.730769230769,152.361778846,3903.84540264,102531.110821,1.28846153846,0.00961538461538,34.6538461538,0.000235116671103,Class 1
0.488165680473,20.1346153846,1177.28032308,44.7274639423,0.843833853252,1.0,164.477482013,0.541932296458,0.606088726802,0.0366586538462,0.338437228626,0.396297260381,1.0,1.0,0.85175709707,3.49038461538,0.692307692308,170.020432692,4387.11132813,116739.701116,1.55769230769,-0.201923076923,37.9038461538,0.000309644219679,Class 1
0.488165680473,25.3846153846,893.513124097,40.8103966346,0.823055617378,1.0,140.39229891,0.539337079375,0.596218678222,0.0365893121302,0.336319019727,0.392314671825,1.0,1.0,0.833284023669,3.14423076923,0.692307692308,145.328125,3704.38416466,99568.4042405,2.01923076923,-0.134615384615,30.375,0.000390382397303,Class 1
0.46375739645,15.8365384615,1669.19024686,52.7527043269,0.864804001011,1.0,203.924539703,0.559555463727,0.617856028232,0.0384730954142,0.31700246228,0.465184663318,1.0,1.0,0.872046703297,4.05288461538,0.673076923077,210.671875,5695.65084135,157094.81342,1.22115384615,-0.274038461538,49.2115384615,0.000243545381954,Class 1
0.643306213018,26.2403846154,139.212977179,18.37890625,0.827947126622,1.0,49.2738483554,0.341744225672,0.389596616557,0.0385424371302,0.302176273487,0.119839452155,1.0,1.0,0.838929980276,1.52403846154,0.798076923077,50.4939903846,952.973858173,20074.9965633,2.08653846154,-0.0625,6.25,0.000403543016,Class 1
0.451923076923,31.8365384615,741.259217324,38.0063100962,0.760904686303,1.0,124.787392637,0.561338798943,0.634888269683,0.0301058616864,0.408165686661,0.30616492666,1.0,1.0,0.77458086785,3.09134615385,0.663461538462,129.883413462,3081.74819712,78668.7383,2.60576923077,-0.1875,24.8942307692,0.000489604589951,Class 1
0.772189349112,3.51923076923,440.929827574,19.7743389423,0.976066908606,1.0,82.4342540836,0.227614622102,0.227614622102,0.0550573224852,0.0705289282214,0.800260993178,1.0,1.0,0.977289377289,1.58653846154,0.875,83.0492788462,2232.09630409,60699.3919208,0.269230769231,-0.134615384615,20.0769230769,5.41211959897e-05,Class 1
0.641272189349,29.6057692308,154.06881397,20.6853966346,0.824956202217,1.0,54.923920257,0.372108383219,0.425385980049,0.0383344119822,0.332540431035,0.14718841216,1.0,1.0,0.836714127219,1.61057692308,0.798076923077,56.3930288462,1123.65745192,25011.7349947,2.22115384615,-0.0625,6.89423076923,0.000455298258066,Class 1
0.611871301775,30.5,187.661113313,19.6709735577,0.810617453196,1.0,60.3025599718,0.398122134928,0.454593553052,0.0364621856509,0.360940487185,0.160244393625,1.0,1.0,0.82313063539,1.76923076923,0.778846153846,62.0925480769,1230.45718149,26911.6156288,2.32692307692,-0.259615384615,8.11538461538,0.000469050365244,Class 1
0.694156804734,10.3173076923,579.892275069,26.1721754808,0.934840640582,1.0,105.944202971,0.287652472961,0.309620004783,0.0494522004438,0.161903318927,0.688358673761,1.0,1.0,0.938982371795,2.10096153846,0.826923076923,107.243990385,2855.33082933,77683.8349046,0.740384615385,-0.216346153846,24.4903846154,0.000158666784964,Class 1
0.735392011834,22.2307692308,63.7737895526,11.5471754808,0.870902082388,1.0,33.621903529,0.274966819584,0.303912011475,0.0432345599112,0.25202340364,0.144965405001,1.0,1.0,0.878957540857,1.07692307692,0.855769230769,34.2079326923,604.286508413,11855.4798114,1.67307692308,-0.192307692308,3.125,0.00034188034188,Class 1
0.426775147929,17.1057692308,1659.59109074,49.9498197115,0.829511333206,1.0,194.353691045,0.613268778038,0.679535474828,0.034197022929,0.364151558821,0.466839899437,1.0,1.0,0.837908565793,4.08173076923,0.644230769231,201.965144231,5280.35546875,141822.199989,1.47115384615,-0.341346153846,46.7211538462,0.000263064501819,Class 1
0.642936390533,25.75,216.187904271,19.61328125,0.8392731945,1.0,61.4993261789,0.342154406394,0.396804620592,0.0394438794379,0.297201087409,0.215727392145,1.0,1.0,0.849823894055,1.70192307692,0.798076923077,62.8762019231,1296.66962139,29046.4562237,1.96153846154,-0.192307692308,9.49038461538,0.00039600153787,Class 1
0.38350591716,22.1634615385,1826.98882587,54.2406850962,0.793255627595,1.0,205.76133363,0.626301231395,0.707307454625,0.0317122781065,0.394451328429,0.488100028228,1.0,1.0,0.805709354748,4.37019230769,0.605769230769,214.147836538,5629.2406851,153046.591515,1.91346153846,-0.341346153846,48.5384615385,0.000340845237039,Class 1
0.453402366864,19.0288461538,1207.66196173,41.6577524038,0.842169215166,1.0,158.782065039,0.570731839339,0.608128114152,0.0377103365385,0.300191331034,0.523703289621,1.0,1.0,0.850750211327,3.55288461538,0.663461538462,164.806490385,4114.97415865,106958.036377,1.60576923077,-0.322115384615,36.8846153846,0.000292638925857,Class 1
0.516642011834,44.0288461538,163.919861608,26.8837139423,0.737018954127,1.0,66.7262194117,0.465487477405,0.545834771457,0.0298747226331,0.435336022914,0.0563305095443,1.0,1.0,0.753224499859,2.15865384615,0.711538461538,69.4651442308,1260.05018029,25649.9199407,3.33653846154,-0.120192307692,6.625,0.000677106438352,Class 1
0.452107988166,19.2211538462,1306.70453471,45.6012620192,0.826663775085,1.0,170.487876244,0.558144977648,0.632703233322,0.0348210983728,0.368410872333,0.387271595635,1.0,1.0,0.83688715131,3.70673076923,0.663461538462,176.614182692,4468.41646635,116519.01354,1.60576923077,-0.254807692308,39.8076923077,0.000295596368261,Class 1
0.362056213018,39.6346153846,1045.02178449,47.0880408654,0.724551709089,1.0,152.429447195,0.638971892221,0.728222848222,0.0275402181953,0.461785318334,0.221894697506,1.0,1.0,0.741835728374,3.83653846154,0.586538461538,159.924278846,3709.69185697,91806.0827261,3.15384615385,-0.201923076923,30.5480769231,0.000609528879425,Class 1
0.735392011834,12.2211538462,397.58832215,22.2154447115,0.913737092405,1.0,82.654193552,0.274966819584,0.303912011475,0.0453148113905,0.211786920228,0.490475873264,1.0,1.0,0.917193223443,1.66826923077,0.855769230769,83.5949519231,2234.64362981,61879.3831318,0.894230769231,-0.129807692308,18.0480769231,0.000187945464762,Class 1
0.802144970414,12.4423076923,201.606956969,10.17578125,0.932960109609,1.0,51.4241223566,0.222021087727,0.222021087727,0.0494868713018,0.152510278532,0.659318263473,1.0,1.0,0.936378205128,1.11538461538,0.894230769231,51.8233173077,1317.11944111,35420.315148,0.865384615385,-0.413461538462,9.98076923077,0.000191346523526,Class 1
0.835613905325,14.3942307692,30.538326763,8.60606971154,0.915803321657,1.0,20.4094437597,0.185117702287,0.198880815404,0.0483542899408,0.185117702287,0.2171646992,1.0,1.0,0.921950725556,0.649038461538,0.913461538462,20.546875,358.901442308,6948.20013897,1.06730769231,-0.00480769230769,1.61538461538,0.000221364563925,Class 1
0.76849112426,20.7211538462,-0.0764232207837,9.45943509615,0.875762797478,1.0,20.0600800261,0.22105951302,0.25797877965,0.0442977995562,0.22105951302,0.0148612485611,1.0,1.0,0.884062411947,0.802884615385,0.875,20.3353365385,260.908653846,3365.34857647,1.60576923077,-0.0625,0.0,0.00031866441901,Class 1
0.735576923077,12.2307692308,294.709908764,16.3753004808,0.923454572317,1.0,64.6804011244,0.290914969062,0.302493045818,0.0483889607988,0.175724661891,0.555128321667,1.0,1.0,0.927765743872,1.47115384615,0.855769230769,65.5877403846,1578.94365986,39738.1262958,0.923076923077,-0.211538461538,13.5192307692,0.000188093336882,Class 1
0.627403846154,24.9711538462,219.453604024,23.5231370192,0.829810868151,1.0,60.578689773,0.374514603952,0.43175209278,0.0385077662722,0.312343327039,0.195717853699,1.0,1.0,0.841420998873,1.71634615385,0.788461538462,62.1670673077,1279.07842548,28896.0776931,1.99038461538,0.129807692308,9.50961538462,0.000384023896135,Class 2
0.888683431953,2.78846153846,118.28890348,7.57241586538,0.971286472149,1.0,27.5048586141,0.123318575916,0.134896652672,0.0539247411243,0.0823783394656,0.620547475182,1.0,1.0,0.972633136095,0.605769230769,0.942307692308,27.5012019231,661.345703125,16365.5286396,0.25,0.0,6.25,4.28829148552e-05,Class 2
0.356878698225,45.1730769231,1148.91564337,58.7503004808,0.702271444058,1.0,166.809529716,0.691881706631,0.793899361077,0.024327385355,0.532127271493,0.165876237451,1.0,1.0,0.72003733446,4.02884615385,0.586538461538,175.481971154,4241.68584736,109448.124192,3.40384615385,0.230769230769,33.0769230769,0.000694703220655,Class 2
0.611871301775,22.9134615385,361.971353371,27.95703125,0.844070574428,1.0,79.8159631873,0.410056101665,0.458963625774,0.0392936390533,0.317762023839,0.237485863743,1.0,1.0,0.854200567061,2.01442307692,0.778846153846,81.9603365385,1856.53185096,45027.817627,1.79807692308,0.129807692308,15.0096153846,0.000352379262414,Class 2
0.691568047337,15.2115384615,527.664281195,33.0003004808,0.910874744724,1.0,104.179280349,0.289825616882,0.315287924959,0.0464127218935,0.186110606032,0.525943962257,1.0,1.0,0.916065705128,2.05769230769,0.826923076923,105.467548077,2877.26066707,81274.4698956,1.05769230769,0.201923076923,22.8173076923,0.000233933694141,Class 2
0.615384615385,22.2788461538,276.76351777,24.9906850962,0.842286337107,1.0,66.3313354782,0.371972476048,0.413660103683,0.0396287906805,0.281863434582,0.224197286455,1.0,1.0,0.852137926176,1.84134615385,0.778846153846,68.0276442308,1403.52283654,31195.7271822,1.81730769231,0.1875,11.6634615385,0.000342619702481,Class 2
0.599667159763,16.7211538462,508.153745741,30.5171274038,0.870863239195,1.0,93.4449413454,0.390333589312,0.434386090062,0.0413392196746,0.259599851848,0.305622679628,1.0,1.0,0.878011411665,2.24519230769,0.769230769231,95.6911057692,2204.78425481,53057.6313289,1.375,0.1875,20.0192307692,0.000257149617011,Class 2
0.706730769231,18.3653846154,380.619091101,29.20703125,0.909061812138,1.0,85.0993663162,0.280908808098,0.302935058473,0.0473950628698,0.176868837132,0.400291129638,1.0,1.0,0.91422275641,1.77884615385,0.836538461538,86.1454326923,2287.14798678,64079.7651179,1.26923076923,0.211538461538,17.1634615385,0.000282435749564,Class 2
0.499445266272,24.0192307692,942.912733447,43.7118389423,0.821923670738,1.0,145.743645125,0.546628711164,0.609178230186,0.0355145155325,0.379173739193,0.326880524538,1.0,1.0,0.83318276275,3.18269230769,0.701923076923,150.828125,3882.56805889,104539.430683,1.88461538462,3.81639164715e-17,32.0961538462,0.000369384556236,Class 2
0.376479289941,51.7884615385,459.125359635,42.1168870192,0.663511721488,1.0,105.181780436,0.599105874546,0.693661275401,0.0251941568047,0.492624323106,0.113886064378,1.0,1.0,0.687470942519,3.16346153846,0.596153846154,110.837740385,2241.41240986,50786.5271372,4.09615384615,0.0865384615385,15.1538461538,0.000796439239346,Class 2
0.516826923077,13.2307692308,1178.57363211,46.6349158654,0.863916027034,1.0,161.152481824,0.490828667279,0.550904087421,0.0385424371302,0.312632389559,0.494351192174,1.0,1.0,0.871687447168,3.35576923077,0.711538461538,165.837740385,4292.65399639,113640.689397,1.13461538462,0.134615384615,38.5673076923,0.000203472037382,Class 2
0.924926035503,6.01923076923,-0.0694758478931,2.98347355769,0.961784209705,1.0,5.94680701825,0.0823783394656,0.0939564162219,0.0539247411243,0.0823783394656,0.00348005280719,1.0,1.0,0.964391377853,0.240384615385,0.961538461538,5.91466346154,73.244140625,910.839637169,0.480769230769,0.0,0.0,9.25679472392e-05,Class 2
0.626849112426,14.7788461538,590.521014839,31.69140625,0.887054999883,1.0,105.237782403,0.412199941285,0.4320411553,0.0431536612426,0.265786516757,0.549067622936,1.0,1.0,0.894028687658,2.27403846154,0.788461538462,107.695913462,2750.43359375,73151.9692195,1.18269230769,0.0721153846154,23.5096153846,0.000227279448733,Class 2
0.502403846154,14.7307692308,1408.9473945,53.6637620192,0.906185162734,1.0,185.173976648,0.481953116623,0.508713272153,0.0462393676036,0.216232049349,0.612388318479,1.0,1.0,0.91230804452,3.72115384615,0.692307692308,190.270432692,5087.61132813,139274.837534,1.09615384615,0.153846153846,44.3461538462,0.000226540088132,Class 2
0.721338757396,20.6538461538,64.1779272553,14.6817908654,0.853766237675,1.0,32.0562271939,0.261784888209,0.298704154838,0.0414894600592,0.261784888209,0.135985887941,1.0,1.0,0.864264581572,1.07692307692,0.846153846154,32.5925480769,562.834585337,11052.6264461,1.69230769231,0.115384615385,3.11538461538,0.000317629314169,Class 2
0.543639053254,10.1442307692,1229.46874495,47.9065504808,0.894566383488,1.0,169.033812315,0.472358021429,0.514057541502,0.0415010170118,0.25599584983,0.569495982207,1.0,1.0,0.898319949281,3.33173076923,0.730769230769,173.455528846,4690.65534856,129090.926852,0.855769230769,0.139423076923,41.2403846154,0.000156005086801,Class 2
0.631102071006,5.26923076923,898.617207237,37.2755408654,0.934780804648,1.0,135.297369558,0.390751815949,0.405933894723,0.0473835059172,0.188735976408,0.718084622647,1.0,1.0,0.937924855593,2.66346153846,0.788461538462,137.991586538,3670.44966947,98880.6437237,0.461538461538,0.0865384615385,33.5096153846,8.10339218644e-05,Class 2
0.768306213018,18.4711538462,64.9100662849,14.5459735577,0.88522805216,1.0,30.6137642004,0.241741567652,0.263767818028,0.0442169008876,0.235952529274,0.219058028305,1.0,1.0,0.892099887292,0.947115384615,0.875,31.0132211538,572.929387019,11845.5849046,1.41346153846,0.177884615385,3.25,0.000284062342886,Class 2
0.641826923077,17.25,381.24842437,26.6841947115,0.867961119872,1.0,78.5395674639,0.372229501422,0.415226868949,0.0412467640533,0.280496199086,0.313148510276,1.0,1.0,0.876310228233,1.91346153846,0.798076923077,80.3088942308,1846.22791466,44776.193303,1.40384615385,0.182692307692,16.0,0.000265282583622,Class 2
0.554548816568,13.5192307692,1018.52305729,46.0579927885,0.861023659622,1.0,150.763226583,0.459584172095,0.530228884059,0.0384153106509,0.325453545203,0.484010788615,1.0,1.0,0.87003909552,3.05769230769,0.740384615385,154.659855769,4121.5851863,112640.334078,1.15384615385,0.278846153846,35.6634615385,0.000207908200988,Class 2
0.581360946746,8.47115384615,1004.61789206,42.1998197115,0.875290294001,1.0,144.888756616,0.456545669345,0.519095188367,0.0386348927515,0.310404954895,0.567583237958,1.0,1.0,0.882467332347,2.91826923077,0.759615384615,148.566105769,3927.10456731,105763.215163,0.798076923077,0.206730769231,35.3846153846,0.000130275337888,Class 2
0.671782544379,8.00961538462,657.348761538,31.6325120192,0.901254095803,1.0,112.34157785,0.351083797596,0.387236993521,0.0424371301775,0.243070520629,0.613169403829,1.0,1.0,0.905730487461,2.20673076923,0.817307692308,114.229567308,3104.39362981,86319.8008,0.721153846154,0.0721153846154,26.8269230769,0.000123177476119,Class 2
0.382951183432,18.4615384615,2243.60626648,68.9029447115,0.823702320368,1.0,234.413786533,0.642983079965,0.723552609075,0.0339196560651,0.391099660015,0.468544328588,1.0,1.0,0.83447185827,4.74038461538,0.605769230769,243.837740385,6586.65880409,182155.583628,1.53846153846,0.221153846154,56.9326923077,0.000283914470766,Class 2
0.737610946746,12.0384615385,345.445211904,26.4029447115,0.928277505223,1.0,73.9179838981,0.266992744845,0.276385785241,0.0494984282544,0.150325242171,0.629395407495,1.0,1.0,0.932646079882,1.54807692308,0.855769230769,74.7415865385,1976.50375601,54939.5253343,0.903846153846,0.336538461538,15.8653846154,0.000185135894478,Class 2
0.425295857988,22.9038461538,1571.0310868,59.4870793269,0.817040424488,1.0,195.041485849,0.618815102185,0.695127734324,0.0338965421598,0.390911714351,0.366091757159,1.0,1.0,0.827583914483,4.07692307692,0.644230769231,202.727163462,5366.4836238,146754.747239,1.80769230769,0.211538461538,45.4615384615,0.000352231390294,Class 2
0.526072485207,13.2692307692,1132.5014459,47.2671274038,0.861998438797,1.0,156.977005118,0.519576381503,0.588513065291,0.0383806397929,0.32934660974,0.467868369411,1.0,1.0,0.870905977036,3.25,0.721153846154,161.852163462,4238.90850361,113887.745136,1.13461538462,0.259615384615,37.5480769231,0.000204063525863,Class 2
0.641642011834,11.9326923077,853.572806245,44.0051081731,0.937785305855,1.0,143.257046424,0.330622105065,0.330622105065,0.0505732248521,0.140830472096,0.664019522057,1.0,1.0,0.941284516765,2.6875,0.788461538462,145.373798077,4120.09254808,119471.562519,0.836538461538,0.302884615385,33.6923076923,0.000183509301156,Class 2
0.546227810651,13.9326923077,1351.53771407,58.1902043269,0.905141807221,1.0,193.172469249,0.427475123925,0.446261204717,0.0452223557692,0.227735069705,0.559010786028,1.0,1.0,0.910675542406,3.61057692308,0.721153846154,197.373798077,5617.06370192,162896.841365,1.02884615385,0.360576923077,46.3076923077,0.000214266702156,Class 2
0.613720414201,9.16346153846,950.361632031,42.5988581731,0.903144164733,1.0,146.538021887,0.395648036048,0.435041401557,0.0441937869822,0.243926604013,0.639912470311,1.0,1.0,0.910347985348,2.80288461538,0.778846153846,149.431490385,4138.75240385,116697.888841,0.778846153846,0.206730769231,35.4134615385,0.000140922130542,Class 2
0.56749260355,19.1730769231,829.066130863,43.1553485577,0.846649892299,1.0,135.801717847,0.469071401554,0.527727856039,0.0382535133136,0.340635623977,0.400289240448,1.0,1.0,0.859004296985,2.83653846154,0.75,139.501201923,3660.34810697,99481.2618127,1.48076923077,0.259615384615,30.4326923077,0.00029485700766,Class 2
0.574519230769,9.79807692308,1182.36587812,48.9390024038,0.913700809565,1.0,170.493121853,0.423767879463,0.449519250059,0.0443671412722,0.221825583724,0.578558679197,1.0,1.0,0.916632326007,3.23557692308,0.75,174.195913462,4842.15594952,136610.185566,0.759615384615,0.206730769231,41.5,0.000150681690474,Class 2
0.555103550296,25.7884615385,442.298224931,32.6817908654,0.806703200423,1.0,90.1577955567,0.455980170078,0.52006977296,0.0346824149408,0.389448816947,0.220999319949,1.0,1.0,0.819622164694,2.33653846154,0.740384615385,93.0588942308,2047.06084736,47968.1518367,2.07692307692,0.240384615385,17.1057692308,0.000396593026351,Class 2
0.597633136095,17.6442307692,687.50146701,36.73828125,0.88514721306,1.0,119.290321726,0.445386041779,0.47680533255,0.0431883321006,0.257523379499,0.435854617988,1.0,1.0,0.891273069879,2.53365384615,0.769230769231,122.354567308,3187.46995192,86575.6304274,1.33653846154,0.129807692308,26.4903846154,0.000271345340549,Class 2
0.803624260355,17.3076923077,127.818733609,17.1673677885,0.923417290674,1.0,42.5985722915,0.173523744341,0.19562476463,0.049718010355,0.117776048263,0.187318020425,1.0,1.0,0.927884615385,1.00961538462,0.894230769231,42.7800480769,1022.32827524,26744.4255747,1.15384615385,0.144230769231,6.49038461538,0.000266169816343,Class 2
0.599112426036,22.7692307692,350.984400049,26.2058293269,0.827841756477,1.0,77.1973596828,0.405440898171,0.448149203179,0.0366933247041,0.326206256917,0.261631207824,1.0,1.0,0.837602141448,2.01923076923,0.769230769231,79.3137019231,1745.55273438,41308.1802321,1.86538461538,0.0576923076923,14.3846153846,0.000350161180611,Class 2
0.584689349112,24.6346153846,537.089491145,35.8861177885,0.858333292096,1.0,104.884779704,0.427889539974,0.472782881342,0.0413045488166,0.282681235446,0.361037013482,1.0,1.0,0.867331906875,2.43269230769,0.759615384615,107.664663462,2590.47851562,65637.1491324,1.78846153846,0.201923076923,21.0576923077,0.000378848371928,Class 2
0.344674556213,7.97115384615,3787.70876706,83.2034254808,0.857994616945,1.0,307.574996775,0.648454309497,0.729668313283,0.0367626664201,0.324862061174,0.606553904521,1.0,1.0,0.868924344886,5.86057692308,0.557692307692,319.441105769,8922.5390625,252020.66318,0.817307692308,0.0817307692308,78.5961538462,0.000122585987638,Class 2
0.370377218935,33.8846153846,1620.06516881,62.0447716346,0.763516073291,1.0,201.236909146,0.681102835336,0.757340697561,0.0295280140533,0.469492128144,0.285006581835,1.0,1.0,0.777885495914,4.375,0.596153846154,210.520432692,5506.45628005,150772.544866,2.59615384615,0.0673076923077,44.7019230769,0.000521101351551,Class 2
0.689349112426,22.1923076923,121.60837259,17.9582331731,0.861413011156,1.0,43.261070347,0.309432059119,0.344932360091,0.0423909023669,0.254648597385,0.164489224645,1.0,1.0,0.870404515356,1.32692307692,0.826923076923,44.1598557692,820.665715144,16693.3917706,1.73076923077,0.115384615385,5.65384615385,0.0003412888534,Class 2
0.641642011834,22.0192307692,256.012269939,21.89453125,0.835453736035,1.0,64.009118358,0.367449247978,0.41741190531,0.0383459689349,0.335855370533,0.231869296126,1.0,1.0,0.847193311496,1.72115384615,0.798076923077,65.5588942308,1403.00796274,32477.3429425,1.78846153846,-6.93889390391e-17,11.0961538462,0.000338627155236,Class 2
0.853550295858,4.88461538462,176.446912164,12.3031850962,0.966515837104,1.0,40.4849249734,0.159718282567,0.167692357306,0.0539362980769,0.0801933031049,0.640993368138,1.0,1.0,0.968406593407,0.846153846154,0.923076923077,40.5925480769,1039.56775841,27534.7442345,0.384615384615,0.0673076923077,9.02884615385,7.51190370568e-05,Class 2
0.628698224852,14.0,718.514367001,38.9402043269,0.891787852743,1.0,124.262820569,0.385318667552,0.420052897821,0.0431998890533,0.255338343138,0.536377970817,1.0,1.0,0.898030695266,2.47115384615,0.788461538462,126.703125,3470.20087139,98178.9063439,1.09615384615,0.269230769231,28.4807692308,0.000215301806997,Class 2
0.889053254438,6.50961538462,67.329608926,8.56760817308,0.956957013575,1.0,20.82005049,0.117529537537,0.126922577933,0.0528268306213,0.0941859909289,0.550005644784,1.0,1.0,0.959478021978,0.514423076923,0.942307692308,20.8064903846,476.989783654,11878.2106558,0.509615384615,0.129807692308,3.63461538462,0.000100109425369,Class 2
0.447855029586,31.4615384615,974.167181255,48.6168870192,0.769254509907,1.0,149.34818063,0.59909890619,0.68408485631,0.0296320266272,0.457026862481,0.263850768953,1.0,1.0,0.782953384756,3.42307692308,0.663461538462,155.496394231,3878.73722957,102127.693153,2.44230769231,0.134615384615,31.4326923077,0.000483837577263,Class 2
0.42825443787,27.4711538462,1475.90511223,60.5387620192,0.80558079174,1.0,195.673588343,0.592821017359,0.66512740921,0.0329835428994,0.407282255255,0.32317096779,1.0,1.0,0.815925260637,4.05288461538,0.644230769231,202.921875,5458.55709135,152401.490704,2.08653846154,0.206730769231,44.3653846154,0.000422470647384,Class 2
0.411797337278,30.2692307692,1291.3098458,57.4774639423,0.767261120217,1.0,173.32863386,0.635092896579,0.735327752935,0.030221431213,0.470704283993,0.278919686974,1.0,1.0,0.784603497464,3.875,0.634615384615,180.847355769,4566.20748197,120486.074313,2.38461538462,0.336538461538,38.125,0.00046550143436,Class 2
0.656065088757,14.0673076923,431.690595793,27.5171274038,0.882276563309,1.0,83.4416807108,0.384599156115,0.415729384366,0.0422406619822,0.270307684343,0.441630646697,1.0,1.0,0.889379490702,1.92788461538,0.807692307692,85.3112980769,2047.86027644,51450.571383,1.16346153846,0.197115384615,18.0480769231,0.000216336911839,Class 2
0.734467455621,13.625,237.244734421,17.5063100962,0.899480934859,1.0,56.0975509098,0.294518971079,0.32564919933,0.0441937869822,0.243926604013,0.336745609684,1.0,1.0,0.90446120386,1.37019230769,0.855769230769,56.9555288462,1288.56520433,30720.5975248,1.06730769231,-0.00480769230769,11.0,0.00020953479431,Class 2
0.475961538462,28.2211538462,852.919699351,45.4774639423,0.798945080274,1.0,134.95540279,0.56801904689,0.622473372971,0.0336538461538,0.417570753026,0.33270108691,1.0,1.0,0.812815669907,3.1875,0.682692307692,140.296875,3349.06490385,83909.9483361,2.18269230769,0.254807692308,28.4134615385,0.000434004672759,Class 2
0.628143491124,17.8076923077,431.248431849,28.5904447115,0.87756648912,1.0,85.2771125391,0.398725890688,0.422648114904,0.0431998890533,0.261416444036,0.451324466378,1.0,1.0,0.885853849676,2.04807692308,0.788461538462,87.3762019231,2029.89197716,49563.1773776,1.40384615385,0.182692307692,17.6442307692,0.000273859166593,Class 2
0.671227810651,23.4230769231,185.178692045,21.51953125,0.856558559176,1.0,54.9141493158,0.358002739111,0.397396104621,0.0411774223373,0.289600176962,0.189881249701,1.0,1.0,0.865339708369,1.51923076923,0.817307692308,56.2175480769,1178.9914363,27146.5185735,1.78846153846,0.125,8.38461538462,0.000360216484784,Class 3
0.644600591716,29.5769230769,109.983348601,21.4618389423,0.823131731789,1.0,47.6791224076,0.332605791945,0.382267494319,0.0386926775148,0.293037839761,0.0666955279134,1.0,1.0,0.834453367146,1.50961538462,0.798076923077,48.8377403846,896.567457933,18541.6918006,2.26923076923,0.134615384615,5.0,0.000454854641706,Class 3
0.49149408284,30.4807692308,835.551201793,44.6024639423,0.807627720697,1.0,140.496522976,0.516880169104,0.577432597431,0.0357225406805,0.355251514976,0.298549075848,1.0,1.0,0.820561249648,3.15384615385,0.692307692308,145.188701923,3693.08939303,99619.0453163,2.28846153846,0.0576923076923,29.0673076923,0.000468754621004,Class 3
0.767936390533,17.7596153846,57.5696732916,10.8488581731,0.890065978153,1.0,28.4731084726,0.240322601996,0.271741892766,0.0452685835799,0.217286896086,0.100893353596,1.0,1.0,0.897070477599,0.918269230769,0.875,28.8545673077,504.741586538,9760.05470628,1.375,-0.0625,2.88461538462,0.000273119805992,Class 3
0.719119822485,22.1153846154,96.7430345859,16.2322716346,0.866114608398,1.0,39.3219898246,0.29786331422,0.331178578832,0.0422175480769,0.269177781206,0.187753936139,1.0,1.0,0.874240983376,1.19230769231,0.846153846154,40.0733173077,755.422325721,15736.7448355,1.67307692308,0.0576923076923,4.63461538462,0.000340105876438,Class 3
0.640902366864,19.2403846154,354.474158448,21.2803485577,0.847821110041,1.0,76.4652453053,0.383518515659,0.428989982066,0.0392358542899,0.322617047197,0.348930690245,1.0,1.0,0.859335816427,1.87980769231,0.798076923077,78.2776442308,1805.90625,44334.2277832,1.56730769231,-0.245192307692,14.9903846154,0.000295892112501,Class 3
0.751294378698,13.0865384615,213.880689648,16.39453125,0.899494949995,1.0,52.325207686,0.271575555135,0.294731708648,0.0442284578402,0.234533563617,0.372738098381,1.0,1.0,0.904547055509,1.26442307692,0.865384615385,53.0084134615,1229.84375,30368.3299467,1.04807692308,-0.00480769230769,10.1346153846,0.000201253955579,Class 3
0.888683431953,7.01923076923,60.1838440111,6.69981971154,0.961749201828,1.0,19.7830580664,0.123318575916,0.134896652672,0.0539247411243,0.0823783394656,0.317856386394,1.0,1.0,0.964194139194,0.509615384615,0.942307692308,19.7800480769,425.557842548,9861.37869967,0.519230769231,0.0,3.25,0.000107946647739,Class 3
0.434911242604,28.3076923077,1170.08266706,47.7839543269,0.751822718054,1.0,163.604530497,0.608702619211,0.710281671309,0.0271819526627,0.505853870446,0.26898970518,1.0,1.0,0.769520903776,3.66346153846,0.653846153846,170.337740385,4279.66841947,112260.793964,2.28846153846,-0.134615384615,35.9615384615,0.000435335521841,Class 3
0.318971893491,43.9326923077,1409.6450065,59.1084735577,0.698453116956,1.0,179.741502628,0.689963399045,0.812192134164,0.0258066752959,0.52057227894,0.222893953367,1.0,1.0,0.721827451395,4.40865384615,0.548076923077,189.243990385,4440.15294471,110015.661828,3.39423076923,0.0625,36.875,0.00067562771715,Class 3
0.344119822485,38.9423076923,1413.99816937,56.9990985577,0.700330313153,1.0,181.228713106,0.708886585531,0.824788471297,0.023506841716,0.558040438801,0.195295455303,1.0,1.0,0.720019723866,4.24038461538,0.576923076923,190.645432692,4726.09510216,123959.686993,3.09615384615,-0.0480769230769,38.4519230769,0.000598882086771,Class 3
0.801405325444,11.6730769231,129.746747913,11.2887620192,0.923467098536,1.0,36.8855215712,0.222021087727,0.237203166501,0.0483889607988,0.175724661891,0.314692068988,1.0,1.0,0.927845872077,0.942307692308,0.894230769231,37.2175480769,817.34359976,19278.4981408,0.903846153846,-0.0673076923077,6.5,0.000179516753911,Class 3
0.626479289941,15.875,498.817925446,27.6986177885,0.880398295677,1.0,93.2330041163,0.404225866546,0.435645157317,0.0422522189349,0.258440545067,0.415347721676,1.0,1.0,0.886801299662,2.13942307692,0.788461538462,95.4747596154,2309.95222356,58438.1462027,1.27884615385,-0.00480769230769,20.1634615385,0.000244136870434,Class 3
0.228920118343,42.3269230769,2702.9587928,74.5411658654,0.645533647721,1.0,239.646678044,0.831623103587,0.998300065677,0.0183177699704,0.636018244555,0.160177809679,1.0,1.0,0.670756727247,5.61538461538,0.461538461538,254.842548077,6217.10381611,158056.642672,3.38461538462,0.00961538461538,53.8269230769,0.000650933073078,Class 3
0.368158284024,19.4038461538,2060.47095387,64.2527043269,0.77570772531,1.0,214.094876752,0.666490939148,0.767210746141,0.0274362056213,0.45772619629,0.39520778968,1.0,1.0,0.78722747605,4.59615384615,0.596153846154,223.621394231,5726.44576322,150459.799223,1.71153846154,0.259615384615,51.625,0.000298405938544,Class 3
0.437869822485,43.8557692308,671.929017346,44.0087139423,0.722399438637,1.0,128.171608232,0.583642549405,0.672307271456,0.0271126109467,0.508683859308,0.161937976386,1.0,1.0,0.740939349112,3.20673076923,0.653846153846,133.729567308,3144.91045673,80122.2370981,3.27884615385,-0.0144230769231,22.8653846154,0.000674444740189,Class 3
0.423446745562,37.9038461538,841.418129703,45.6769831731,0.740631111602,1.0,138.456039445,0.621242852777,0.713913815116,0.0279215976331,0.487917965937,0.183955245494,1.0,1.0,0.756841715976,3.38461538462,0.644230769231,144.804086538,3457.76968149,88452.8914701,2.92307692308,-4.85722573274e-17,27.1442307692,0.000582911897791,Class 3
0.437869822485,27.3942307692,1108.27124333,48.6950120192,0.80869181592,1.0,156.598284876,0.612884746267,0.669833172576,0.0348326553254,0.366225835973,0.367074644443,1.0,1.0,0.81954027543,3.55288461538,0.653846153846,163.171875,4103.18329327,108533.642747,2.16346153846,0.0721153846154,34.3846153846,0.000421287670423,Class 3
0.818971893491,13.4230769231,31.0280704519,7.57241586538,0.914019347792,1.0,19.4849768255,0.176868837132,0.202499089525,0.0484814164201,0.153698411516,0.0864134251724,1.0,1.0,0.919907016061,0.663461538462,0.903846153846,19.6069711538,329.166015625,6322.9922814,1.07692307692,-0.0576923076923,1.625,0.000206429479786,Class 3
0.704881656805,21.3365384615,100.090397903,13.5315504808,0.851811905133,1.0,39.0767720789,0.274400047305,0.319657221107,0.0404608912722,0.266425972566,0.147997713832,1.0,1.0,0.860893913779,1.21634615385,0.836538461538,39.7439903846,743.418569712,15639.8829815,1.72115384615,-0.129807692308,4.75,0.000328128234703,Class 3
0.871116863905,3.26923076923,152.126423945,9.42097355769,0.971266968326,1.0,34.3778495356,0.138645435735,0.150223512491,0.0539247411243,0.0823783394656,0.597108712535,1.0,1.0,0.972527472527,0.740384615385,0.932692307692,34.4146634615,836.759765625,20821.6521372,0.269230769231,3.46944695195e-18,7.875,5.02765208648e-05,Class 3
0.427699704142,38.5192307692,623.45045045,39.6745793269,0.736981132867,1.0,114.780404734,0.587529299881,0.66140228899,0.0282914201183,0.4523084392,0.179107628747,1.0,1.0,0.752281012257,3.09615384615,0.644230769231,120.179086538,2613.8195613,61389.1411696,3.03846153846,-2.77555756156e-17,20.7980769231,0.000592375713483,Class 3
0.567122781065,20.8269230769,673.944,35.4077524038,0.833350499022,1.0,117.46689442,0.462993300656,0.535701930778,0.0364159578402,0.36567439234,0.323315672661,1.0,1.0,0.84463537264,2.61538461538,0.75,120.804086538,3025.28410457,79225.9732009,1.65384615385,-3.46944695195e-18,25.3173076923,0.000320291012333,Class 3
0.378513313609,27.2692307692,1891.6190061,63.22265625,0.777598344283,1.0,216.410733383,0.652739952794,0.759818980751,0.0290657359467,0.447065229048,0.309419371622,1.0,1.0,0.79096268315,4.55769230769,0.605769230769,225.621394231,5910.12244591,159652.21629,2.09615384615,-7.97972798949e-17,50.1538461538,0.00041936533286,Class 3
0.430103550296,34.4615384615,707.329136062,40.2118389423,0.741693470397,1.0,121.472480166,0.531941120677,0.620496783421,0.0277251294379,0.44253828072,0.174827604763,1.0,1.0,0.75583262891,3.18269230769,0.644230769231,126.385817308,2778.67623197,65131.725755,2.78846153846,-8.32667268469e-17,23.375,0.000529973678763,Class 3
0.514977810651,35.6057692308,412.576756993,33.9918870192,0.756952937932,1.0,93.6489826497,0.498400503747,0.561716093473,0.0304410133136,0.444597023417,0.194104526054,1.0,1.0,0.773953050155,2.49519230769,0.711538461538,97.1430288462,2150.60096154,52151.0829515,2.75961538462,0.0625,15.6923076923,0.000547570461065,Class 3
0.345968934911,35.9807692308,1370.79629297,54.3584735577,0.711845996021,1.0,173.693745311,0.680915722725,0.807710418683,0.0251017011834,0.525796099668,0.191975369527,1.0,1.0,0.732363870104,4.17307692308,0.576923076923,182.525240385,4364.28109976,109843.51016,2.92307692308,-0.00961538461538,37.1538461538,0.000553337473753,Class 3
0.477071005917,33.0096153846,628.568206415,40.0363581731,0.781909677488,1.0,115.698966298,0.524658324754,0.599317219458,0.0329373150888,0.409702063394,0.228532198213,1.0,1.0,0.795802514793,2.91826923077,0.682692307692,120.104567308,2751.50841346,67400.4507399,2.56730769231,0.129807692308,22.1346153846,0.000507644988614,Class 3
0.657359467456,30.4423076923,114.427085321,19.5928485577,0.817242638328,1.0,49.4230022703,0.350630996549,0.392284168334,0.0374329696746,0.344841958171,0.16712002035,1.0,1.0,0.830173552409,1.5,0.807692307692,50.6694711538,967.342998798,20687.9209172,2.26923076923,-0.0576923076923,5.24038461538,0.000468163132523,Class 3
0.428069526627,43.7884615385,517.962835235,37.6517427885,0.719716036011,1.0,108.271659228,0.566148002006,0.656864271952,0.027413091716,0.479872155883,0.127718747741,1.0,1.0,0.737233199493,3.01923076923,0.644230769231,113.294471154,2385.19696514,54587.3683331,3.36538461538,-0.125,17.75,0.000673409635347,Class 3
0.672522189349,20.4615384615,201.517956854,19.7683293269,0.866153165005,1.0,54.6849992479,0.336265551255,0.372054914748,0.0422637758876,0.258729607587,0.247518551764,1.0,1.0,0.87448577064,1.51923076923,0.817307692308,55.8713942308,1151.83278245,25794.8995831,1.61538461538,0.0576923076923,9.03846153846,0.000314671871765,Class 3
0.644970414201,27.1634615385,96.4269757156,17.4221754808,0.818419558711,1.0,42.9254163336,0.327625222573,0.383397397456,0.0378259060651,0.304971584477,0.0599260634103,1.0,1.0,0.830166948436,1.4375,0.798076923077,43.9987980769,758.686899038,14643.3272423,2.18269230769,-0.0144230769231,4.38461538462,0.000417738739538,Class 3
0.572115384615,34.3942307692,150.293898715,23.2262620192,0.784964701051,1.0,57.1381620096,0.39542081396,0.457204262278,0.035052237426,0.341838662468,0.0999428452474,1.0,1.0,0.799108903917,1.84134615385,0.75,58.9891826923,1075.64302885,22063.0144419,2.70192307692,-0.00480769230769,6.375,0.000528938573921,Class 3
0.309541420118,42.9903846154,1331.82486514,56.5628004808,0.671784215645,1.0,171.907028432,0.67886437993,0.798144966751,0.0215652736686,0.534200558782,0.161290835868,1.0,1.0,0.690338827839,4.32211538462,0.538461538462,181.037259615,4198.85396635,103535.408973,3.47115384615,0.0528846153846,35.0480769231,0.000661136249372,Class 3
0.383690828402,14.5576923077,2542.9370872,68.9990985577,0.841768348921,1.0,249.505551691,0.642174610959,0.707428572828,0.0339312130178,0.349094342932,0.548420610274,1.0,1.0,0.846642980417,4.94230769231,0.605769230769,259.332932692,7062.27148438,195981.148381,1.21153846154,0.0192307692308,61.8076923077,0.000223878389968,Class 3
0.507026627219,15.0673076923,1185.51994947,46.1565504808,0.882241555433,1.0,161.242068758,0.517394456753,0.546050586125,0.0421713202663,0.278281759082,0.543600339926,1.0,1.0,0.889182252043,3.40865384615,0.701923076923,166.340144231,4268.68179087,112351.617957,1.20192307692,0.0625,38.2403846154,0.000231715612338,Class 3
0.169933431953,40.9615384615,4216.34786734,88.4510216346,0.658281109185,1.0,292.587510721,0.86583115074,0.992545042558,0.0201322115385,0.573031779706,0.274176107188,1.0,1.0,0.680126884334,6.72115384615,0.365384615385,311.770432692,7766.11373197,200849.379601,3.38461538462,0.00961538461538,68.5384615385,0.000629935232011,Class 3
0.461168639053,32.5576923077,693.064161648,38.3620793269,0.756823086245,1.0,119.551783923,0.566211689664,0.652038480402,0.0287190273669,0.477065554162,0.203201519443,1.0,1.0,0.772501056636,3.04807692308,0.673076923077,124.626201923,2788.25255409,66074.3161997,2.55769230769,-0.0673076923077,23.3942307692,0.000500694998965,Class 3
0.449704142012,38.1730769231,788.056326074,46.3933293269,0.752062703652,1.0,137.122343431,0.566670830485,0.654084531196,0.0288230399408,0.467094388727,0.232686372595,1.0,1.0,0.766266906171,3.26923076923,0.663461538462,142.592548077,3461.95597957,89810.2766864,2.86538461538,0.0769230769231,26.5096153846,0.000587052317156,Class 3
0.440088757396,24.9134615385,1247.83055906,51.2418870192,0.807584410751,1.0,168.979456361,0.604910671529,0.666041224894,0.0337809726331,0.400371582208,0.350691050136,1.0,1.0,0.819597950127,3.71634615385,0.653846153846,175.763221154,4482.02313702,118939.828294,1.99038461538,0.0721153846154,38.1730769231,0.000383136663413,Class 3
0.512943786982,27.9903846154,804.294587764,45.0231370192,0.807486364724,1.0,135.667454863,0.533536972286,0.591427356068,0.0337809726331,0.399241679071,0.294667576535,1.0,1.0,0.819031769513,3.02403846154,0.711538461538,140.340144231,3556.48707933,94920.3895921,2.10576923077,0.206730769231,28.4615384615,0.000430455741874,Class 3
0.657729289941,13.0961538462,468.469314079,26.05078125,0.894687257687,1.0,88.3774118746,0.355653964224,0.394758267214,0.0432461168639,0.246234365262,0.368783619311,1.0,1.0,0.899739363201,2.0,0.807692307692,90.1117788462,2169.02448918,54105.1054124,1.05769230769,0.00961538461538,19.5,0.000201401827699,Class 3
0.525517751479,20.3557692308,869.800177641,40.5327524038,0.820866514043,1.0,135.730304332,0.52293766929,0.58880212781,0.0338965421598,0.399073734754,0.347993545468,1.0,1.0,0.831106473655,2.98557692308,0.721153846154,140.224759615,3544.1108774,93188.3006498,1.66346153846,0.0144230769231,30.3365384615,0.000313045278443,Class 3
0.628513313609,22.0865384615,299.333558855,23.6853966346,0.846976956976,1.0,70.5146193287,0.365410626076,0.408595939267,0.0394901072485,0.288460941967,0.203625528936,1.0,1.0,0.855934770358,1.85096153846,0.788461538462,72.1766826923,1571.71604567,36799.9337628,1.75961538462,0.00480769230769,12.75,0.000339662260077,Class 3
0.690458579882,14.3846153846,399.650624834,24.3440504808,0.88022142086,1.0,81.8779983353,0.287405808744,0.321776206579,0.0404955621302,0.264604768639,0.482894298266,1.0,1.0,0.885073260073,1.81730769231,0.826923076923,82.9915865385,2036.34630409,52028.9033391,1.13461538462,5.20417042793e-17,17.375,0.000221216691805,Class 3
0.599297337278,30.25,184.376384228,26.9618389423,0.808804223597,1.0,59.176064881,0.392033675036,0.435152160766,0.0366702107988,0.330166148915,0.199703203876,1.0,1.0,0.820928430544,1.78846153846,0.769230769231,60.9483173077,1181.19215745,25468.2204965,2.36538461538,0.317307692308,7.89423076923,0.000465205690119,Class 3
0.505547337278,33.6538461538,403.212184893,33.3801081731,0.775374572401,1.0,90.3101187703,0.463241563456,0.532576535527,0.0333995931953,0.363288473057,0.192591772591,1.0,1.0,0.789637926176,2.48076923077,0.701923076923,93.4675480769,2014.24023438,47597.8869629,2.69230769231,0.125,15.2596153846,0.000517552420667,Class 3
0.429918639053,31.4326923077,785.499179029,42.1565504808,0.749381728819,1.0,126.647005727,0.557207540636,0.633297937717,0.029331545858,0.423021886628,0.230654091234,1.0,1.0,0.765858340378,3.23557692308,0.644230769231,131.945913462,2989.80739183,72214.3784743,2.625,0.0817307692308,25.5288461538,0.000483393960903,Class 3
0.515162721893,25.2788461538,730.925548825,39.14453125,0.822946544477,1.0,124.024583601,0.495851634953,0.556693125799,0.0356994267751,0.347633330219,0.26096105166,1.0,1.0,0.832301352494,2.88942307692,0.711538461538,128.080528846,3098.82782452,78857.7360464,1.97115384615,0.0625,26.0576923077,0.000388755803981,Class 3
0.48650147929,33.8942307692,562.879684112,34.98828125,0.77323406417,1.0,108.63992545,0.541233053216,0.624033966975,0.0319780880178,0.436952867541,0.187849940912,1.0,1.0,0.788459337137,2.79326923077,0.692307692308,113.013221154,2546.92938702,61574.4839431,2.625,-0.129807692308,20.125,0.000521249223671,Class 3
0.613535502959,15.1538461538,524.940455342,28.0928485577,0.880427551411,1.0,94.9010735012,0.403500992584,0.437226437918,0.0423215606509,0.252530388486,0.426629811691,1.0,1.0,0.886959795013,2.21153846154,0.778846153846,97.2175480769,2308.68614784,57191.3551119,1.25,0.0,20.7884615385,0.00023304646142,Class 4
0.820821005917,7.09615384615,261.429943948,14.2466947115,0.961756179432,1.0,58.2534051422,0.177157899651,0.18294693803,0.0539247411243,0.0823783394656,0.647700483909,1.0,1.0,0.964219674556,1.125,0.903846153846,58.4723557692,1633.79822716,47280.6984112,0.519230769231,-0.144230769231,12.9807692308,0.000109129624701,Class 4
0.801590236686,14.0384615385,101.381593971,12.0447716346,0.923498403657,1.0,33.8789035014,0.204653972592,0.227810126105,0.0495330991124,0.140932201775,0.207170370612,1.0,1.0,0.928388278388,0.903846153846,0.894230769231,34.140625,726.231820913,16907.8623235,1.03846153846,0.0,5.13461538462,0.000215893295478,Class 4
0.818417159763,11.8461538462,110.17345499,10.7707331731,0.919629922178,1.0,33.7337339345,0.204684125885,0.216262202642,0.0483774038462,0.181513700269,0.370599552174,1.0,1.0,0.925474605523,0.846153846154,0.903846153846,33.9771634615,779.779296875,19568.3355807,0.923076923077,-0.0576923076923,5.63461538462,0.000182178452075,Class 4
0.510909763314,14.4903846154,967.982992074,42.0916466346,0.87853024142,1.0,137.246186453,0.477004676573,0.506715939167,0.0434079142012,0.23749421982,0.545842250639,1.0,1.0,0.887906804734,3.12980769231,0.701923076923,141.441105769,3390.1796875,83837.7845741,1.24038461538,0.245192307692,32.125,0.000222843285127,Class 4
0.687684911243,7.50961538462,507.680404383,24.2214543269,0.922427445779,1.0,90.1168229723,0.329340100595,0.372169523806,0.0473026072485,0.194525014786,0.522401832002,1.0,1.0,0.928272048464,1.92788461538,0.826923076923,91.5997596154,2285.38671875,58386.5840032,0.663461538462,-0.0528846153846,21.2596153846,0.000115488125869,Class 4
0.136649408284,16.1923076923,11620.7623641,164.83203125,0.755294200495,1.0,614.826112563,0.831181643456,1.00146957314,0.024431397929,0.471606587942,0.30043811091,1.0,1.0,0.767247376021,11.9903846154,0.278846153846,648.020432692,17858.3144531,496251.904241,1.5,-0.0769230769231,159.451923077,0.000249016650401,Class 4
0.127958579882,39.875,7388.2242926,112.485877404,0.681296433528,1.0,371.932256954,0.944794784528,1.06777561367,0.0218426405325,0.535689759403,0.324800069785,1.0,1.0,0.698617568329,8.32211538462,0.25,398.344951923,10111.6616587,264679.531569,3.24038461538,0.206730769231,90.6538461538,0.00061322568243,Class 4
0.42400147929,20.1538461538,1484.63457315,53.0267427885,0.833483849938,1.0,181.025970116,0.600743969137,0.645637310505,0.0374445266272,0.342656921811,0.450660029031,1.0,1.0,0.845758048042,3.98076923077,0.634615384615,188.256009615,4740.91932091,123354.368333,1.67307692308,0.0673076923077,42.5192307692,0.000309939963919,Class 4
0.702477810651,15.7019230769,267.895535987,18.30078125,0.871752712516,1.0,62.3754092321,0.31823825545,0.363420659338,0.0412120931953,0.284941041721,0.363952718904,1.0,1.0,0.879636869541,1.51442307692,0.836538461538,63.4603365385,1486.07391827,37201.3849346,1.29807692308,-0.120192307692,12.125,0.000241475172271,Class 4
0.819341715976,15.0480769231,-0.0739768001751,7.33323317308,0.904460524263,1.0,14.6757230884,0.166420663513,0.194525014786,0.0474412906805,0.166420663513,0.0107881294929,1.0,1.0,0.910978444632,0.600961538462,0.903846153846,14.7632211538,183.11328125,2277.09872671,1.20192307692,-0.00480769230769,0.0,0.000231419868098,Class 4
0.906619822485,6.27884615385,29.4406550052,4.59284855769,0.961776457678,1.0,12.6261058423,0.111553106063,0.117342144441,0.0539131841716,0.0881673778437,0.276903060332,1.0,1.0,0.964345590307,0.370192307692,0.951923076923,12.609375,244.981069712,5313.10113056,0.490384615385,-0.00480769230769,1.625,9.65604944844e-05,Class 4
0.494452662722,33.4903846154,401.644768394,37.42578125,0.775391301916,1.0,88.5692757118,0.475536539012,0.538692126874,0.0335729474852,0.356834647287,0.148459069435,1.0,1.0,0.789716293322,2.52403846154,0.692307692308,91.8978365385,1878.98828125,41675.18827,2.68269230769,0.485576923077,14.9134615385,0.000515038594623,Class 4
0.767936390533,20.75,66.8241806717,12.9161658654,0.878442711302,1.0,33.2353858521,0.241741567652,0.271741892766,0.0442053439349,0.241741567652,0.150259451721,1.0,1.0,0.887755793886,0.990384615385,0.875,33.6550480769,636.809645433,13322.6368127,1.51923076923,-0.0576923076923,3.34615384615,0.000319108035371,Class 4
0.76849112426,14.1730769231,135.388694159,12.6589543269,0.899567015135,1.0,39.7747426947,0.234412445414,0.265952854388,0.0453610392012,0.203402664766,0.319069410792,1.0,1.0,0.905325443787,1.05769230769,0.875,40.1983173077,866.753455529,20416.165809,1.13461538462,-0.0673076923077,6.63461538462,0.000217963505161,Class 4
0.671782544379,17.0865384615,297.744350721,20.8212139423,0.873742102437,1.0,66.9948561907,0.361895803648,0.391607066243,0.0431998890533,0.261416444036,0.324266179076,1.0,1.0,0.883581642716,1.66826923077,0.817307692308,68.4603365385,1567.97295673,38497.6181077,1.39423076923,-0.0528846153846,13.0480769231,0.000262768757578,Class 4
0.870931952663,1.41346153846,178.514810052,10.5519831731,0.976027851459,1.0,37.5200378696,0.144434474113,0.152408548852,0.0539362980769,0.0801933031049,0.776057708347,1.0,1.0,0.976701183432,0.783653846154,0.932692307692,37.5757211538,924.099158654,22979.9834923,0.144230769231,0.0625,9.13461538462,2.1737201668e-05,Class 4
0.801405325444,9.89423076923,146.641956709,12.2190504808,0.928234959273,1.0,38.2095280591,0.20825797461,0.233599164483,0.0484120747041,0.167750587152,0.397630362021,1.0,1.0,0.932045118343,0.966346153846,0.894230769231,38.5036057692,833.407151442,18999.1050368,0.778846153846,0.00480769230769,7.26923076923,0.000152160411676,Class 4
1.0,0.0,-0.0666666666667,0.00390625,1.0,1.0,0.0,-0.0,-0.0,0.05859375,-0.0,nan,1.0,1.0,1.0,0.0,1.0,0.015625,-0.001953125,0.000244140625,0.0,0.0,0.0,0.0,Class 4
0.925110946746,4.40384615385,26.8870156184,4.35366586538,0.966535340927,1.0,10.3064969975,0.0881673778437,0.0881673778437,0.0539131841716,0.0881673778437,0.502179319025,1.0,1.0,0.968512256974,0.298076923077,0.961538461538,10.2704326923,200.720703125,4328.0767165,0.365384615385,0.0576923076923,1.5,6.77254310472e-05,Class 4
1.0,0.0,-0.0666666666667,0.00390625,1.0,1.0,0.0,-0.0,-0.0,0.05859375,-0.0,nan,1.0,1.0,1.0,0.0,1.0,0.015625,-0.001953125,0.000244140625,0.0,0.0,0.0,0.0,Class 4
0.870931952663,11.1538461538,-0.0716901392161,4.59284855769,0.93309998709,1.0,10.9383567843,0.135041433717,0.152408548852,0.0505847818047,0.135041433717,0.00770342421532,1.0,1.0,0.937559876021,0.432692307692,0.932692307692,10.953125,139.971304087,1795.63531025,0.865384615385,-0.0673076923077,0.0,0.000171531659421,Class 4
0.871301775148,10.4134615385,-0.0716747764945,4.59284855769,0.93312724294,1.0,10.2170141862,0.127067358979,0.144434474113,0.0506078957101,0.127067358979,0.00770342421532,1.0,1.0,0.937711327134,0.418269230769,0.932692307692,10.2199519231,125.96875,1557.46516301,0.836538461538,-0.0528846153846,0.0,0.000160145506166,Class 4
0.67326183432,23.0096153846,130.728617889,18.1397235577,0.839370466104,1.0,45.3308387314,0.320552173556,0.360476837991,0.0394323224852,0.297799691621,0.15668690687,1.0,1.0,0.850369822485,1.38942307692,0.817307692308,46.3305288462,875.470853365,18341.5251089,1.85576923077,0.0625,6.0,0.000353857983616,Class 4
0.870562130178,9.47115384615,78.3281611318,9.91736778846,0.947362407746,1.0,25.8470610042,0.152408548852,0.163986625608,0.0516480214497,0.129107614294,0.314853228474,1.0,1.0,0.950331959707,0.620192307692,0.932692307692,25.9074519231,617.893930288,16170.0479455,0.682692307692,0.0721153846154,4.18269230769,0.000145654038388,Class 4
0.818786982249,13.5961538462,62.8221874301,9.95703125,0.913904522748,1.0,26.0648977822,0.186261877528,0.208288127903,0.0473719489645,0.180472839149,0.280508200554,1.0,1.0,0.918885601578,0.759615384615,0.903846153846,26.2319711538,511.364933894,11052.943303,1.03846153846,1.73472347598e-17,3.25,0.000209091177949,Class 4
0.801405325444,18.25,-0.0748162639181,8.10847355769,0.894856166522,1.0,17.7251491705,0.204653972592,0.233599164483,0.0462855954142,0.204653972592,0.012031661827,1.0,1.0,0.901779550578,0.692307692308,0.894230769231,17.9194711538,235.469200721,3119.55613356,1.38461538462,-0.0673076923077,0.0,0.000280661284121,Class 4
0.392196745562,46.1923076923,807.843297752,45.6000600962,0.706080590143,1.0,138.924592139,0.602121016327,0.712557382084,0.0258644600592,0.505159856199,0.212306468358,1.0,1.0,0.726243307974,3.56730769231,0.615384615385,145.385817308,3270.16902043,78643.1536396,3.44230769231,-0.182692307692,25.2403846154,0.000710377665395,Class 4
0.449519230769,38.2307692308,426.584445168,33.9293870192,0.737217293574,1.0,93.6445748369,0.495160243253,0.565400137802,0.0309032914201,0.378050772475,0.157478680809,1.0,1.0,0.754346294731,2.75,0.653846153846,97.4867788462,1962.76547476,43324.1279485,3.11538461538,-2.77555756156e-17,15.1538461538,0.000587939549877,Class 4
0.801775147929,13.7884615385,98.6757892578,13.3957331731,0.918698463376,1.0,33.1016566389,0.203598839369,0.225625089744,0.0484467455621,0.163091451911,0.202948247411,1.0,1.0,0.923626373626,0.894230769231,0.894230769231,33.3569711538,699.449669471,16026.4231708,1.03846153846,0.125,5.0,0.000212048620353,Class 4
0.962093195266,3.25,-0.0680491242199,1.61328125,0.980882352941,1.0,3.23106777226,0.0412710555387,0.0470600939169,0.0562361316568,0.0412710555387,0.00172156641612,1.0,1.0,0.982142857143,0.125,0.980769230769,3.203125,41.041015625,528.427978516,0.25,0.0,0.0,4.99807766244e-05,Class 4
0.906619822485,6.53846153846,25.0724029381,4.61207932692,0.961768705651,1.0,11.9335308622,0.105764067685,0.117342144441,0.0539247411243,0.0823783394656,0.187483100055,1.0,1.0,0.964299802761,0.365384615385,0.951923076923,11.9098557692,214.426532452,4219.35751578,0.5,1.38777878078e-17,1.38461538462,0.00010055304173,Class 4
0.906804733728,4.39423076923,59.5617392669,4.59284855769,0.971343033235,1.0,17.2243975376,0.105764067685,0.111553106063,0.0550688794379,0.0647398898433,0.515603084368,1.0,1.0,0.973319949281,0.427884615385,0.951923076923,17.1959134615,385.87109375,9266.84061373,0.355769230769,-0.0625,3.25,6.7577558927e-05,Class 4
0.819156804734,11.5576923077,62.7940979209,8.94260817308,0.923587923233,1.0,24.0780448263,0.177157899651,0.200314053164,0.0495793269231,0.136562129054,0.229807347629,1.0,1.0,0.928888419273,0.721153846154,0.903846153846,24.2127403846,470.798828125,10295.8777982,0.942307692308,0.0,3.25,0.000177742288469,Class 4
0.751294378698,12.8076923077,192.853938064,15.3993389423,0.918735471137,1.0,48.1256681568,0.272994520792,0.294731708648,0.0483774038462,0.177143627548,0.333614256601,1.0,1.0,0.923830656523,1.22115384615,0.865384615385,48.7896634615,1070.67022236,24939.1878944,1.0,1.38777878078e-17,9.14423076923,0.000196965664094,Class 4
0.671412721893,11.8076923077,454.485872571,24.0015024038,0.898470587338,1.0,85.1610793615,0.372054914748,0.39521106826,0.0441475591716,0.254374777632,0.48096068691,1.0,1.0,0.905422742322,1.92307692308,0.817307692308,86.9387019231,2087.51006611,51815.5266864,0.961538461538,-0.0576923076923,19.0192307692,0.000181586963594,Class 4
0.628328402367,30.3557692308,100.364006768,21.9137620192,0.804005508778,1.0,46.3016220574,0.355439460641,0.416859076526,0.0357456545858,0.355439460641,0.10739553357,1.0,1.0,0.816153317836,1.53365384615,0.788461538462,47.6045673077,827.441105769,16023.8798265,2.375,0.1875,4.5,0.000466832283441,Class 4
0.924926035503,4.39423076923,29.1334503437,4.59284855769,0.971343033235,1.0,10.7951860864,0.0881673778437,0.0939564162219,0.0550688794379,0.0647398898433,0.379165574336,1.0,1.0,0.973319949281,0.302884615385,0.961538461538,10.7584134615,219.296875,4956.73319186,0.355769230769,0.0625,1.625,6.7577558927e-05,Class 4
1.0,0.0,-0.0666666666667,0.00390625,1.0,1.0,0.0,-0.0,-0.0,0.05859375,-0.0,nan,1.0,1.0,1.0,0.0,1.0,0.015625,-0.001953125,0.000244140625,0.0,0.0,0.0,0.0,Class 4
0.980954142012,1.88461538462,-0.0673543486445,1.87169471154,0.990433424444,1.0,1.87882953171,0.0235503186773,0.0235503186773,0.0574033838757,0.0235503186773,nan,1.0,1.0,0.991025641026,0.0673076923077,0.990384615385,1.86658653846,25.6822415865,356.368182843,0.134615384615,0.0673076923077,0.0,2.89829355573e-05,Class 4
0.613350591716,15.25,578.6410806,30.4185697115,0.876583397449,1.0,103.124462687,0.382650993634,0.436937375398,0.0433385724852,0.242630363245,0.518117305445,1.0,1.0,0.88696683925,2.28846153846,0.778846153846,105.352163462,2630.93614784,68547.7162898,1.26923076923,0.00961538461538,22.8076923077,0.000234525182622,Class 4
0.87074704142,7.95192307692,58.5026591269,8.10847355769,0.947413430643,1.0,20.1422651049,0.150223512491,0.15819758723,0.0516595784024,0.126922577933,0.363503563133,1.0,1.0,0.950622094252,0.552884615385,0.932692307692,20.1911057692,415.043870192,9300.14455003,0.625,0.0721153846154,3.125,0.000122290243398,Class 4
0.835428994083,9.81730769231,87.1802347378,8.94260817308,0.937844855202,1.0,27.3305082428,0.190906740665,0.204669853782,0.0505501109467,0.144434474113,0.261782349692,1.0,1.0,0.94164069104,0.735576923077,0.913461538462,27.5036057692,570.842247596,12761.5761907,0.759615384615,-0.0144230769231,4.50961538462,0.000150977434714,Class 4
0.925295857988,5.53846153846,-0.0694615700781,2.74429086538,0.961803713528,1.0,5.47812012701,0.0708002627092,0.0823783394656,0.0539709689349,0.0708002627092,0.00396819538062,1.0,1.0,0.96449704142,0.230769230769,0.961538461538,5.43870192308,64.404296875,764.823561448,0.461538461538,0.0,0.0,8.51743412297e-05,Class 4
0.962093195266,2.76923076923,-0.0680491242199,1.37409855769,0.980901856764,1.0,2.75188588978,0.0412710555387,0.0470600939169,0.0562361316568,0.0412710555387,0.00172156641612,1.0,1.0,0.98224852071,0.115384615385,0.980769230769,2.72716346154,32.201171875,382.411902794,0.230769230769,0.0,0.0,4.25871706149e-05,Class 4
0.586723372781,27.3653846154,267.427207398,27.7959735577,0.808788422531,1.0,69.0258255471,0.382418073566,0.439057436007,0.0359883505917,0.319286264715,0.157062886476,1.0,1.0,0.820477599324,1.95192307692,0.759615384615,70.9050480769,1464.38536659,33162.4955867,2.21153846154,0.25,11.125,0.000420844054062,Class 4
0.962093195266,1.88461538462,33.1013089104,1.87169471154,0.990433424444,1.0,9.38728149966,0.0470600939169,0.0470600939169,0.0574033838757,0.0235503186773,0.754184286953,1.0,1.0,0.991025641026,0.201923076923,0.980769230769,9.33774038462,233.944861779,6161.68819486,0.134615384615,-0.0673076923077,1.88461538462,2.89829355573e-05,Class 4
0.754807692308,20.3653846154,-0.0771249412424,9.83443509615,0.866275989586,1.0,19.7150840942,0.209925595283,0.2473642684,0.0436274963018,0.209925595283,0.017728239929,1.0,1.0,0.875535362074,0.826923076923,0.865384615385,19.9675480769,243.842397837,2988.06003981,1.65384615385,-0.00961538461538,0.0,0.000313193150563,Class 4
0.906619822485,9.18269230769,-0.070208452651,5.62650240385,0.952176363163,1.0,9.05353756358,0.105764067685,0.117342144441,0.0527806028107,0.105764067685,0.00524600943731,1.0,1.0,0.955179716117,0.331730769231,0.951923076923,9.03245192308,124.056790865,1711.91843825,0.663461538462,0.0721153846154,0.0,0.000141217874782,Class 4
0.73576183432,18.5288461538,180.514917551,16.6902043269,0.894849903413,1.0,51.8613553652,0.265573779188,0.29670400744,0.0463087093195,0.196679897854,0.276690175124,1.0,1.0,0.901739486475,1.27403846154,0.855769230769,52.5228365385,1266.9672476,33871.7943397,1.39423076923,-0.0721153846154,8.65384615385,0.000284949575607,Class 4
0.595044378698,21.6153846154,545.272567334,33.8560697115,0.838136424166,1.0,103.291647828,0.465516318314,0.518383734421,0.0372827292899,0.358968903722,0.280550879531,1.0,1.0,0.849311425754,2.35576923077,0.769230769231,106.299278846,2617.26697716,67863.9418006,1.67307692308,0.134615384615,21.4615384615,0.000332416526188,Class 4
0.468380177515,27.4615384615,988.136378269,46.1180889423,0.816152737097,1.0,148.965540841,0.53320548892,0.592514838358,0.0355954142012,0.376046745359,0.368733423368,1.0,1.0,0.827926000282,3.41346153846,0.673076923077,154.270432692,3738.69786659,94319.1740723,2.07692307692,0.0576923076923,32.125,0.000422322775264,Class 4
0.85299556213,12.2115384615,40.4976608553,11.0099158654,0.933070467899,1.0,20.493623567,0.167692357306,0.181455470423,0.0505501109467,0.144434474113,0.257781771978,1.0,1.0,0.937382449281,0.596153846154,0.923076923077,20.5829326923,417.806340144,9845.94705904,0.903846153846,0.201923076923,2.16346153846,0.000187797592642,Class 4
0.943602071006,6.49038461538,-0.0687517200567,2.14933894231,0.971281484003,1.0,6.44448271008,0.0567658151045,0.0647398898433,0.0550919933432,0.0567658151045,0.00346001147252,1.0,1.0,0.972956730769,0.216346153846,0.971153846154,6.39783653846,94.9402043269,1412.26399114,0.432692307692,-0.0721153846154,0.0,9.98136811286e-05,Class 4
0.962093195266,3.78846153846,-0.0680567644902,0.00390625,0.980868337805,1.0,3.76533614033,0.0470600939169,0.0470600939169,0.0562245747041,0.0470600939169,1.00738097818,1.0,1.0,0.982057005495,0.134615384615,0.980769230769,3.73677884615,52.1669170673,734.96869366,0.269230769231,-0.134615384615,0.0,5.8261615355e-05,Class 4
0.980954142012,1.38461538462,-0.0673543486445,1.37409855769,0.990450928382,1.0,1.3797353132,0.0235503186773,0.0235503186773,0.0574033838757,0.0235503186773,nan,1.0,1.0,0.991124260355,0.0576923076923,0.990384615385,1.37139423077,16.099609375,191.206073468,0.115384615385,0.0576923076923,0.0,2.12935853074e-05,Class 4
0.818971893491,15.5769230769,26.424105509,8.40534855769,0.913963287247,1.0,20.656876575,0.176868837132,0.202499089525,0.0484814164201,0.153698411516,0.0719030891535,1.0,1.0,0.919563609467,0.692307692308,0.903846153846,20.7848557692,337.952373798,5963.25745568,1.15384615385,-0.0576923076923,1.38461538462,0.000239552834709,Class 4
0.962093195266,2.76923076923,-0.0680491242199,1.37409855769,0.980901856764,1.0,2.75188588978,0.0412710555387,0.0470600939169,0.0562361316568,0.0412710555387,0.00172156641612,1.0,1.0,0.98224852071,0.115384615385,0.980769230769,2.72716346154,32.201171875,382.411902794,0.230769230769,0.0,0.0,4.25871706149e-05,Class 4
0.924926035503,6.51923076923,-0.0694838291692,4.85126201923,0.961766705767,1.0,6.4388368779,0.0881673778437,0.0939564162219,0.0539131841716,0.0881673778437,0.00521566941594,1.0,1.0,0.964292758524,0.25,0.961538461538,6.40985576923,82.8267728365,1076.00174654,0.5,0.125,0.0,0.000100257297489,Class 4
1.0,0.0,-0.0666666666667,0.00390625,1.0,1.0,0.0,-0.0,-0.0,0.05859375,-0.0,nan,1.0,1.0,1.0,0.0,1.0,0.015625,-0.001953125,0.000244140625,0.0,0.0,0.0,0.0,Class 4
0.962093195266,2.76923076923,-0.0680491242199,1.37409855769,0.980901856764,1.0,2.75188588978,0.0412710555387,0.0470600939169,0.0562361316568,0.0412710555387,0.00172156641612,1.0,1.0,0.98224852071,0.115384615385,0.980769230769,2.72716346154,32.201171875,382.411902794,0.230769230769,0.0,0.0,4.25871706149e-05,Class 4
0.853920118343,11.5576923077,-0.0724233983287,5.72385817308,0.923587923233,1.0,11.3189744334,0.136562129054,0.159718282567,0.0495793269231,0.136562129054,0.00833390840782,1.0,1.0,0.928888419273,0.471153846154,0.923076923077,11.3377403846,137.650390625,1675.66295448,0.942307692308,0.0,0.0,0.000177742288469,Class 4
0.703402366864,16.6442307692,267.447609128,21.4810697115,0.867869550909,1.0,63.3507917325,0.307790081831,0.346053544203,0.0402644230769,0.296501067594,0.354942279353,1.0,1.0,0.875426176388,1.53365384615,0.836538461538,64.3930288462,1501.33774038,37339.5306678,1.33653846154,0.110576923077,12.125,0.00025596664005,Class 4
1.0,0.0,-0.0666666666667,0.00390625,1.0,1.0,0.0,-0.0,-0.0,0.05859375,-0.0,nan,1.0,1.0,1.0,0.0,1.0,0.015625,-0.001953125,0.000244140625,0.0,0.0,0.0,0.0,Class 4
1.0,0.0,-0.0666666666667,0.00390625,1.0,1.0,0.0,-0.0,-0.0,0.05859375,-0.0,nan,1.0,1.0,1.0,0.0,1.0,0.015625,-0.001953125,0.000244140625,0.0,0.0,0.0,0.0,Class 4
0.818232248521,7.42307692308,147.589669599,11.6829927885,0.942619753472,1.0,36.3166822149,0.202499089525,0.22205124102,0.0505616678994,0.138645435735,0.353302271111,1.0,1.0,0.945900253593,0.894230769231,0.903846153846,36.5685096154,813.629957933,19023.4742526,0.615384615385,0.0576923076923,7.39423076923,0.000114157276787,Class 4
0.688424556213,14.3653846154,270.252664414,19.0123197115,0.885259010766,1.0,60.6335090624,0.307360198509,0.347883467156,0.0433848002959,0.227448284471,0.258835696168,1.0,1.0,0.891906170752,1.54807692308,0.826923076923,61.6838942308,1356.70808293,31652.5127141,1.21153846154,6.93889390391e-18,12.0192307692,0.000220920947565,Class 4
0.514423076923,34.5288461538,466.930189254,34.8909254808,0.789554962051,1.0,99.8400021816,0.508915504828,0.570167176396,0.0338040865385,0.391267604332,0.191284352147,1.0,1.0,0.801936725134,2.58173076923,0.711538461538,103.561298077,2339.72445913,57324.9565993,2.60576923077,0.0144230769231,17.5769230769,0.000531008783604,Class 4
0.60225591716,18.0673076923,502.085954008,30.9870793269,0.88525402262,1.0,93.8185682086,0.394515716368,0.430016017341,0.0442515717456,0.232637589776,0.399388290655,1.0,1.0,0.892229765427,2.25480769231,0.769230769231,96.109375,2219.0688101,53887.6419959,1.39423076923,0.1875,19.7884615385,0.000277851713838,Class 4
0.42400147929,20.1538461538,1484.63457315,53.0267427885,0.833483849938,1.0,181.025970116,0.600743969137,0.645637310505,0.0374445266272,0.342656921811,0.450660029031,1.0,1.0,0.845758048042,3.98076923077,0.634615384615,188.256009615,4740.91932091,123354.368333,1.67307692308,0.0673076923077,42.5192307692,0.000309939963919,Class 4
0.819341715976,15.0480769231,-0.0739768001751,7.33323317308,0.904460524263,1.0,14.6757230884,0.166420663513,0.194525014786,0.0474412906805,0.166420663513,0.0107881294929,1.0,1.0,0.910978444632,0.600961538462,0.903846153846,14.7632211538,183.11328125,2277.09872671,1.20192307692,-0.00480769230769,0.0,0.000231419868098,Class 4
0.906619822485,6.27884615385,29.4406550052,4.59284855769,0.961776457678,1.0,12.6261058423,0.111553106063,0.117342144441,0.0539131841716,0.0881673778437,0.276903060332,1.0,1.0,0.964345590307,0.370192307692,0.951923076923,12.609375,244.981069712,5313.10113056,0.490384615385,-0.00480769230769,1.625,9.65604944844e-05,Class 4
1.0,0.0,-0.0666666666667,0.00390625,1.0,1.0,0.0,-0.0,-0.0,0.05859375,-0.0,nan,1.0,1.0,1.0,0.0,1.0,0.015625,-0.001953125,0.000244140625,0.0,0.0,0.0,0.0,Class 4
1.0,0.0,-0.0666666666667,0.00390625,1.0,1.0,0.0,-0.0,-0.0,0.05859375,-0.0,nan,1.0,1.0,1.0,0.0,1.0,0.015625,-0.001953125,0.000244140625,0.0,0.0,0.0,0.0,Class 4
0.870931952663,11.1538461538,-0.0716901392161,4.59284855769,0.93309998709,1.0,10.9383567843,0.135041433717,0.152408548852,0.0505847818047,0.135041433717,0.00770342421532,1.0,1.0,0.937559876021,0.432692307692,0.932692307692,10.953125,139.971304087,1795.63531025,0.865384615385,-0.0673076923077,0.0,0.000171531659421,Class 4
0.67326183432,23.0096153846,130.728617889,18.1397235577,0.839370466104,1.0,45.3308387314,0.320552173556,0.360476837991,0.0394323224852,0.297799691621,0.15668690687,1.0,1.0,0.850369822485,1.38942307692,0.817307692308,46.3305288462,875.470853365,18341.5251089,1.85576923077,0.0625,6.0,0.000353857983616,Class 4
0.449519230769,38.2307692308,426.584445168,33.9293870192,0.737217293574,1.0,93.6445748369,0.495160243253,0.565400137802,0.0309032914201,0.378050772475,0.157478680809,1.0,1.0,0.754346294731,2.75,0.653846153846,97.4867788462,1962.76547476,43324.1279485,3.11538461538,-2.77555756156e-17,15.1538461538,0.000587939549877,Class 4
0.801775147929,13.7884615385,98.6757892578,13.3957331731,0.918698463376,1.0,33.1016566389,0.203598839369,0.225625089744,0.0484467455621,0.163091451911,0.202948247411,1.0,1.0,0.923626373626,0.894230769231,0.894230769231,33.3569711538,699.449669471,16026.4231708,1.03846153846,0.125,5.0,0.000212048620353,Class 4
0.687684911243,7.50961538462,507.680404383,24.2214543269,0.922427445779,1.0,90.1168229723,0.329340100595,0.372169523806,0.0473026072485,0.194525014786,0.522401832002,1.0,1.0,0.928272048464,1.92788461538,0.826923076923,91.5997596154,2285.38671875,58386.5840032,0.663461538462,-0.0528846153846,21.2596153846,0.000115488125869,Class 4
0.906804733728,4.39423076923,59.5617392669,4.59284855769,0.971343033235,1.0,17.2243975376,0.105764067685,0.111553106063,0.0550688794379,0.0647398898433,0.515603084368,1.0,1.0,0.973319949281,0.427884615385,0.951923076923,17.1959134615,385.87109375,9266.84061373,0.355769230769,-0.0625,3.25,6.7577558927e-05,Class 4
0.751294378698,12.8076923077,192.853938064,15.3993389423,0.918735471137,1.0,48.1256681568,0.272994520792,0.294731708648,0.0483774038462,0.177143627548,0.333614256601,1.0,1.0,0.923830656523,1.22115384615,0.865384615385,48.7896634615,1070.67022236,24939.1878944,1.0,1.38777878078e-17,9.14423076923,0.000196965664094,Class 4
1.0,0.0,-0.0666666666667,0.00390625,1.0,1.0,0.0,-0.0,-0.0,0.05859375,-0.0,nan,1.0,1.0,1.0,0.0,1.0,0.015625,-0.001953125,0.000244140625,0.0,0.0,0.0,0.0,Class 4
0.980954142012,1.88461538462,-0.0673543486445,1.87169471154,0.990433424444,1.0,1.87882953171,0.0235503186773,0.0235503186773,0.0574033838757,0.0235503186773,nan,1.0,1.0,0.991025641026,0.0673076923077,0.990384615385,1.86658653846,25.6822415865,356.368182843,0.134615384615,0.0673076923077,0.0,2.89829355573e-05,Class 4
0.510909763314,14.4903846154,967.982992074,42.0916466346,0.87853024142,1.0,137.246186453,0.477004676573,0.506715939167,0.0434079142012,0.23749421982,0.545842250639,1.0,1.0,0.887906804734,3.12980769231,0.701923076923,141.441105769,3390.1796875,83837.7845741,1.24038461538,0.245192307692,32.125,0.000222843285127,Class 4
0.78550295858,14.5865384615,59.1885860175,10.3128004808,0.89486464347,1.0,25.9512060863,0.203402664766,0.237128110101,0.0453610392012,0.203402664766,0.116639607671,1.0,1.0,0.901468723584,0.831730769231,0.884615384615,26.1862980769,470.26953125,9493.98454402,1.20192307692,0.00480769230769,3.0,0.000224322006329,Class 4
0.642936390533,15.375,441.978987352,19.1541466346,0.872720003121,1.0,85.6109897315,0.384096640698,0.401174693313,0.0412929918639,0.270048025467,0.547272916565,1.0,1.0,0.8804768949,1.99519230769,0.798076923077,87.546875,2096.765625,52759.9465332,1.27884615385,-0.504807692308,18.2884615385,0.000236447520185,Class 4
0.155695266272,41.8653846154,4016.25850393,89.0219350962,0.636357125489,1.0,288.148215124,0.827183872589,0.958436305015,0.0187800480769,0.528218328827,0.191740208511,1.0,1.0,0.654698506622,6.875,0.326923076923,306.789663462,7349.14017428,182747.311692,3.53846153846,0.134615384615,67.0865384615,0.000643835211309,Class 4
0.73650147929,11.3365384615,218.376665179,17.1637620192,0.913982290529,1.0,50.6991340086,0.262978562105,0.288729932701,0.0474644045858,0.170958680551,0.335517454,1.0,1.0,0.919325866441,1.29326923077,0.855769230769,51.359375,1119.22866587,25772.5031738,0.951923076923,0.120192307692,10.1634615385,0.000174341229705,Class 4
0.818232248521,7.42307692308,147.589669599,11.6829927885,0.942619753472,1.0,36.3166822149,0.202499089525,0.22205124102,0.0505616678994,0.138645435735,0.353302271111,1.0,1.0,0.945900253593,0.894230769231,0.903846153846,36.5685096154,813.629957933,19023.4742526,0.615384615385,0.0576923076923,7.39423076923,0.000114157276787,Class 4
0.889053254438,8.42307692308,34.5089119638,3.24188701923,0.952202130095,1.0,15.7572396283,0.121133539555,0.126922577933,0.052803716716,0.0977899929464,0.304366305301,1.0,1.0,0.955325443787,0.451923076923,0.942307692308,15.7512019231,317.516376202,7256.83573092,0.634615384615,-0.201923076923,1.88461538462,0.000129535977287,Class 4
0.112056213018,67.9038461538,4204.11544201,94.5051081731,0.501179681022,1.0,287.659080413,0.959892055351,1.15778747889,0.0108173076923,0.73340125192,0.0978821333249,1.0,1.0,0.531913919414,7.11538461538,0.278846153846,310.515625,7417.95117188,187139.437744,5.28846153846,0.0288461538462,61.5384615385,0.00104427291279,Class 4
0.319341715976,24.1730769231,2614.65188059,79.1265024038,0.775038694687,1.0,247.761175545,0.688852480808,0.743783815072,0.0307646079882,0.421796759885,0.513943295602,1.0,1.0,0.791940071147,5.22115384615,0.538461538462,259.078125,6867.66781851,188165.738976,2.07692307692,0.567307692308,59.375,0.000371750510159,Class 4
0.962093195266,2.76923076923,-0.0680491242199,1.37409855769,0.980901856764,1.0,2.75188588978,0.0412710555387,0.0470600939169,0.0562361316568,0.0412710555387,0.00172156641612,1.0,1.0,0.98224852071,0.115384615385,0.980769230769,2.72716346154,32.201171875,382.411902794,0.230769230769,0.0,0.0,4.25871706149e-05,Class 4
0.67326183432,17.4134615385,250.411253588,19.7490985577,0.858458807926,1.0,59.9863650699,0.316236391576,0.36597681385,0.0404493343195,0.275052942258,0.280125643098,1.0,1.0,0.867691603269,1.57211538462,0.817307692308,61.1045673077,1336.83653846,31504.2043457,1.47115384615,0.00480769230769,11.1153846154,0.000267796409665,Class 4
0.943417159763,1.64423076923,53.844232322,4.59284855769,0.980825791855,1.0,13.569987156,0.0647398898433,0.0705289282214,0.0550688794379,0.0647398898433,0.876986255311,1.0,1.0,0.981456043956,0.302884615385,0.971153846154,13.5084134615,316.515625,7627.11600436,0.144230769231,0.0625,3.0,2.52861325526e-05,Class 4
0.962093195266,2.76923076923,-0.0680491242199,1.37409855769,0.980901856764,1.0,2.75188588978,0.0412710555387,0.0470600939169,0.0562361316568,0.0412710555387,0.00172156641612,1.0,1.0,0.98224852071,0.115384615385,0.980769230769,2.72716346154,32.201171875,382.411902794,0.230769230769,0.0,0.0,4.25871706149e-05,Class 4
0.924926035503,6.01923076923,-0.0694758478931,2.98347355769,0.961784209705,1.0,5.94680701825,0.0823783394656,0.0939564162219,0.0539247411243,0.0823783394656,0.00348005280719,1.0,1.0,0.964391377853,0.240384615385,0.961538461538,5.91466346154,73.244140625,910.839637169,0.480769230769,0.0,0.0,9.25679472392e-05,Class 4
0.906619822485,7.875,33.9809005964,5.90414663462,0.95403661589,1.0,15.2050976721,0.111553106063,0.117342144441,0.052769045858,0.111553106063,0.276903060332,1.0,1.0,0.957657967033,0.408653846154,0.951923076923,15.1862980769,317.761117788,7367.41122671,0.567307692308,0.00480769230769,1.875,0.000121107266436,Class 4
0.157174556213,52.8846153846,3496.70812097,80.5784254808,0.567224013452,1.0,267.719332723,0.878517830736,1.07848627256,0.0148391272189,0.674240145063,0.120013555134,1.0,1.0,0.600609766836,6.46153846154,0.355769230769,286.438701923,6913.77208534,175183.852408,4.30769230769,-0.288461538462,59.1923076923,0.000813296661048,Class 4
0.819526627219,11.5769230769,57.945015646,8.70342548077,0.913972538618,1.0,23.1040893609,0.177157899651,0.193106049129,0.0474066198225,0.177157899651,0.271834736897,1.0,1.0,0.919273034658,0.711538461538,0.903846153846,23.2367788462,433.646484375,9038.56484751,0.961538461538,6.93889390391e-18,3.0,0.000178038032709,Class 4
0.925480769231,5.53846153846,-0.0694619617165,4.11448317308,0.961803713528,1.0,5.47812012701,0.0708002627092,0.0801933031049,0.0539709689349,0.0708002627092,0.00521566941593,1.0,1.0,0.96449704142,0.230769230769,0.961538461538,5.43870192308,64.404296875,764.823561448,0.461538461538,0.115384615385,0.0,8.51743412297e-05,Class 4
0.58875739645,24.3076923077,288.446089114,26.3608774038,0.825136526759,1.0,69.1669063399,0.370597760404,0.426470574317,0.0390393860947,0.27205483017,0.205572711491,1.0,1.0,0.837735981967,1.95192307692,0.759615384615,70.9627403846,1458.13296274,32578.1356107,2.01923076923,0.192307692308,11.9038461538,0.000373820719841,Class 4
0.925480769231,5.53846153846,-0.0694619617165,4.11448317308,0.961803713528,1.0,5.47812012701,0.0708002627092,0.0801933031049,0.0539709689349,0.0708002627092,0.00521566941593,1.0,1.0,0.96449704142,0.230769230769,0.961538461538,5.43870192308,64.404296875,764.823561448,0.461538461538,0.115384615385,0.0,8.51743412297e-05,Class 4
0.643676035503,12.2980769231,575.503638565,28.1962139423,0.899418110663,1.0,101.640005245,0.3718193207,0.403238611471,0.0432576738166,0.251613222918,0.509310760088,1.0,1.0,0.903734326571,2.21634615385,0.798076923077,103.705528846,2557.4546274,64822.5452411,0.971153846154,-0.0625,23.125,0.000189128441724,Class 4
1.0,0.0,-0.0666666666667,0.00390625,1.0,1.0,0.0,-0.0,-0.0,0.05859375,-0.0,nan,1.0,1.0,1.0,0.0,1.0,0.015625,-0.001953125,0.000244140625,0.0,0.0,0.0,0.0,Class 4
1.0,0.0,-0.0666666666667,0.00390625,1.0,1.0,0.0,-0.0,-0.0,0.05859375,-0.0,nan,1.0,1.0,1.0,0.0,1.0,0.015625,-0.001953125,0.000244140625,0.0,0.0,0.0,0.0,Class 4
0.530880177515,27.6346153846,448.396321935,33.2767427885,0.813590362696,1.0,91.4899089402,0.45513088864,0.51277855819,0.0367279955621,0.326448971147,0.195555066563,1.0,1.0,0.825246548323,2.43269230769,0.721153846154,94.5108173077,2045.08428486,47436.5024977,2.21153846154,0.230769230769,17.0192307692,0.000424984473427,Class 4
0.853180473373,9.54807692308,61.5020461863,9.44020432692,0.933043426004,1.0,22.1601916095,0.167692357306,0.175666432044,0.0494522004438,0.161903318927,0.381484469391,1.0,1.0,0.936873062835,0.620192307692,0.923076923077,22.2536057692,454.091045673,10228.9073205,0.759615384615,0.120192307692,3.25,0.000146837015349,Class 4
0.658468934911,22.3653846154,207.969080172,18.3596754808,0.839274897372,1.0,57.3635957044,0.323945610933,0.378231992697,0.0385771079882,0.307031296845,0.194582246554,1.0,1.0,0.849471682164,1.59615384615,0.807692307692,58.5444711538,1204.34239784,26918.1429725,1.78846153846,-0.134615384615,9.24038461538,0.000343950551563,Class 4
0.818417159763,9.625,128.434594692,11.0880408654,0.925354607114,1.0,34.9433810375,0.208288127903,0.216262202642,0.0483542899408,0.185117702287,0.409056901497,1.0,1.0,0.930475574105,0.870192307692,0.903846153846,35.2055288462,791.826021635,19051.1293758,0.778846153846,-0.00480769230769,6.5,0.000148019992311,Class 4
0.818417159763,9.625,128.434594692,11.0880408654,0.925354607114,1.0,34.9433810375,0.208288127903,0.216262202642,0.0483542899408,0.185117702287,0.409056901497,1.0,1.0,0.930475574105,0.870192307692,0.903846153846,35.2055288462,791.826021635,19051.1293758,0.778846153846,-0.00480769230769,6.5,0.000148019992311,Class 4
0.572670118343,21.5288461538,416.355737073,27.7118389423,0.837503900765,1.0,83.8304797404,0.399602941016,0.45388932278,0.0388198039941,0.278664229993,0.21275608345,1.0,1.0,0.847474640744,2.19711538462,0.75,86.0997596154,1869.92397837,43240.0767916,1.79807692308,0.0625,16.4134615385,0.000331085677106,Class 4
0.924926035503,4.64423076923,26.8870156184,4.59284855769,0.966525589015,1.0,10.5451860864,0.0881673778437,0.0939564162219,0.0539131841716,0.0881673778437,0.379165574336,1.0,1.0,0.96845942519,0.302884615385,0.961538461538,10.5084134615,205.140625,4401.08475436,0.375,0.0625,1.5,7.1422234052e-05,Class 4
0.690643491124,18.2019230769,189.946774441,20.4402043269,0.870940529565,1.0,51.2559304273,0.287882816928,0.327155064234,0.0425180288462,0.233099355194,0.285886593653,1.0,1.0,0.878790680473,1.42788461538,0.826923076923,52.1189903846,1060.8734976,23270.5497483,1.47115384615,0.235576923077,8.65384615385,0.000279921923521,Class 4
0.801405325444,14.1826923077,63.4931854014,11.0495793269,0.913994091827,1.0,26.5572351963,0.20825797461,0.233599164483,0.0484120747041,0.167750587152,0.186371246743,1.0,1.0,0.919762609186,0.802884615385,0.894230769231,26.796875,510.485576923,10890.4158842,1.10576923077,0.0625,3.25,0.000218111377281,Class 4
0.612056213018,27.1923076923,251.566961062,21.0411658654,0.837425408063,1.0,66.883931466,0.409122086645,0.448804514674,0.0392589681953,0.315409043162,0.249384235705,1.0,1.0,0.84739099042,1.86538461538,0.778846153846,68.8521634615,1411.74023438,31277.8773475,2.05769230769,-0.240384615385,10.6442307692,0.000418182355899,Class 4
0.78550295858,14.5865384615,59.1885860175,10.3128004808,0.89486464347,1.0,25.9512060863,0.203402664766,0.237128110101,0.0453610392012,0.203402664766,0.116639607671,1.0,1.0,0.901468723584,0.831730769231,0.884615384615,26.1862980769,470.26953125,9493.98454402,1.20192307692,0.00480769230769,3.0,0.000224322006329,Class 4
0.657729289941,24.8846153846,145.863844977,18.8765024038,0.834611582855,1.0,49.5031101891,0.329492412906,0.383180190458,0.0394323224852,0.297799691621,0.139882861816,1.0,1.0,0.846203155819,1.48076923077,0.807692307692,50.6213942308,994.09359976,21847.0311937,1.98076923077,-6.93889390391e-18,6.61538461538,0.000382693047053,Class 4
0.769600591716,14.3461538462,88.3575757576,11.4438100962,0.894874395381,1.0,31.0977101586,0.221825583724,0.243926604013,0.0454188239645,0.198789877814,0.213804912809,1.0,1.0,0.901521555368,0.942307692308,0.875,31.4290865385,596.706580529,12545.1862417,1.19230769231,-2.77555756156e-17,4.38461538462,0.000220625203324,Class 4
0.980954142012,1.625,-0.0673543486445,1.61328125,0.990441176471,1.0,1.61966703784,0.0235503186773,0.0235503186773,0.0574033838757,0.0235503186773,nan,1.0,1.0,0.991071428571,0.0625,0.990384615385,1.609375,20.51953125,264.214111328,0.125,0.0625,0.0,2.49903883122e-05,Class 4
0.769230769231,12.7211538462,117.441745843,12.8140024038,0.904433218911,1.0,34.9642470544,0.221825583724,0.250770775614,0.0464705066568,0.18149781908,0.210032050401,1.0,1.0,0.910450126796,0.995192307692,0.875,35.3161057692,707.042067308,15405.1821101,1.06730769231,0.0625,5.76923076923,0.000195634815012,Class 4
0.688424556213,14.3653846154,270.252664414,19.0123197115,0.885259010766,1.0,60.6335090624,0.307360198509,0.347883467156,0.0433848002959,0.227448284471,0.258835696168,1.0,1.0,0.891906170752,1.54807692308,0.826923076923,61.6838942308,1356.70808293,31652.5127141,1.21153846154,6.93889390391e-18,12.0192307692,0.000220920947565,Class 4
0.962093195266,3.25,-0.0680491242199,1.61328125,0.980882352941,1.0,3.23106777226,0.0412710555387,0.0470600939169,0.0562361316568,0.0412710555387,0.00172156641612,1.0,1.0,0.982142857143,0.125,0.980769230769,3.203125,41.041015625,528.427978516,0.25,0.0,0.0,4.99807766244e-05,Class 4
0.720229289941,18.0865384615,129.008891469,15.1409254808,0.870929552192,1.0,41.3640946582,0.268152051626,0.30802242532,0.0423331176036,0.24525555699,0.144812699211,1.0,1.0,0.878751056636,1.20673076923,0.846153846154,41.9987980769,830.3046875,18086.9786846,1.47115384615,0.00480769230769,6.125,0.000278147458078,Class 4
1.0,0.0,-0.0666666666667,0.00390625,1.0,1.0,0.0,-0.0,-0.0,0.05859375,-0.0,nan,1.0,1.0,1.0,0.0,1.0,0.015625,-0.001953125,0.000244140625,0.0,0.0,0.0,0.0,Class 4
0.87074704142,7.95192307692,58.5026591269,8.10847355769,0.947413430643,1.0,20.1422651049,0.150223512491,0.15819758723,0.0516595784024,0.126922577933,0.363503563133,1.0,1.0,0.950622094252,0.552884615385,0.932692307692,20.1911057692,415.043870192,9300.14455003,0.625,0.0721153846154,3.125,0.000122290243398,Class 4
1.0,0.0,-0.0666666666667,0.00390625,1.0,1.0,0.0,-0.0,-0.0,0.05859375,-0.0,nan,1.0,1.0,1.0,0.0,1.0,0.015625,-0.001953125,0.000244140625,0.0,0.0,0.0,0.0,Class 4
0.719674556213,13.7211538462,242.40363994,17.0087139423,0.896701903573,1.0,56.6621950049,0.291785213323,0.321019467733,0.0452685835799,0.217286896086,0.357620220811,1.0,1.0,0.903828543252,1.40865384615,0.846153846154,57.5324519231,1298.80679087,31148.0181979,1.125,-0.0625,11.125,0.000211013515512,Class 4
0.853550295858,12.0384615385,-0.0724389198457,5.96304086538,0.92356841941,1.0,11.787299959,0.140932201775,0.164088355288,0.0495330991124,0.140932201775,0.00811285645393,1.0,1.0,0.928782755706,0.480769230769,0.923076923077,11.8137019231,146.490234375,1821.6790302,0.961538461538,0.0,0.0,0.000185135894478,Class 4
0.871116863905,12.1538461538,-0.0716824566206,5.09044471154,0.933064979213,1.0,11.9402935802,0.127067358979,0.146619510474,0.0506078957101,0.127067358979,0.00770342421532,1.0,1.0,0.937362637363,0.451923076923,0.932692307692,11.9435096154,159.13656851,2125.959529,0.903846153846,-0.0673076923077,0.0,0.000186910359921,Class 4
0.906804733728,7.40384615385,-0.0702010851655,4.35366586538,0.952235138087,1.0,7.29681327575,0.0977899929464,0.111553106063,0.052803716716,0.0977899929464,0.00524600943731,1.0,1.0,0.955515638208,0.298076923077,0.951923076923,7.27043269231,89.345703125,1102.0454665,0.596153846154,0.0576923076923,0.0,0.000113861532547,Class 4
0.87074704142,9.73076923077,-0.0716976629752,5.50390625,0.933161998112,1.0,9.52602608374,0.138645435735,0.15819758723,0.0505616678994,0.138645435735,0.00707112453985,1.0,1.0,0.93788743308,0.403846153846,0.932692307692,9.54447115385,114.079176683,1371.02157828,0.807692307692,0.0576923076923,0.0,0.000149646585633,Class 4
0.288646449704,32.5480769231,2138.46731354,65.5123197115,0.735897648771,1.0,214.69495294,0.729198498099,0.800851994997,0.0271010539941,0.460044887574,0.355579779766,1.0,1.0,0.752084654128,5.02403846154,0.509615384615,226.320913462,5513.88371394,140489.772405,2.68269230769,0.0625,49.0673076923,0.000500547126845,Class 4
0.835428994083,9.81730769231,87.1802347378,8.94260817308,0.937844855202,1.0,27.3305082428,0.190906740665,0.204669853782,0.0505501109467,0.144434474113,0.261782349692,1.0,1.0,0.94164069104,0.735576923077,0.913461538462,27.5036057692,570.842247596,12761.5761907,0.759615384615,-0.0144230769231,4.50961538462,0.000150977434714,Class 4
0.87074704142,6.30769230769,99.3943507773,8.32842548077,0.949274457794,1.0,26.9489228028,0.150223512491,0.15819758723,0.0516595784024,0.126922577933,0.504240705824,1.0,1.0,0.953120597351,0.634615384615,0.932692307692,27.0060096154,639.144080529,16115.3100398,0.519230769231,-1.04083408559e-17,5.25,9.70041108449e-05,Class 4
0.43823964497,25.4134615385,1297.1576606,52.8885216346,0.826801164845,1.0,173.870410475,0.607162535351,0.672307271456,0.0373058431953,0.356494804842,0.383345050705,1.0,1.0,0.838742867709,3.76442307692,0.653846153846,180.777644231,4688.84975962,126742.521052,1.97115384615,0.0817307692308,39.3076923077,0.000390826013663,Class 4
0.718195266272,18.0865384615,224.387216594,19.1144831731,0.874562537956,1.0,57.8834661954,0.323204504094,0.348545693967,0.043107433432,0.277364593514,0.326118437095,1.0,1.0,0.884817025923,1.42788461538,0.846153846154,58.9266826923,1355.32061298,33561.1879695,1.39423076923,-0.00480769230769,10.3846153846,0.000278147458078,Class 4
0.718934911243,23.5,162.337744931,17.4077524038,0.880377589523,1.0,52.7270707111,0.298704154838,0.332597544489,0.0442631286982,0.229874428377,0.175014836817,1.0,1.0,0.887391254579,1.36538461538,0.846153846154,53.6021634615,1190.40970553,29123.2108812,1.65384615385,-0.134615384615,7.69230769231,0.000361399461745,Class 4
0.801775147929,12.2788461538,91.4912237914,9.18179086538,0.923558667499,1.0,30.1657410534,0.203598839369,0.225625089744,0.0495446560651,0.139877068552,0.232614657736,1.0,1.0,0.928729923922,0.850961538462,0.894230769231,30.4074519231,614.915564904,13639.1116474,0.971153846154,-0.120192307692,4.63461538462,0.000188832697483,Class 4
0.613350591716,15.25,578.6410806,30.4185697115,0.876583397449,1.0,103.124462687,0.382650993634,0.436937375398,0.0433385724852,0.242630363245,0.518117305445,1.0,1.0,0.88696683925,2.28846153846,0.778846153846,105.352163462,2630.93614784,68547.7162898,1.26923076923,0.00961538461538,22.8076923077,0.000234525182622,Class 4
0.818602071006,12.0480769231,60.3692861712,9.18179086538,0.918760727103,1.0,24.0392248044,0.187317010751,0.210473164263,0.0484351886095,0.164146585135,0.12910985561,1.0,1.0,0.923975063398,0.725961538462,0.903846153846,24.2007211538,461.0625,9813.23739859,0.971153846154,0.00480769230769,3.125,0.000185283766599,Class 4
0.962093195266,3.25,-0.0680491242199,1.61328125,0.980882352941,1.0,3.23106777226,0.0412710555387,0.0470600939169,0.0562361316568,0.0412710555387,0.00172156641612,1.0,1.0,0.982142857143,0.125,0.980769230769,3.203125,41.041015625,528.427978516,0.25,0.0,0.0,4.99807766244e-05,Class 4
0.943602071006,6.49038461538,-0.0687517200567,2.14933894231,0.971281484003,1.0,6.44448271008,0.0567658151045,0.0647398898433,0.0550919933432,0.0567658151045,0.00346001147252,1.0,1.0,0.972956730769,0.216346153846,0.971153846154,6.39783653846,94.9402043269,1412.26399114,0.432692307692,-0.0721153846154,0.0,9.98136811286e-05,Class 4
0.906619822485,9.18269230769,-0.070208452651,5.62650240385,0.952176363163,1.0,9.05353756358,0.105764067685,0.117342144441,0.0527806028107,0.105764067685,0.00524600943731,1.0,1.0,0.955179716117,0.331730769231,0.951923076923,9.03245192308,124.056790865,1711.91843825,0.663461538462,0.0721153846154,0.0,0.000141217874782,Class 4
0.925295857988,8.65384615385,-0.0694615700781,4.29477163462,0.961708645337,1.0,8.57716622023,0.0708002627092,0.0823783394656,0.0539709689349,0.0708002627092,0.00396819538062,1.0,1.0,0.963942307692,0.288461538462,0.961538461538,8.52524038462,126.587590144,1883.01857347,0.576923076923,0.0,0.0,0.000133084908171,Class 4
0.67326183432,10.4807692308,455.66813731,24.5772235577,0.911011858324,1.0,84.582208733,0.334725467395,0.372054914748,0.0462740384615,0.206072938249,0.461293455665,1.0,1.0,0.916877993801,1.90384615385,0.817307692308,86.0829326923,2074.98662861,51690.1573956,0.884615384615,0.0480769230769,19.1346153846,0.000161180611008,Class 4
1.0,0.0,-0.0666666666667,0.00390625,1.0,1.0,0.0,-0.0,-0.0,0.05859375,-0.0,nan,1.0,1.0,1.0,0.0,1.0,0.015625,-0.001953125,0.000244140625,0.0,0.0,0.0,0.0,Class 4
0.943417159763,3.04807692308,33.2827541721,5.12890625,0.97319979716,1.0,10.481165999,0.0705289282214,0.0705289282214,0.0550573224852,0.0705289282214,1.0,1.0,1.0,0.975785432516,0.254807692308,0.971153846154,10.4362980769,244.883713942,6260.73995267,0.259615384615,0.129807692308,1.875,4.68754621004e-05,Class 4
0.962093195266,3.25,-0.0680491242199,1.61328125,0.980882352941,1.0,3.23106777226,0.0412710555387,0.0470600939169,0.0562361316568,0.0412710555387,0.00172156641612,1.0,1.0,0.982142857143,0.125,0.980769230769,3.203125,41.041015625,528.427978516,0.25,0.0,0.0,4.99807766244e-05,Class 4
0.818602071006,8.80769230769,118.671624425,11.9221754808,0.933070681854,1.0,32.2201795399,0.198895087507,0.214077166281,0.0494868713018,0.152510278532,0.345403277632,1.0,1.0,0.937024513948,0.836538461538,0.903846153846,32.4435096154,698.874549279,16090.4703463,0.730769230769,0.125,6.00961538462,0.000135450862094,Class 4
