0.61967750063,1408.16666667,149613.34239,1399.07496183,0.809217573615,1.0,4756.91648703,0.480981880503,0.511454925975,0.00479397397703,0.467579737267,0.541250440335,1.0,1.0,0.817093097544,13.8055555556,0.785714285714,4782.38342866,931839.750006,196499245.684,13.2619047619,-1.32936507937,843.76984127,5.24647004064e-06,Class 1
0.339380196523,2155.0952381,898661.755829,4115.23170786,0.634788496237,1.0,14203.8189901,0.908490674292,1.00649158668,0.00292401302969,0.798818633597,0.562920783805,1.0,1.0,0.658409365038,37.0158730159,0.579365079365,14335.1946886,2961398.20576,636215778.834,20.5396825397,-0.031746031746,3045.6031746,8.02933549632e-06,Class 1
0.819475938524,809.642857143,124.101227055,360.200953892,0.916672977473,1.0,809.882781384,0.213666602336,0.234583140009,0.00634800994327,0.207084826361,0.140270973229,1.0,1.0,0.917331710017,3.82142857143,0.904761904762,812.864579458,86771.2961446,9267136.80157,7.62698412698,-0.424603174603,0.865079365079,3.01652289759e-06,Class 1
0.90765936004,418.801587302,13832.0599892,260.032675122,0.9603212561,1.0,822.991142737,0.101084914236,0.110641422035,0.00715209315063,0.0811223723112,0.279425471798,1.0,1.0,0.960701395954,2.93253968254,0.952380952381,823.983627077,134771.474654,25164632.2186,4.07142857143,-0.448412698413,101.341269841,1.5603479565e-06,Class 1
0.61967750063,1408.16666667,149613.34239,1399.07496183,0.809217573615,1.0,4756.91648703,0.480981880503,0.511454925975,0.00479397397703,0.467579737267,0.541250440335,1.0,1.0,0.817093097544,13.8055555556,0.785714285714,4782.38342866,931839.750006,196499245.684,13.2619047619,-1.32936507937,843.76984127,5.24647004064e-06,Class 1
0.819475938524,809.642857143,124.101227055,360.200953892,0.916672977473,1.0,809.882781384,0.213666602336,0.234583140009,0.00634800994327,0.207084826361,0.140270973229,1.0,1.0,0.917331710017,3.82142857143,0.904761904762,812.864579458,86771.2961446,9267136.80157,7.62698412698,-0.424603174603,0.865079365079,3.01652289759e-06,Class 1
0.479339884102,1029.53968254,702486.172525,3416.22550746,0.748846425207,1.0,12584.0618881,0.732509156818,0.756400426315,0.00404992635799,0.617740859125,0.691460386301,1.0,1.0,0.765037129669,30.3095238095,0.690476190476,12670.4392322,2756429.98115,613970650.232,10.4761904762,-0.0396825396825,2910.6984127,3.83580241456e-06,Class 1
0.619173595364,1667.81746032,158071.314777,1623.51407393,0.796297999264,1.0,5170.48891988,0.503701940251,0.527593209749,0.00478117950739,0.503701940251,0.506815064965,1.0,1.0,0.803950012516,15.2023809524,0.785714285714,5199.9151747,980903.160286,198792635.657,15.1666666667,-0.861111111111,883.261904762,6.21386270954e-06,Class 1
0.339380196523,2155.0952381,898661.755829,4115.23170786,0.634788496237,1.0,14203.8189901,0.908490674292,1.00649158668,0.00292401302969,0.798818633597,0.562920783805,1.0,1.0,0.658409365038,37.0158730159,0.579365079365,14335.1946886,2961398.20576,636215778.834,20.5396825397,-0.031746031746,3045.6031746,8.02933549632e-06,Class 1
0.619299571681,902.03968254,263236.285634,1719.92875647,0.826635283022,1.0,6590.93026791,0.489367178553,0.522814955849,0.00498589102163,0.442103809162,0.627363607556,1.0,1.0,0.837184015932,16.6150793651,0.785714285714,6622.17608739,1402940.69609,307799651.625,8.56349206349,-1.38492063492,1430.29365079,3.36076991591e-06,Class 1
0.396699420509,1661.91269841,701612.504968,3259.85335965,0.675430535972,1.0,12201.3745983,0.812587567553,0.886697210446,0.00317104471273,0.711919054241,0.635766770298,1.0,1.0,0.698549799792,31.1150793651,0.626984126984,12299.904758,2602843.91227,572672990.658,16.1666666667,-1.91666666667,2659.98412698,6.19186307188e-06,Class 1
0.263164525069,2327.86507937,1024317.47855,4106.88498167,0.592746981894,1.0,14644.6996508,1.02940935932,1.13813798926,0.00228921049757,0.866969037734,0.494984530983,1.0,1.0,0.61651122653,39.2896825397,0.507936507937,14802.9652739,2984645.53758,626610564.056,22.4523809524,-1.44841269841,3119.38888889,8.67303188369e-06,Class 1
0.657092466616,935.158730159,238181.295885,1698.70132592,0.844323889539,1.0,6233.1939959,0.440913104967,0.464804374464,0.00528311639326,0.388906300895,0.656360326199,1.0,1.0,0.853690865304,16.4523809524,0.809523809524,6260.98784335,1271478.11115,268430999.843,9.0,-0.888888888889,1331.71428571,3.48416304487e-06,Class 1
0.657974300831,1609.68253968,30128.6657317,992.513329884,0.826234171661,1.0,2346.49054848,0.392498253646,0.437306060816,0.0050971044885,0.392498253646,0.164130944795,1.0,1.0,0.829186698766,9.30952380952,0.809523809524,2360.37077985,336042.772562,54495427.6784,15.3174603175,1.66533453694e-16,187.817460317,5.99726681458e-06,Class 1
0.52557319224,2076.03968254,205292.544597,2007.53242711,0.76800724576,1.0,6291.5381976,0.597062912738,0.638657396798,0.00433829401986,0.518993585088,0.405772085364,1.0,1.0,0.775674666824,19.1150793651,0.722222222222,6335.63888501,1177456.88576,237925327.64,19.1984126984,-0.869047619048,1065.1984127,7.73479464857e-06,Class 1
0.763416477702,774.436507937,54726.141791,603.409411234,0.887570372304,1.0,2204.18264886,0.281147506469,0.308645820117,0.0059100454056,0.281147506469,0.404342735387,1.0,1.0,0.89230371696,7.09920634921,0.873015873016,2211.64384533,388402.374359,74526791.8895,7.59523809524,-1.29761904762,359.412698413,2.88535301499e-06,Class 1
0.339380196523,2155.0952381,898661.755829,4115.23170786,0.634788496237,1.0,14203.8189901,0.908490674292,1.00649158668,0.00292401302969,0.798818633597,0.562920783805,1.0,1.0,0.658409365038,37.0158730159,0.579365079365,14335.1946886,2961398.20576,636215778.834,20.5396825397,-0.031746031746,3045.6031746,8.02933549632e-06,Class 1
0.657092466616,935.158730159,238181.295885,1698.70132592,0.844323889539,1.0,6233.1939959,0.440913104967,0.464804374464,0.00528311639326,0.388906300895,0.656360326199,1.0,1.0,0.853690865304,16.4523809524,0.809523809524,6260.98784335,1271478.11115,268430999.843,9.0,-0.888888888889,1331.71428571,3.48416304487e-06,Class 1
0.469639707735,2177.91269841,292734.477208,2517.83575052,0.69974465745,1.0,7573.61896583,0.69301914195,0.744747286961,0.00363459818968,0.668495560126,0.444647462123,1.0,1.0,0.714384485831,22.7023809524,0.68253968254,7634.6527739,1409419.92574,277741181.761,20.5793650794,0.511904761905,1364.53968254,8.11434753701e-06,Class 1
0.644494834971,1163.07936508,153067.822511,1330.63684179,0.822030059032,1.0,4657.39823586,0.455505952398,0.479397221895,0.0050862783988,0.41702183547,0.514108500902,1.0,1.0,0.832815192006,13.8253968254,0.801587301587,4681.51710922,867267.327292,170404805.029,11.2698412698,-1.24603174603,879.825396825,4.33333723076e-06,Class 1
0.513101536911,1782.13492063,313682.04032,2302.67181203,0.755186595593,1.0,7742.1542618,0.643536947431,0.683566500702,0.00414440859532,0.584392498899,0.528740844375,1.0,1.0,0.767096567973,21.3531746032,0.714285714286,7795.37201993,1554295.36225,328181082.969,16.4365079365,-0.853174603175,1503.64285714,6.63978042573e-06,Class 1
0.777147896196,867.134920635,65851.875995,781.391430083,0.887492099144,1.0,2573.86589933,0.271040083491,0.293760143239,0.00601732211258,0.269868873742,0.49831178063,1.0,1.0,0.891716294333,8.26587301587,0.880952380952,2582.23759533,448206.810592,84059330.4264,8.51587301587,-0.805555555556,428.904761905,3.23072367071e-06,Class 1
0.833963214916,514.333333333,52997.3683478,523.707774329,0.92264658245,1.0,1963.43684379,0.203436613402,0.210018389377,0.00656945268704,0.183620144278,0.465821241901,1.0,1.0,0.926428593073,5.87301587302,0.912698412698,1967.80778382,365554.734542,72656683.0734,5.15873015873,-0.880952380952,363.46031746,1.91627488998e-06,Class 1
0.502645502646,585.46031746,563884.485812,2604.59728326,0.797208777149,1.0,10598.45002,0.628688030953,0.683390907788,0.004227080553,0.487517984851,0.703262755185,1.0,1.0,0.812285995104,24.5317460317,0.706349206349,10658.2130418,2392070.80478,546343715.041,5.79365079365,-1.80158730159,2518.57142857,2.18127590167e-06,Class 1
0.502267573696,570.126984127,586241.955136,2663.45132592,0.8074241129,1.0,10853.2643419,0.667252624014,0.691143893511,0.00446328614635,0.458252558599,0.736083224421,1.0,1.0,0.824308669847,25.253968254,0.706349206349,10918.6440933,2435366.65951,552345887.144,5.66666666667,-1.81746031746,2587.52380952,2.12414781033e-06,Class 1
0.594986142605,1737.51587302,117320.241454,1474.83364238,0.805996099968,1.0,4309.57395643,0.502172593658,0.551758654728,0.00489042459432,0.446173403224,0.403502325188,1.0,1.0,0.812463193012,14.1150793651,0.769841269841,4336.79265485,749059.11281,141785784.27,16.3412698413,-0.416666666667,650.03968254,6.47354122825e-06,Class 1
0.582640463593,821.595238095,343890.573084,2049.61613246,0.804110171324,1.0,7776.73586815,0.545260846108,0.580512145479,0.00460796207227,0.498565549507,0.631334554241,1.0,1.0,0.819387860278,19.4087301587,0.761904761905,7817.55703978,1647396.38867,356425767.234,7.81746031746,-0.93253968254,1749.29365079,3.06105442221e-06,Class 1
0.340136054422,1582.62698413,1088969.09815,4306.40990727,0.705478960709,1.0,15683.2379706,0.93598898794,0.983771526934,0.00329111588935,0.665786902173,0.641969083015,1.0,1.0,0.724193063077,38.7023809524,0.579365079365,15824.8432501,3376337.79664,738689702.682,14.4682539683,-0.424603174603,3561.15873016,5.89646471138e-06,Class 1
0.512975560595,1211.55555556,434288.149123,2580.07632592,0.765810743301,1.0,9220.25119197,0.650118723406,0.685370022777,0.00408437300702,0.546844539342,0.640780605291,1.0,1.0,0.780230230235,23.4682539683,0.714285714286,9279.39062112,1957699.59737,428714357.039,11.6825396825,-0.412698412698,2017.32539683,4.51394715928e-06,Class 1
0.35865457294,1332.61904762,941786.599728,3672.9730273,0.671971848115,1.0,14260.8746221,0.884219624489,0.944233096971,0.00313462968376,0.68584388061,0.655660978091,1.0,1.0,0.699546762662,35.4682539683,0.595238095238,14383.3231608,3074352.66629,676940967.904,13.4603174603,-2.24603174603,3263.23015873,4.96499887011e-06,Class 1
0.547871000252,984.865079365,491065.291285,2685.0119658,0.84332636193,1.0,10372.582191,0.581718309675,0.612191355147,0.00493176057315,0.401237185724,0.617079004023,1.0,1.0,0.850142771503,24.0198412698,0.738095238095,10426.6339247,2368783.25604,552003690.574,8.62698412698,-1.41666666667,2360.81746032,3.66935623125e-06,Class 1
0.632401108592,1690.79365079,63232.1515279,1225.52263048,0.810569238044,1.0,3192.36347811,0.440524245712,0.482595912344,0.00489436135421,0.440524245712,0.261678985679,1.0,1.0,0.815438668563,11.253968254,0.793650793651,3211.29687112,517599.914299,93211493.5867,15.7777777778,-2.91433543964e-16,380.301587302,6.29946613834e-06,Class 1
0.397077349458,1746.22222222,567286.139442,2808.968315,0.711966513121,1.0,10554.3347269,0.817998133779,0.878311912396,0.00349582740359,0.649314482745,0.606606689745,1.0,1.0,0.727230496808,28.0158730159,0.626984126984,10643.5825854,2204584.83469,480489759.094,17.1111111111,-2.61904761905,2224.77777778,6.50597886604e-06,Class 1
0.669690098262,315.944444444,355564.952779,1920.6698279,0.888237102938,1.0,8011.5722574,0.431064718917,0.454955988414,0.00552719550639,0.296260184285,0.839192868811,1.0,1.0,0.89623732048,17.9801587302,0.81746031746,8041.26537311,1835961.85682,423815020.898,2.97619047619,-1.41666666667,1931.61111111,1.1771284618e-06,Class 1
0.631897203326,1837.83333333,92662.3109722,1468.3573279,0.807451436757,1.0,4002.57905236,0.458704642847,0.498734196118,0.00488944040434,0.447344612973,0.332490745818,1.0,1.0,0.813349198513,13.1865079365,0.793650793651,4025.73957946,681527.980498,126128501.453,16.4523809524,0.0119047619048,547.182539683,6.84729851322e-06,Class 1
0.657218442933,1402.6031746,144512.203063,1310.97054715,0.812846046163,1.0,4759.33547902,0.439109582891,0.463000852388,0.005079389069,0.434331328992,0.551577549217,1.0,1.0,0.821095288049,14.2063492063,0.809523809524,4783.20758541,890713.655231,177800581.675,13.4285714286,-2.15873015873,845.373015873,5.22574188742e-06,Class 1
0.524439405392,1246.14285714,538151.905084,2956.19425746,0.798348079131,1.0,10991.3711295,0.629339480286,0.661616047833,0.00444261815693,0.49626174519,0.679642877655,1.0,1.0,0.809636044752,26.126984127,0.722222222222,11055.1133394,2471889.72155,570019616.586,11.2698412698,-0.968253968254,2452.65079365,4.64281062826e-06,Class 1
0.696145124717,1132.84126984,75462.18721,932.659287226,0.850223291866,1.0,3000.27654182,0.366460068156,0.401711367528,0.00538744053032,0.366460068156,0.361033447759,1.0,1.0,0.854458001369,9.50793650794,0.833333333333,3013.48536319,535965.268636,103996995.264,10.7936507937,-0.904761904762,470.30952381,4.22067779597e-06,Class 1
0.396699420509,1661.91269841,701612.504968,3259.85335965,0.675430535972,1.0,12201.3745983,0.812587567553,0.886697210446,0.00317104471273,0.711919054241,0.635766770298,1.0,1.0,0.698549799792,31.1150793651,0.626984126984,12299.904758,2602843.91227,572672990.658,16.1666666667,-1.91666666667,2659.98412698,6.19186307188e-06,Class 1
0.669942050894,1728.76190476,27414.6386749,993.933840797,0.833651899725,1.0,2390.62990761,0.40717344942,0.445399480615,0.00528410058323,0.387735091147,0.212965051215,1.0,1.0,0.836057903638,9.71428571429,0.81746031746,2405.67881557,324965.505298,48601984.4174,16.1746031746,-0.396825396825,169.380952381,6.44092617404e-06,Class 1
0.447467876039,1386.04761905,571237.166054,2856.5682654,0.722861410781,1.0,10857.4095944,0.73385153705,0.803182926045,0.00364542427938,0.639587445443,0.67765838735,1.0,1.0,0.741221668111,27.4920634921,0.666666666667,10935.8534187,2337211.04002,519484406.718,13.9047619048,-1.88888888889,2387.88095238,5.16406010764e-06,Class 1
0.407281431091,1672.93650794,656325.292499,3174.98790826,0.733447216981,1.0,11906.5803791,0.805418559749,0.847251635095,0.00380879981478,0.618284889215,0.581566824657,1.0,1.0,0.74720159414,31.4206349206,0.634920634921,12005.1951846,2456691.28982,523316130.176,16.3333333333,-2.19841269841,2583.55555556,6.23293497606e-06,Class 1
0.447593852356,2709.95238095,217620.170062,2267.92156401,0.700395048828,1.0,6688.09503367,0.731809423689,0.801379403969,0.00361885115012,0.698768270042,0.448660235346,1.0,1.0,0.708893113869,21.6507936508,0.666666666667,6749.58357747,1170785.40696,221108043.627,25.0317460317,-0.880952380952,1010.24603175,1.00965917706e-05,Class 1
0.389014865205,1602.41269841,501997.995919,2579.06107294,0.692278091389,1.0,9755.66176699,0.78870100115,0.846040047943,0.00314545577346,0.683322142521,0.55569644104,1.0,1.0,0.709854669431,26.0952380952,0.619047619048,9835.73437112,2006717.38792,428599343.12,15.7301587302,-2.57142857143,2058.73809524,5.97018123918e-06,Class 1
0.263164525069,2327.86507937,1024317.47855,4106.88498167,0.592746981894,1.0,14644.6996508,1.02940935932,1.13813798926,0.00228921049757,0.866969037734,0.494984530983,1.0,1.0,0.61651122653,39.2896825397,0.507936507937,14802.9652739,2984645.53758,626610564.056,22.4523809524,-1.44841269841,3119.38888889,8.67303188369e-06,Class 1
0.722348198539,1213.23015873,107159.806529,1164.63646977,0.868728445252,1.0,3868.42582953,0.362670194433,0.377004956131,0.00569155523176,0.33832288196,0.519645101186,1.0,1.0,0.874122910302,10.996031746,0.849206349206,3883.5590239,773500.553182,167543876.772,10.8333333333,-0.93253968254,667.753968254,4.52018630383e-06,Class 1
0.777651801461,860.222222222,34765.9898535,434.719555083,0.90189732826,1.0,1791.62641278,0.254663208431,0.277621859466,0.00602322725242,0.254663208431,0.321124697893,1.0,1.0,0.904645122183,5.63492063492,0.880952380952,1796.9496489,328413.315294,67180776.2655,7.47619047619,-1.90476190476,234.26984127,3.20496871856e-06,Class 1
0.749811035525,1389.53174603,14351.8652019,791.406311035,0.865557857661,1.0,1761.35270568,0.284403227377,0.323500162185,0.00580768964849,0.286445340738,0.21753006866,1.0,1.0,0.867870473346,7.5119047619,0.865079365079,1769.34821041,228136.836521,33226730.1969,13.3095238095,0.0119047619048,95.0714285714,5.17704107663e-06,Class 1
0.749811035525,970.833333333,26120.494909,482.623324924,0.877619072107,1.0,1649.16868538,0.300780102436,0.323500162185,0.00580276869863,0.300780102436,0.345604276434,1.0,1.0,0.88049831714,6.47222222222,0.865079365079,1656.46080962,240188.097895,39372301.4442,9.72222222222,-1.6626984127,171.507936508,3.6170775224e-06,Class 1
0.709246661628,534.507936508,292611.42959,1789.46335469,0.889146682952,1.0,7244.96412899,0.369043487675,0.386985293525,0.00561872517381,0.304066522986,0.770354970341,1.0,1.0,0.894200387224,16.4285714286,0.84126984127,7268.05282351,1672280.3812,393379212.242,4.87301587302,-1.38095238095,1683.64285714,1.99144031865e-06,Class 1
0.547871000252,1851.3015873,150560.935116,1902.84901937,0.763176674747,1.0,5057.66139038,0.564408816153,0.612191355147,0.00423987502264,0.551006672917,0.375696690852,1.0,1.0,0.772301917513,16.1666666667,0.738095238095,5092.83109732,893593.916535,169929922.761,17.4920634921,1.62698412698,810.634920635,6.89747779428e-06,Class 2
0.645124716553,1217.1984127,171090.183832,1759.27077036,0.822494566785,1.0,5091.87636857,0.427769047464,0.458480684222,0.00509316772861,0.397037916259,0.553638156237,1.0,1.0,0.832270369514,15.0357142857,0.801587301587,5116.48114692,952224.214357,187835055.912,11.880952381,1.67063492063,975.055555556,4.53497100656e-06,Class 2
0.281179138322,2425.74603175,874058.578942,4246.78416322,0.601488172805,1.0,13736.3502033,1.00399020056,1.07268927723,0.00230495753712,0.901539558672,0.538317830975,1.0,1.0,0.62045744422,35.246031746,0.52380952381,13874.686256,2944483.30262,654358347.69,22.4126984127,1.42857142857,2862.78571429,9.03771136118e-06,Class 2
0.657092466616,1257.71428571,166389.423773,1632.95082988,0.825724319861,1.0,5057.0453565,0.45344434459,0.464804374464,0.00517583968628,0.434039450741,0.552620666173,1.0,1.0,0.834898456061,14.3968253968,0.809523809524,5082.05282351,980094.884677,200359621.958,11.8095238095,0.436507936508,956.30952381,4.68592282142e-06,Class 2
0.632023179642,1165.84920635,244393.068909,2064.12158881,0.845704049206,1.0,6455.44573963,0.482595912344,0.496930674042,0.00528606896318,0.391642441433,0.619041453432,1.0,1.0,0.849976044927,16.2817460317,0.793650793651,6485.62549216,1399236.52595,316812062.764,10.6428571429,1.3373015873,1330.1984127,4.34365695326e-06,Class 2
0.559082892416,1271.02380952,245219.458796,2090.11576044,0.791858631285,1.0,6311.58061989,0.583546720182,0.609241511755,0.00451249564496,0.515959010384,0.536411449352,1.0,1.0,0.801709087925,17.8055555556,0.746031746032,6351.68898422,1227886.84962,249630105.045,12.373015873,1.71031746032,1270.44444444,4.73551071436e-06,Class 2
0.51385739481,1091.08730159,303695.500677,2152.8197535,0.778336593405,1.0,6934.34026938,0.627398663658,0.660846440953,0.00425365368225,0.530961038857,0.469608255242,1.0,1.0,0.791040060954,19.4166666667,0.714285714286,6981.46130565,1344761.07271,269621201.642,11.1031746032,1.26587301587,1472.8968254,4.06511315387e-06,Class 2
0.670194003527,1577.17460317,155014.658486,1875.3869658,0.848580690571,1.0,5249.66774044,0.411951703319,0.435842972816,0.00538842472029,0.361681814257,0.490336842073,1.0,1.0,0.852558039097,14.4841269841,0.81746031746,5272.46006557,1075584.37191,236931631.713,13.7619047619,1.38888888889,924.047619048,5.87615052983e-06,Class 2
0.406525573192,2029.87301587,661084.608042,3618.98976838,0.717271944341,1.0,12410.0884654,0.835891605221,0.872946426668,0.0035627523217,0.677425128225,0.590398346639,1.0,1.0,0.728256633482,31.7142857143,0.634920634921,12513.4466727,2655284.43336,588909334.011,18.7619047619,-0.0714285714286,2621.38888889,7.56278941704e-06,Class 2
0.199798437894,3875.07936508,782738.825038,4166.91412354,0.49981858675,1.0,12933.5834597,1.08403425349,1.20329026542,0.00175282696267,0.980012948106,0.419453682801,1.0,1.0,0.5166448235,39.3015873016,0.436507936508,13100.3692918,2452801.03723,497734540.712,37.8253968254,-0.785714285714,2306.93650794,1.44375579079e-05,Class 2
0.524187452759,770.896825397,588670.292532,3087.28317115,0.789105134771,1.0,11095.8637939,0.638895988084,0.671172555632,0.00443179206723,0.499630198055,0.764117066234,1.0,1.0,0.80717678915,26.1785714286,0.722222222222,11160.7212263,2471381.54095,558788615.138,7.59523809524,0.90873015873,2597.86507937,2.87216506015e-06,Class 2
1.0,0.0,-0.00787401574803,6.103515625e-05,1.0,1.0,0.0,-0.0,-0.0,0.00775146484375,-0.0,nan,1.0,1.0,1.0,0.0,1.0,0.000244140625,-3.81469726562e-06,5.96046447754e-08,0.0,0.0,0.0,0.0,Class 2
0.368354749307,1657.92063492,738606.7286,3890.99361262,0.679190955778,1.0,12418.7876796,0.849730243422,0.922907267853,0.00324781153057,0.711088400965,0.584776158165,1.0,1.0,0.700336115477,32.880952381,0.603174603175,12527.7705814,2546368.90307,537323682.75,16.7142857143,3.0873015873,2717.97619048,6.17698966094e-06,Class 2
0.513983371126,837.873015873,577280.532942,3144.3197535,0.837036260995,1.0,11129.1235361,0.618774774321,0.667189625642,0.00491699772357,0.411461001274,0.609324860024,1.0,1.0,0.846259479722,26.2380952381,0.714285714286,11192.0429029,2484654.23932,565127280.016,7.66666666667,1.04761904762,2588.95238095,3.1217012728e-06,Class 2
0.736457545981,1338.15079365,27864.1018921,890.892546154,0.861340729201,1.0,2054.20587212,0.309653358563,0.336519359884,0.00570139713148,0.309653358563,0.275227960388,1.0,1.0,0.863904668024,8.00396825397,0.857142857143,2063.52380565,297438.744732,48314138.7936,12.7380952381,0.400793650794,181.468253968,4.98560874571e-06,Class 2
0.396069538927,1308.38095238,1008525.3303,4437.70926242,0.670588077491,1.0,15658.0188519,0.823709006141,0.910588479943,0.00317202890271,0.735216267142,0.679740354714,1.0,1.0,0.699181453124,37.0158730159,0.626984126984,15776.9883394,3506865.24073,797663484.064,12.7777777778,1.40476190476,3617.73015873,4.87469390585e-06,Class 2
0.570924666163,462.420634921,451450.25525,2588.19500151,0.822974439462,1.0,9146.9194249,0.553061894562,0.590116716008,0.00473098581881,0.439997506,0.79191242177,1.0,1.0,0.835018583869,21.6388888889,0.753968253968,9193.13194057,2012957.03231,448127983.107,5.02380952381,1.44047619048,2183.01587302,1.72286140889e-06,Class 2
0.749559082892,923.476190476,42915.9240509,831.419207861,0.89692907557,1.0,2032.80176941,0.312140132311,0.333056669984,0.00601830630256,0.265090619843,0.329930378332,1.0,1.0,0.898350928909,6.87301587302,0.865079365079,2040.85639493,342395.308923,63477445.6368,8.65079365079,0.84126984127,279.452380952,3.44063688004e-06,Class 2
0.722348198539,607.357142857,151791.002767,1266.95765032,0.880328243341,1.0,4275.4384514,0.353113686634,0.377004956131,0.00579981612871,0.312140132311,0.639882012443,1.0,1.0,0.887385936004,11.4484126984,0.849206349206,4290.76884533,859978.655035,179182069.39,6.13492063492,0.40873015873,921.031746032,2.26285789133e-06,Class 2
0.594608213656,979.849206349,389462.550558,2680.41883584,0.810800021988,1.0,8848.51148927,0.542202146929,0.566093416426,0.00489239297426,0.452122866872,0.726407331281,1.0,1.0,0.825669445276,21.6547619048,0.769841269841,8893.8293612,1927593.42718,430557965.85,9.35714285714,1.82936507937,1978.83333333,3.650668367e-06,Class 2
0.512597631645,589.53968254,644662.684544,3202.52387056,0.768610371348,1.0,11659.1605563,0.656700499381,0.699704784476,0.00416015563488,0.557132776537,0.761655401675,1.0,1.0,0.788929868009,27.4523809524,0.714285714286,11729.1257402,2580843.87131,577856031.203,6.47619047619,0.992063492063,2785.32539683,2.19647457608e-06,Class 2
0.6569664903,532.166666667,341649.596395,2207.06714933,0.835302952605,1.0,7852.4204661,0.460026120564,0.469582628363,0.00518076063614,0.413122913068,0.800902728676,1.0,1.0,0.847934350148,18.6785714286,0.809523809524,7885.41219851,1735981.32014,391042151.814,5.83333333333,0.900793650794,1838.6031746,1.98271734404e-06,Class 2
0.457797933988,891.761904762,824400.73663,3858.24609278,0.753913541264,1.0,13733.0221434,0.742610575647,0.794000158792,0.00384521484375,0.579097799808,0.734456580328,1.0,1.0,0.773246434046,32.5714285714,0.674603174603,13827.1867521,3039816.56482,682090132.622,8.65079365079,1.46031746032,3234.36507937,3.32247753584e-06,Class 2
0.670194003527,865.841269841,257170.129533,2150.26010568,0.886994706721,1.0,6547.14299781,0.419704689043,0.43881770464,0.00580867383846,0.289181481276,0.694420382962,1.0,1.0,0.890125245459,16.0079365079,0.81746031746,6572.84101795,1453402.84289,335576920.63,8.07936507937,2.39682539683,1427.0,3.22590385762e-06,Class 2
0.397203325775,1809.5,773429.756134,4048.249441,0.663501928093,1.0,13587.2400429,0.805767200292,0.870558926673,0.00318187080243,0.715626068972,0.611386587966,1.0,1.0,0.689519595251,33.9087301587,0.626984126984,13693.7619009,2956515.1108,662802374.007,17.3571428571,1.43253968254,2971.5952381,6.74173573574e-06,Class 2
0.447341899723,1172.1984127,762106.880247,3816.54234774,0.730005239481,1.0,13161.38085,0.766128104598,0.807961179944,0.00372908042702,0.63056263841,0.707525098911,1.0,1.0,0.750606474583,32.0436507937,0.666666666667,13256.9895795,2867748.9047,636493204.503,11.373015873,1.82142857143,3021.6984127,4.36731247763e-06,Class 2
0.634038800705,713.380952381,373388.14111,2669.85410369,0.881226712598,1.0,8713.33875775,0.433009851274,0.455097598696,0.00570533389137,0.306046314412,0.620277943142,1.0,1.0,0.884201876021,19.5793650794,0.793650793651,8745.84002589,2047738.35928,491149560.223,6.87301587302,2.46031746032,2008.42063492,2.65787557881e-06,Class 2
0.584782060973,978.206349206,490473.669306,3167.4495898,0.864433476548,1.0,10673.7583911,0.459075399482,0.514787800636,0.00523292270467,0.331764186448,0.53643790974,1.0,1.0,0.868292953675,23.6111111111,0.761904761905,10715.4293116,2532656.71142,612262441.592,8.15873015873,1.96825396825,2434.67460317,3.64454750007e-06,Class 2
0.53552532124,841.706349206,501152.675941,3012.08922274,0.785522805824,1.0,10082.6869715,0.619882389556,0.656937211003,0.00442096597754,0.528061130166,0.784241477625,1.0,1.0,0.801787045313,23.996031746,0.730158730159,10140.3020795,2247176.63026,510843239.741,8.61111111111,2.29761904762,2325.02380952,3.13598329563e-06,Class 2
0.547115142353,786.142857143,540620.940103,3099.4650908,0.776222786281,1.0,10660.5802304,0.603806057097,0.637886146719,0.00425070111233,0.528186642588,0.812974202478,1.0,1.0,0.793063652337,25.246031746,0.738095238095,10719.6128433,2365499.878,533212465.935,7.96825396825,1.88095238095,2483.76190476,2.92896788803e-06,Class 2
0.53552532124,752.119047619,587684.853963,3219.82955012,0.78491561134,1.0,11404.7216938,0.619882389556,0.656937211003,0.00426743234186,0.511516017068,0.711396986758,1.0,1.0,0.80242538661,26.2738095238,0.730158730159,11467.842258,2583562.95403,592261455.429,7.18253968254,1.40079365079,2679.34126984,2.80220384684e-06,Class 2
0.480095742001,1253.74603175,467635.739387,2783.97897969,0.74903873158,1.0,9468.90365689,0.663177767823,0.727730902918,0.00390229786214,0.603870698668,0.583505154662,1.0,1.0,0.762593583359,24.8968253968,0.690476190476,9532.95212906,1942552.37625,410361478.162,12.6031746032,0.833333333333,2070.19047619,4.67113811869e-06,Class 2
0.27059712774,2432.24603175,1221162.44542,4954.35472373,0.609666887053,1.0,16902.8227189,1.03603119412,1.14124619481,0.00246341212266,0.863531435198,0.549220316278,1.0,1.0,0.629740425345,42.5436507937,0.515873015873,17075.3968215,3698218.9491,836761389.69,23.3253968254,0.789682539683,3661.45238095,9.06192870425e-06,Class 2
0.657596371882,1675.43650794,139311.363591,1844.8244658,0.850924296699,1.0,4976.66724454,0.413414791319,0.44866609069,0.00539236148018,0.352125306458,0.342082066664,1.0,1.0,0.8537326212,13.8531746032,0.809523809524,4998.53918263,1012935.37954,223010650.669,14.2142857143,1.44841269841,830.992063492,6.24224933878e-06,Class 2
0.582766439909,807.626984127,304317.23928,2217.53490727,0.82239713807,1.0,7014.99918424,0.540482592208,0.57573389158,0.00472508067897,0.443449420396,0.668077709749,1.0,1.0,0.833305546165,17.8849206349,0.761904761905,7052.25545247,1474747.02632,318534760.591,7.96031746032,2.23412698413,1561.43650794,3.0090122686e-06,Class 2
0.644242882338,1240.55555556,215966.560708,1938.96323068,0.821507882784,1.0,6084.48052202,0.468037192021,0.488953729694,0.00498392264168,0.444145922524,0.537731535891,1.0,1.0,0.83079977542,16.1984126984,0.801587301587,6113.57514493,1246473.79927,266894459.495,11.2857142857,0.888888888889,1218.50793651,4.62199376682e-06,Class 2
0.321491559587,771.674603175,1688378.80531,5170.72339933,0.641644553244,1.0,19102.2057754,0.965782021725,1.04106287437,0.00280689442299,0.77178397982,0.792465187826,1.0,1.0,0.674020758319,44.2658730159,0.563492063492,19269.5114049,4316081.92285,981915618.168,9.21428571429,1.37698412698,4625.15079365,2.87506286189e-06,Class 2
0.295540438398,2531.56349206,1004407.31669,4573.68508088,0.608595371703,1.0,15181.2375506,1.02656012068,1.08750621162,0.00256576787978,0.886095309502,0.55417015909,1.0,1.0,0.630345945559,38.5357142857,0.539682539683,15336.0123969,3277078.71083,731288200.63,23.246031746,0.924603174603,3201.71428571,9.43196024412e-06,Class 2
0.848198538675,805.238095238,25604.2774273,668.42888048,0.921321406921,1.0,1521.12166869,0.185423666353,0.199758428052,0.00656846849706,0.185423666353,0.405133445896,1.0,1.0,0.923920037623,5.25396825397,0.920634920635,1524.65599811,244745.508188,43102822.3468,7.20634920635,0.825396825397,179.936507937,3.00011187756e-06,Class 2
0.595112118922,1905.95238095,93478.8288446,1529.64862254,0.779890501983,1.0,4027.55545664,0.495590817683,0.549955132652,0.00460205693244,0.498565549507,0.279824093819,1.0,1.0,0.788163517117,13.9682539683,0.769841269841,4054.12722827,661724.87884,119311241.066,18.0634920635,0.396825396825,537.261904762,7.10109272025e-06,Class 2
0.619551524313,1205.25396825,176968.105623,1781.38014536,0.817265902178,1.0,5137.08347988,0.487563656478,0.516233179874,0.00489436135421,0.433009851274,0.45565235586,1.0,1.0,0.826719671979,15.0873015873,0.785714285714,5165.32712906,969644.218277,193031550.416,11.8095238095,1.73015873016,990.253968254,4.49046905135e-06,Class 2
0.547871000252,929.515873016,418266.305121,2809.04420786,0.808468817157,1.0,9140.17186534,0.586496563574,0.615166086971,0.00454989486391,0.475262149362,0.647403494077,1.0,1.0,0.81814190157,21.2341269841,0.738095238095,9188.31596835,2100120.02056,494252727.824,8.7380952381,2.35317460317,2065.03174603,3.4631391976e-06,Class 2
0.81960191484,354.063492063,115324.314304,1032.1057158,0.918035411825,1.0,3350.26172832,0.22980488611,0.22980488611,0.00645627084022,0.203436613402,0.930635921642,1.0,1.0,0.923740129817,8.57936507937,0.904761904762,3357.55927192,691284.093913,146411376.016,3.65079365079,0.912698412698,751.007936508,1.3191503162e-06,Class 2
0.312799193752,2318.20634921,1059909.22726,4787.72054715,0.605608226433,1.0,15985.5506775,0.985700464102,1.05142480895,0.00251065324133,0.879396633939,0.593489537352,1.0,1.0,0.628029599837,39.8174603175,0.555555555556,16139.0830814,3470384.39042,773688410.143,21.5396825397,1.43650793651,3455.84126984,8.63704591725e-06,Class 2
0.480095742001,1139.69047619,578638.204844,3223.78168306,0.753999015268,1.0,11067.3513006,0.696386953833,0.737287410717,0.00398300143987,0.590937898807,0.694206450298,1.0,1.0,0.771231196215,26.3373015873,0.690476190476,11138.5843215,2479454.65775,567990548.949,10.8492063492,1.35317460317,2500.13492063,4.24619619288e-06,Class 2
0.305114638448,2076.9047619,982058.479595,4493.21013048,0.60129276518,1.0,14618.9580953,0.990602591043,1.04018865211,0.00250376391153,0.877931673729,0.596281918,1.0,1.0,0.62195899053,37.8095238095,0.547619047619,14765.4307997,3083555.00553,669669436.642,21.0793650794,2.5873015873,3172.72222222,7.73801771377e-06,Class 2
0.558830939783,1135.17460317,377863.30431,2509.89217413,0.788524128253,1.0,8469.97229851,0.583546720182,0.618798019554,0.00469260240989,0.497274837943,0.653526081704,1.0,1.0,0.803410718924,22.2857142857,0.746031746032,8520.25818065,1723249.15169,360457293.716,11.0793650794,0.873015873016,1846.61904762,4.22937120118e-06,Class 2
0.595112118922,1208.01587302,218957.517736,1957.31342909,0.804736454957,1.0,5843.63283352,0.530842117054,0.549955132652,0.00470244430961,0.472512664833,0.6174488459,1.0,1.0,0.815927959736,16.3253968254,0.769841269841,5876.99577985,1132832.71414,228167172.029,11.2222222222,1.71428571429,1167.5,4.50075920445e-06,Class 2
0.57067271353,1482.12698413,267637.800139,2158.12555707,0.795689358304,1.0,6932.39689524,0.564421924436,0.599673223807,0.00468964983997,0.505027823667,0.583390783018,1.0,1.0,0.806355305341,18.9761904762,0.753968253968,6973.73486716,1392220.79267,293319517.667,13.6825396825,0.420634920635,1373.1984127,5.52202733009e-06,Class 2
0.736079617032,931.706349206,88057.6598832,1110.92677234,0.879855186108,1.0,3153.45264706,0.328766374161,0.347879389758,0.0058037528886,0.302583624512,0.486355693188,1.0,1.0,0.88427752358,9.44841269841,0.857142857143,3165.17955962,586854.086629,116692436.562,8.83333333333,0.829365079365,558.515873016,3.4713003535e-06,Class 2
0.683295540438,1380.47619048,47619.098233,976.346415202,0.845714206845,1.0,2543.77695173,0.386864187534,0.414601092468,0.00528705315315,0.386864187534,0.36261793246,1.0,1.0,0.849007226532,8.85714285714,0.825396825397,2556.78000605,415383.18559,75281250.0434,12.6031746032,-0.0396825396825,294.214285714,5.14330238501e-06,Class 3
0.735953640716,1099.35714286,139654.09507,1418.96223861,0.859261407145,1.0,4564.76618821,0.341297613784,0.352657643658,0.00569155523176,0.341297613784,0.548610767228,1.0,1.0,0.864867947073,12.0753968254,0.857142857143,4580.38045247,948754.094446,208089101.675,10.0555555556,-0.00396825396825,870.444444444,4.09592447435e-06,Class 3
0.571176618796,1617.15079365,238407.460608,2140.67193604,0.79805142059,1.0,6667.68892808,0.549216259125,0.583534940034,0.0045252901146,0.495674785038,0.451718794769,1.0,1.0,0.804789893312,17.4642857143,0.753968253968,6704.66269454,1422103.57431,321346682.078,14.3412698413,0.488095238095,1272.15079365,6.02509162511e-06,Class 3
0.502645502646,1950.77777778,178437.208221,1758.437065,0.754283614086,1.0,5441.04798373,0.629720619995,0.676809131813,0.00415425049505,0.564169988402,0.380788334594,1.0,1.0,0.76224712562,17.619047619,0.706349206349,5483.9307997,952646.581609,179598265.825,18.7936507937,-0.888888888889,883.563492063,7.26810072226e-06,Class 3
0.594860166289,1851.95238095,155832.70451,1798.34629119,0.7795521488,1.0,5205.67322201,0.52786738523,0.559511640451,0.00459713598258,0.513532623532,0.48147502868,1.0,1.0,0.787420196555,16.1111111111,0.769841269841,5238.40599811,945771.838825,184725174.808,17.2063492063,0.333333333333,846.865079365,6.89990248552e-06,Class 3
0.722348198539,1055.46031746,98926.3588318,1145.83823068,0.866972800502,1.0,3506.61709697,0.357891940533,0.377004956131,0.00569253942173,0.33354462806,0.424854434978,1.0,1.0,0.871021116543,10.8571428571,0.849206349206,3521.35341874,631868.920662,121716316.685,10.253968254,0.00793650793651,616.642857143,3.93237609278e-06,Class 3
0.763416477702,897.96031746,42268.2211829,627.44748167,0.885280052126,1.0,2010.00456816,0.285925760369,0.308645820117,0.0059100454056,0.281147506469,0.364752800126,1.0,1.0,0.888243266072,6.80555555556,0.873015873016,2017.28124612,339070.183948,63099211.0551,8.64285714286,-0.900793650794,279.936507937,3.3455712415e-06,Class 3
0.479591836735,1688.72222222,411370.529144,2827.97488742,0.719329183066,1.0,9115.83257068,0.70023258927,0.746843918516,0.00371431757744,0.654315287201,0.549274735814,1.0,1.0,0.736415074063,24.5436507937,0.690476190476,9182.55356755,1863633.19059,397755297.371,16.1825396825,0.940476190476,1873.84126984,6.29174852351e-06,Class 3
0.427059712774,2693.45238095,362587.944105,2841.9495898,0.671112406473,1.0,9136.95041013,0.777788266468,0.829177849613,0.00337181946708,0.749575046195,0.486531399442,1.0,1.0,0.684601323611,26.3452380952,0.650793650794,9216.66319057,1791694.81128,374805607.12,24.8015873016,-1.27380952381,1631.21428571,1.00351169766e-05,Class 3
0.232174351222,3866.03174603,744498.108995,4471.10782393,0.521561706947,1.0,13164.4257217,1.1156013888,1.20882404729,0.00190636059835,1.0498965201,0.425390427536,1.0,1.0,0.539314713583,38.9126984127,0.47619047619,13334.3935973,2510001.14727,504603107.839,35.8412698413,1.42857142857,2367.6984127,1.44038487857e-05,Class 3
0.358276643991,1931.00793651,748231.217052,3796.00502135,0.65454816007,1.0,12795.9842118,0.881483483951,0.955593126845,0.002948617779,0.764738543974,0.561979305985,1.0,1.0,0.673443960273,33.4007936508,0.595238095238,12910.888885,2666572.22142,572932376.537,18.7063492063,0.821428571429,2745.49206349,7.19444333327e-06,Class 3
0.683295540438,872.341269841,114718.143597,1217.93718901,0.854124907756,1.0,3616.11961085,0.385931569071,0.411626360644,0.00539039310024,0.355100038282,0.510575735777,1.0,1.0,0.861796555064,10.7896825397,0.825396825397,3631.95287311,667669.601491,129954238.147,8.59523809524,0.853174603175,690.071428571,3.25012120069e-06,Class 3
0.548122952885,1503.00793651,214694.600597,1807.17987254,0.777575029657,1.0,5884.12574135,0.554219996027,0.605609579172,0.00434813591959,0.509098515423,0.448667049665,1.0,1.0,0.78559441272,17.376984127,0.738095238095,5921.25545247,1113076.07443,223131824.984,14.753968254,-0.440476190476,1104.83333333,5.59982443584e-06,Class 3
0.287226001512,2077.99206349,1022033.95475,4132.73815627,0.600213447976,1.0,14786.5980449,1.01678824973,1.10366772354,0.00240042396444,0.8751637748,0.540318273104,1.0,1.0,0.623294359758,38.2817460317,0.531746031746,14938.8695398,3095984.91458,665135729.463,20.0396825397,-1.20238095238,3215.81746032,7.74206872231e-06,Class 3
0.29617031998,1875.61111111,944088.785802,4129.77126639,0.63645426213,1.0,13918.9824001,0.966152927154,1.06956440577,0.00258840424914,0.811074374868,0.561933535518,1.0,1.0,0.653670348397,36.1785714286,0.539682539683,14055.6041628,2922300.9239,631544882.515,18.7222222222,1.32142857143,3045.56349206,6.98804888319e-06,Class 3
0.377299067775,3085.64285714,340423.783173,3043.58103822,0.655042098464,1.0,8817.26915312,0.846539457742,0.91884557856,0.00306770476564,0.793474551955,0.386413324128,1.0,1.0,0.664897842129,26.9007936508,0.611111111111,8905.96180168,1640392.81904,327144825.569,28.2142857143,0.424603174603,1455.5,1.14963187166e-05,Class 3
0.428445452255,2501.96825397,207913.149179,2379.6605273,0.693868482354,1.0,6389.05809884,0.72582153017,0.789148296342,0.00340134516625,0.696775662015,0.3509941569,1.0,1.0,0.702777348007,20.4285714286,0.650793650794,6446.56472827,1153365.54927,227035131.051,23.6031746032,1.30158730159,986.468253968,9.32169593118e-06,Class 3
0.313429075334,2037.11904762,973238.290683,4212.60757592,0.629622718932,1.0,14648.2273543,0.948307080789,1.04006477907,0.00274489045474,0.779616895846,0.576869278154,1.0,1.0,0.655253118878,37.7817460317,0.555555555556,14788.2817422,3103754.87888,679139520.49,19.6111111111,0.0357142857143,3188.38095238,7.58978628422e-06,Class 3
0.722600151172,1281.43650794,28327.9787417,782.129153297,0.861427483919,1.0,2001.80955178,0.348335432734,0.367448448332,0.00559215204456,0.335171880785,0.289319410549,1.0,1.0,0.86357281846,7.88492063492,0.849206349206,2012.18203978,289993.246789,47562760.5775,12.4047619048,-0.400793650794,182.80952381,4.77430577432e-06,Class 3
0.571554547745,1330.24603175,201071.613688,1792.50526937,0.784090428046,1.0,5589.70452458,0.533948878964,0.57578195431,0.00451643240485,0.510942165199,0.485787894922,1.0,1.0,0.793342615257,15.9642857143,0.753968253968,5622.5183493,1099123.68298,229619146.335,13.2301587302,0.464285714286,1073.31746032,4.95615761788e-06,Class 3
0.735953640716,955.777777778,99284.8397661,1054.33562651,0.882273793959,1.0,3440.49408275,0.331741105985,0.352657643658,0.00590807702566,0.287729282444,0.411154787398,1.0,1.0,0.886221042708,10.4523809524,0.857142857143,3453.60093859,630633.097153,123262598.626,9.25396825397,-0.436507936508,624.619047619,3.56098436025e-06,Class 3
0.37855883094,2594.62698413,324337.820801,2605.63051738,0.673031395205,1.0,7967.59596328,0.810655846044,0.886569011013,0.00316710795285,0.739694214906,0.38374469668,1.0,1.0,0.685767280888,24.1150793651,0.611111111111,8043.62797232,1494715.48311,299849500.777,24.0238095238,-0.464285714286,1362.62698413,9.66691873988e-06,Class 3
0.367850844041,2332.00793651,637534.812508,3685.70194596,0.637592768958,1.0,11927.6401204,0.863132386658,0.935438507476,0.00291810788986,0.816999030732,0.502935018771,1.0,1.0,0.655467014356,32.4404761905,0.603174603175,12036.8695398,2412065.22423,507138232.044,22.3253968254,0.861111111111,2426.72222222,8.68846711334e-06,Class 3
0.358024691358,1686.18253968,977331.451812,4248.1838408,0.630082060327,1.0,14993.2491611,0.89103999175,0.965149634644,0.00292991816952,0.806509904471,0.580742625822,1.0,1.0,0.659804484999,37.5912698413,0.595238095238,15124.0872977,3199537.51922,696836850.519,16.626984127,0.424603174603,3360.06349206,6.28228631377e-06,Class 3
0.359788359788,2136.54761905,476436.057084,2938.35211957,0.665369669115,1.0,9567.77283387,0.836675676781,0.913760051499,0.0030371948765,0.71395904593,0.37937755681,1.0,1.0,0.682228697581,27.7976190476,0.595238095238,9658.36606755,1827911.29481,365394911.403,20.7698412698,-0.0436507936508,1880.88888889,7.96023179577e-06,Class 3
0.51347946586,2333.82539683,223567.701459,2246.93024457,0.733119903697,1.0,6738.68774031,0.627160072372,0.669231739004,0.00397020697023,0.606243534698,0.511289052209,1.0,1.0,0.741190636085,20.5793650794,0.714285714286,6788.63466874,1266578.86372,258570542.321,21.8253968254,-0.365079365079,1114.02380952,8.69523850719e-06,Class 3
0.548752834467,1248.97619048,224075.062031,1823.06752135,0.793359440976,1.0,5865.22482725,0.541350194538,0.591274817474,0.00444163396695,0.48616633997,0.480751265904,1.0,1.0,0.804524316667,16.630952381,0.738095238095,5899.90525406,1128795.67949,226645851.429,11.7222222222,0.384920634921,1162.99206349,4.65336690601e-06,Class 3
0.50176366843,1895.95238095,331312.447669,2657.29581996,0.740156094935,1.0,8193.97420841,0.654089072065,0.704307445461,0.00405189473793,0.600037644562,0.471161933437,1.0,1.0,0.750986156648,23.2698412698,0.706349206349,8252.97445049,1595465.59981,326410367.167,18.1428571429,0.97619047619,1589.61904762,7.06383526937e-06,Class 3
0.513101536911,2630.53968254,131146.530122,1960.97873167,0.723019212404,1.0,5327.58317983,0.638758693532,0.680591768878,0.00396134926048,0.629202185733,0.355625506546,1.0,1.0,0.729285580455,18.0158730159,0.714285714286,5372.08060128,904642.522418,169400522.607,24.3015873016,-0.396825396825,685.666666667,9.80072029956e-06,Class 3
0.378936759889,2917.84126984,366896.688585,2916.51171778,0.634709102027,1.0,9063.51700785,0.765309141451,0.875841293465,0.00302341621689,0.731361954357,0.368653601301,1.0,1.0,0.652907479438,28.0793650794,0.611111111111,9147.13417271,1654450.1076,322436753.691,27.6349206349,-0.888888888889,1557.76190476,1.08711327771e-05,Class 3
0.594734189972,1412.52380952,198966.711856,1844.21025449,0.795467692208,1.0,5594.57502578,0.512661719919,0.561315162526,0.00469653916978,0.484111285993,0.480538759696,1.0,1.0,0.80523710871,16.7142857143,0.769841269841,5627.54290287,1036531.04159,202692966.677,13.7936507937,0.81746031746,1054.01587302,5.26270364424e-06,Class 3
0.64525069287,1429.22222222,28379.7463767,842.236916194,0.825929337056,1.0,2104.98775337,0.398705803027,0.456677162147,0.00499966968124,0.405287579001,0.219274861648,1.0,1.0,0.829152668845,8.62698412698,0.801587301587,2118.04835922,289794.672108,44693216.5555,14.0158730159,-0.420634920635,172.341269841,5.32491767332e-06,Class 3
0.607205845301,1373.20634921,185643.065246,1850.17739238,0.802171549847,1.0,5453.19229892,0.513413121717,0.535500869139,0.00469850754972,0.485676216783,0.520386561702,1.0,1.0,0.809291326789,15.8253968254,0.777777777778,5484.43972827,1048361.73498,213928740.214,13.4126984127,1.26984126984,1028.05555556,5.11621680961e-06,Class 3
0.217435122197,2565.81746032,1318775.46415,4786.21000647,0.531406130369,1.0,16322.344448,1.13900476285,1.24085131067,0.00187191394932,0.966237612686,0.526937999475,1.0,1.0,0.561843326956,43.8928571429,0.460317460317,16518.2807501,3330032.66511,699531271.308,24.9920634921,0.0674603174603,3488.8015873,9.55958179807e-06,Class 3
0.340136054422,1373.78571429,1333348.47181,5041.85559179,0.676188246284,1.0,18146.6430145,0.912097718443,0.98079679511,0.00303916325645,0.738115626138,0.641918002602,1.0,1.0,0.698787828815,42.2817460317,0.579365079365,18297.4290636,4132026.66672,955252266.648,13.3888888889,0.996031746032,4231.57142857,5.11837537621e-06,Class 3
0.436759889141,927.444444444,788149.126824,3522.624441,0.690059653445,1.0,13058.0241655,0.773466315692,0.831437674812,0.00338855069661,0.71345284321,0.688180314309,1.0,1.0,0.715339602059,31.6507936508,0.65873015873,13153.3712759,2840954.92905,626758806.398,10.126984127,0.00793650793651,3056.97619048,3.45542158277e-06,Class 3
0.172965482489,2011.1984127,2088065.72478,5707.11414834,0.537993118712,1.0,19963.5992615,1.16064857045,1.29146494781,0.00182860959054,0.901925604745,0.590636828998,1.0,1.0,0.568249678852,50.2579365079,0.404761904762,20192.4384882,4288277.77885,938740083.971,20.626984127,1.36111111111,4546.0952381,7.493212606e-06,Class 3
0.5589569161,2064.36507937,150965.976124,1907.91920786,0.775978034476,1.0,5307.8683485,0.573990212384,0.614019765654,0.00441899759759,0.527128511703,0.341714042317,1.0,1.0,0.782671395873,16.8968253968,0.746031746032,5345.27752589,938284.304261,178728346.877,18.7142857143,0.468253968254,820.492063492,7.69129805315e-06,Class 3
0.447341899723,1457.88095238,670360.206588,3631.84567115,0.704746392389,1.0,12345.5451846,0.79182289617,0.807961179944,0.00354405271223,0.69395713304,0.663505286137,1.0,1.0,0.724404981705,30.3531746032,0.666666666667,12439.1587263,2703819.62395,607442328.488,14.2936507937,1.36904761905,2745.79365079,5.43169279642e-06,Class 3
0.367850844041,1228.19047619,981845.064398,3945.78131104,0.675772277859,1.0,14598.6745988,0.874492416532,0.9384132393,0.00317104471273,0.719133142543,0.642352706122,1.0,1.0,0.701572814003,35.7380952381,0.603174603175,14720.6872481,3168706.29639,699245303.403,12.4285714286,-0.404761904762,3373.68253968,4.57592463312e-06,Class 3
0.426429831192,1070.71428571,890875.049369,4138.30648465,0.731465230411,1.0,14504.3348679,0.805286580116,0.850094387286,0.00379895791505,0.640711198503,0.682756955415,1.0,1.0,0.750774464994,33.8968253968,0.650793650794,14610.7547084,3260992.29345,742162404.213,10.4285714286,1.85714285714,3385.53968254,3.98920849006e-06,Class 3
0.416981607458,1883.86507937,482889.826972,2926.84455508,0.692015672405,1.0,9893.11140985,0.783239392028,0.8400395414,0.00332753091833,0.694616201791,0.522842736984,1.0,1.0,0.708831599794,27.623015873,0.642857142857,9977.31348819,1950702.23329,400591437.82,18.3253968254,-0.400793650794,2023.79365079,7.01880106486e-06,Class 3
0.447845804989,2260.19047619,345439.472516,2783.27746679,0.707037994869,1.0,8536.64977056,0.748818611076,0.79182289617,0.00355094204204,0.681325922837,0.501675988309,1.0,1.0,0.718637476071,23.880952381,0.666666666667,8606.12673224,1724217.17188,370491360.391,20.9206349206,0.52380952381,1586.85714286,8.42089356337e-06,Class 3
0.922524565382,357.5,-0.0081974492386,178.719803099,0.964288558344,1.0,356.896500055,0.0906788801101,0.100235387909,0.00714815639074,0.0906788801101,0.0041681469437,1.0,1.0,0.964583055444,1.68650793651,0.960317460317,357.394837395,38045.6652891,4059009.59853,3.37301587302,-0.00396825396825,0.0,1.33195386876e-06,Class 3
0.722348198539,901.714285714,159480.352491,1462.84963941,0.862881393316,1.0,4753.7768099,0.362670194433,0.377004956131,0.00559116785458,0.339950134684,0.631091180594,1.0,1.0,0.869542142006,12.7619047619,0.849206349206,4771.36135525,958331.32375,201368490.509,8.42857142857,0.420634920635,967.611111111,3.35955757028e-06,Class 3
0.644620811287,1529.24603175,79093.2454222,1341.32533385,0.81984798394,1.0,3411.67549206,0.444145922524,0.474618967996,0.00498490683166,0.439367668624,0.324185167177,1.0,1.0,0.825332766122,11.3055555556,0.801587301587,3430.85713898,587064.72551,110915698.421,14.1825396825,0.892857142857,475.579365079,5.69758089028e-06,Class 3
0.469891660368,2187.37301587,206446.82982,2105.16995191,0.72014010323,1.0,6173.07733937,0.657867813158,0.728609003187,0.00372022271727,0.64226123015,0.388471239626,1.0,1.0,0.729860450189,19.5912698413,0.68253968254,6222.97420247,1104818.45193,212914145.738,20.9126984127,0.0119047619048,1009.20634921,8.14959426831e-06,Class 3
0.427437641723,1404.53174603,582137.601866,2975.50055707,0.693349828137,1.0,10794.1049596,0.75028995282,0.821424863889,0.00339839259633,0.689800164999,0.547821011944,1.0,1.0,0.714634554482,28.7738095238,0.650793650794,10878.0987064,2180907.40412,452076638.01,14.2936507937,-0.869047619048,2368.84126984,5.23292725294e-06,Class 3
0.619425547997,1217.02380952,190150.443647,1652.83934675,0.81499415732,1.0,5362.98517657,0.479178358428,0.51803670195,0.00489337716423,0.434181061023,0.529254146788,1.0,1.0,0.82384928198,15.3611111111,0.785714285714,5391.23858739,1042262.60447,214187671.745,11.9603174603,0.00396825396825,1043.79365079,4.53432047964e-06,Class 3
0.559082892416,1604.57936508,188029.85421,1798.02052234,0.783524336343,1.0,5542.26700402,0.554877196786,0.609241511755,0.00451347983493,0.506163911299,0.430809534533,1.0,1.0,0.79057268599,16.4563492063,0.746031746032,5577.4558493,1061518.77869,218432890.342,15.6111111111,0.0119047619048,993.476190476,5.97825368687e-06,Class 3
0.737087427564,329.063492063,82972.8170072,776.922804091,0.906025475177,1.0,2410.19838694,0.299125976571,0.322184598186,0.00592677663513,0.250335899131,0.564054405622,1.0,1.0,0.911949180967,6.63492063492,0.857142857143,2417.63318065,471787.552622,95506655.5934,3.39682539683,0.849206349206,522.246031746,1.22600668901e-06,Class 4
0.848450491308,408.936507937,110507.597057,826.219679091,0.946034297495,1.0,3383.00482723,0.175867158554,0.190201920253,0.00668558710377,0.160799229327,0.792622318487,1.0,1.0,0.947370809301,7.75396825397,0.920634920635,3387.94419255,791460.78194,191512693.738,3.63492063492,-0.984126984127,744.873015873,1.52359318552e-06,Class 4
0.632779037541,1377.97619048,62234.2557837,1009.74212453,0.826017740383,1.0,2857.81997855,0.445202529031,0.477817658445,0.0049051874439,0.43481337335,0.301473100396,1.0,1.0,0.829469305061,9.86111111111,0.793650793651,2874.56646438,475734.772006,87715248.7863,13.0396825397,-0.464285714286,374.301587302,5.13398802229e-06,Class 4
0.848198538675,930.293650794,-0.00854093905139,465.869604686,0.920641861628,1.0,927.232372447,0.180645412454,0.199758428052,0.00656945268704,0.180645412454,0.00710674923465,1.0,1.0,0.921368184272,4.28174603175,0.920634920635,930.026285807,101760.676531,11221440.6984,8.56349206349,0.00396825396825,0.0,3.46603699933e-06,Class 4
0.417863441673,1787.46031746,466765.986897,2967.92342413,0.702884359439,1.0,9561.43887819,0.754569868632,0.816148271902,0.00342299734564,0.638804302895,0.470762021486,1.0,1.0,0.718518039026,27.1111111111,0.642857142857,9641.00421239,1859885.6414,377348730.008,17.8571428571,1.15873015873,1963.80952381,6.65962149679e-06,Class 4
0.644116906022,1085.38095238,235383.796382,1879.51630607,0.830147540862,1.0,6219.40134579,0.458480684222,0.493731983593,0.00508431001886,0.419996567294,0.657698609814,1.0,1.0,0.841004284366,16.8253968254,0.801587301587,6248.99627589,1237054.75207,254870139.162,10.0476190476,0.420634920635,1291.16666667,4.04385275134e-06,Class 4
0.0335097001764,711.793650794,20352167.8738,10990.2834192,0.422972408904,1.0,43104.3295603,1.48579937559,1.78160563484,0.00124793750689,0.909763033441,0.560002455383,1.0,1.0,0.485548933051,96.0396825397,0.142857142857,43666.9025259,10017016.4812,2311416949.6,7.85714285714,-0.904761904762,10740.2777778,2.65196169772e-06,Class 4
0.0851599899219,2348.41269841,4377238.11893,7180.31380111,0.474292440294,1.0,25155.6192735,1.40057379864,1.59140364848,0.00135521421387,0.960520213047,0.550446329438,1.0,1.0,0.511419472764,63.3968253968,0.277777777778,25504.8633394,5392341.92223,1173245332.76,22.9841269841,1.85714285714,5790.1031746,8.74958707442e-06,Class 4
0.368354749307,1264.4047619,744092.238035,3519.02436659,0.698076820228,1.0,11879.0423267,0.852404669111,0.922274955527,0.00327438465982,0.684093989314,0.596749542184,1.0,1.0,0.716183611618,30.9563492063,0.603174603175,11981.9305517,2452253.59532,517666929.51,13.3412698413,2.02777777778,2679.86507937,4.71084983021e-06,Class 4
0.669942050894,538.5,293303.753112,1768.17367215,0.853640471065,1.0,6948.88461927,0.434039450741,0.445399480615,0.00538547215038,0.372409531804,0.763206643952,1.0,1.0,0.866022897314,17.2579365079,0.81746031746,6977.58035327,1466714.13081,314892925.566,5.51587301587,-0.940476190476,1610.03968254,2.00631372959e-06,Class 4
0.753968253968,340.182539683,-0.00903588458039,170.068761432,0.916669630124,1.0,338.782033289,0.213347752751,0.253830211324,0.00587264618666,0.213347752751,0.0171889104496,1.0,1.0,0.916970463399,1.69444444444,0.865079365079,340.076881045,35184.0167392,3641240.87376,3.38888888889,0.00396825396825,0.0,1.26743342606e-06,Class 4
0.8629377677,532.166666667,11889.9885806,439.323597742,0.936817457855,1.0,869.851514024,0.165577483226,0.175133991025,0.00668263453385,0.165577483226,0.25584408432,1.0,1.0,0.93827733939,3.34523809524,0.928571428571,871.830849299,126618.866132,20517807.3691,5.0873015873,0.837301587302,84.9682539683,1.98271734404e-06,Class 4
0.408793146888,2025.87301587,440116.455144,3200.5370154,0.6778141216,1.0,9273.99478224,0.755493936813,0.819514730161,0.00325863762027,0.674804512551,0.485404668222,1.0,1.0,0.695013060715,27.2936507937,0.634920634921,9354.19915287,1747619.59305,344866474.453,20.1746031746,3.35714285714,1832.50793651,7.54788643669e-06,Class 4
0.777147896196,1004.03174603,51781.4952449,781.904946948,0.894833460179,1.0,2368.19790112,0.277621859466,0.293760143239,0.00601633792261,0.271040083491,0.408691468855,1.0,1.0,0.898148887295,7.09523809524,0.880952380952,2375.55679176,449066.540152,93467886.6231,8.60317460317,-0.5,342.992063492,3.74076634542e-06,Class 4
0.722600151172,1045.53968254,70765.9347736,880.5917029,0.861375395536,1.0,2829.37267728,0.335171880785,0.367448448332,0.00559215204456,0.335171880785,0.350057689758,1.0,1.0,0.867107836834,9.20634920635,0.849206349206,2841.02802192,493348.606984,93638613.3438,10.1587301587,-0.849206349206,449.015873016,3.89541433596e-06,Class 4
0.583018392542,1758.87301587,138637.533309,1639.88014536,0.77735319968,1.0,4770.6075523,0.510942165199,0.566177383781,0.00451544821488,0.499582135325,0.411899207184,1.0,1.0,0.783707286222,15.2936507937,0.761904761905,4800.64756557,853884.867885,166692250.004,17.2380952381,-9.85322934355e-16,760.682539683,6.55311249834e-06,Class 4
0.791257243638,603.325396825,93906.9360537,958.809584845,0.902429675114,1.0,3042.09223718,0.250173890459,0.269286906056,0.0062367964764,0.23044813193,0.58148366652,1.0,1.0,0.907748455369,8.71825396825,0.888888888889,3050.20932152,577476.921373,114848992.454,6.00793650794,0.424603174603,611.857142857,2.24783663336e-06,Class 4
0.805114638448,783.031746032,62890.6995261,897.447853694,0.919846577197,1.0,2456.65492159,0.240004639729,0.259117655327,0.00645627084022,0.200461881578,0.510274169625,1.0,1.0,0.922530750498,7.59523809524,0.896825396825,2463.41443065,433850.897283,81163666.7895,7.06349206349,0.825396825397,420.214285714,2.91737668109e-06,Class 4
0.968631897203,0.015873015873,-0.008000999873,0.00787353515625,0.992063492063,1.0,0.0160023476697,0.0353995216934,0.0401777755928,0.00750738573062,0.0353995216934,0.00137168545262,1.0,1.0,0.992063492063,0.00793650793651,0.984126984127,0.015621124752,0.0151367793008,0.0149040212707,0.015873015873,0.0,0.0,5.91388109119e-11,Class 4
0.834089191232,876.293650794,11630.2887041,601.58451044,0.91667399329,1.0,1199.67996034,0.18612711988,0.205240135477,0.00646119179008,0.18612711988,0.148867480179,1.0,1.0,0.917420349745,4.96428571429,0.912698412698,1203.03124612,159190.005408,23368062.4892,8.3253968254,0.805555555556,81.7619047619,3.26484676461e-06,Class 4
0.968631897203,0.015873015873,-0.008000999873,0.00787353515625,0.992063492063,1.0,0.0160023476697,0.0353995216934,0.0401777755928,0.00750738573062,0.0353995216934,0.00137168545262,1.0,1.0,0.992063492063,0.00793650793651,0.984126984127,0.015621124752,0.0151367793008,0.0149040212707,0.015873015873,0.0,0.0,5.91388109119e-11,Class 4
0.764172335601,1323.17460317,-0.00897738350776,661.499565003,0.888895841357,1.0,1317.66861204,0.247699729173,0.285925760369,0.00592480825519,0.247699729173,0.0130013723921,1.0,1.0,0.889694260538,5.61904761905,0.873015873016,1322.82365684,156678.651084,18616551.8686,11.2380952381,-2.22044604925e-16,0.0,4.92981127762e-06,Class 4
0.95313681028,84.2777777778,11544.3347622,84.1857009161,0.980953128974,1.0,430.585365952,0.0602250791886,0.0602250791886,0.00738534617406,0.0602250791886,1.0,1.0,1.0,0.982219169719,1.24206349206,0.97619047619,430.803567553,81107.2407789,16031284.4759,0.849206349206,-0.424603174603,86.6507936508,3.13997516537e-07,Class 4
0.527462836987,1993.74603175,34093.6252537,1135.49547274,0.77420758979,1.0,2708.00756604,0.525893006244,0.601602575352,0.00419164971399,0.512828871364,0.24498796718,1.0,1.0,0.77737615887,10.873015873,0.722222222222,2729.92385525,375417.193503,57243928.9341,18.380952381,-0.420634920635,184.214285714,7.4281894834e-06,Class 4
0.64525069287,1184.16666667,81408.9590744,1147.91486758,0.837409678306,1.0,3109.38834905,0.427669076884,0.463258938121,0.00500360644113,0.412501667303,0.395373896348,1.0,1.0,0.842810791083,9.4880952381,0.801587301587,3124.84374612,570778.43763,112671096.635,10.5952380952,0.535714285714,485.317460317,4.41190314105e-06,Class 4
0.791131267322,983.865079365,26991.0047723,762.066033257,0.901593810492,1.0,1711.49445802,0.248370368383,0.274065159956,0.00612656719951,0.246566846308,0.26909039617,1.0,1.0,0.903488645125,6.12301587302,0.888888888889,1717.13342866,267904.365488,46305564.4061,8.86507936508,0.829365079365,183.412698413,3.66563048616e-06,Class 4
0.750566893424,821.96031746,30425.4833989,609.161643376,0.893008701555,1.0,1609.13301943,0.276550271073,0.307361878411,0.00581753154821,0.276550271073,0.360493662141,1.0,1.0,0.894715602089,5.40873015873,0.865079365079,1614.70188105,270916.215632,50267169.0774,7.45238095238,-0.00396825396825,198.26984127,3.06241461486e-06,Class 4
0.304358780549,3156.30952381,627346.937412,3455.10459973,0.576208080352,1.0,11601.7823668,0.967643940008,1.06588344368,0.00242502871374,0.916762796149,0.52951440289,1.0,1.0,0.593854583341,33.7023809524,0.547619047619,11729.1874961,2251139.97831,461661064.053,29.8968253968,-2.29761904762,2143.74603175,1.17596047028e-05,Class 4
0.373015873016,2175.47619048,298599.286151,2209.03912354,0.668029387987,1.0,7259.73851701,0.724734919381,0.823796860564,0.00297519090825,0.658965763132,0.33458375465,1.0,1.0,0.680343312047,23.0,0.603174603175,7324.45163303,1296233.44217,246680652.283,21.5873015873,-1.62698412698,1287.6031746,8.10526972953e-06,Class 4
0.805114638448,836.071428571,41984.9966405,851.171812027,0.905658463554,1.0,1961.01410443,0.249561147528,0.259117655327,0.00623187552654,0.244782893629,0.54230585162,1.0,1.0,0.90819469412,6.46428571429,0.896825396825,1967.00098819,336820.192129,63479099.4517,7.83333333333,1.3373015873,282.833333333,3.11498901776e-06,Class 4
0.937767699672,165.158730159,-0.0081310806409,82.5666532971,0.976192001709,1.0,164.932588875,0.0706878520622,0.0802443598611,0.00726724337739,0.0706878520622,0.00276748333988,1.0,1.0,0.976344583141,0.81746031746,0.968253968254,165.10788303,16836.8466797,1717093.75679,1.63492063492,0.0,0.0,6.15339327538e-07,Class 4
0.862811791383,443.619047619,22730.0183683,360.978979686,0.948416328627,1.0,1085.60407589,0.170355737126,0.179912244925,0.00679876895058,0.143898317994,0.290925625694,1.0,1.0,0.948787718006,3.69841269841,0.928571428571,1087.86433144,177183.731108,31253110.9946,4.20634920635,-0.31746031746,161.119047619,1.65281148737e-06,Class 4
0.819475938524,661.952380952,54944.7074441,653.191529289,0.930163396026,1.0,2137.48248761,0.22502663221,0.234583140009,0.00656846849706,0.185423666353,0.555875386971,1.0,1.0,0.9317214149,6.46825396825,0.904761904762,2142.84994652,391657.099997,76780293.4508,6.09523809524,-0.436507936508,370.325396825,2.46626583146e-06,Class 4
0.819979843789,629.928571429,114.943546192,263.246340797,0.924608145045,1.0,630.842815807,0.195486205201,0.218444856235,0.00635391508311,0.195486205201,0.092334105122,1.0,1.0,0.925122835747,2.98015873016,0.904761904762,632.948904855,67897.1912416,7308610.82368,5.94444444444,-0.456349206349,0.801587301587,2.34695328044e-06,Class 4
0.736583522298,992.76984127,80914.0298133,1013.86241223,0.884136128306,1.0,3035.36782386,0.299464538437,0.334715837809,0.00591988730533,0.262034490871,0.420131353715,1.0,1.0,0.887167478094,9.80555555556,0.857142857143,3046.41120644,528157.034325,99072619.3178,9.76984126984,0.0198412698413,513.563492063,3.69880735908e-06,Class 4
0.669690098262,900.761904762,166378.409522,1328.00216917,0.858323273862,1.0,4740.89373434,0.426286465018,0.454955988414,0.00539334567015,0.359878292181,0.519586969268,1.0,1.0,0.863247709806,13.3968253968,0.81746031746,4762.71849811,911533.521605,182684586.495,8.79365079365,-0.833333333333,965.698412698,3.35600924163e-06,Class 4
0.696775006299,940.96031746,55347.826057,864.060824924,0.867263757827,1.0,2323.15190299,0.351492994131,0.383769561679,0.00549963818716,0.331988666229,0.229259707309,1.0,1.0,0.871028430188,7.87698412698,0.833333333333,2333.61110724,389813.21156,71419555.3588,9.21428571429,0.424603174603,348.285714286,3.50577828026e-06,Class 4
0.968631897203,87.7857142857,12223.8398492,185.258989607,0.984342204141,1.0,457.582613207,0.0401777755928,0.0401777755928,0.00750640154065,0.0401777755928,1.0,1.0,1.0,0.985335643691,1.27380952381,0.984126984127,457.706345331,89147.7574425,18235165.3804,0.880952380952,0.440476190476,92.5,3.27067193748e-07,Class 4
1.0,0.0,-0.00787401574803,6.103515625e-05,1.0,1.0,0.0,-0.0,-0.0,0.00775146484375,-0.0,nan,1.0,1.0,1.0,0.0,1.0,0.000244140625,-3.81469726562e-06,5.96046447754e-08,0.0,0.0,0.0,0.0,Class 4
0.937893675989,393.055555556,-0.00813107183701,296.9823279,0.968256535889,1.0,392.573736688,0.0688843299868,0.0754661059616,0.00726822756736,0.0688843299868,0.00414842289218,1.0,1.0,0.96853688664,1.76587301587,0.968253968254,392.945432633,43742.4908022,4871318.09803,3.53174603175,0.892857142857,0.0,1.46442480521e-06,Class 4
0.619173595364,1051.95238095,261680.692189,1810.53490727,0.802159226901,1.0,6700.08370365,0.487563656478,0.527593209749,0.00479298978706,0.464843596729,0.697403552225,1.0,1.0,0.814890039284,17.3253968254,0.785714285714,6732.55232747,1405656.13227,305948417.026,10.2380952381,-1.26984126984,1420.42063492,3.91930641556e-06,Class 4
0.805870496347,442.071428571,42140.4248666,563.26841421,0.927781422712,1.0,1584.21233059,0.212267734795,0.233422863754,0.00635686765302,0.187733219477,0.356494360871,1.0,1.0,0.930269939954,4.71031746032,0.896825396825,1587.87251597,301135.220314,61774633.175,4.24603174603,0.464285714286,286.523809524,1.6470454533e-06,Class 4
0.877551020408,167.119047619,51233.0089142,525.358319964,0.951262017572,1.0,1604.91428626,0.155258347868,0.160036601767,0.00679778476061,0.148676571893,0.741422077291,1.0,1.0,0.954783081633,4.20238095238,0.936507936508,1607.23759533,324042.059351,67172745.1835,1.72222222222,0.805555555556,360.095238095,6.22642970686e-07,Class 4
0.877676996725,497.595238095,35397.1515286,540.15903921,0.953971458695,1.0,1498.74028201,0.145701840069,0.155258347868,0.00703005359406,0.110641422035,0.477690453972,1.0,1.0,0.955379342879,4.6626984127,0.936507936508,1501.14533343,262043.904768,48630085.8743,4.45238095238,0.400793650794,250.96031746,1.85391301387e-06,Class 4
0.968631897203,206.285714286,-0.008000999873,103.128781273,0.98412820541,1.0,206.158854857,0.0353995216934,0.0401777755928,0.00750738573062,0.0353995216934,0.00137168545262,1.0,1.0,0.984265010352,0.904761904762,0.984126984127,206.229410807,23506.9031072,2679419.65929,1.80952380952,0.0,0.0,7.68567986611e-07,Class 4
0.505920886873,1471.12698413,96016.1912753,1359.61129615,0.763601312879,1.0,3478.51783653,0.567209598262,0.62303887344,0.00394461803095,0.544250947228,0.290680124353,1.0,1.0,0.773241097925,12.0238095238,0.706349206349,3504.72494652,574254.126984,103035102.03,14.3650793651,1.1746031746,508.587301587,5.48104413413e-06,Class 4
0.877676996725,416.174603175,31314.3703984,309.822605678,0.945010532941,1.0,1309.30005547,0.143898317994,0.155258347868,0.00679876895058,0.143898317994,0.408781925817,1.0,1.0,0.947101473923,3.70634920635,0.936507936508,1311.18129573,260753.564701,56204130.4894,3.74603174603,-0.984126984127,223.80952381,1.5505604833e-06,Class 4
0.737339380197,1020.6031746,-0.00912936380366,513.52560667,0.880961279407,1.0,1015.35153572,0.268752901679,0.309021046236,0.00571911255098,0.268752901679,0.0156717451749,1.0,1.0,0.881864043974,4.95238095238,0.857142857143,1020.29389493,105651.02362,10944399.348,9.90476190476,0.015873015873,0.0,3.80250726401e-06,Class 4
0.95313681028,307.174603175,-0.00806577802665,214.574465797,0.976192353058,1.0,306.87844069,0.0554468252892,0.0602250791886,0.00738633036403,0.0554468252892,0.00275443312356,1.0,1.0,0.976399592253,1.34920634921,0.97619047619,307.090521918,35112.9682424,4033671.4023,2.69841269841,0.492063492063,0.0,1.14445426877e-06,Class 4
0.764676240867,534.944444444,56573.7183905,574.282179091,0.918257019196,1.0,2005.0402325,0.260863281123,0.279976296721,0.00604586362178,0.225599963994,0.405068228945,1.0,1.0,0.919655507649,5.29761904762,0.873015873016,2010.16914295,428675.122712,98173492.3125,4.6746031746,-0.496031746032,368.888888889,1.99306663595e-06,Class 4
0.644242882338,997.912698413,280177.560456,2139.95157393,0.822147535642,1.0,7109.51711829,0.465062460197,0.488953729694,0.00507545230911,0.450469612766,0.723095762374,1.0,1.0,0.833225158795,17.9404761905,0.801587301587,7141.55356755,1512999.99912,332378541.046,9.53174603175,0.90873015873,1536.19047619,3.71796833381e-06,Class 4
0.480095742001,1771.48412698,447759.729496,2925.7229033,0.756890370107,1.0,9701.63303656,0.673366587949,0.733680366566,0.0041453927853,0.579614244999,0.594036171226,1.0,1.0,0.769979156876,25.9722222222,0.690476190476,9769.51190089,1959613.8653,409651928.385,15.9444444444,0.400793650794,1999.91269841,6.60009828361e-06,Class 4
0.819475938524,987.357142857,50865.1931801,1012.66102334,0.910628010924,1.0,2375.57866595,0.218444856235,0.234583140009,0.00634505737335,0.218444856235,0.443531595779,1.0,1.0,0.913306359622,7.06746031746,0.904761904762,2381.26487708,454448.502784,95628280.5199,8.43650793651,1.4246031746,348.587301587,3.67864102456e-06,Class 4
0.95313681028,335.619047619,-0.00806577802665,106.779326908,0.976192171855,1.0,335.308803401,0.0554468252892,0.0602250791886,0.00738633036403,0.0554468252892,0.00275443312356,1.0,1.0,0.976389635056,1.4126984127,0.97619047619,335.530998109,39892.3334148,4747897.09476,2.8253968254,-0.492063492063,0.0,1.25043101792e-06,Class 4
0.922524565382,516.380952381,-0.0081974492386,199.099267384,0.960320524683,1.0,515.568747077,0.0906788801101,0.100235387909,0.00714815639074,0.0906788801101,0.0041681469437,1.0,1.0,0.96066294511,2.2619047619,0.960317460317,516.239827474,58998.8455714,6752202.76825,4.52380952381,-0.484126984127,0.0,1.92390379659e-06,Class 4
0.907533383724,327.095238095,-0.00826380894925,161.903458853,0.960320542148,1.0,326.432156416,0.10405964606,0.115419675935,0.00703202197401,0.10405964606,0.00454901686125,1.0,1.0,0.960627199598,1.61904761905,0.952380952381,326.99429176,33188.09835,3368814.83624,3.2380952381,-0.00793650793651,0.0,1.21867347646e-06,Class 4
0.848450491308,444.023809524,11763.8775347,263.254401313,0.940479783371,1.0,775.575421846,0.171088904655,0.190201920253,0.00657732620681,0.162465015319,0.216588209001,1.0,1.0,0.940849639506,2.9246031746,0.920634920635,777.36507549,115536.02499,19043877.5977,4.23015873016,-0.40873015873,83.380952381,1.65431952704e-06,Class 4
0.892920131015,168.436507937,-0.00833012346462,84.2013259161,0.964287210329,1.0,168.087659102,0.107616589413,0.123993464473,0.00692179269711,0.107616589413,0.0060903541562,1.0,1.0,0.964438339438,0.837301587302,0.944444444444,168.384420728,17337.0184598,1785438.14998,1.6746031746,-0.00396825396825,0.0,6.27551491992e-07,Class 4
0.937767699672,384.984126984,-0.00813161360259,297.442645361,0.968256609079,1.0,384.46275725,0.0754661059616,0.0802443598611,0.00726625918741,0.0754661059616,0.00414842289219,1.0,1.0,0.968540590719,1.74603174603,0.968253968254,384.875244141,42519.7342007,4707955.69881,3.49206349206,0.912698412698,0.0,1.43435271986e-06,Class 4
1.0,0.0,-0.00787401574803,6.103515625e-05,1.0,1.0,0.0,-0.0,-0.0,0.00775146484375,-0.0,nan,1.0,1.0,1.0,0.0,1.0,0.000244140625,-3.81469726562e-06,5.96046447754e-08,0.0,0.0,0.0,0.0,Class 4
0.95313681028,82.5873015873,-0.00806577802665,0.00787353515625,0.984127746886,1.0,82.4988446706,0.0554468252892,0.0602250791886,0.00738633036403,0.0554468252892,0.00275443312356,1.0,1.0,0.984204037602,0.412698412698,0.97619047619,82.5617520771,8418.43090826,858546.885846,0.825396825397,-0.404761904762,0.0,3.07699233175e-07,Class 4
0.937767699672,241.301587302,11089.174486,244.47029913,0.976192826092,1.0,570.986872123,0.0754661059616,0.0802443598611,0.00738633036403,0.0554468252892,0.382804692247,1.0,1.0,0.976424688239,2.00793650794,0.968253968254,571.462049696,91646.7970843,16185816.2539,2.39682539683,0.404761904762,82.5714285714,8.99028203483e-07,Class 4
0.644998740237,1275.99206349,126793.436862,1458.89750647,0.81906860925,1.0,4250.15201277,0.432547301363,0.463258938121,0.00498982778152,0.432547301363,0.45566676161,1.0,1.0,0.825248433046,12.4007936508,0.801587301587,4270.64582946,834929.739764,177493286.056,12.4682539683,0.765873015873,748.857142857,4.75402116218e-06,Class 4
0.968631897203,158.73015873,-0.008000999873,79.3527396066,0.98412857127,1.0,158.619032422,0.0353995216934,0.0401777755928,0.00750738573062,0.0353995216934,0.00137168545262,1.0,1.0,0.9842841427,0.793650793651,0.984126984127,158.680799696,15865.5765556,1586309.7563,1.5873015873,0.0,0.0,5.91388109119e-07,Class 4
1.0,0.0,-0.00787401574803,6.103515625e-05,1.0,1.0,0.0,-0.0,-0.0,0.00775146484375,-0.0,nan,1.0,1.0,1.0,0.0,1.0,0.000244140625,-3.81469726562e-06,5.96046447754e-08,0.0,0.0,0.0,0.0,Class 4
0.833711262283,423.507936508,48892.8049889,673.969183059,0.929652517026,1.0,1759.27109788,0.214796643276,0.219574897176,0.00656748430709,0.190201920253,0.575511140701,1.0,1.0,0.933185359183,5.31746031746,0.912698412698,1763.46155366,319243.012498,61160843.7601,4.22222222222,1.23015873016,335.071428571,1.57788261394e-06,Class 4
0.749685059209,497.666666667,152862.679087,1269.7682902,0.914449010154,1.0,4231.67707955,0.318721908286,0.328278416084,0.00613444071929,0.237010338509,0.627312538791,1.0,1.0,0.916797687907,11.4761904762,0.865079365079,4245.48933144,828049.880646,166433227.917,4.98412698413,0.81746031746,937.134920635,1.85417913852e-06,Class 4
0.547745023936,2257.01587302,150622.236757,1896.84058683,0.783562876171,1.0,5460.44745967,0.565341434615,0.616969609046,0.00452135335471,0.48500878234,0.378754773823,1.0,1.0,0.787163908788,17.7301587302,0.738095238095,5499.11433144,945794.520512,176867647.056,20.3492063492,-0.412698412698,810.801587302,8.40906580118e-06,Class 4
0.670571932477,931.53968254,112150.933162,1176.45616223,0.865835273024,1.0,3592.9092606,0.387189530209,0.424482942942,0.00550455913702,0.322193567144,0.379930888211,1.0,1.0,0.869379387566,11.0396825397,0.81746031746,3609.16740684,646882.169193,123222789.958,9.20634920635,0.404761904762,669.579365079,3.47067939599e-06,Class 4
0.368354749307,1264.4047619,744092.238035,3519.02436659,0.698076820228,1.0,11879.0423267,0.852404669111,0.922274955527,0.00327438465982,0.684093989314,0.596749542184,1.0,1.0,0.716183611618,30.9563492063,0.603174603175,11981.9305517,2452253.59532,517666929.51,13.3412698413,2.02777777778,2679.86507937,4.71084983021e-06,Class 4
0.753968253968,340.182539683,-0.00903588458039,170.068761432,0.916669630124,1.0,338.782033289,0.213347752751,0.253830211324,0.00587264618666,0.213347752751,0.0171889104496,1.0,1.0,0.916970463399,1.69444444444,0.865079365079,340.076881045,35184.0167392,3641240.87376,3.38888888889,0.00396825396825,0.0,1.26743342606e-06,Class 4
0.8629377677,532.166666667,11889.9885806,439.323597742,0.936817457855,1.0,869.851514024,0.165577483226,0.175133991025,0.00668263453385,0.165577483226,0.25584408432,1.0,1.0,0.93827733939,3.34523809524,0.928571428571,871.830849299,126618.866132,20517807.3691,5.0873015873,0.837301587302,84.9682539683,1.98271734404e-06,Class 4
0.968631897203,0.015873015873,-0.008000999873,0.00787353515625,0.992063492063,1.0,0.0160023476697,0.0353995216934,0.0401777755928,0.00750738573062,0.0353995216934,0.00137168545262,1.0,1.0,0.992063492063,0.00793650793651,0.984126984127,0.015621124752,0.0151367793008,0.0149040212707,0.015873015873,0.0,0.0,5.91388109119e-11,Class 4
0.968631897203,0.015873015873,-0.008000999873,0.00787353515625,0.992063492063,1.0,0.0160023476697,0.0353995216934,0.0401777755928,0.00750738573062,0.0353995216934,0.00137168545262,1.0,1.0,0.992063492063,0.00793650793651,0.984126984127,0.015621124752,0.0151367793008,0.0149040212707,0.015873015873,0.0,0.0,5.91388109119e-11,Class 4
0.764172335601,1323.17460317,-0.00897738350776,661.499565003,0.888895841357,1.0,1317.66861204,0.247699729173,0.285925760369,0.00592480825519,0.247699729173,0.0130013723921,1.0,1.0,0.889694260538,5.61904761905,0.873015873016,1322.82365684,156678.651084,18616551.8686,11.2380952381,-2.22044604925e-16,0.0,4.92981127762e-06,Class 4
0.527462836987,1993.74603175,34093.6252537,1135.49547274,0.77420758979,1.0,2708.00756604,0.525893006244,0.601602575352,0.00419164971399,0.512828871364,0.24498796718,1.0,1.0,0.77737615887,10.873015873,0.722222222222,2729.92385525,375417.193503,57243928.9341,18.380952381,-0.420634920635,184.214285714,7.4281894834e-06,Class 4
0.373015873016,2175.47619048,298599.286151,2209.03912354,0.668029387987,1.0,7259.73851701,0.724734919381,0.823796860564,0.00297519090825,0.658965763132,0.33458375465,1.0,1.0,0.680343312047,23.0,0.603174603175,7324.45163303,1296233.44217,246680652.283,21.5873015873,-1.62698412698,1287.6031746,8.10526972953e-06,Class 4
0.805114638448,836.071428571,41984.9966405,851.171812027,0.905658463554,1.0,1961.01410443,0.249561147528,0.259117655327,0.00623187552654,0.244782893629,0.54230585162,1.0,1.0,0.90819469412,6.46428571429,0.896825396825,1967.00098819,336820.192129,63479099.4517,7.83333333333,1.3373015873,282.833333333,3.11498901776e-06,Class 4
0.644116906022,1085.38095238,235383.796382,1879.51630607,0.830147540862,1.0,6219.40134579,0.458480684222,0.493731983593,0.00508431001886,0.419996567294,0.657698609814,1.0,1.0,0.841004284366,16.8253968254,0.801587301587,6248.99627589,1237054.75207,254870139.162,10.0476190476,0.420634920635,1291.16666667,4.04385275134e-06,Class 4
0.819475938524,661.952380952,54944.7074441,653.191529289,0.930163396026,1.0,2137.48248761,0.22502663221,0.234583140009,0.00656846849706,0.185423666353,0.555875386971,1.0,1.0,0.9317214149,6.46825396825,0.904761904762,2142.84994652,391657.099997,76780293.4508,6.09523809524,-0.436507936508,370.325396825,2.46626583146e-06,Class 4
0.736583522298,992.76984127,80914.0298133,1013.86241223,0.884136128306,1.0,3035.36782386,0.299464538437,0.334715837809,0.00591988730533,0.262034490871,0.420131353715,1.0,1.0,0.887167478094,9.80555555556,0.857142857143,3046.41120644,528157.034325,99072619.3178,9.76984126984,0.0198412698413,513.563492063,3.69880735908e-06,Class 4
1.0,0.0,-0.00787401574803,6.103515625e-05,1.0,1.0,0.0,-0.0,-0.0,0.00775146484375,-0.0,nan,1.0,1.0,1.0,0.0,1.0,0.000244140625,-3.81469726562e-06,5.96046447754e-08,0.0,0.0,0.0,0.0,Class 4
0.937893675989,393.055555556,-0.00813107183701,296.9823279,0.968256535889,1.0,392.573736688,0.0688843299868,0.0754661059616,0.00726822756736,0.0688843299868,0.00414842289218,1.0,1.0,0.96853688664,1.76587301587,0.968253968254,392.945432633,43742.4908022,4871318.09803,3.53174603175,0.892857142857,0.0,1.46442480521e-06,Class 4
0.417863441673,1787.46031746,466765.986897,2967.92342413,0.702884359439,1.0,9561.43887819,0.754569868632,0.816148271902,0.00342299734564,0.638804302895,0.470762021486,1.0,1.0,0.718518039026,27.1111111111,0.642857142857,9641.00421239,1859885.6414,377348730.008,17.8571428571,1.15873015873,1963.80952381,6.65962149679e-06,Class 4
0.763542454019,768.5,38869.7161589,683.801648337,0.892537007677,1.0,1791.89587398,0.273394520746,0.303867566218,0.00591299797552,0.273394520746,0.284661793642,1.0,1.0,0.896450187033,6.19444444444,0.873015873016,1798.20832946,294075.660236,52889076.5179,7.5,0.40873015873,257.523809524,2.8632350997e-06,Class 4
0.631897203326,986.904761905,237557.087949,1362.03924754,0.826070940542,1.0,6112.74271593,0.487374166243,0.498734196118,0.0049868752116,0.4363929368,0.781302412898,1.0,1.0,0.836808659985,16.6031746032,0.793650793651,6143.8355616,1218308.3326,251796090.269,9.63492063492,-3.87301587302,1289.49206349,3.67695556845e-06,Class 4
0.110355253212,3082.77777778,2307366.43251,5844.19028921,0.411250317774,1.0,19848.0046509,1.28584015148,1.45916017224,0.00108160940157,1.10222167666,0.428749008767,1.0,1.0,0.448435489705,54.4603174603,0.31746031746,20123.0567918,3977698.57258,818361032.249,30.7619047619,0.412698412698,4260.92063492,1.14856441613e-05,Class 4
0.791257243638,948.619047619,37226.4170266,768.114520361,0.891094749526,1.0,1945.40284627,0.246566846308,0.269286906056,0.00612755138948,0.241788592408,0.288207871769,1.0,1.0,0.895010436439,6.99206349206,0.888888888889,1951.80133541,305070.340348,52680962.5778,9.19047619048,0.412698412698,250.904761905,3.53431275653e-06,Class 4
0.833711262283,423.507936508,48892.8049889,673.969183059,0.929652517026,1.0,1759.27109788,0.214796643276,0.219574897176,0.00656748430709,0.190201920253,0.575511140701,1.0,1.0,0.933185359183,5.31746031746,0.912698412698,1763.46155366,319243.012498,61160843.7601,4.22222222222,1.23015873016,335.071428571,1.57788261394e-06,Class 4
0.95313681028,199.563492063,14585.3248851,103.128781273,0.976350472846,1.0,637.033098309,0.0602250791886,0.0602250791886,0.00738534617406,0.0602250791886,1.0,1.0,1.0,0.977323052867,1.82142857143,0.97619047619,637.354658823,125290.907054,26699363.9481,1.83333333333,-0.916666666667,109.476190476,7.4352270019e-07,Class 4
0.109599395314,3989.82539683,2240057.8619,6193.90333484,0.403177649891,1.0,20391.1613085,1.33255145131,1.49173704593,0.00114164498988,1.15517719875,0.475253983129,1.0,1.0,0.433276087653,55.626984127,0.31746031746,20682.4124465,4160676.20822,879957544.661,37.8253968254,0.34126984127,4174.01587302,1.4865072372e-05,Class 4
0.292391030486,1713.46825397,1407258.12293,5575.8667525,0.664281784035,1.0,18426.4184813,0.877713880206,0.940802055092,0.00317202890271,0.710747844493,0.583989168955,1.0,1.0,0.682430949352,44.6626984127,0.52380952381,18579.6612064,4114595.86217,943905035.089,17.9761904762,3.99603174603,4217.24603175,6.38394592972e-06,Class 4
0.922524565382,412.904761905,-0.0081974492386,163.506633456,0.960321275415,1.0,412.178917439,0.0906788801101,0.100235387909,0.00714815639074,0.0906788801101,0.0041681469437,1.0,1.0,0.96070277086,2.02380952381,0.960317460317,412.77851795,42106.6956691,4295725.58395,4.04761904762,-0.412698412698,0.0,1.53837788825e-06,Class 4
0.6960191484,854.119047619,128793.486058,1192.33599854,0.858874768815,1.0,3936.67046992,0.37421305388,0.406489621427,0.00548782790749,0.354708725977,0.491291943182,1.0,1.0,0.867095856425,11.5595238095,0.833333333333,3953.11110724,734643.704801,143860027.287,8.45238095238,-0.0436507936508,774.928571429,3.18222984576e-06,Class 4
0.95313681028,84.3571428571,22393.0206192,252.620472742,0.978245379207,1.0,750.791000622,0.0602250791886,0.0602250791886,0.00738534617406,0.0602250791886,1.0,1.0,1.0,0.980499593,2.03571428571,0.97619047619,751.150789776,145395.001118,28921518.3232,0.865079365079,0.416666666667,166.73015873,3.14293210591e-07,Class 4
0.892920131015,168.436507937,-0.00833012346462,84.2013259161,0.964287210329,1.0,168.087659102,0.107616589413,0.123993464473,0.00692179269711,0.107616589413,0.0060903541562,1.0,1.0,0.964438339438,0.837301587302,0.944444444444,168.384420728,17337.0184598,1785438.14998,1.6746031746,-0.00396825396825,0.0,6.27551491992e-07,Class 4
0.750944822373,1110.28571429,122.226917316,512.136841789,0.880961998515,1.0,1107.98876015,0.262215509375,0.296001848537,0.00582245249807,0.262215509375,0.0632921373907,1.0,1.0,0.881938653894,5.37301587302,0.865079365079,1113.2199862,115769.889315,12050006.0209,10.7301587302,-0.412698412698,0.81746031746,4.13664154567e-06,Class 4
0.937767699672,329.19047619,15588.1595018,356.613280281,0.968377811866,1.0,792.726039955,0.0802443598611,0.0802443598611,0.00726527499744,0.0802443598611,0.382804692247,1.0,1.0,0.969337549241,2.35714285714,0.968253968254,793.329113188,151218.571157,31797543.2486,2.85714285714,0.555555555556,116.071428571,1.2264797995e-06,Class 4
0.153439153439,3416.95238095,1469604.80453,4833.18148465,0.45210993122,1.0,16959.3316615,1.22231828739,1.35892204857,0.00131289404506,1.08972935294,0.495531998986,1.0,1.0,0.477551485824,46.2698412698,0.380952380952,17181.1718711,3493470.86639,751067087.346,33.1746031746,-2.51587301587,3441.77777778,1.27306935474e-05,Class 4
0.805240614764,920.436507937,38864.4602049,705.332030281,0.904983331611,1.0,1970.45164553,0.242979371553,0.254339401427,0.00623384390649,0.238201117654,0.341567040886,1.0,1.0,0.906629298362,6.77380952381,0.896825396825,1976.55307152,322202.934398,57738529.4449,8.59523809524,-0.0833333333333,264.134920635,3.42931179775e-06,Class 4
0.89241622575,427.849206349,-0.00833237109305,254.366256472,0.952384642125,1.0,426.82471012,0.125796986549,0.140131748247,0.00691391917734,0.125796986549,0.00560714585016,1.0,1.0,0.952759840602,2.06746031746,0.944444444444,427.72023422,44446.6539424,4621872.54482,4.13492063492,0.400793650794,0.0,1.59405707872e-06,Class 4
0.58453010834,1607.37301587,59783.6741901,1213.46905905,0.792703292104,1.0,2962.81846761,0.473787373172,0.530926084409,0.00453611620429,0.470474079482,0.206691053938,1.0,1.0,0.798340910091,11.1150793651,0.761904761905,2982.96428184,452344.768386,76727822.7884,15.7380952381,0.519841269841,344.071428571,5.98866211759e-06,Class 4
0.89241622575,427.849206349,-0.00833237109305,254.366256472,0.952384642125,1.0,426.82471012,0.125796986549,0.140131748247,0.00691391917734,0.125796986549,0.00560714585016,1.0,1.0,0.952759840602,2.06746031746,0.944444444444,427.72023422,44446.6539424,4621872.54482,4.13492063492,0.400793650794,0.0,1.59405707872e-06,Class 4
0.670068027211,521.301587302,289062.853953,1844.03453524,0.888099623162,1.0,6847.15065951,0.419704689043,0.440621226716,0.00561872517381,0.289192863866,0.691667361895,1.0,1.0,0.893970733353,17.119047619,0.81746031746,6874.64458938,1436110.34501,306479359.985,5.12698412698,-0.0238095238095,1588.6031746,1.94223682797e-06,Class 4
1.0,0.0,-0.00787401574803,6.103515625e-05,1.0,1.0,0.0,-0.0,-0.0,0.00775146484375,-0.0,nan,1.0,1.0,1.0,0.0,1.0,0.000244140625,-3.81469726562e-06,5.96046447754e-08,0.0,0.0,0.0,0.0,Class 4
1.0,0.0,-0.00787401574803,6.103515625e-05,1.0,1.0,0.0,-0.0,-0.0,0.00775146484375,-0.0,nan,1.0,1.0,1.0,0.0,1.0,0.000244140625,-3.81469726562e-06,5.96046447754e-08,0.0,0.0,0.0,0.0,Class 4
0.439657344419,2247.8015873,183010.389028,2129.59926738,0.707120242186,1.0,5711.72223514,0.66854506546,0.753182090345,0.00358834126098,0.60784859227,0.295473767904,1.0,1.0,0.716888923707,19.3452380952,0.65873015873,5761.79910327,970428.196861,179599949.281,22.1984126984,1.22619047619,878.801587302,8.37473572145e-06,Class 4
0.848324514991,703.325396825,26817.5325564,628.542719765,0.921104671061,1.0,1453.54192391,0.183620144278,0.194980174152,0.00656945268704,0.183620144278,0.405133445896,1.0,1.0,0.92354888011,5.06746031746,0.920634920635,1456.9136866,238577.596581,43702521.2342,6.76984126984,0.837301587302,188.476190476,2.6204111421e-06,Class 4
0.670068027211,1225.02380952,120156.750135,1144.23505607,0.836917089627,1.0,4043.67151909,0.421508211118,0.44359595854,0.00528311639326,0.392513345046,0.497942811897,1.0,1.0,0.842822510076,12.5436507937,0.81746031746,4063.85912311,730041.146967,140988343.118,11.9920634921,-1.67857142857,709.904761905,4.56412644034e-06,Class 4
0.777147896196,852.682539683,84367.7088419,1102.64986262,0.888995561452,1.0,3039.76903998,0.287178367265,0.293760143239,0.00601338535269,0.282400113365,0.557894038235,1.0,1.0,0.894656979648,8.99206349206,0.880952380952,3049.45411319,569663.551611,114009301.862,7.95238095238,1.23015873016,549.333333333,3.17687778338e-06,Class 4
0.777147896196,852.682539683,84367.7088419,1102.64986262,0.888995561452,1.0,3039.76903998,0.287178367265,0.293760143239,0.00601338535269,0.282400113365,0.557894038235,1.0,1.0,0.894656979648,8.99206349206,0.880952380952,3049.45411319,569663.551611,114009301.862,7.95238095238,1.23015873016,549.333333333,3.17687778338e-06,Class 4
0.670068027211,1588.26190476,72193.9000184,1223.07198564,0.821531354785,1.0,3338.01919799,0.406541137093,0.440621226716,0.00518371320606,0.401762883194,0.273133431353,1.0,1.0,0.827187664547,11.7103174603,0.81746031746,3356.1651747,542001.89277,97034611.7191,15.3095238095,-0.0595238095238,442.158730159,5.91745898925e-06,Class 4
0.922524565382,368.261904762,11397.1926115,373.00998167,0.960787133309,1.0,703.97553619,0.0954571340095,0.100235387909,0.00714717220077,0.0954571340095,0.502435668653,1.0,1.0,0.96220016982,2.51984126984,0.960317460317,704.77132549,109499.952224,18705713.1967,3.43650793651,0.90873015873,84.1666666667,1.37204998256e-06,Class 4
0.683043587805,1257.95238095,57003.4482829,1191.35968405,0.846836708532,1.0,2627.06499083,0.385931569071,0.424157600267,0.00539334567015,0.351254402845,0.435200718586,1.0,1.0,0.852339228306,9.45238095238,0.825396825397,2640.91740684,417364.002682,73286802.3889,12.3174603175,2.07142857143,345.888888889,4.68680990358e-06,Class 4
0.81960191484,973.841269841,14148.5293694,625.130269368,0.905075017475,1.0,1363.73331886,0.210691870512,0.22980488611,0.00634800994327,0.210691870512,0.181669927617,1.0,1.0,0.906904942824,5.49206349206,0.904761904762,1367.97445049,190950.70943,30524619.7988,9.25396825397,0.396825396825,98.619047619,3.62828432707e-06,Class 4
0.607079868985,1735.42063492,164153.262185,1618.02362254,0.803299788548,1.0,5373.94818655,0.500249569767,0.537304391214,0.00478905302717,0.474400104528,0.448785661875,1.0,1.0,0.809974499318,16.376984127,0.777777777778,5405.4449366,984040.778326,192302379.62,16.0238095238,-1.63095238095,917.761904762,6.46573490521e-06,Class 4
0.763542454019,768.5,38869.7161589,683.801648337,0.892537007677,1.0,1791.89587398,0.273394520746,0.303867566218,0.00591299797552,0.273394520746,0.284661793642,1.0,1.0,0.896450187033,6.19444444444,0.873015873016,1798.20832946,294075.660236,52889076.5179,7.5,0.40873015873,257.523809524,2.8632350997e-06,Class 4
0.657344419249,1569.34126984,47462.1980551,1110.83934675,0.827911633134,1.0,2725.67172361,0.41702183547,0.455247866665,0.0050862783988,0.41702183547,0.201261716008,1.0,1.0,0.832154092038,9.91666666667,0.809523809524,2741.42013501,431468.219508,76942292.6885,14.6587301587,0.369047619048,293.174603175,5.84696552664e-06,Class 4
0.696523053666,1154.73809524,54339.4222653,995.760353694,0.852858503113,1.0,2486.29795495,0.348279671021,0.390351337653,0.00540023499996,0.333944909323,0.331817037524,1.0,1.0,0.857164276398,8.94841269841,0.833333333333,2498.08382549,393217.833665,68508403.4401,11.4206349206,0.805555555556,335.976190476,4.30225978562e-06,Class 4
0.937767699672,241.30952381,-0.0081310806409,79.3605521066,0.972224572124,1.0,240.952262909,0.0754661059616,0.0802443598611,0.00726625918741,0.0754661059616,0.00276748333988,1.0,1.0,0.97245643427,1.20238095238,0.968253968254,241.234619141,24283.9998974,2444856.63469,2.40476190476,-0.400793650794,0.0,8.99057772888e-07,Class 4
0.777777777778,746.69047619,77627.6603768,1007.22798762,0.902854644158,1.0,2761.84058565,0.263287097767,0.27581833739,0.0061305039594,0.237010338509,0.468852904934,1.0,1.0,0.905718554552,8.55952380952,0.880952380952,2770.25098819,493644.917668,93869689.2534,7.37301587302,1.23412698413,506.023809524,2.78197837351e-06,Class 4
0.749685059209,497.666666667,152862.679087,1269.7682902,0.914449010154,1.0,4231.67707955,0.318721908286,0.328278416084,0.00613444071929,0.237010338509,0.627312538791,1.0,1.0,0.916797687907,11.4761904762,0.865079365079,4245.48933144,828049.880646,166433227.917,4.98412698413,0.81746031746,937.134920635,1.85417913852e-06,Class 4
0.968631897203,168.396825397,-0.008000999873,84.1857009161,0.98412848017,1.0,168.282327706,0.0353995216934,0.0401777755928,0.00750738573062,0.0353995216934,0.00137168545262,1.0,1.0,0.98427960928,0.81746031746,0.984126984127,168.345978268,17336.9806083,1785438.11272,1.63492063492,0.0,0.0,6.27403644964e-07,Class 4
0.791131267322,665.785714286,36662.7891815,579.823845757,0.907942572284,1.0,1648.04891971,0.257926876182,0.274065159956,0.00612755138948,0.245395636559,0.38182160932,1.0,1.0,0.910667330324,5.68650793651,0.888888888889,1653.49404374,269584.809541,48068660.8525,6.56349206349,0.00396825396825,247.015873016,2.48054785429e-06,Class 4
0.968631897203,0.015873015873,-0.008000999873,0.00787353515625,0.992063492063,1.0,0.0160023476697,0.0353995216934,0.0401777755928,0.00750738573062,0.0353995216934,0.00137168545262,1.0,1.0,0.992063492063,0.00793650793651,0.984126984127,0.015621124752,0.0151367793008,0.0149040212707,0.015873015873,0.0,0.0,5.91388109119e-11,Class 4
0.805870496347,442.071428571,42140.4248666,563.26841421,0.927781422712,1.0,1584.21233059,0.212267734795,0.233422863754,0.00635686765302,0.187733219477,0.356494360871,1.0,1.0,0.930269939954,4.71031746032,0.896825396825,1587.87251597,301135.220314,61774633.175,4.24603174603,0.464285714286,286.523809524,1.6470454533e-06,Class 4
1.0,0.0,-0.00787401574803,6.103515625e-05,1.0,1.0,0.0,-0.0,-0.0,0.00775146484375,-0.0,nan,1.0,1.0,1.0,0.0,1.0,0.000244140625,-3.81469726562e-06,5.96046447754e-08,0.0,0.0,0.0,0.0,Class 4
0.571176618796,1930.79365079,146377.241547,1725.99423266,0.787347550261,1.0,5082.77158143,0.536685019502,0.583534940034,0.00460796207227,0.48305957806,0.337497190296,1.0,1.0,0.793021257643,16.5,0.753968253968,5116.87375605,882196.074761,164985772.583,18.0793650794,-0.380952380952,796.777777778,7.19364495932e-06,Class 4
0.833837238599,549.76984127,11958.1434754,358.209014408,0.931750237853,1.0,880.700010284,0.193880105603,0.214796643276,0.00657142106698,0.174063636479,0.165702583046,1.0,1.0,0.934304789877,3.39285714286,0.912698412698,883.081841363,127356.195814,20285114.9044,5.15079365079,-0.00396825396825,83.380952381,2.04830228534e-06,Class 4
0.877551020408,462.333333333,12491.3066707,180.052888416,0.945241533443,1.0,820.55499361,0.150480093969,0.160036601767,0.00679680057063,0.150480093969,0.259163683406,1.0,1.0,0.946794135587,2.99206349206,0.936507936508,822.146573506,126727.822583,21765441.021,4.31746031746,-1.29365079365,90.0,1.72253614543e-06,Class 4
0.833963214916,749.777777778,-0.00861120685865,414.507997543,0.920641729579,1.0,747.082556658,0.18612711988,0.210018389377,0.00646119179008,0.18612711988,0.00899273350444,1.0,1.0,0.921325539609,3.66666666667,0.912698412698,749.548855252,76800.0976292,7870564.29264,7.33333333333,0.396825396825,0.0,2.79348087223e-06,Class 4
0.791635172588,762.976190476,24768.1088725,594.338602702,0.905562248926,1.0,1431.53882494,0.234968225148,0.257926876182,0.00613542490926,0.227215239424,0.23173216774,1.0,1.0,0.907430802947,5.3373015873,0.888888888889,1436.16666279,217567.965528,36729978.0173,7.43650793651,0.424603174603,168.380952381,2.84265479351e-06,Class 4
0.43713781809,1998.66666667,479008.426557,3070.52585469,0.720368554423,1.0,9862.56138482,0.756156822169,0.817102913113,0.003800926295,0.626137845518,0.584198289389,1.0,1.0,0.735555860738,27.4920634921,0.65873015873,9943.42484732,1958342.98868,407209817.473,19.0793650794,0.825396825397,1986.61904762,7.44652251478e-06,Class 4
0.877551020408,167.119047619,51233.0089142,525.358319964,0.951262017572,1.0,1604.91428626,0.155258347868,0.160036601767,0.00679778476061,0.148676571893,0.741422077291,1.0,1.0,0.954783081633,4.20238095238,0.936507936508,1607.23759533,324042.059351,67172745.1835,1.72222222222,0.805555555556,360.095238095,6.22642970686e-07,Class 4
0.833837238599,454.396825397,56063.8895252,570.045695956,0.932583500313,1.0,1986.58432991,0.210018389377,0.214796643276,0.00646316017003,0.187059738342,0.575126292555,1.0,1.0,0.933438966541,5.61111111111,0.912698412698,1990.90351795,389069.842789,80859050.8056,4.38095238095,-0.404761904762,384.214285714,1.69296673997e-06,Class 4
0.358276643991,2277.75396825,699292.656467,3924.4636027,0.6859441917,1.0,12779.3787447,0.880312274203,0.958567858669,0.00331375225872,0.711725359758,0.520278874057,1.0,1.0,0.699150252978,33.3055555556,0.595238095238,12893.7995993,2720180.64167,604088887.988,21.5634920635,1.02777777778,2654.53174603,8.48633065764e-06,Class 4
0.657974300831,1693.1031746,35463.5167187,1094.40308683,0.837367516222,1.0,2539.88210902,0.401816170158,0.434331328992,0.00519946024561,0.36603440125,0.263767669541,1.0,1.0,0.839124152473,9.39285714286,0.809523809524,2554.23065089,393858.518592,69429071.0135,15.1666666667,0.369047619048,215.428571429,6.30807083532e-06,Class 4
0.682917611489,1626.51587302,46762.6566882,1017.82793802,0.842907572459,1.0,2787.42040534,0.388906300895,0.425961122342,0.00528606896318,0.381153315172,0.194858728792,1.0,1.0,0.845566206231,9.82142857143,0.825396825397,2801.9340239,447292.144963,79593197.4458,14.4841269841,-0.837301587302,294.007936508,6.05998352355e-06,Class 4
0.683925422021,1153.23015873,16070.6647863,630.541975718,0.861279133645,1.0,1549.0428584,0.351512917582,0.400266330769,0.00540220337991,0.338623192642,0.160420617697,1.0,1.0,0.863072417215,6.38492063492,0.825396825397,1557.498012,212989.5623,33364047.7675,11.0079365079,-0.43253968254,101.166666667,4.29664159859e-06,Class 4
0.619173595364,1051.95238095,261680.692189,1810.53490727,0.802159226901,1.0,6700.08370365,0.487563656478,0.527593209749,0.00479298978706,0.464843596729,0.697403552225,1.0,1.0,0.814890039284,17.3253968254,0.785714285714,6732.55232747,1405656.13227,305948417.026,10.2380952381,-1.26984126984,1420.42063492,3.91930641556e-06,Class 4
0.89241622575,253.420634921,39165.7564533,456.687437027,0.950565884578,1.0,1361.63254277,0.135353494347,0.140131748247,0.00691096660742,0.140131748247,0.801129931967,1.0,1.0,0.95366810528,3.80555555556,0.944444444444,1363.43700009,265529.646816,54342153.4077,2.57936507937,0.456349206349,277.563492063,9.44180685614e-07,Class 4
0.892542202066,534.396825397,11697.895268,352.146266392,0.945242368601,1.0,872.755017283,0.123993464473,0.135353494347,0.00691490336731,0.123993464473,0.206433303764,1.0,1.0,0.946875073737,3.34126984127,0.944444444444,874.188240172,127108.604841,20603331.7808,5.06349206349,0.0,85.0,1.99102634697e-06,Class 4
0.95313681028,335.619047619,-0.00806577802665,106.779326908,0.976192171855,1.0,335.308803401,0.0554468252892,0.0602250791886,0.00738633036403,0.0554468252892,0.00275443312356,1.0,1.0,0.976389635056,1.4126984127,0.97619047619,335.530998109,39892.3334148,4747897.09476,2.8253968254,-0.492063492063,0.0,1.25043101792e-06,Class 4
0.95313681028,307.174603175,-0.00806577802665,214.574465797,0.976192353058,1.0,306.87844069,0.0554468252892,0.0602250791886,0.00738633036403,0.0554468252892,0.00275443312356,1.0,1.0,0.976399592253,1.34920634921,0.97619047619,307.090521918,35112.9682424,4033671.4023,2.69841269841,0.492063492063,0.0,1.14445426877e-06,Class 4
0.877551020408,479.380952381,14572.2226734,291.252665202,0.944465829152,1.0,897.545286908,0.150480093969,0.160036601767,0.00679680057063,0.150480093969,0.254761157519,1.0,1.0,0.94516912327,3.0873015873,0.936507936508,899.188240172,150639.49683,28515801.6666,4.50793650794,-0.460317460317,105.0,1.78605122835e-06,Class 4
0.594860166289,943.444444444,310986.558663,2022.92218405,0.820865692507,1.0,7292.80483677,0.542202146929,0.556536908627,0.00489436135421,0.437549513888,0.6137048634,1.0,1.0,0.832226844012,19.6349206349,0.769841269841,7333.8682997,1452145.84696,297380826.951,9.42857142857,-0.428571428571,1597.91269841,3.51503350417e-06,Class 4
1.0,0.0,-0.00787401574803,6.103515625e-05,1.0,1.0,0.0,-0.0,-0.0,0.00775146484375,-0.0,nan,1.0,1.0,1.0,0.0,1.0,0.000244140625,-3.81469726562e-06,5.96046447754e-08,0.0,0.0,0.0,0.0,Class 4
0.95313681028,83.4761904762,27100.1614824,306.473895361,0.976296594313,1.0,890.063242239,0.0602250791886,0.0602250791886,0.00738534617406,0.0602250791886,1.0,1.0,1.0,0.977458761282,2.19047619048,0.97619047619,890.450640966,191824.685497,42614591.3829,1.0,0.5,201.777777778,3.11011006586e-07,Class 4
1.0,0.0,-0.00787401574803,6.103515625e-05,1.0,1.0,0.0,-0.0,-0.0,0.00775146484375,-0.0,nan,1.0,1.0,1.0,0.0,1.0,0.000244140625,-3.81469726562e-06,5.96046447754e-08,0.0,0.0,0.0,0.0,Class 4
0.777399848828,554.825396825,62728.0181529,773.748944964,0.91713773153,1.0,2196.77805299,0.258508843868,0.284203635441,0.00614329842904,0.21575523897,0.420568935443,1.0,1.0,0.918696080932,6.61904761905,0.880952380952,2203.14210922,396809.241835,75279276.4171,5.20634920635,0.81746031746,412.182539683,2.06713799661e-06,Class 4
