0.682291666667,4.30208333333,37.976131179,4.6328125,0.893147522523,1.0,15.7535582453,0.317141907958,0.346961986377,0.0830891927083,0.200211273109,0.28980806232,1.0,1.0,0.904761904762,0.807291666667,0.822916666667,15.9322916667,178.206380208,2142.78190104,0.677083333333,-0.0677083333333,3.09375,0.00108392122281,Class 1
0.48828125,6.60416666667,105.864765002,8.53125,0.831835585586,1.0,29.8851828122,0.481519087334,0.532135115727,0.0685492621528,0.293155098143,0.273742680222,1.0,1.0,0.849144345238,1.51041666667,0.6875,31.1145833333,356.712239583,4319.88020833,1.04166666667,-0.15625,6.48958333333,0.00166393717981,Class 1
0.720269097222,5.52083333333,3.98914506215,2.6640625,0.857961711712,1.0,6.6028570485,0.230817884362,0.273960578551,0.0775824652778,0.20638612013,0.0138747551338,1.0,1.0,0.87462797619,0.510416666667,0.84375,6.57291666667,47.0559895833,378.447916667,0.895833333333,-0.0625,0.375,0.00139098849416,Class 1
0.899522569444,1.5,3.52997601918,1.09375,0.959459459459,1.0,2.934902454,0.100177413597,0.112720330083,0.0993923611111,0.0752220655281,0.133563487269,1.0,1.0,0.964285714286,0.1875,0.947916666667,2.875,24.8046875,244.10546875,0.25,0.0,0.375,0.000377928949358,Class 1
0.682291666667,4.30208333333,37.976131179,4.6328125,0.893147522523,1.0,15.7535582453,0.317141907958,0.346961986377,0.0830891927083,0.200211273109,0.28980806232,1.0,1.0,0.904761904762,0.807291666667,0.822916666667,15.9322916667,178.206380208,2142.78190104,0.677083333333,-0.0677083333333,3.09375,0.00108392122281,Class 1
0.720269097222,5.52083333333,3.98914506215,2.6640625,0.857961711712,1.0,6.6028570485,0.230817884362,0.273960578551,0.0775824652778,0.20638612013,0.0138747551338,1.0,1.0,0.87462797619,0.510416666667,0.84375,6.57291666667,47.0559895833,378.447916667,0.895833333333,-0.0625,0.375,0.00139098849416,Class 1
0.473524305556,5.66666666667,149.647479782,10.859375,0.836126126126,1.0,36.8151322086,0.492469418619,0.554040940057,0.0646701388889,0.317692975013,0.295899596101,1.0,1.0,0.849702380952,1.71875,0.677083333333,38.3020833333,463.41015625,5821.35677083,0.916666666667,-0.0104166666667,8.57291666667,0.00142773158646,Class 1
0.502387152778,6.64583333333,89.7833182872,8.4921875,0.811002252252,1.0,27.0592995783,0.447700498486,0.509534442697,0.0608452690972,0.342904152662,0.260205126289,1.0,1.0,0.828311011905,1.41666666667,0.697916666667,28.0416666667,307.677083333,3559.28776042,1.08333333333,-0.03125,5.6875,0.00167443520618,Class 1
0.48828125,6.60416666667,105.864765002,8.53125,0.831835585586,1.0,29.8851828122,0.481519087334,0.532135115727,0.0685492621528,0.293155098143,0.273742680222,1.0,1.0,0.849144345238,1.51041666667,0.6875,31.1145833333,356.712239583,4319.88020833,1.04166666667,-0.15625,6.48958333333,0.00166393717981,Class 1
0.768663194444,1.66666666667,38.692357772,3.6484375,0.943761261261,1.0,14.3781795147,0.243620946343,0.260898108277,0.0920681423611,0.145204169293,0.521017611101,1.0,1.0,0.948474702381,0.65625,0.875,14.3645833333,168.57421875,2048.17708333,0.291666666667,-0.0625,3.32291666667,0.000419921054842,Class 1
0.383463541667,5.83333333333,215.32575958,11.6328125,0.811441441441,1.0,43.1291506456,0.545166734779,0.605391069778,0.0619845920139,0.312639711793,0.36430020168,1.0,1.0,0.829427083333,2.08333333333,0.59375,45.3541666667,540.588541667,6699.90494792,1.02083333333,-0.177083333333,10.3854166667,0.00146972369195,Class 1
0.404947916667,7.5625,136.139105431,10.34375,0.791587837838,1.0,33.9420080447,0.502595818839,0.56140606575,0.0623643663194,0.310898373551,0.224888575738,1.0,1.0,0.814174107143,1.82291666667,0.604166666667,35.59375,386.610677083,4423.5546875,1.25,-0.0520833333333,7.44791666667,0.00190539178634,Class 1
0.634548611111,3.67708333333,61.5723052916,5.9375,0.893012387387,1.0,20.6922944195,0.355584664888,0.392120564,0.0809190538194,0.215723628198,0.334335320379,1.0,1.0,0.903645833333,1.015625,0.791666666667,21.0572916667,240.576171875,2884.79752604,0.614583333333,-0.0364583333333,4.58333333333,0.000926450827244,Class 1
0.737630208333,5.52083333333,-0.169262415516,2.6640625,0.857961711712,1.0,5.19365343202,0.20638612013,0.250286327831,0.0775824652778,0.20638612013,0.0197267612085,1.0,1.0,0.87462797619,0.447916666667,0.854166666667,5.13541666667,30.1575520833,179.893229167,0.895833333333,1.38777878078e-17,0.0,0.00139098849416,Class 1
0.603515625,6.94791666667,32.5525953976,5.3515625,0.83732545045,1.0,15.8214629775,0.358965857188,0.408561431652,0.0729437934028,0.245280943202,0.173774496173,1.0,1.0,0.85584077381,0.932291666667,0.770833333333,16.1614583333,161.987630208,1792.75325521,1.07291666667,-0.0677083333333,2.52083333333,0.00175054589737,Class 1
0.716796875,2.5625,44.3954820041,4.3671875,0.918209459459,1.0,16.2681087278,0.279139186448,0.308129354939,0.0851779513889,0.192839912947,0.433307122995,1.0,1.0,0.925223214286,0.78125,0.84375,16.34375,185.16796875,2182.6796875,0.4375,-0.0625,3.625,0.000645628621819,Class 1
0.48828125,6.60416666667,105.864765002,8.53125,0.831835585586,1.0,29.8851828122,0.481519087334,0.532135115727,0.0685492621528,0.293155098143,0.273742680222,1.0,1.0,0.849144345238,1.51041666667,0.6875,31.1145833333,356.712239583,4319.88020833,1.04166666667,-0.15625,6.48958333333,0.00166393717981,Class 1
0.634548611111,3.67708333333,61.5723052916,5.9375,0.893012387387,1.0,20.6922944195,0.355584664888,0.392120564,0.0809190538194,0.215723628198,0.334335320379,1.0,1.0,0.903645833333,1.015625,0.791666666667,21.0572916667,240.576171875,2884.79752604,0.614583333333,-0.0364583333333,4.58333333333,0.000926450827244,Class 1
0.621744791667,4.79166666667,46.0193815877,5.3125,0.867815315315,1.0,17.6069352482,0.339048305778,0.382037602809,0.0770399305556,0.230845650976,0.229164140127,1.0,1.0,0.882068452381,0.958333333333,0.78125,17.8958333333,187.666666667,2097.55598958,0.791666666667,-0.0625,3.5,0.00120727303267,Class 1
0.685112847222,4.65625,23.7315794884,3.7421875,0.867888513514,1.0,11.9467569019,0.280174529871,0.320733092414,0.0772840711806,0.221957530711,0.170053596654,1.0,1.0,0.882254464286,0.703125,0.822916666667,12.015625,118.849609375,1293.09960938,0.78125,-0.0677083333333,2.0,0.00117315444696,Class 1
0.634982638889,4.91666666667,44.8373498387,5.3515625,0.87295045045,1.0,17.6194771086,0.348927659165,0.383481983033,0.0790473090278,0.218698024536,0.280690906405,1.0,1.0,0.88709077381,0.927083333333,0.791666666667,17.9270833333,197.842447917,2353.87239583,0.791666666667,-0.0625,3.46875,0.00123876711178,Class 1
0.938802083333,0.895833333333,4.04683840749,0.8671875,0.974448198198,1.0,2.61071460286,0.0753033766279,0.0753033766279,0.101725260417,0.0753033766279,0.501431595156,1.0,1.0,0.976748511905,0.135416666667,0.96875,2.57291666667,26.7591145833,308.291666667,0.145833333333,-6.93889390391e-18,0.4375,0.000225707566977,Class 1
0.788845486111,3.375,7.84638697481,2.171875,0.908783783784,1.0,6.11718041034,0.178199865727,0.206169580289,0.088134765625,0.135121675094,0.0863486687625,1.0,1.0,0.919642857143,0.40625,0.885416666667,6.03125,51.60546875,499.59375,0.5625,-0.03125,0.75,0.000850340136054,Class 1
0.669270833333,2.16666666667,81.9681838266,6.2421875,0.938761261261,1.0,25.2023759573,0.327323874532,0.342233913742,0.092041015625,0.147571292017,0.596228003357,1.0,1.0,0.944568452381,1.07291666667,0.8125,25.4895833333,322.845052083,4202.34895833,0.354166666667,-0.104166666667,6.08333333333,0.000545897371294,Class 1
0.563802083333,5.14583333333,83.6632681737,7.3203125,0.868096846847,1.0,26.2359507414,0.383143434745,0.417430539045,0.0795084635417,0.197470595589,0.480696761617,1.0,1.0,0.883556547619,1.26041666667,0.739583333333,26.8229166667,322.587239583,4115.22916667,0.833333333333,-0.104166666667,5.71875,0.00129650625682,Class 1
0.620225694444,6.17708333333,31.1028225789,4.7265625,0.842471846847,1.0,14.8649381638,0.347881709896,0.3930433065,0.0730523003472,0.2519508324,0.147758044033,1.0,1.0,0.860119047619,0.880208333333,0.78125,15.1510416667,150.848307292,1653.59049479,0.989583333333,-0.0989583333333,2.44791666667,0.00155633240951,Class 1
0.48828125,4.14583333333,159.270769844,9.96875,0.861542792793,1.0,37.0126610186,0.480040689509,0.533409388106,0.0685492621528,0.293993612396,0.397811242366,1.0,1.0,0.871837797619,1.70833333333,0.6875,38.4166666667,461.744791667,5708.95963542,0.708333333333,-0.104166666667,8.97916666667,0.00104455362392,Class 1
0.572265625,3.375,104.98013245,8.265625,0.866689189189,1.0,28.9902509798,0.398841991442,0.455285115629,0.0687934027778,0.285871790295,0.39200648238,1.0,1.0,0.876116071429,1.33333333333,0.75,29.6875,355.932291667,4403.23828125,0.625,1.04083408559e-17,6.89583333333,0.000850340136054,Class 1
0.493272569444,4.05208333333,158.394002237,10.234375,0.882877252252,1.0,37.2625638355,0.469107382235,0.507960193425,0.078857421875,0.226629302637,0.459221844058,1.0,1.0,0.894717261905,1.69270833333,0.6875,38.5885416667,476.090494792,6073.45768229,0.677083333333,-0.0677083333333,9.04166666667,0.00102093306458,Class 1
0.496744791667,6.52083333333,97.7827154523,8.3984375,0.822421171171,1.0,28.8586869779,0.426277839109,0.47588253554,0.0703938802083,0.244257704578,0.420974621916,1.0,1.0,0.842819940476,1.44791666667,0.6875,29.7604166667,350.876302083,4425.81510417,1.08333333333,-0.104166666667,6.15625,0.00164294112707,Class 1
0.513454861111,3.70833333333,171.887860258,10.40625,0.902927927928,1.0,40.5980166367,0.449368922667,0.46459211294,0.0829535590278,0.207706793084,0.549056869383,1.0,1.0,0.912016369048,1.75,0.697916666667,41.8541666667,533.421875,6975.09244792,0.583333333333,-0.145833333333,9.95833333333,0.000934324347023,Class 1
0.704644097222,4.875,12.7391187841,3.25,0.868243243243,1.0,8.8804891582,0.230606375711,0.271196686103,0.0801052517361,0.172221803381,0.0669127247866,1.0,1.0,0.883928571429,0.59375,0.833333333333,8.84375,76.42578125,743.6953125,0.8125,-0.03125,1.125,0.00122826908541,Class 1
0.520399305556,5.02083333333,105.062982798,8.4921875,0.862961711712,1.0,29.3117259704,0.426102966615,0.463731716073,0.0775553385417,0.212657578373,0.436502702927,1.0,1.0,0.87853422619,1.42708333333,0.708333333333,30.1979166667,356.389322917,4429.80729167,0.833333333333,-0.0416666666667,6.63541666667,0.00126501217771,Class 1
0.717447916667,2.16666666667,58.3260411166,5.2578125,0.938761261261,1.0,19.9989205004,0.289628131273,0.304538170483,0.092041015625,0.147571292017,0.521118553644,1.0,1.0,0.944568452381,0.864583333333,0.84375,20.1145833333,251.787760417,3259.11458333,0.354166666667,-0.0416666666667,4.6875,0.000545897371294,Class 1
0.700954861111,6.4375,4.04921766192,3.2890625,0.847533783784,1.0,7.42309897476,0.258268222137,0.305052311428,0.074951171875,0.233892309952,0.0302945276782,1.0,1.0,0.864955357143,0.5625,0.833333333333,7.4375,53.9296875,430.78515625,1.0,-0.03125,0.375,0.00162194507433,Class 1
0.673394097222,5.63541666667,13.807317936,3.25,0.84276463964,1.0,9.7759492815,0.254908650883,0.300578221702,0.0742458767361,0.212598651319,0.101716219429,1.0,1.0,0.860863095238,0.661458333333,0.8125,9.78645833333,85.0787760417,843.190755208,0.947916666667,-0.0989583333333,1.1875,0.00141985806668,Class 1
0.694661458333,2.55208333333,79.0029489525,6.4140625,0.948958333333,1.0,26.0596043992,0.249379929017,0.260698783771,0.0970323350694,0.0888585588427,0.622448866963,1.0,1.0,0.954427083333,1.05729166667,0.822916666667,26.0572916667,340.956380208,4576.20377604,0.364583333333,-0.109375,6.125,0.000643004115226,Class 1
0.736545138889,5.15625,4.62964842608,2.6640625,0.862888513514,1.0,6.52547242969,0.221957530711,0.262516093254,0.0772840711806,0.221957530711,0.0695987640209,1.0,1.0,0.878348214286,0.484375,0.854166666667,6.484375,49.767578125,443.783203125,0.84375,-0.0364583333333,0.4375,0.00129913076342,Class 1
0.383463541667,5.83333333333,215.32575958,11.6328125,0.811441441441,1.0,43.1291506456,0.545166734779,0.605391069778,0.0619845920139,0.312639711793,0.36430020168,1.0,1.0,0.829427083333,2.08333333333,0.59375,45.3541666667,540.588541667,6699.90494792,1.02083333333,-0.177083333333,10.3854166667,0.00146972369195,Class 1
0.608289930556,7.6875,15.381763961,3.875,0.796722972973,1.0,11.7335393777,0.326283565304,0.388400388128,0.0639919704861,0.302258070572,0.0413021970149,1.0,1.0,0.819196428571,0.8125,0.770833333333,11.9375,102.5859375,1006.41015625,1.25,-0.166666666667,1.25,0.00193688586546,Class 1
0.424913194444,5.3125,214.105995301,11.84375,0.852398648649,1.0,44.755787824,0.51677100951,0.555855971023,0.0727810329861,0.26237616546,0.46078071285,1.0,1.0,0.867745535714,2.03125,0.625,46.71875,584.85546875,7582.4453125,0.875,-0.177083333333,10.84375,0.00133849836231,Class 1
0.497178819444,4.89583333333,118.757785696,8.2265625,0.857826576577,1.0,31.1361365613,0.433645469094,0.469945896487,0.0757107204861,0.214869044493,0.472803362454,1.0,1.0,0.873511904762,1.53125,0.6875,32.1354166667,373.29296875,4545.83072917,0.833333333333,-0.166666666667,7.17708333333,0.0012335180986,Class 1
0.450954861111,10.6354166667,52.0471736907,8.1328125,0.725129504505,1.0,21.8364628126,0.471311226243,0.561995523235,0.050048828125,0.392590461647,0.0359856157519,1.0,1.0,0.75427827381,1.359375,0.65625,22.8802083333,224.642578125,2445.92122396,1.69791666667,-0.0364583333333,3.38541666667,0.00267962123121,Class 1
0.439670138889,2.84375,235.191851363,11.5,0.887314189189,1.0,45.1590049286,0.498178451564,0.535494049959,0.0747341579861,0.248095046296,0.521404707738,1.0,1.0,0.895647321429,2.05729166667,0.635416666667,47.015625,566.487630208,6958.39648438,0.53125,-0.161458333333,11.5416666667,0.000716490299824,Class 1
0.404947916667,7.5625,136.139105431,10.34375,0.791587837838,1.0,33.9420080447,0.502595818839,0.56140606575,0.0623643663194,0.310898373551,0.224888575738,1.0,1.0,0.814174107143,1.82291666667,0.604166666667,35.59375,386.610677083,4423.5546875,1.25,-0.0520833333333,7.44791666667,0.00190539178634,Class 1
0.718315972222,4.97916666667,28.7114112048,4.3125,0.892781531532,1.0,14.2219664917,0.257440930129,0.285410644691,0.08349609375,0.18447132397,0.225540211317,1.0,1.0,0.903831845238,0.71875,0.84375,14.2395833333,160.70703125,1970.64583333,0.729166666667,-0.0729166666667,2.47916666667,0.00125451415134,Class 1
0.862413194444,3.30208333333,-0.155458259956,0.375,0.928688063063,1.0,3.19000850374,0.132348101744,0.138619559987,0.0922037760417,0.132348101744,0.0116723934186,1.0,1.0,0.936569940476,0.244791666667,0.927083333333,3.11979166667,19.9641927083,130.899088542,0.489583333333,-0.182291666667,0.0,0.000831968589905,Class 1
0.842230902778,3.40625,-0.157355553988,1.5859375,0.918699324324,1.0,3.27051023985,0.148514056633,0.172375827873,0.0898708767361,0.148514056633,0.00921584496518,1.0,1.0,0.928013392857,0.265625,0.916666666667,3.203125,19.498046875,121.810546875,0.53125,-0.00520833333333,0.0,0.000858213655833,Class 1
0.770182291667,5.04166666667,-0.165330118123,2.078125,0.878085585586,1.0,4.76715279399,0.198183525847,0.234669214314,0.0811631944444,0.198183525847,0.016915900824,1.0,1.0,0.892113095238,0.395833333333,0.875,4.70833333333,28.6432291667,177.595052083,0.791666666667,-0.0625,0.0,0.0012702611909,Class 1
0.719184027778,2.38541666667,44.6082056939,4.234375,0.939115990991,1.0,16.2094558208,0.267689120308,0.28291231058,0.0945909288194,0.113764192714,0.557122463988,1.0,1.0,0.946242559524,0.776041666667,0.84375,16.2552083333,185.538411458,2213.12434896,0.385416666667,-0.0677083333333,3.64583333333,0.000601012009742,Class 1
0.805338541667,3.27083333333,7.76377353392,2.6640625,0.918772522523,1.0,6.01622083808,0.188105667499,0.211654287676,0.0899522569444,0.144922872177,0.148865097918,1.0,1.0,0.928199404762,0.385416666667,0.895833333333,5.94791666667,52.0716145833,508.682291667,0.520833333333,0.0625,0.75,0.000824095070127,Class 2
0.806423611111,2.25,16.0515624355,2.890625,0.939189189189,1.0,7.97358746527,0.175562751013,0.192839912947,0.0947265625,0.101534427291,0.327630734564,1.0,1.0,0.946428571429,0.4375,0.895833333333,7.875,79.4609375,862.54296875,0.375,0.0625,1.5,0.000566893424036,Class 2
0.324869791667,11.1666666667,172.549313869,14.265625,0.704504504505,1.0,39.8636275783,0.594911363842,0.693776815549,0.0452473958333,0.424663466792,0.125850733729,1.0,1.0,0.73474702381,2.11458333333,0.541666666667,42.4895833333,487.662760417,5996.81770833,1.79166666667,0.135416666667,8.34375,0.00281347106744,Class 2
0.588324652778,5.44791666667,56.1034345123,7.1484375,0.85232545045,1.0,20.2194279731,0.387278914232,0.434063003523,0.0726182725694,0.266906803104,0.225003272091,1.0,1.0,0.86755952381,1.078125,0.760416666667,20.7239583333,223.865234375,2578.47981771,0.885416666667,0.0989583333333,4.07291666667,0.00137261694801,Class 2
0.608940972222,4.35416666667,90.0457328786,8.96875,0.892646396396,1.0,28.3742815605,0.354435219543,0.388290844868,0.0809190538194,0.215723628198,0.395647340819,1.0,1.0,0.90271577381,1.25,0.770833333333,28.8333333333,361.9375,4723.37630208,0.666666666667,0.104166666667,6.41666666667,0.00109704375577,Class 2
0.587890625,4.125,68.9251395069,7.203125,0.888513513514,1.0,22.2509908187,0.319099119917,0.351717800035,0.0840115017361,0.154605314056,0.361547740198,1.0,1.0,0.901785714286,1.15625,0.75,22.53125,241.44921875,2706.46875,0.6875,0.09375,4.875,0.00103930461073,Class 2
0.5546875,5.89583333333,58.6837168953,7.3359375,0.847826576577,1.0,20.8436849728,0.360443046487,0.405898813713,0.0757107204861,0.214869044493,0.246841066299,1.0,1.0,0.865699404762,1.16666666667,0.729166666667,21.2916666667,218.020833333,2375.38151042,0.958333333333,0.09375,4.125,0.0014854707315,Class 2
0.65234375,5.72916666667,43.82395087,6.1484375,0.872511261261,1.0,18.6567471733,0.316143736272,0.352752031801,0.0790473090278,0.218698024536,0.213647805389,1.0,1.0,0.885974702381,0.927083333333,0.802083333333,18.8645833333,218.826822917,2738.09895833,0.854166666667,2.77555756156e-17,3.5,0.00144347862602,Class 2
0.464626736111,8.17708333333,117.35909992,11.03125,0.805917792793,1.0,33.6045755885,0.481401395312,0.547077538675,0.0633951822917,0.316361459446,0.190867092617,1.0,1.0,0.824962797619,1.65104166667,0.666666666667,34.9635416667,413.429036458,5175.94205729,1.23958333333,0.0364583333333,7.09375,0.00206023767532,Class 2
0.439670138889,10.0,64.6378240992,9.2109375,0.730202702703,1.0,23.7570451781,0.472361829542,0.562385142035,0.0501844618056,0.39190477735,0.0747951616984,1.0,1.0,0.758370535714,1.4375,0.645833333333,24.875,248.5234375,2714.10546875,1.625,0.0729166666667,4.0625,0.00251952632905,Class 2
0.465060763889,4.58333333333,174.255293926,12.0703125,0.862252252252,1.0,39.4034220017,0.498777904716,0.539086927961,0.072509765625,0.269790684694,0.421281176531,1.0,1.0,0.875186011905,1.80208333333,0.666666666667,41.0104166667,505.576822917,6447.08072917,0.770833333333,0.104166666667,9.54166666667,0.00115478290081,Class 2
0.919270833333,1.5,-0.149843912591,0.734375,0.959459459459,1.0,1.46804732638,0.0752220655281,0.0877649820141,0.0993923611111,0.0752220655281,0.00437759008239,1.0,1.0,0.964285714286,0.125,0.958333333333,1.4375,7.90625,45.55078125,0.25,0.0,0.0,0.000377928949358,Class 2
0.502170138889,4.47916666667,127.794483892,10.1953125,0.84670045045,1.0,32.458335132,0.460302229941,0.516432203065,0.0668131510417,0.298159271472,0.346435167532,1.0,1.0,0.85974702381,1.55208333333,0.697916666667,33.6145833333,396.467447917,4854.84895833,0.791666666667,0.104166666667,7.65625,0.00112853783489,Class 2
0.499565972222,3.82291666667,171.601549937,11.578125,0.913271396396,1.0,38.9783698631,0.452070974947,0.475619595124,0.0875922309028,0.169675998962,0.59279113235,1.0,1.0,0.92224702381,1.75520833333,0.6875,40.2552083333,491.254557292,6161.51497396,0.572916666667,0.078125,9.53125,0.000963193919543,Class 2
0.720920138889,4.5,12.5870101965,3.609375,0.878378378378,1.0,8.54946021022,0.222179303395,0.259050539341,0.08203125,0.163629201979,0.0853897895405,1.0,1.0,0.892857142857,0.5625,0.84375,8.5,74.4453125,732.30859375,0.75,0.0625,1.125,0.00113378684807,Class 2
0.478949652778,3.29166666667,213.387162508,13.3203125,0.908355855856,1.0,45.0527235212,0.467652763824,0.491201384001,0.0852864583333,0.188105667499,0.598587414145,1.0,1.0,0.917782738095,1.9375,0.666666666667,46.5833333333,596.1171875,7810.89192708,0.541666666667,0.135416666667,11.2916666667,0.000829344083312,Class 2
0.621744791667,2.44791666667,100.454773919,8.53125,0.933406531532,1.0,28.2190136493,0.365721562191,0.38453593692,0.0897623697917,0.159832911387,0.609345399432,1.0,1.0,0.938988095238,1.24479166667,0.78125,28.7239583333,350.136067708,4373.85481771,0.385416666667,0.109375,6.86458333333,0.000616759049299,Class 2
0.638671875,6.78125,15.1083217369,5.0859375,0.827483108108,1.0,11.0073701397,0.304968636495,0.356858937266,0.0718044704861,0.238628561419,0.0887414233993,1.0,1.0,0.84765625,0.744791666667,0.791666666667,11.140625,98.1985677083,993.740234375,1.09375,0.0989583333333,1.26041666667,0.00170855379189,Class 2
0.641710069444,4.875,32.957528603,5.40625,0.868243243243,1.0,14.5060766792,0.280825578108,0.320009887091,0.0801052517361,0.172221803381,0.194598846883,1.0,1.0,0.883928571429,0.84375,0.791666666667,14.59375,144.01953125,1537.9140625,0.8125,0.09375,2.625,0.00122826908541,Class 2
0.549045138889,4.45833333333,119.272216529,10.5390625,0.882657657658,1.0,32.8576038208,0.42357012745,0.458750753444,0.07861328125,0.235348884344,0.407018942587,1.0,1.0,0.89415922619,1.46875,0.729166666667,33.7604166667,422.34765625,5483.73697917,0.708333333333,0.145833333333,7.67708333333,0.0011232888217,Class 2
0.579427083333,1.6875,133.705437722,9.34375,0.933344594595,1.0,32.9797625969,0.393545055634,0.417406826874,0.0875108506944,0.173267183418,0.610292806192,1.0,1.0,0.938058035714,1.44791666667,0.75,33.71875,411.282552083,5105.6328125,0.3125,0.0729166666667,8.35416666667,0.000425170068027,Class 2
0.559895833333,2.83333333333,131.395987433,10.0078125,0.892522522523,1.0,33.6624376211,0.412687689273,0.45159071111,0.0767415364583,0.237299048895,0.503582558417,1.0,1.0,0.900855654762,1.46875,0.739583333333,34.5104166667,433.53515625,5591.26822917,0.520833333333,0.104166666667,8.27083333333,0.000713865793231,Class 2
0.38671875,4.48958333333,286.036380185,15.875,0.841492117117,1.0,51.5643648628,0.550980249126,0.602811734928,0.0649685329861,0.308101877054,0.441050368641,1.0,1.0,0.854538690476,2.296875,0.59375,54.0885416667,682.134765625,8828.75455729,0.802083333333,0.182291666667,12.9583333333,0.00113116234148,Class 2
0.590277777778,4.80208333333,77.5842690531,8.6640625,0.888147522523,1.0,24.9159980257,0.382303914138,0.410899930826,0.0831976996528,0.188892418355,0.462405658214,1.0,1.0,0.900855654762,1.19270833333,0.760416666667,25.4635416667,301.934244792,3775.59830729,0.739583333333,0.171875,5.44791666667,0.00120989753926,Class 2
0.47265625,2.72916666667,234.213700068,13.453125,0.902511261261,1.0,47.4105242756,0.483161080284,0.513425521153,0.0787217881944,0.231626488502,0.543664005489,1.0,1.0,0.909412202381,2.01041666667,0.666666666667,49.1145833333,630.274739583,8231.50520833,0.479166666667,0.0729166666667,12.0833333333,0.000687620727303,Class 2
0.533637152778,3.30208333333,139.053233307,10.4609375,0.903147522523,1.0,34.3550969786,0.440267500638,0.466183243539,0.0830349392361,0.204115608628,0.52518523773,1.0,1.0,0.912574404762,1.546875,0.71875,35.4010416667,434.869140625,5504.55924479,0.552083333333,0.130208333333,8.39583333333,0.000831968589905,Class 2
0.633680555556,2.80208333333,107.053815883,9.7265625,0.933688063063,1.0,31.5829172271,0.31887865793,0.325150116173,0.0920952690972,0.143666956498,0.619000644998,1.0,1.0,0.940476190476,1.296875,0.78125,31.9010416667,417.462890625,5597.30924479,0.427083333333,0.151041666667,7.58333333333,0.000705992273453,Class 2
0.530164930556,4.46875,165.226042605,12.6796875,0.902989864865,1.0,42.4585386329,0.37947904455,0.40342181653,0.0855848524306,0.174025538218,0.493341985508,1.0,1.0,0.912946428571,1.77604166667,0.697916666667,43.296875,563.694661458,7534.11914062,0.65625,0.109375,10.1354166667,0.00112591332829,Class 2
0.586805555556,3.10416666667,135.308959917,10.578125,0.917916666667,1.0,36.7039236544,0.348407902725,0.378227981145,0.0853949652778,0.175562751013,0.546440415427,1.0,1.0,0.924479166667,1.51041666667,0.75,37.2395833333,484.680989583,6443.61458333,0.479166666667,0.0729166666667,8.89583333333,0.000782102964643,Class 2
0.560980902778,4.19791666667,107.92130255,9.6484375,0.877595720721,1.0,30.4504214603,0.415762114863,0.447563768528,0.0765787760417,0.245937629862,0.439714939251,1.0,1.0,0.889322916667,1.38020833333,0.739583333333,31.2552083333,387.332682292,4993.85872396,0.697916666667,0.130208333333,7.09375,0.00105767615688,Class 2
0.568576388889,2.44791666667,169.054562522,12.0546875,0.933406531532,1.0,42.1307746669,0.36152777864,0.380342153369,0.0897623697917,0.159832911387,0.622283685715,1.0,1.0,0.938988095238,1.69270833333,0.729166666667,42.8177083333,566.981119792,7625.83528646,0.385416666667,0.109375,10.5,0.000616759049299,Class 2
0.620442708333,5.1875,47.2823063931,6.65625,0.872804054054,1.0,18.2060235499,0.35773146912,0.391900245509,0.0788302951389,0.225041879196,0.294318399239,1.0,1.0,0.88671875,0.979166666667,0.78125,18.5625,196.825520833,2225.33203125,0.8125,0.125,3.57291666667,0.00130700428319,Class 2
0.558810763889,7.10416666667,60.3888677087,7.5859375,0.826835585586,1.0,22.6008354264,0.407690503409,0.455576047369,0.0686848958333,0.288157912279,0.197320316415,1.0,1.0,0.845238095238,1.17708333333,0.739583333333,23.2395833333,264.014322917,3247.23958333,1.10416666667,2.77555756156e-17,4.3125,0.00178991349626,Class 2
0.718532986111,4.83333333333,29.561220416,5.296875,0.898063063063,1.0,14.3758063818,0.254053353476,0.284267583699,0.0856119791667,0.167754079975,0.233195094941,1.0,1.0,0.909226190476,0.71875,0.84375,14.3854166667,164.97265625,2057.47135417,0.708333333333,0.0729166666667,2.55208333333,0.00121777105904,Class 2
0.643229166667,3.64583333333,54.6842369285,6.2578125,0.908637387387,1.0,19.0407235698,0.306074370316,0.331291414674,0.0877549913194,0.156688720027,0.434210158643,1.0,1.0,0.919270833333,0.979166666667,0.791666666667,19.2291666667,206.138020833,2307.06119792,0.583333333333,0.09375,4.125,0.000918577307466,Class 2
0.528645833333,5.27083333333,111.997463105,10.0078125,0.856677927928,1.0,31.042956958,0.448987082346,0.491350077252,0.0705023871528,0.281880281224,0.363834430356,1.0,1.0,0.869047619048,1.46875,0.71875,32.0729166667,380.98828125,4713.29166667,0.833333333333,0.104166666667,7.05208333333,0.00132800033594,Class 2
0.400824652778,0.802083333333,466.788773436,17.9765625,0.953688063063,1.0,67.7599797956,0.496938756994,0.514529069991,0.0922037760417,0.132348101744,0.760989785662,1.0,1.0,0.956101190476,2.765625,0.572916666667,70.3072916667,920.607421875,12147.078776,0.177083333333,0.015625,18.0520833333,0.000202087007643,Class 2
0.383680555556,8.88541666667,175.377479047,13.8125,0.780940315315,1.0,41.0401914655,0.550720630106,0.620251972164,0.0594889322917,0.34212610228,0.229962355197,1.0,1.0,0.803943452381,2.015625,0.59375,43.2239583333,519.326171875,6592.02669271,1.38541666667,0.130208333333,9.07291666667,0.00223870412362,Class 2
0.721354166667,5.89583333333,-0.171339332667,3.0234375,0.847826576577,1.0,5.53016970434,0.214869044493,0.261730813127,0.0757107204861,0.214869044493,0.0226761419329,1.0,1.0,0.865699404762,0.479166666667,0.84375,5.47916666667,32.1380208333,191.279947917,0.958333333333,0.03125,0.0,0.0014854707315,Class 2
0.636284722222,5.1875,39.3967029113,5.4453125,0.872804054054,1.0,16.3393539269,0.333645653923,0.370494704098,0.0788302951389,0.225041879196,0.263188973402,1.0,1.0,0.88671875,0.90625,0.791666666667,16.59375,169.74609375,1852.9921875,0.8125,-9.54097911787e-18,3.0625,0.00130700428319,Class 2
0.823784722222,2.27083333333,14.4939403555,2.796875,0.928772522523,1.0,7.5726362796,0.169675998962,0.193224619139,0.0899522569444,0.144922872177,0.41510862459,1.0,1.0,0.936011904762,0.395833333333,0.90625,7.47916666667,82.1276041667,991.217447917,0.395833333333,0.0625,1.38541666667,0.000572142437222,Class 2
0.611979166667,3.17708333333,105.871384473,9.328125,0.923552927928,1.0,30.6731006068,0.360240129566,0.379054504295,0.0897623697917,0.159832911387,0.54429736143,1.0,1.0,0.931547619048,1.30729166667,0.770833333333,31.1822916667,399.081380208,5261.12565104,0.489583333333,0.109375,7.3125,0.000800474510792,Class 2
0.841796875,2.53125,8.22533740648,2.4375,0.933834459459,1.0,5.58851381002,0.168471492354,0.184918744359,0.0920952690972,0.143666956498,0.225892127942,1.0,1.0,0.940848214286,0.328125,0.916666666667,5.515625,52.802734375,562.630859375,0.40625,0.0677083333333,0.8125,0.000637755102041,Class 2
0.547092013889,7.78125,68.7662953844,8.8359375,0.826469594595,1.0,25.1773256543,0.403237520367,0.458737869968,0.0693630642361,0.272916375276,0.168416818602,1.0,1.0,0.844308035714,1.27604166667,0.729166666667,25.859375,297.210286458,3670.76757813,1.15625,0.0677083333333,4.82291666667,0.00196050642479,Class 2
0.44921875,5.97916666667,201.444104464,14.1171875,0.857240990991,1.0,46.1240094622,0.476822605303,0.5123973831,0.0746256510417,0.254053353476,0.41307945707,1.0,1.0,0.872023809524,2.03125,0.635416666667,47.8020833333,610.10546875,8053.49739583,0.916666666667,0.104166666667,10.9479166667,0.00150646678424,Class 2
0.412760416667,7.23958333333,157.362681689,13.015625,0.801221846847,1.0,37.0581560121,0.543317851332,0.604976910587,0.0611165364583,0.337039729698,0.262816003589,1.0,1.0,0.821056547619,1.84895833333,0.625,38.9947916667,456.789713542,5627.64908854,1.17708333333,0.234375,8.38541666667,0.00182403208197,Class 2
0.577256944444,3.92708333333,82.3438909097,7.6015625,0.877742117117,1.0,24.7309835923,0.385265557224,0.423724216611,0.076904296875,0.233009165897,0.354084503659,1.0,1.0,0.889694940476,1.22395833333,0.75,25.3072916667,286.539713542,3384.54752604,0.677083333333,0.0572916666667,5.63541666667,0.000989438985471,Class 2
0.737196180556,4.125,12.4369622943,2.890625,0.888513513514,1.0,8.21720220611,0.213318949744,0.247606054044,0.0840115017361,0.154605314056,0.0970280248504,1.0,1.0,0.901785714286,0.53125,0.854166666667,8.15625,72.46484375,720.921875,0.6875,-0.03125,1.125,0.00103930461073,Class 2
0.57421875,6.86458333333,50.2620689424,7.4140625,0.836897522523,1.0,19.8213384945,0.396271260915,0.4364707409,0.0706651475694,0.276316125847,0.262590763069,1.0,1.0,0.853980654762,1.09895833333,0.75,20.3697916667,212.352213542,2377.16471354,1.05208333333,0.0989583333333,3.63541666667,0.00172954984463,Class 2
0.716362847222,4.07291666667,27.9737157211,4.859375,0.898001126126,1.0,12.8773871896,0.279139186448,0.310809628726,0.0829806857639,0.206169580289,0.300621530818,1.0,1.0,0.908296130952,0.692708333333,0.84375,12.9427083333,134.699869792,1498.44466146,0.635416666667,0.0989583333333,2.375,0.00102618207777,Class 2
0.750868055556,3.82291666667,19.5479275957,3.2890625,0.887730855856,1.0,10.3455082649,0.234437973675,0.274433845857,0.0786404079861,0.234437973675,0.250290115795,1.0,1.0,0.898251488095,0.567708333333,0.864583333333,10.3177083333,107.840494792,1234.30403646,0.635416666667,-0.0364583333333,1.75,0.000963193919543,Class 3
0.488932291667,7.97916666667,69.1067213951,8.4921875,0.78615990991,1.0,23.7682518853,0.45813354246,0.528543931271,0.0596516927083,0.340802693077,0.121538349865,1.0,1.0,0.808407738095,1.34375,0.6875,24.7395833333,259.78515625,2942.55208333,1.29166666667,0.0416666666667,4.51041666667,0.00201037205005,Class 3
0.603949652778,5.09375,71.7334668329,7.5859375,0.877584459459,1.0,24.2781850528,0.38053290212,0.414701678509,0.0787489149306,0.230089275707,0.31474532306,1.0,1.0,0.890066964286,1.15104166667,0.770833333333,24.796875,296.866536458,3750.96289062,0.78125,0.0260416666667,5.19791666667,0.00128338372386,Class 3
0.672743055556,5.25,17.6680494446,3.609375,0.858108108108,1.0,10.6188989276,0.252714863512,0.295966583317,0.0782335069444,0.180411562259,0.0880602862995,1.0,1.0,0.875,0.6875,0.8125,10.625,95.3046875,953.63671875,0.875,-0.0625,1.5,0.00132275132275,Class 3
0.666883680556,5.5625,23.3454872834,4.3671875,0.862668918919,1.0,12.4828959432,0.30819634874,0.348505371985,0.0767957899306,0.235893047487,0.160070683087,1.0,1.0,0.877790178571,0.75,0.8125,12.625,121.03125,1268.71484375,0.875,-0.03125,1.9375,0.00140148652053,Class 3
0.668836805556,6.04166666667,15.4870773869,4.0078125,0.842545045045,1.0,10.6088131375,0.295136673388,0.341404003813,0.0732693142361,0.24655521558,0.0874742251962,1.0,1.0,0.860305059524,0.6875,0.8125,10.7083333333,98.9296875,1047.68880208,0.979166666667,-0.03125,1.32291666667,0.0015222138238,Class 3
0.700520833333,4.54166666667,22.7276353679,3.875,0.883085585586,1.0,11.6093509038,0.281109539448,0.313690892395,0.0810818142361,0.208359319609,0.19232350898,1.0,1.0,0.896019345238,0.677083333333,0.833333333333,11.6770833333,114.623697917,1225.46614583,0.729166666667,-0.03125,1.9375,0.00114428487444,Class 3
0.700737847222,3.58333333333,37.0661821809,4.859375,0.872252252252,1.0,15.1114022547,0.259483679546,0.30619537242,0.0727267795139,0.259483679546,0.423087585277,1.0,1.0,0.882998511905,0.760416666667,0.833333333333,15.1354166667,170.165364583,2039.65885417,0.645833333333,0.03125,3.0625,0.00090283026791,Class 3
0.572048611111,5.5,80.9014084507,8.078125,0.851824324324,1.0,26.133972058,0.406206300031,0.458278540479,0.0703667534722,0.286251164962,0.246912591453,1.0,1.0,0.865513392857,1.25,0.75,26.8125,319.640625,4017.28515625,0.875,-1.90819582357e-17,5.625,0.00138573948098,Class 3
0.267795138889,14.5,162.653641734,14.2265625,0.617567567568,1.0,38.6357406557,0.625630289229,0.756424461142,0.032470703125,0.499211653945,0.0359266735291,1.0,1.0,0.655691964286,2.25,0.479166666667,41.6875,443.734375,5116.61328125,2.3125,0.03125,7.34375,0.00365331317712,Class 3
0.355251736111,9.13541666667,164.810301044,12.390625,0.740129504505,1.0,37.828029715,0.576219173364,0.664726891632,0.0498860677083,0.396880344645,0.153984808462,1.0,1.0,0.76599702381,1.99479166667,0.572916666667,40.1614583333,455.714192708,5490.45638021,1.51041666667,0.00520833333333,8.23958333333,0.00230169228185,Class 3
0.804470486111,2.91666666667,13.2231498406,2.4375,0.918490990991,1.0,7.61456125444,0.200335432922,0.228101539681,0.0874837239583,0.175634306142,0.194073250247,1.0,1.0,0.926711309524,0.427083333333,0.895833333333,7.55208333333,76.3736979167,849.294270833,0.479166666667,-0.03125,1.25,0.000734861845973,Class 3
0.575954861111,4.8125,67.5679442509,6.8828125,0.857398648649,1.0,22.2052368677,0.378490403918,0.428662069862,0.0728081597222,0.260838952665,0.259382189608,1.0,1.0,0.871651785714,1.15625,0.75,22.71875,247.74609375,2846.6640625,0.8125,1.56125112838e-17,4.75,0.00121252204586,Class 3
0.326388888889,7.89583333333,262.073423429,14.359375,0.785731981982,1.0,47.8502420656,0.615924322738,0.690270910985,0.0574001736111,0.361213241984,0.251022084152,1.0,1.0,0.806547619048,2.35416666667,0.541666666667,50.9791666667,604.559895833,7473.68619792,1.27083333333,-0.0625,11.34375,0.00198937599731,Class 3
0.404730902778,4.23958333333,251.992915294,13.8671875,0.856762387387,1.0,47.1959080658,0.548518928748,0.60004586781,0.0685492621528,0.293155098143,0.411157947312,1.0,1.0,0.868489583333,2.15104166667,0.614583333333,49.5260416667,608.882161458,7683.40299479,0.739583333333,0.0677083333333,11.84375,0.00106817418325,Class 3
0.572916666667,8.0,35.9520804048,6.109375,0.801283783784,1.0,17.3956761434,0.389169892743,0.451693931173,0.06298828125,0.323549111285,0.0796611023504,1.0,1.0,0.821986607143,1.02083333333,0.75,17.875,182.471354167,2066.16796875,1.25,-0.0625,2.70833333333,0.00201562106324,Class 3
0.488715277778,5.84375,110.462402789,9.34375,0.831773648649,1.0,30.06208012,0.475510051864,0.531355416445,0.0667046440972,0.303491276526,0.257549994426,1.0,1.0,0.848214285714,1.515625,0.6875,31.265625,356.982421875,4282.20898438,0.96875,0.00520833333333,6.71875,0.00147234819854,Class 3
0.377387152778,8.625,154.076012306,12.03125,0.750337837838,1.0,36.6948423783,0.555968313023,0.64242205963,0.0515679253472,0.385531002953,0.175733636571,1.0,1.0,0.775111607143,1.90625,0.59375,38.78125,445.79296875,5444.0625,1.4375,0.03125,8.0,0.00217309145881,Class 3
0.790581597222,4.125,-0.1629768411,1.8125,0.888513513514,1.0,3.93632049631,0.154605314056,0.188892418355,0.0840115017361,0.154605314056,0.0168871496256,1.0,1.0,0.901785714286,0.34375,0.885416666667,3.84375,21.76953125,125.2578125,0.6875,-0.03125,0.0,0.00103930461073,Class 3
0.634331597222,6.44791666667,27.4030727891,4.9921875,0.84232545045,1.0,14.2493372648,0.342656200922,0.387903077418,0.0727810329861,0.258268222137,0.126730268235,1.0,1.0,0.85974702381,0.838541666667,0.791666666667,14.5052083333,146.577473958,1649.29622396,1.01041666667,-0.0364583333333,2.20833333333,0.00162456958092,Class 3
0.860677083333,2.02083333333,8.12224876917,1.5859375,0.944042792793,1.0,5.11838671102,0.149938414741,0.162481331227,0.094482421875,0.125083047468,0.270427641303,1.0,1.0,0.949962797619,0.291666666667,0.927083333333,5.04166666667,49.5989583333,541.006510417,0.333333333333,-0.03125,0.8125,0.000509154278996,Class 3
0.425347222222,10.3229166667,91.8009744556,10.234375,0.755095720721,1.0,28.8648255812,0.509477885765,0.590531690381,0.0547688802083,0.366415421245,0.150561301306,1.0,1.0,0.779947916667,1.61979166667,0.635416666667,30.3489583333,320.714192708,3639.74544271,1.57291666667,0.00520833333333,5.39583333333,0.00260088603343,Class 3
0.528862847222,5.85416666667,92.3796104434,8.6640625,0.826565315315,1.0,27.9232523523,0.434077043136,0.496791625566,0.0647786458333,0.31540685303,0.253852954764,1.0,1.0,0.843005952381,1.36458333333,0.71875,28.8020833333,341.522135417,4284.62239583,0.979166666667,0.0,6.0625,0.00147497270513,Class 3
0.397135416667,9.42708333333,128.742951357,11.0859375,0.755106981982,1.0,33.9908901508,0.548998360443,0.633457130686,0.0524359809028,0.388471084082,0.132297629224,1.0,1.0,0.779203869048,1.796875,0.614583333333,35.9010416667,404.462890625,4857.87174479,1.48958333333,-0.0364583333333,7.05208333333,0.00237517846645,Class 3
0.452690972222,6.1875,129.348728542,9.890625,0.837263513514,1.0,32.7385976058,0.473314733407,0.526416212435,0.0709364149306,0.269998736109,0.28607038017,1.0,1.0,0.854910714286,1.69791666667,0.645833333333,34.09375,375.220052083,4311.5234375,1.0,-0.03125,7.38541666667,0.0015589569161,Class 3
0.514973958333,7.08333333333,72.8542842033,8.265625,0.811711711712,1.0,24.3679742495,0.447860037904,0.509350558601,0.0651312934028,0.307081423125,0.176107157466,1.0,1.0,0.83165922619,1.30208333333,0.708333333333,25.2604166667,280.451822917,3354.17447917,1.14583333333,0.03125,4.85416666667,0.00178466448308,Class 3
0.421006944444,8.5625,127.314059191,11.578125,0.781587837838,1.0,34.0440557278,0.499599065664,0.562707799897,0.0624728732639,0.304313764245,0.307779391637,1.0,1.0,0.806361607143,1.73958333333,0.625,35.59375,417.850260417,5256.9921875,1.375,0.09375,7.17708333333,0.00215734441925,Class 3
0.414496527778,7.38541666667,143.885720237,11.6328125,0.795940315315,1.0,34.9126023206,0.530906146232,0.601792761409,0.0591634114583,0.350946622923,0.220030281133,1.0,1.0,0.815662202381,1.80729166667,0.625,36.7239583333,411.800130208,4845.68294271,1.19791666667,0.0989583333333,7.77083333333,0.00186077517427,Class 3
0.619791666667,7.45833333333,20.2358771169,5.7109375,0.827117117117,1.0,12.9882368185,0.337751847629,0.388753423502,0.0709906684028,0.255964538323,0.115564754722,1.0,1.0,0.846726190476,0.833333333333,0.78125,13.2291666667,121.213541667,1243.48307292,1.14583333333,0.09375,1.63541666667,0.00187914672042,Class 3
0.462673611111,8.53125,84.1466111066,8.8515625,0.780658783784,1.0,26.6972295383,0.472862161815,0.547412357865,0.0574815538194,0.359240271064,0.185645043557,1.0,1.0,0.802455357143,1.484375,0.666666666667,27.859375,292.986328125,3283.54882812,1.34375,-0.0364583333333,5.1875,0.00214947089947,Class 3
0.653211805556,4.77083333333,34.5206419401,5.3125,0.878231981982,1.0,14.8750607689,0.310075885832,0.346793724621,0.0814887152778,0.188088732826,0.253503373743,1.0,1.0,0.892485119048,0.833333333333,0.802083333333,15.0416666667,154.666666667,1720.78776042,0.770833333333,0.0625,2.76041666667,0.00120202401948,Class 3
0.659288194444,6.38541666667,9.38766872025,4.1015625,0.822494369369,1.0,9.03376374242,0.251256467397,0.304430729715,0.0708279079861,0.227052371859,0.0720148476844,1.0,1.0,0.843005952381,0.661458333333,0.802083333333,9.03645833333,72.1412760417,667.409505208,1.07291666667,0.0364583333333,0.8125,0.00160882254136,Class 3
0.576822916667,8.1875,21.8052264726,5.9375,0.791722972973,1.0,13.7804313282,0.36283145552,0.42493967402,0.0640733506944,0.297210674062,0.0535073739011,1.0,1.0,0.815290178571,0.916666666667,0.75,14.125,128.177083333,1323.65234375,1.3125,0.0625,1.69791666667,0.00206286218191,Class 3
0.323133680556,10.9791666667,150.325753367,12.578125,0.705078828829,1.0,36.1943097849,0.577932535759,0.675032385856,0.0483669704861,0.391822057635,0.102135103739,1.0,1.0,0.736979166667,2.05208333333,0.53125,38.6145833333,414.279947917,4771.09895833,1.79166666667,0.03125,7.40625,0.00276622994877,Class 3
0.385416666667,4.625,316.91578281,15.9140625,0.866959459459,1.0,55.7619085878,0.556142096827,0.595824817946,0.0723741319444,0.274008171276,0.44912883101,1.0,1.0,0.878348214286,2.4375,0.583333333333,58.5,745.4921875,9720.40234375,0.75,0.0104166666667,14.0625,0.00116528092719,Class 3
0.47265625,2.47916666667,205.393024466,11.5,0.892240990991,1.0,42.0093547064,0.470232616318,0.513425521153,0.0748155381944,0.246122075375,0.504572317729,1.0,1.0,0.899367559524,1.89583333333,0.666666666667,43.5208333333,525.221354167,6452.83723958,0.479166666667,6.93889390391e-18,10.71875,0.000624632569077,Class 3
0.216796875,9.89583333333,424.720445494,18.8046875,0.68911036036,1.0,59.8511309887,0.676001088217,0.787500982082,0.0415310329861,0.429051886144,0.19620319298,1.0,1.0,0.718936011905,3.02083333333,0.395833333333,64.6041666667,764.236979167,9449.48307292,1.70833333333,0.03125,14.4166666667,0.00249328126312,Class 3
0.487196180556,7.63541666667,85.4983048792,9.1171875,0.806210585586,1.0,26.7295318183,0.473638019879,0.539236483899,0.0628526475694,0.327576053867,0.182430394469,1.0,1.0,0.825706845238,1.43229166667,0.6875,27.8489583333,303.472005208,3521.38606771,1.19791666667,0.0364583333333,5.39583333333,0.00192376333249,Class 3
0.490017361111,7.26041666667,107.282704648,10.8984375,0.816345720721,1.0,31.4901434188,0.465706741778,0.525791261068,0.064697265625,0.317126005501,0.221546226475,1.0,1.0,0.834635416667,1.53645833333,0.6875,32.6614583333,389.656901042,4925.05013021,1.13541666667,0.140625,6.71875,0.00182928109515,Class 3
0.430121527778,5.44791666667,185.418137922,12.5625,0.82678490991,1.0,40.8280966455,0.503949873456,0.561817345782,0.0655110677083,0.293812857043,0.400109913918,1.0,1.0,0.843563988095,1.90104166667,0.635416666667,42.5677083333,523.944661458,6711.27278646,0.947916666667,0.078125,9.73958333333,0.00137261694801,Class 3
0.460069444444,8.16666666667,132.501821475,12.28125,0.811126126126,1.0,36.9513613736,0.459765134029,0.520130940465,0.0653483072917,0.30245143801,0.227061006483,1.0,1.0,0.830171130952,1.75,0.65625,38.2708333333,466.359375,5992.91536458,1.22916666667,0.104166666667,7.94791666667,0.00205761316872,Class 3
0.562934027778,5.0625,75.2165756602,7.015625,0.867668918919,1.0,23.7879137772,0.402329955835,0.437591582569,0.0767144097222,0.240940443997,0.327027025097,1.0,1.0,0.881696428571,1.22916666667,0.739583333333,24.4375,267.888020833,3086.03515625,0.8125,-0.0625,5.13541666667,0.00127551020408,Class 3
0.571614583333,6.97916666667,47.196727408,6.6953125,0.82170045045,1.0,19.2485109743,0.402098356709,0.46033251214,0.0666775173611,0.303156457337,0.123243876467,1.0,1.0,0.84021577381,1.07291666667,0.75,19.8020833333,209.860677083,2420.02864583,1.10416666667,2.25514051877e-17,3.45833333333,0.00175841941715,Class 3
0.715928819444,3.67708333333,30.3151746789,4.0078125,0.893012387387,1.0,13.2648865149,0.28291231058,0.319448209693,0.0809190538194,0.215723628198,0.23459770395,1.0,1.0,0.903645833333,0.692708333333,0.84375,13.3385416667,145.902994792,1718.23893229,0.614583333333,-0.0364583333333,2.57291666667,0.000926450827244,Class 3
0.700086805556,2.1875,59.3540080272,5.7109375,0.928344594595,1.0,19.7637537361,0.307419434152,0.317595227914,0.0874294704861,0.178314579929,0.54634747454,1.0,1.0,0.934151785714,0.895833333333,0.833333333333,19.9375,237.346354167,2915.97265625,0.375,0.03125,4.64583333333,0.00055114638448,Class 3
0.489149305556,9.36458333333,51.1123806564,7.90625,0.760816441441,1.0,21.110469628,0.452842069906,0.528675142658,0.056396484375,0.355800202637,0.0679261855024,1.0,1.0,0.786458333333,1.265625,0.6875,21.9947916667,222.966796875,2498.58658854,1.48958333333,0.00520833333333,3.45833333333,0.00235943142689,Class 3
0.497829861111,7.91666666667,56.5225622737,7.828125,0.791869369369,1.0,21.2545550747,0.409072506391,0.470885349676,0.0647243923611,0.284577585311,0.131114847281,1.0,1.0,0.815662202381,1.27083333333,0.6875,21.9583333333,216.940104167,2320.72005208,1.29166666667,0.0625,3.8125,0.0019946250105,Class 3
0.540798611111,3.57291666667,123.623290984,8.5859375,0.903001126126,1.0,31.5606038732,0.422101613805,0.45345890502,0.0829264322917,0.208849854076,0.48387063601,1.0,1.0,0.912202380952,1.49479166667,0.71875,32.4739583333,376.229817708,4482.32356771,0.572916666667,-0.0677083333333,7.58333333333,0.000900205761317,Class 3
0.403645833333,9.22916666667,108.710928353,10.1953125,0.735349099099,1.0,30.6736209891,0.516956498631,0.607773538108,0.0508626302083,0.381016257345,0.13848576974,1.0,1.0,0.762648809524,1.6875,0.614583333333,32.2708333333,355.8828125,4238.08723958,1.54166666667,-0.03125,6.16666666667,0.00232531284119,Class 3
0.493706597222,6.82291666667,79.5669872167,7.6015625,0.806649774775,1.0,25.1118117168,0.434734998043,0.499168215301,0.0636664496528,0.310240076963,0.186265180101,1.0,1.0,0.826822916667,1.38020833333,0.6875,26.0052083333,275.770182292,3112.38997396,1.13541666667,-0.0989583333333,5.125,0.00171905181826,Class 3
0.670138888889,3.14583333333,50.6853146853,5.3125,0.913637387387,1.0,17.9285040533,0.308065137353,0.329690997256,0.0877278645833,0.16296017827,0.40255247277,1.0,1.0,0.923177083333,0.895833333333,0.8125,18.1041666667,200.908854167,2337.38932292,0.520833333333,1.82145964978e-17,3.94791666667,0.000792600991014,Class 4
0.842664930556,1.77083333333,21.4192049978,2.34375,0.959313063063,1.0,9.68671712613,0.162200034111,0.168471492354,0.0992838541667,0.0877649820141,0.579928286435,1.0,1.0,0.963913690476,0.427083333333,0.916666666667,9.57291666667,118.670572917,1555.38541667,0.270833333333,-0.0729166666667,2.04166666667,0.000446166120769,Class 4
0.751953125,4.54166666667,10.2446179808,3.2890625,0.883085585586,1.0,7.92177457599,0.23290076088,0.265482113827,0.0810818142361,0.208359319609,0.133752022603,1.0,1.0,0.896019345238,0.5,0.864583333333,7.89583333333,74.109375,803.587239583,0.729166666667,0.03125,0.947916666667,0.00114428487444,Class 4
0.899088541667,1.28125,8.5500981096,1.71875,0.95910472973,1.0,4.68828056336,0.112720330083,0.125263246569,0.0968153211806,0.112720330083,0.456798167692,1.0,1.0,0.962611607143,0.234375,0.947916666667,4.609375,50.330078125,594.955078125,0.21875,0.0364583333333,0.875,0.00032281431091,Class 4
0.481336805556,5.64583333333,105.916488988,9.1328125,0.837556306306,1.0,29.3158337648,0.404351273686,0.457507760156,0.0721299913194,0.230646555028,0.279728276528,1.0,1.0,0.855654761905,1.54166666667,0.666666666667,30.1666666667,326.348958333,3699.67838542,0.958333333333,0.03125,6.5,0.00142248257328,Class 4
0.736328125,2.01041666667,44.0540449794,4.7265625,0.949251126126,1.0,15.9001340857,0.254576210829,0.267119127315,0.096923828125,0.100177413597,0.590557805687,1.0,1.0,0.955171130952,0.744791666667,0.854166666667,15.9114583333,183.557942708,2201.73763021,0.322916666667,0.0364583333333,3.64583333333,0.000506529772403,Class 4
0.291449652778,3.83333333333,919.366675248,36.3359375,0.840427927928,1.0,134.781609961,0.625470499527,0.696217298994,0.0601671006944,0.33029048866,0.3062180809,1.0,1.0,0.849516369048,5.65625,0.489583333333,142.947916667,1872.01171875,24749.7291667,0.708333333333,-0.0625,36.1770833333,0.000965818426136,Class 4
0.197699652778,9.59375,677.761457816,25.0859375,0.730422297297,1.0,79.0741975291,0.699350601423,0.781792060717,0.0512424045139,0.375284757193,0.295348452985,1.0,1.0,0.758928571429,3.890625,0.28125,85.640625,1022.81054688,12636.6933594,1.59375,0.203125,19.96875,0.00241717057193,Class 4
0.505642361111,2.79166666667,166.317027964,11.234375,0.913355855856,1.0,37.3648407643,0.442017788248,0.462886134638,0.0853135850694,0.185738544775,0.574333982465,1.0,1.0,0.921688988095,1.71875,0.6875,38.5520833333,458.53515625,5582.01302083,0.479166666667,0.15625,9.35416666667,0.00070336776686,Class 4
0.786675347222,2.04166666667,31.8812927344,3.0625,0.933626126126,1.0,12.9535790561,0.219025647838,0.237840022567,0.0897623697917,0.159832911387,0.538783819997,1.0,1.0,0.939546130952,0.583333333333,0.885416666667,12.8958333333,157.119791667,2010.02473958,0.354166666667,-0.104166666667,2.84375,0.000514403292181,Class 4
0.919270833333,1.5,-0.149843912591,0.734375,0.959459459459,1.0,1.46804732638,0.0752220655281,0.0877649820141,0.0993923611111,0.0752220655281,0.00437759008239,1.0,1.0,0.964285714286,0.125,0.958333333333,1.4375,7.90625,45.55078125,0.25,0.0,0.0,0.000377928949358,Class 4
0.939019097222,1.125,-0.148063525668,0.375,0.969594594595,1.0,1.10599985367,0.060393337418,0.0690319183849,0.101806640625,0.060393337418,0.00380725768494,1.0,1.0,0.973214285714,0.09375,0.96875,1.09375,5.92578125,34.1640625,0.1875,-0.03125,0.0,0.000283446712018,Class 4
0.493706597222,8.26041666667,50.3848604906,8.4140625,0.771818693694,1.0,20.2815562685,0.371881784542,0.437119144778,0.063232421875,0.257730943801,0.115400380576,1.0,1.0,0.798363095238,1.25520833333,0.677083333333,20.8177083333,200.332682292,2114.22591146,1.38541666667,0.192708333333,3.4375,0.00208123372806,Class 4
0.716145833333,4.1875,27.1496663489,4.2734375,0.882804054054,1.0,12.8532347277,0.274273729613,0.31317675145,0.0787217881944,0.231626488502,0.225362649222,1.0,1.0,0.89453125,0.677083333333,0.84375,12.90625,142.389322917,1715.09375,0.6875,1.73472347598e-18,2.33333333333,0.00105505165029,Class 4
0.751519097222,3.65625,17.3944580242,3.15625,0.903429054054,1.0,9.43839746414,0.240265069469,0.268162387614,0.0854220920139,0.181389846806,0.179991574889,1.0,1.0,0.9140625,0.546875,0.864583333333,9.421875,92.541015625,993.900390625,0.59375,-0.0260416666667,1.5625,0.000921201814059,Class 4
0.652126736111,5.54166666667,26.0740740741,4.7265625,0.847545045045,1.0,13.1970946225,0.315436433406,0.36560809935,0.0732421875,0.248922338304,0.116942041312,1.0,1.0,0.864211309524,0.78125,0.802083333333,13.3645833333,134.21484375,1499.89583333,0.916666666667,1.12757025938e-17,2.13541666667,0.00139623750735,Class 4
0.863498263889,0.375,23.8730497319,2.53125,0.989864864865,1.0,9.185590964,0.126389794564,0.126389794564,0.106797960069,0.0251489153058,0.872089898157,1.0,1.0,0.991071428571,0.40625,0.927083333333,9.03125,103.35546875,1202.71875,0.0625,0.03125,2.25,9.44822373394e-05,Class 4
0.842013888889,2.14583333333,11.5861287526,2.3046875,0.949177927928,1.0,6.44068211957,0.163737246906,0.178647286116,0.0968695746528,0.104081749116,0.352318141667,1.0,1.0,0.954985119048,0.354166666667,0.916666666667,6.35416666667,63.0286458333,673.076822917,0.333333333333,0.03125,1.125,0.000540648358109,Class 4
1.0,0.0,-0.142857142857,0.015625,1.0,1.0,0.0,-0.0,-0.0,0.109375,-0.0,nan,1.0,1.0,1.0,0.0,1.0,0.0625,-0.015625,0.00390625,0.0,0.0,0.0,0.0,Class 4
0.958984375,0.375,3.40546109037,0.734375,0.989864864865,1.0,1.85868125493,0.0502502097232,0.0502502097232,0.106797960069,0.0251489153058,0.750627088018,1.0,1.0,0.991071428571,0.09375,0.979166666667,1.84375,18.86328125,209.9453125,0.0625,0.03125,0.375,9.44822373394e-05,Class 4
1.0,0.0,-0.142857142857,0.015625,1.0,1.0,0.0,-0.0,-0.0,0.109375,-0.0,nan,1.0,1.0,1.0,0.0,1.0,0.0625,-0.015625,0.00390625,0.0,0.0,0.0,0.0,Class 4
0.806423611111,4.02083333333,-0.161211732516,2.3046875,0.898502252252,1.0,3.83229241138,0.167754079975,0.197968310198,0.0856119791667,0.167754079975,0.0139785916922,1.0,1.0,0.910342261905,0.322916666667,0.895833333333,3.76041666667,22.2356770833,134.346354167,0.645833333333,0.0625,0.0,0.00101305954481,Class 4
0.979383680556,0.375,-0.144570443832,0.015625,0.989864864865,1.0,0.372488853528,0.0251489153058,0.0251489153058,0.106797960069,0.0251489153058,nan,1.0,1.0,0.991071428571,0.03125,0.989583333333,0.40625,1.96484375,11.390625,0.0625,-0.03125,0.0,9.44822373394e-05,Class 4
0.637586805556,6.42708333333,19.7683544201,4.3671875,0.827201576577,1.0,12.0485098013,0.314994354496,0.369088702689,0.0693630642361,0.272916375276,0.0660951688494,1.0,1.0,0.846168154762,0.776041666667,0.791666666667,12.2135416667,112.319661458,1160.56705729,1.05208333333,-0.0572916666667,1.625,0.00161932056773,Class 4
0.753472222222,4.77083333333,5.36634388851,2.4375,0.878231981982,1.0,6.46788960509,0.212630174096,0.249348012885,0.0814887152778,0.188088732826,0.121086239234,1.0,1.0,0.892485119048,0.458333333333,0.864583333333,6.41666666667,53.2760416667,529.459635417,0.770833333333,-0.0625,0.510416666667,0.00120202401948,Class 4
0.841796875,3.04166666667,4.30180559211,2.078125,0.923626126126,1.0,4.62408179164,0.159832911387,0.18101440884,0.0897623697917,0.159832911387,0.123424195407,1.0,1.0,0.931733630952,0.302083333333,0.916666666667,4.55208333333,39.1080729167,385.700520833,0.479166666667,0.03125,0.4375,0.000766355925086,Class 4
0.843098958333,3.57291666667,5.03834185588,1.984375,0.928541666667,1.0,5.45228776734,0.138207051484,0.159832911387,0.0924750434028,0.113402515628,0.0564689756173,1.0,1.0,0.936197916667,0.328125,0.916666666667,5.34895833333,49.490234375,523.714192708,0.510416666667,-0.0364583333333,0.510416666667,0.000900205761317,Class 4
0.377604166667,11.1979166667,105.102427137,10.4609375,0.688879504505,1.0,31.1298131147,0.530496932571,0.639084693623,0.040771484375,0.453529334674,0.0923492083839,1.0,1.0,0.71912202381,1.75520833333,0.59375,32.8802083333,356.160807292,4191.49934896,1.82291666667,-0.078125,5.84375,0.00282134458722,Class 4
0.454861111111,8.64583333333,66.2305888543,8.0546875,0.756475225225,1.0,23.5260050515,0.402705946023,0.481000797382,0.0599772135417,0.280592660344,0.114604560913,1.0,1.0,0.784226190476,1.41666666667,0.645833333333,24.2916666667,240.802083333,2599.44401042,1.45833333333,-0.03125,4.25,0.00217834047199,Class 4
0.786675347222,3.79166666667,8.53646382117,2.796875,0.903355855856,1.0,6.72651814534,0.210387066871,0.237840022567,0.0853135850694,0.185738544775,0.112107484537,1.0,1.0,0.913876488095,0.427083333333,0.885416666667,6.67708333333,59.9674479167,607.028645833,0.604166666667,0.03125,0.8125,0.000955320399765,Class 4
1.0,0.0,-0.142857142857,0.015625,1.0,1.0,0.0,-0.0,-0.0,0.109375,-0.0,nan,1.0,1.0,1.0,0.0,1.0,0.0625,-0.015625,0.00390625,0.0,0.0,0.0,0.0,Class 4
0.862196180556,2.625,-0.155330045234,1.453125,0.929054054054,1.0,2.53863292938,0.113402515628,0.135028375531,0.0924750434028,0.113402515628,0.00972006914348,1.0,1.0,0.9375,0.21875,0.927083333333,2.46875,13.84765625,79.7109375,0.4375,0.03125,0.0,0.000661375661376,Class 4
0.939019097222,0.375,7.12753518135,0.734375,0.989864864865,1.0,3.33662045677,0.0690319183849,0.0690319183849,0.106797960069,0.0251489153058,0.803573756047,1.0,1.0,0.991071428571,0.15625,0.96875,3.28125,35.76171875,408.5,0.0625,-0.03125,0.75,9.44822373394e-05,Class 4
0.771484375,3.75,7.94133176885,2.53125,0.898648648649,1.0,6.45622208897,0.188088732826,0.219446024041,0.0860460069444,0.145116370467,0.0648928039626,1.0,1.0,0.910714285714,0.4375,0.875,6.375,53.5859375,510.98046875,0.625,0.0,0.75,0.000944822373394,Class 4
0.754123263889,2.625,25.6576617763,3.25,0.929054054054,1.0,11.1648602256,0.212812113773,0.234437973675,0.0924750434028,0.113402515628,0.338954293264,1.0,1.0,0.9375,0.59375,0.864583333333,11.09375,115.23828125,1271.0390625,0.4375,-0.03125,2.25,0.000661375661376,Class 4
0.668836805556,3.16666666667,50.551048951,5.3125,0.903220720721,1.0,17.9114533687,0.306790864975,0.337055305844,0.0831705729167,0.197399787936,0.36687028356,1.0,1.0,0.912760416667,0.895833333333,0.8125,18.0833333333,200.111979167,2317.04817708,0.541666666667,-2.60208521397e-18,3.9375,0.000797850004199,Class 4
0.773654513889,4.5,-0.164948933817,2.53125,0.878378378378,1.0,4.28133071277,0.163629201979,0.200500437925,0.08203125,0.163629201979,0.0198139219064,1.0,1.0,0.892857142857,0.375,0.875,4.1875,23.75,136.64453125,0.75,0.0625,0.0,0.00113378684807,Class 4
0.899522569444,1.125,7.30051212601,1.453125,0.969594594595,1.0,4.04476148002,0.104081749116,0.112720330083,0.101806640625,0.060393337418,0.379099315295,1.0,1.0,0.973214285714,0.21875,0.947916666667,3.96875,39.72265625,431.2734375,0.1875,0.03125,0.75,0.000283446712018,Class 4
1.0,0.0,-0.142857142857,0.015625,1.0,1.0,0.0,-0.0,-0.0,0.109375,-0.0,nan,1.0,1.0,1.0,0.0,1.0,0.0625,-0.015625,0.00390625,0.0,0.0,0.0,0.0,Class 4
0.919053819444,1.13541666667,4.09563292833,1.2265625,0.964386261261,1.0,2.83755667691,0.0853978592901,0.0940364402571,0.0993109809028,0.0853978592901,0.431440842894,1.0,1.0,0.968005952381,0.161458333333,0.958333333333,2.78645833333,27.5162760417,309.440755208,0.197916666667,0.0364583333333,0.4375,0.000286071218611,Class 4
0.572916666667,4.4375,86.8778285558,7.6796875,0.867533783784,1.0,26.3269027706,0.404909841882,0.451693931173,0.0747341579861,0.251169471886,0.337757356975,1.0,1.0,0.880580357143,1.25,0.75,27.0,323.75,4076.54296875,0.75,-0.03125,5.9375,0.00111803980852,Class 4
0.8046875,2.90625,12.5482219224,2.796875,0.923699324324,1.0,7.35831824263,0.200335432922,0.221830081438,0.0898166232639,0.1571526376,0.213443373005,1.0,1.0,0.931919642857,0.421875,0.895833333333,7.296875,71.681640625,772.572265625,0.46875,0.0364583333333,1.1875,0.00073223733938,Class 4
0.842013888889,2.14583333333,11.5861287526,2.3046875,0.949177927928,1.0,6.44068211957,0.163737246906,0.178647286116,0.0968695746528,0.104081749116,0.352318141667,1.0,1.0,0.954985119048,0.354166666667,0.916666666667,6.35416666667,63.0286458333,673.076822917,0.333333333333,0.03125,1.125,0.000540648358109,Class 4
1.0,0.0,-0.142857142857,0.015625,1.0,1.0,0.0,-0.0,-0.0,0.109375,-0.0,nan,1.0,1.0,1.0,0.0,1.0,0.0625,-0.015625,0.00390625,0.0,0.0,0.0,0.0,Class 4
0.958984375,1.02083333333,-0.146304292609,0.5078125,0.979583333333,1.0,1.00994032807,0.0439787514802,0.0502502097232,0.104275173611,0.0439787514802,0.0018935563562,1.0,1.0,0.981770833333,0.0729166666667,0.979166666667,1.01041666667,6.39192708333,43.2526041667,0.145833333333,0.0,0.0,0.000257201646091,Class 4
0.641059027778,5.26041666667,28.7380745206,5.5390625,0.852899774775,1.0,13.6466600266,0.289745446222,0.331024195106,0.0760362413194,0.204843326491,0.183851671688,1.0,1.0,0.869791666667,0.817708333333,0.791666666667,13.7552083333,133.793619792,1427.46809896,0.885416666667,0.130208333333,2.3125,0.00132537582934,Class 4
0.919053819444,1.13541666667,4.09563292833,0.734375,0.964386261261,1.0,2.83755667691,0.0853978592901,0.0940364402571,0.0993109809028,0.0853978592901,0.431440842894,1.0,1.0,0.968005952381,0.161458333333,0.958333333333,2.78645833333,27.5162760417,309.440755208,0.197916666667,-0.0364583333333,0.4375,0.000286071218611,Class 4
0.789496527778,3.75,3.79381443299,2.171875,0.898648648649,1.0,5.0241727799,0.169764892563,0.201122183778,0.0860460069444,0.145116370467,0.0191725196666,1.0,1.0,0.910714285714,0.375,0.885416666667,4.9375,36.6875,312.42578125,0.625,0.0,0.375,0.000944822373394,Class 4
0.899522569444,2.01041666667,-0.151690108457,1.2265625,0.949251126126,1.0,1.95575426791,0.100177413597,0.112720330083,0.096923828125,0.100177413597,0.00660181957961,1.0,1.0,0.955171130952,0.161458333333,0.947916666667,1.91145833333,11.1100260417,67.1751302083,0.322916666667,0.0364583333333,0.0,0.000506529772403,Class 4
0.804904513889,2.53125,21.1925250572,2.703125,0.933834459459,1.0,10.0541224454,0.203015706709,0.219462958714,0.0920952690972,0.143666956498,0.402845273396,1.0,1.0,0.940848214286,0.484375,0.895833333333,9.984375,117.142578125,1481.09570312,0.40625,-0.0677083333333,1.96875,0.000637755102041,Class 4
0.636067708333,2.67708333333,85.0138240277,7.546875,0.928552927928,1.0,25.3756841448,0.359175849344,0.382724469521,0.0897081163194,0.163737246906,0.522163176559,1.0,1.0,0.935453869048,1.140625,0.791666666667,25.8072916667,312.404296875,3901.17252604,0.427083333333,0.0677083333333,6.05208333333,0.000674498194339,Class 4
0.438151041667,6.89583333333,145.312389505,10.6875,0.821272522523,1.0,35.393928758,0.520933057799,0.579349152906,0.0646430121528,0.318794429683,0.284974793145,1.0,1.0,0.838355654762,1.77083333333,0.645833333333,37.1041666667,425.955729167,5114.23307292,1.08333333333,-0.0416666666667,7.97916666667,0.00173742336441,Class 4
0.880425347222,2.04166666667,10.11369344,2.4765625,0.959166666667,1.0,6.00050267297,0.118811589225,0.128987382987,0.0993923611111,0.0752220655281,0.335542199518,1.0,1.0,0.963541666667,0.291666666667,0.9375,5.89583333333,66.9583333333,831.180989583,0.291666666667,0.0729166666667,1.02083333333,0.000514403292181,Class 4
0.958984375,1.02083333333,-0.146304292609,0.5078125,0.979583333333,1.0,1.00994032807,0.0439787514802,0.0502502097232,0.104275173611,0.0439787514802,0.0018935563562,1.0,1.0,0.981770833333,0.0729166666667,0.979166666667,1.01041666667,6.39192708333,43.2526041667,0.145833333333,0.0,0.0,0.000257201646091,Class 4
1.0,0.0,-0.142857142857,0.015625,1.0,1.0,0.0,-0.0,-0.0,0.109375,-0.0,nan,1.0,1.0,1.0,0.0,1.0,0.0625,-0.015625,0.00390625,0.0,0.0,0.0,0.0,Class 4
0.979383680556,0.375,-0.144570443832,0.375,0.989864864865,1.0,0.372488853528,0.0251489153058,0.0251489153058,0.106797960069,0.0251489153058,nan,1.0,1.0,0.991071428571,0.03125,0.989583333333,0.40625,1.96484375,11.390625,0.0625,0.03125,0.0,9.44822373394e-05,Class 4
0.823784722222,4.1875,-0.159304371635,1.8515625,0.908344594595,1.0,4.0121362775,0.161037417995,0.188490373691,0.087646484375,0.161037417995,0.0115838350386,1.0,1.0,0.918526785714,0.3125,0.90625,3.9375,25.1484375,163.91015625,0.625,-0.03125,0.0,0.00105505165029,Class 4
1.0,0.0,-0.142857142857,0.015625,1.0,1.0,0.0,-0.0,-0.0,0.109375,-0.0,nan,1.0,1.0,1.0,0.0,1.0,0.0625,-0.015625,0.00390625,0.0,0.0,0.0,0.0,Class 4
0.919053819444,1.90625,-0.149887785755,1.359375,0.959239864865,1.0,1.86550649852,0.0853978592901,0.0940364402571,0.0993109809028,0.0853978592901,0.00574153723621,1.0,1.0,0.963727678571,0.140625,0.958333333333,1.828125,11.576171875,76.263671875,0.28125,0.0677083333333,0.0,0.000480284706475,Class 4
1.0,0.0,-0.142857142857,0.015625,1.0,1.0,0.0,-0.0,-0.0,0.109375,-0.0,nan,1.0,1.0,1.0,0.0,1.0,0.0625,-0.015625,0.00390625,0.0,0.0,0.0,0.0,Class 4
0.979383680556,0.375,-0.144570443832,0.015625,0.989864864865,1.0,0.372488853528,0.0251489153058,0.0251489153058,0.106797960069,0.0251489153058,nan,1.0,1.0,0.991071428571,0.03125,0.989583333333,0.40625,1.96484375,11.390625,0.0625,-0.03125,0.0,9.44822373394e-05,Class 4
0.84375,3.0,-0.157205240175,1.453125,0.918918918919,1.0,2.89094672031,0.124571284653,0.149657117625,0.0902777777778,0.124571284653,0.0104625341786,1.0,1.0,0.928571428571,0.25,0.916666666667,2.8125,15.828125,91.09765625,0.5,0.0,0.0,0.000755857898715,Class 4
0.698567708333,4.33333333333,31.4889286447,4.9921875,0.877522522523,1.0,14.0832678694,0.297556791453,0.339919786359,0.0764973958333,0.248749115036,0.209970784846,1.0,1.0,0.889136904762,0.739583333333,0.833333333333,14.1979166667,155.022135417,1826.82291667,0.708333333333,0.0625,2.63541666667,0.00109179474259,Class 4
0.979383680556,0.510416666667,-0.144570443832,0.5078125,0.989791666667,1.0,0.507381584459,0.0251489153058,0.0251489153058,0.106797960069,0.0251489153058,nan,1.0,1.0,0.990885416667,0.0364583333333,0.989583333333,0.536458333333,3.18815104167,21.6282552083,0.0729166666667,0.0364583333333,0.0,0.000128600823045,Class 4
1.0,0.0,-0.142857142857,0.015625,1.0,1.0,0.0,-0.0,-0.0,0.109375,-0.0,nan,1.0,1.0,1.0,0.0,1.0,0.0625,-0.015625,0.00390625,0.0,0.0,0.0,0.0,Class 4
0.824435763889,2.25,11.711374301,2.53125,0.939189189189,1.0,6.534376923,0.161037417995,0.178314579929,0.0947265625,0.101534427291,0.269490017099,1.0,1.0,0.946428571429,0.375,0.90625,6.4375,62.5625,663.98828125,0.375,0.0625,1.125,0.000566893424036,Class 4
0.702039930556,3.02083333333,38.0431463657,4.4609375,0.908502252252,1.0,14.7820053607,0.266199500238,0.297556791453,0.0856119791667,0.167754079975,0.339532509399,1.0,1.0,0.918154761905,0.760416666667,0.833333333333,14.8229166667,160.399739583,1832.97916667,0.520833333333,0.0,3.125,0.000761106911901,Class 4
0.572699652778,7.98958333333,33.2976126096,6.203125,0.806492117117,1.0,16.6179159283,0.389169892743,0.45138078011,0.0649685329861,0.308101877054,0.075330810172,1.0,1.0,0.827194940476,1.00520833333,0.75,17.0885416667,167.598307292,1815.66080729,1.23958333333,-0.00520833333333,2.51041666667,0.00201299655665,Class 4
0.668402777778,4.53125,34.1513904843,5.4453125,0.888293918919,1.0,14.6780550624,0.306142377079,0.338723730026,0.0833604600694,0.183764021104,0.296268940664,1.0,1.0,0.901227678571,0.807291666667,0.8125,14.828125,153.909505208,1719.63867188,0.71875,0.0989583333333,2.76041666667,0.00114166036785,Class 4
0.505642361111,2.79166666667,166.317027964,11.234375,0.913355855856,1.0,37.3648407643,0.442017788248,0.462886134638,0.0853135850694,0.185738544775,0.574333982465,1.0,1.0,0.921688988095,1.71875,0.6875,38.5520833333,458.53515625,5582.01302083,0.479166666667,0.15625,9.35416666667,0.00070336776686,Class 4
0.919270833333,1.5,-0.149843912591,0.734375,0.959459459459,1.0,1.46804732638,0.0752220655281,0.0877649820141,0.0993923611111,0.0752220655281,0.00437759008239,1.0,1.0,0.964285714286,0.125,0.958333333333,1.4375,7.90625,45.55078125,0.25,0.0,0.0,0.000377928949358,Class 4
0.939019097222,1.125,-0.148063525668,0.375,0.969594594595,1.0,1.10599985367,0.060393337418,0.0690319183849,0.101806640625,0.060393337418,0.00380725768494,1.0,1.0,0.973214285714,0.09375,0.96875,1.09375,5.92578125,34.1640625,0.1875,-0.03125,0.0,0.000283446712018,Class 4
1.0,0.0,-0.142857142857,0.015625,1.0,1.0,0.0,-0.0,-0.0,0.109375,-0.0,nan,1.0,1.0,1.0,0.0,1.0,0.0625,-0.015625,0.00390625,0.0,0.0,0.0,0.0,Class 4
1.0,0.0,-0.142857142857,0.015625,1.0,1.0,0.0,-0.0,-0.0,0.109375,-0.0,nan,1.0,1.0,1.0,0.0,1.0,0.0625,-0.015625,0.00390625,0.0,0.0,0.0,0.0,Class 4
0.806423611111,4.02083333333,-0.161211732516,2.3046875,0.898502252252,1.0,3.83229241138,0.167754079975,0.197968310198,0.0856119791667,0.167754079975,0.0139785916922,1.0,1.0,0.910342261905,0.322916666667,0.895833333333,3.76041666667,22.2356770833,134.346354167,0.645833333333,0.0625,0.0,0.00101305954481,Class 4
0.637586805556,6.42708333333,19.7683544201,4.3671875,0.827201576577,1.0,12.0485098013,0.314994354496,0.369088702689,0.0693630642361,0.272916375276,0.0660951688494,1.0,1.0,0.846168154762,0.776041666667,0.791666666667,12.2135416667,112.319661458,1160.56705729,1.05208333333,-0.0572916666667,1.625,0.00161932056773,Class 4
0.454861111111,8.64583333333,66.2305888543,8.0546875,0.756475225225,1.0,23.5260050515,0.402705946023,0.481000797382,0.0599772135417,0.280592660344,0.114604560913,1.0,1.0,0.784226190476,1.41666666667,0.645833333333,24.2916666667,240.802083333,2599.44401042,1.45833333333,-0.03125,4.25,0.00217834047199,Class 4
0.786675347222,3.79166666667,8.53646382117,2.796875,0.903355855856,1.0,6.72651814534,0.210387066871,0.237840022567,0.0853135850694,0.185738544775,0.112107484537,1.0,1.0,0.913876488095,0.427083333333,0.885416666667,6.67708333333,59.9674479167,607.028645833,0.604166666667,0.03125,0.8125,0.000955320399765,Class 4
0.736328125,2.01041666667,44.0540449794,4.7265625,0.949251126126,1.0,15.9001340857,0.254576210829,0.267119127315,0.096923828125,0.100177413597,0.590557805687,1.0,1.0,0.955171130952,0.744791666667,0.854166666667,15.9114583333,183.557942708,2201.73763021,0.322916666667,0.0364583333333,3.64583333333,0.000506529772403,Class 4
0.939019097222,0.375,7.12753518135,0.734375,0.989864864865,1.0,3.33662045677,0.0690319183849,0.0690319183849,0.106797960069,0.0251489153058,0.803573756047,1.0,1.0,0.991071428571,0.15625,0.96875,3.28125,35.76171875,408.5,0.0625,-0.03125,0.75,9.44822373394e-05,Class 4
0.754123263889,2.625,25.6576617763,3.25,0.929054054054,1.0,11.1648602256,0.212812113773,0.234437973675,0.0924750434028,0.113402515628,0.338954293264,1.0,1.0,0.9375,0.59375,0.864583333333,11.09375,115.23828125,1271.0390625,0.4375,-0.03125,2.25,0.000661375661376,Class 4
1.0,0.0,-0.142857142857,0.015625,1.0,1.0,0.0,-0.0,-0.0,0.109375,-0.0,nan,1.0,1.0,1.0,0.0,1.0,0.0625,-0.015625,0.00390625,0.0,0.0,0.0,0.0,Class 4
0.919053819444,1.13541666667,4.09563292833,1.2265625,0.964386261261,1.0,2.83755667691,0.0853978592901,0.0940364402571,0.0993109809028,0.0853978592901,0.431440842894,1.0,1.0,0.968005952381,0.161458333333,0.958333333333,2.78645833333,27.5162760417,309.440755208,0.197916666667,0.0364583333333,0.4375,0.000286071218611,Class 4
0.481336805556,5.64583333333,105.916488988,9.1328125,0.837556306306,1.0,29.3158337648,0.404351273686,0.457507760156,0.0721299913194,0.230646555028,0.279728276528,1.0,1.0,0.855654761905,1.54166666667,0.666666666667,30.1666666667,326.348958333,3699.67838542,0.958333333333,0.03125,6.5,0.00142248257328,Class 4
0.789496527778,3.75,3.79381443299,2.171875,0.898648648649,1.0,5.0241727799,0.169764892563,0.201122183778,0.0860460069444,0.145116370467,0.0191725196666,1.0,1.0,0.910714285714,0.375,0.885416666667,4.9375,36.6875,312.42578125,0.625,0.0,0.375,0.000944822373394,Class 4
0.704644097222,3.03125,38.8759067667,3.0234375,0.903293918919,1.0,15.0278030417,0.269790684694,0.278429265661,0.0833604600694,0.183764021104,0.598562557901,1.0,1.0,0.912946428571,0.765625,0.833333333333,15.078125,165.091796875,1909.70117188,0.53125,-0.255208333333,3.1875,0.000763731418493,Class 4
0.273654513889,7.20833333333,373.878707555,18.0625,0.765765765766,1.0,60.6043626661,0.579197869946,0.66374345118,0.0547146267361,0.332254299968,0.264930975512,1.0,1.0,0.78869047619,3.03125,0.40625,64.3229166667,737.65234375,8722.77604167,1.27083333333,0.03125,15.0208333333,0.00181615856219,Class 4
0.806423611111,2.25,16.0515624355,2.890625,0.939189189189,1.0,7.97358746527,0.175562751013,0.192839912947,0.0947265625,0.101534427291,0.327630734564,1.0,1.0,0.946428571429,0.4375,0.895833333333,7.875,79.4609375,862.54296875,0.375,0.0625,1.5,0.000566893424036,Class 4
0.824435763889,2.25,11.711374301,2.53125,0.939189189189,1.0,6.534376923,0.161037417995,0.178314579929,0.0947265625,0.101534427291,0.269490017099,1.0,1.0,0.946428571429,0.375,0.90625,6.4375,62.5625,663.98828125,0.375,0.0625,1.125,0.000566893424036,Class 4
0.959201388889,0.75,-0.146308828262,0.015625,0.97972972973,1.0,0.740939442712,0.0439787514802,0.0439787514802,0.104275173611,0.0439787514802,nan,1.0,1.0,0.982142857143,0.0625,0.979166666667,0.75,3.9453125,22.77734375,0.125,-0.0625,0.0,0.000188964474679,Class 4
0.149088541667,15.71875,492.307376537,21.4921875,0.556841216216,1.0,64.2664071007,0.73399119445,0.886201683584,0.0279676649306,0.518059319109,0.0693637724762,1.0,1.0,0.6015625,3.47395833333,0.260416666667,70.515625,808.727213542,9842.95898438,2.59375,-0.00520833333333,14.5520833333,0.00396038044848,Class 4
0.293836805556,4.57291666667,486.260619272,20.28125,0.841920045045,1.0,64.9883067095,0.606875333554,0.6313348644,0.0674099392361,0.27262907605,0.562141859449,1.0,1.0,0.856398809524,2.984375,0.46875,68.9427083333,847.986328125,10676.5384115,0.822916666667,0.286458333333,16.8229166667,0.00115215839422,Class 4
0.919270833333,1.5,-0.149843912591,0.734375,0.959459459459,1.0,1.46804732638,0.0752220655281,0.0877649820141,0.0993923611111,0.0752220655281,0.00437759008239,1.0,1.0,0.964285714286,0.125,0.958333333333,1.4375,7.90625,45.55078125,0.25,0.0,0.0,0.000377928949358,Class 4
0.704210069444,3.375,31.4323939152,3.96875,0.908783783784,1.0,13.2299800294,0.245280943202,0.273250657764,0.088134765625,0.135121675094,0.290959327924,1.0,1.0,0.919642857143,0.71875,0.833333333333,13.21875,136.09765625,1492.3671875,0.5625,-0.03125,2.625,0.000850340136054,Class 4
0.939019097222,0.375,7.12753518135,1.09375,0.989864864865,1.0,3.33662045677,0.0690319183849,0.0690319183849,0.106797960069,0.0251489153058,0.803573756047,1.0,1.0,0.991071428571,0.15625,0.96875,3.28125,35.76171875,408.5,0.0625,0.03125,0.75,9.44822373394e-05,Class 4
1.0,0.0,-0.142857142857,0.015625,1.0,1.0,0.0,-0.0,-0.0,0.109375,-0.0,nan,1.0,1.0,1.0,0.0,1.0,0.0625,-0.015625,0.00390625,0.0,0.0,0.0,0.0,Class 4
0.958984375,0.75,-0.146304292609,0.375,0.97972972973,1.0,0.740939442712,0.0439787514802,0.0502502097232,0.104275173611,0.0439787514802,0.0018935563562,1.0,1.0,0.982142857143,0.0625,0.979166666667,0.75,3.9453125,22.77734375,0.125,0.0,0.0,0.000188964474679,Class 4
0.938802083333,0.895833333333,4.04697021538,1.359375,0.974448198198,1.0,2.61071460286,0.0753033766279,0.0753033766279,0.101725260417,0.0753033766279,0.750627088018,1.0,1.0,0.976748511905,0.135416666667,0.96875,2.57291666667,26.7591145833,308.291666667,0.145833333333,0.0729166666667,0.4375,0.000225707566977,Class 4
0.185546875,14.4479166667,359.839854541,18.5,0.541447072072,1.0,56.4735469034,0.648129286603,0.812987354132,0.0287272135417,0.492618001206,0.105844770218,1.0,1.0,0.585751488095,3.109375,0.3125,61.0677083333,682.783203125,8132.80403646,2.51041666667,-0.046875,12.4166666667,0.00364019064416,Class 4
0.738932291667,4.875,3.93319211654,2.890625,0.868243243243,1.0,6.04486544311,0.196708738504,0.237299048895,0.0801052517361,0.172221803381,0.00595005659145,1.0,1.0,0.883928571429,0.46875,0.854166666667,5.96875,42.62890625,346.5859375,0.8125,0.03125,0.375,0.00122826908541,Class 4
0.939019097222,1.125,-0.148063525668,0.734375,0.969594594595,1.0,1.10599985367,0.060393337418,0.0690319183849,0.101806640625,0.060393337418,0.00380725768494,1.0,1.0,0.973214285714,0.09375,0.96875,1.09375,5.92578125,34.1640625,0.1875,0.03125,0.0,0.000283446712018,Class 4
0.626085069444,6.01041666667,24.0407692022,4.8203125,0.832629504505,1.0,12.8916530793,0.291607124267,0.341778790211,0.072509765625,0.219995608722,0.108079558192,1.0,1.0,0.85193452381,0.817708333333,0.78125,13.0052083333,120.856119792,1251.68684896,1.01041666667,0.00520833333333,1.9375,0.00151434030402,Class 4
0.939019097222,1.125,-0.148063525668,0.734375,0.969594594595,1.0,1.10599985367,0.060393337418,0.0690319183849,0.101806640625,0.060393337418,0.00380725768494,1.0,1.0,0.973214285714,0.09375,0.96875,1.09375,5.92578125,34.1640625,0.1875,0.03125,0.0,0.000283446712018,Class 4
0.687934027778,1.54166666667,67.4813353327,5.3125,0.938626126126,1.0,21.0432962212,0.281050371295,0.303769081543,0.08984375,0.149657117625,0.608397594478,1.0,1.0,0.943452380952,0.958333333333,0.822916666667,21.1458333333,246.354166667,2933.64973958,0.291666666667,-0.0625,5.125,0.000388426975729,Class 4
1.0,0.0,-0.142857142857,0.015625,1.0,1.0,0.0,-0.0,-0.0,0.109375,-0.0,nan,1.0,1.0,1.0,0.0,1.0,0.0625,-0.015625,0.00390625,0.0,0.0,0.0,0.0,Class 4
1.0,0.0,-0.142857142857,0.015625,1.0,1.0,0.0,-0.0,-0.0,0.109375,-0.0,nan,1.0,1.0,1.0,0.0,1.0,0.0625,-0.015625,0.00390625,0.0,0.0,0.0,0.0,Class 4
0.556423611111,6.75,40.9090086593,6.484375,0.817567567568,1.0,17.4698184563,0.326266151906,0.382205581031,0.0712890625,0.209580773647,0.117803973486,1.0,1.0,0.839285714286,1.0625,0.729166666667,17.75,170.8203125,1793.40234375,1.125,0.0625,3.0,0.00170068027211,Class 4
0.842447916667,2.89583333333,3.66311719754,2.3046875,0.928907657658,1.0,4.23718554097,0.1571526376,0.174742950597,0.0922037760417,0.132348101744,0.116658506545,1.0,1.0,0.93712797619,0.291666666667,0.916666666667,4.16666666667,33.1927083333,298.740885417,0.458333333333,0.09375,0.375,0.000729612832787,Class 4
0.737196180556,3.0,25.9664789005,3.25,0.918918918919,1.0,11.4908670586,0.223663282064,0.247606054044,0.0902777777778,0.124571284653,0.311725969033,1.0,1.0,0.928571428571,0.625,0.854166666667,11.4375,117.21875,1282.42578125,0.5,-0.0625,2.25,0.000755857898715,Class 4
0.804904513889,2.52083333333,17.5677152561,3.15625,0.939042792793,1.0,8.73151991487,0.203015706709,0.219462958714,0.0945095486111,0.118811589225,0.372619396615,1.0,1.0,0.946056547619,0.458333333333,0.895833333333,8.66666666667,92.0885416667,1056.80338542,0.395833333333,0.0625,1.63541666667,0.000635130595448,Class 4
0.804904513889,2.52083333333,17.5677152561,3.15625,0.939042792793,1.0,8.73151991487,0.203015706709,0.219462958714,0.0945095486111,0.118811589225,0.372619396615,1.0,1.0,0.946056547619,0.458333333333,0.895833333333,8.66666666667,92.0885416667,1056.80338542,0.395833333333,0.0625,1.63541666667,0.000635130595448,Class 4
0.570963541667,5.25,57.636921821,6.84375,0.858108108108,1.0,20.3868079365,0.326641495589,0.369893215393,0.0782335069444,0.180411562259,0.241426143688,1.0,1.0,0.875,1.125,0.739583333333,20.6875,213.59375,2343.51953125,0.875,0.0625,4.125,0.00132275132275,Class 4
0.979383680556,0.375,-0.144570443832,0.375,0.989864864865,1.0,0.372488853528,0.0251489153058,0.0251489153058,0.106797960069,0.0251489153058,nan,1.0,1.0,0.991071428571,0.03125,0.989583333333,0.40625,1.96484375,11.390625,0.0625,0.03125,0.0,9.44822373394e-05,Class 4
0.741102430556,5.25,-0.168961656103,3.25,0.858108108108,1.0,4.96682809784,0.180411562259,0.221690311143,0.0782335069444,0.180411562259,0.0257704246369,1.0,1.0,0.875,0.4375,0.854166666667,4.875,27.7109375,159.41796875,0.875,0.125,0.0,0.00132275132275,Class 4
0.806423611111,3.52083333333,4.40599262423,2.3046875,0.903502252252,1.0,5.05458204214,0.174025538218,0.197968310198,0.0855848524306,0.174025538218,0.159450075016,1.0,1.0,0.914248511905,0.354166666667,0.895833333333,4.97916666667,40.6223958333,387.998697917,0.583333333333,0.03125,0.4375,0.000887083228353,Class 4
0.606336805556,6.6875,29.6941945643,4.7265625,0.832263513514,1.0,14.7933872604,0.349269495121,0.393651392442,0.0710177951389,0.264951339598,0.160239565466,1.0,1.0,0.851004464286,0.90625,0.770833333333,15.09375,143.87109375,1501.4296875,1.0625,-0.125,2.3125,0.00168493323255,Class 4
0.789496527778,3.75,3.79381443299,2.171875,0.898648648649,1.0,5.0241727799,0.169764892563,0.201122183778,0.0860460069444,0.145116370467,0.0191725196666,1.0,1.0,0.910714285714,0.375,0.885416666667,4.9375,36.6875,312.42578125,0.625,0.0,0.375,0.000944822373394,Class 4
0.718967013889,5.15625,8.96078140642,3.3828125,0.862888513514,1.0,7.92798110197,0.246389294943,0.286947857486,0.0772840711806,0.221957530711,0.0503676612189,1.0,1.0,0.878348214286,0.546875,0.84375,7.921875,66.666015625,642.337890625,0.84375,0.0260416666667,0.8125,0.00129913076342,Class 4
0.737630208333,2.625,30.6903444394,3.96875,0.929054054054,1.0,12.586497374,0.22431176996,0.245937629862,0.0924750434028,0.113402515628,0.370627066316,1.0,1.0,0.9375,0.65625,0.854166666667,12.53125,132.13671875,1469.59375,0.4375,0.03125,2.625,0.000661375661376,Class 4
0.979383680556,0.375,-0.144570443832,0.015625,0.989864864865,1.0,0.372488853528,0.0251489153058,0.0251489153058,0.106797960069,0.0251489153058,nan,1.0,1.0,0.991071428571,0.03125,0.989583333333,0.40625,1.96484375,11.390625,0.0625,-0.03125,0.0,9.44822373394e-05,Class 4
0.771050347222,3.0,16.4421169304,3.25,0.918918918919,1.0,8.64290965822,0.198183525847,0.222126297828,0.0902777777778,0.124571284653,0.232780487702,1.0,1.0,0.928571428571,0.5,0.875,8.5625,83.421875,885.31640625,0.5,0.0625,1.5,0.000755857898715,Class 4
0.702039930556,3.02083333333,38.0431463657,4.4609375,0.908502252252,1.0,14.7820053607,0.266199500238,0.297556791453,0.0856119791667,0.167754079975,0.339532509399,1.0,1.0,0.918154761905,0.760416666667,0.833333333333,14.8229166667,160.399739583,1832.97916667,0.520833333333,0.0,3.125,0.000761106911901,Class 4
1.0,0.0,-0.142857142857,0.015625,1.0,1.0,0.0,-0.0,-0.0,0.109375,-0.0,nan,1.0,1.0,1.0,0.0,1.0,0.0625,-0.015625,0.00390625,0.0,0.0,0.0,0.0,Class 4
0.771050347222,3.375,12.1415930554,2.890625,0.908783783784,1.0,7.5486531852,0.194156583265,0.222126297828,0.088134765625,0.135121675094,0.139745598811,1.0,1.0,0.919642857143,0.46875,0.875,7.46875,68.50390625,698.1484375,0.5625,0.03125,1.125,0.000850340136054,Class 4
0.979383680556,0.375,-0.144570443832,0.375,0.989864864865,1.0,0.372488853528,0.0251489153058,0.0251489153058,0.106797960069,0.0251489153058,nan,1.0,1.0,0.991071428571,0.03125,0.989583333333,0.40625,1.96484375,11.390625,0.0625,0.03125,0.0,9.44822373394e-05,Class 4
0.8046875,2.90625,12.5482219224,2.796875,0.923699324324,1.0,7.35831824263,0.200335432922,0.221830081438,0.0898166232639,0.1571526376,0.213443373005,1.0,1.0,0.931919642857,0.421875,0.895833333333,7.296875,71.681640625,772.572265625,0.46875,0.0364583333333,1.1875,0.00073223733938,Class 4
1.0,0.0,-0.142857142857,0.015625,1.0,1.0,0.0,-0.0,-0.0,0.109375,-0.0,nan,1.0,1.0,1.0,0.0,1.0,0.0625,-0.015625,0.00390625,0.0,0.0,0.0,0.0,Class 4
0.735243055556,3.52083333333,22.1278125307,3.3828125,0.903502252252,1.0,10.7345182942,0.24721190224,0.271154674221,0.0855848524306,0.174025538218,0.254429525122,1.0,1.0,0.914248511905,0.604166666667,0.854166666667,10.7291666667,108.216145833,1182.21744792,0.583333333333,-0.03125,1.9375,0.000887083228353,Class 4
0.806206597222,4.02083333333,-0.16120906801,1.9453125,0.898502252252,1.0,3.83229241138,0.167754079975,0.19911137119,0.0856119791667,0.167754079975,0.0124125385009,1.0,1.0,0.910342261905,0.322916666667,0.895833333333,3.76041666667,22.2356770833,134.346354167,0.645833333333,1.38777878078e-17,0.0,0.00101305954481,Class 4
0.958984375,0.75,-0.146304292609,0.375,0.97972972973,1.0,0.740939442712,0.0439787514802,0.0502502097232,0.104275173611,0.0439787514802,0.0018935563562,1.0,1.0,0.982142857143,0.0625,0.979166666667,0.75,3.9453125,22.77734375,0.125,0.0,0.0,0.000188964474679,Class 4
0.939019097222,1.125,-0.148063525668,0.734375,0.969594594595,1.0,1.10599985367,0.060393337418,0.0690319183849,0.101806640625,0.060393337418,0.00380725768494,1.0,1.0,0.973214285714,0.09375,0.96875,1.09375,5.92578125,34.1640625,0.1875,0.03125,0.0,0.000283446712018,Class 4
0.938802083333,0.75,3.44640998959,0.734375,0.97972972973,1.0,2.22024944656,0.0690319183849,0.0753033766279,0.104275173611,0.0439787514802,0.287732732434,1.0,1.0,0.982142857143,0.125,0.96875,2.1875,20.84375,221.33203125,0.125,0.0,0.375,0.000188964474679,Class 4
0.409939236111,6.6875,172.147574975,12.125,0.832263513514,1.0,38.4749227368,0.525735940275,0.573577810666,0.0710177951389,0.264951339598,0.369164797389,1.0,1.0,0.851004464286,1.91666666667,0.614583333333,40.375,468.614583333,5696.24609375,1.0625,0.0625,8.88541666667,0.00168493323255,Class 4
0.842013888889,2.14583333333,11.5861287526,2.3046875,0.949177927928,1.0,6.44068211957,0.163737246906,0.178647286116,0.0968695746528,0.104081749116,0.352318141667,1.0,1.0,0.954985119048,0.354166666667,0.916666666667,6.35416666667,63.0286458333,673.076822917,0.333333333333,0.03125,1.125,0.000540648358109,Class 4
0.842664930556,2.25,7.56835336874,1.8125,0.939189189189,1.0,5.08984904866,0.144922872177,0.163737246906,0.0947265625,0.101534427291,0.157327228371,1.0,1.0,0.946428571429,0.3125,0.916666666667,5.0,45.6640625,465.43359375,0.375,0.0,0.75,0.000566893424036,Class 4
0.373914930556,6.6875,217.283089404,13.5078125,0.806722972973,1.0,43.775731053,0.55278958942,0.616121869652,0.0639919704861,0.302258070572,0.349843029408,1.0,1.0,0.827008928571,2.11458333333,0.583333333333,46.09375,555.522135417,6999.3359375,1.125,0.0416666666667,10.3645833333,0.00168493323255,Class 4
0.750217013889,3.69791666667,25.7387009239,4.046875,0.908136261261,1.0,12.205813747,0.259210655584,0.289343885067,0.085205078125,0.191696851955,0.216005218024,1.0,1.0,0.917224702381,0.619791666667,0.864583333333,12.2239583333,136.182942708,1636.07356771,0.572916666667,0.00520833333333,2.27083333333,0.00093169984043,Class 4
0.717230902778,5.58333333333,17.2710973725,4.1796875,0.877792792793,1.0,11.1217141861,0.256733627263,0.294362376721,0.0811631944444,0.198183525847,0.121355661909,1.0,1.0,0.891369047619,0.635416666667,0.84375,11.1354166667,114.774739583,1335.56510417,0.833333333333,0.0,1.53125,0.00140673553372,Class 4
0.899305555556,1.13541666667,7.92507740805,1.09375,0.964386261261,1.0,4.29873641545,0.110353207359,0.118991788326,0.0993109809028,0.0853978592901,0.443747763053,1.0,1.0,0.968005952381,0.223958333333,0.947916666667,4.22395833333,44.4147135417,507.995442708,0.197916666667,-0.0364583333333,0.8125,0.000286071218611,Class 4
0.572916666667,4.4375,86.8778285558,7.6796875,0.867533783784,1.0,26.3269027706,0.404909841882,0.451693931173,0.0747341579861,0.251169471886,0.337757356975,1.0,1.0,0.880580357143,1.25,0.75,27.0,323.75,4076.54296875,0.75,-0.03125,5.9375,0.00111803980852,Class 4
0.861545138889,2.25,3.61572052402,1.453125,0.939189189189,1.0,3.63958458561,0.126389794564,0.145204169293,0.0947265625,0.101534427291,0.069659902674,1.0,1.0,0.946428571429,0.25,0.927083333333,3.5625,28.765625,266.87890625,0.375,0.0,0.375,0.000566893424036,Class 4
0.939019097222,1.53125,-0.148063525668,1.0,0.969375,1.0,1.50847527008,0.060393337418,0.0690319183849,0.101806640625,0.060393337418,0.00380725768494,1.0,1.0,0.97265625,0.109375,0.96875,1.484375,9.595703125,64.876953125,0.21875,0.0364583333333,0.0,0.000385802469136,Class 4
0.958984375,1.02083333333,-0.146304292609,0.5078125,0.979583333333,1.0,1.00994032807,0.0439787514802,0.0502502097232,0.104275173611,0.0439787514802,0.0018935563562,1.0,1.0,0.981770833333,0.0729166666667,0.979166666667,1.01041666667,6.39192708333,43.2526041667,0.145833333333,0.0,0.0,0.000257201646091,Class 4
0.899522569444,2.01041666667,-0.151690108457,1.2265625,0.949251126126,1.0,1.95575426791,0.100177413597,0.112720330083,0.096923828125,0.100177413597,0.00660181957961,1.0,1.0,0.955171130952,0.161458333333,0.947916666667,1.91145833333,11.1100260417,67.1751302083,0.322916666667,0.0364583333333,0.0,0.000506529772403,Class 4
0.860677083333,1.9375,13.3878465416,2.2109375,0.943614864865,1.0,7.008928518,0.145204169293,0.162481331227,0.0920681423611,0.145204169293,0.438906603634,1.0,1.0,0.948102678571,0.34375,0.927083333333,6.90625,76.34765625,902.09375,0.3125,-9.54097911787e-18,1.3125,0.000488158226253,Class 4
0.607421875,3.79166666667,65.6367055284,6.390625,0.877815315315,1.0,21.4452861455,0.336895117192,0.380795324893,0.0771484375,0.21830273449,0.349009267244,1.0,1.0,0.889880952381,1.08333333333,0.770833333333,21.7708333333,241.338541667,2803.41536458,0.666666666667,0.0,4.75,0.000955320399765,Class 4
1.0,0.0,-0.142857142857,0.015625,1.0,1.0,0.0,-0.0,-0.0,0.109375,-0.0,nan,1.0,1.0,1.0,0.0,1.0,0.0625,-0.015625,0.00390625,0.0,0.0,0.0,0.0,Class 4
0.939019097222,0.760416666667,4.04697021538,1.2265625,0.974521396396,1.0,2.47922794826,0.0690319183849,0.0690319183849,0.101752387153,0.0690319183849,1.0,1.0,1.0,0.97693452381,0.130208333333,0.96875,2.44270833333,25.5358072917,298.054036458,0.135416666667,0.0677083333333,0.4375,0.000191588981272,Class 4
1.0,0.0,-0.142857142857,0.015625,1.0,1.0,0.0,-0.0,-0.0,0.109375,-0.0,nan,1.0,1.0,1.0,0.0,1.0,0.0625,-0.015625,0.00390625,0.0,0.0,0.0,0.0,Class 4
0.881076388889,0.75,15.2978796055,2.171875,0.97972972973,1.0,6.6156017072,0.118811589225,0.118811589225,0.104275173611,0.0439787514802,0.77031790057,1.0,1.0,0.982142857143,0.3125,0.9375,6.5,71.5390625,816.99609375,0.125,0.0625,1.5,0.000188964474679,Class 4
