0.733189889106,596.529983277,2168901.65606,6578.04099859,0.905156631178,1.0,25678.8373841,0.478224621431,0.59537171882,0.00302251507816,0.293878058704,0.538745844804,1.0,1.0,0.91377730893,29.9248083355,0.856237511945,25734.9167167,11270536.4365,4991143776.6,3.29811593259,-0.0215484102163,6284.83045565,1.38894698663e-07,Class 1
0.491642908738,603.183919729,7076141.43738,14107.5391652,0.825545649888,1.0,55626.068822,0.877111054479,1.09101783057,0.00232684367656,0.446046420105,0.567897953644,1.0,1.0,0.84259529174,63.9922791243,0.7009751542,55847.8131422,24661458.8918,10980943226.4,3.59193597429,-0.0243071844323,13811.65723,1.4044398625e-07,Class 1
0.855825872047,349.055441534,861245.700494,3065.78149258,0.95599256466,1.0,11909.0076172,0.254360895664,0.303053260498,0.00345278963409,0.153267922412,0.597680556581,1.0,1.0,0.959533357631,14.6941941404,0.925087959343,11923.4342988,4930043.1168,2061285645.7,1.87882351664,-0.0110334679871,2893.70949744,8.12732833681e-08,Class 1
0.827312558425,226.385517114,1196916.24758,3984.9798898,0.955492498303,1.0,15703.7986364,0.308636374421,0.358171050312,0.00340954647103,0.150616287618,0.681166328833,1.0,1.0,0.958981905541,18.6510321649,0.909541959864,15726.146144,6717234.39975,2894048597.2,1.2570638954,-0.0147874858831,3875.08585266,5.27110942662e-08,Class 1
0.733189889106,596.529983277,2168901.65606,6578.04099859,0.905156631178,1.0,25678.8373841,0.478224621431,0.59537171882,0.00302251507816,0.293878058704,0.538745844804,1.0,1.0,0.91377730893,29.9248083355,0.856237511945,25734.9167167,11270536.4365,4991143776.6,3.29811593259,-0.0215484102163,6284.83045565,1.38894698663e-07,Class 1
0.855825872047,349.055441534,861245.700494,3065.78149258,0.95599256466,1.0,11909.0076172,0.254360895664,0.303053260498,0.00345278963409,0.153267922412,0.597680556581,1.0,1.0,0.959533357631,14.6941941404,0.925087959343,11923.4342988,4930043.1168,2061285645.7,1.87882351664,-0.0110334679871,2893.70949744,8.12732833681e-08,Class 1
0.509073446832,505.908080314,6939127.14254,14221.8904165,0.84246548795,1.0,56162.8761377,0.849737549416,1.04797232896,0.00245263253929,0.413495124416,0.590276909176,1.0,1.0,0.857876937019,62.9944949396,0.713235166363,56374.3007179,25511064.1121,11636502459.5,3.05693792894,0.00879973503605,13967.5902886,1.17794498745e-07,Class 1
0.604085678534,571.897691339,4288868.42926,10532.5427137,0.86401269318,1.0,41447.4324345,0.690322659212,0.855606671426,0.00265142385512,0.373950842791,0.570915167286,1.0,1.0,0.877419905925,47.5622317783,0.777132742594,41576.8027757,18432943.0524,8251055185.38,3.31759404048,-0.0212231778299,10251.5978358,1.33159371249e-07,Class 1
0.491642908738,603.183919729,7076141.43738,14107.5391652,0.825545649888,1.0,55626.068822,0.877111054479,1.09101783057,0.00232684367656,0.446046420105,0.567897953644,1.0,1.0,0.84259529174,63.9922791243,0.7009751542,55847.8131422,24661458.8918,10980943226.4,3.59193597429,-0.0243071844323,13811.65723,1.4044398625e-07,Class 1
0.682109770086,393.19223243,3144844.53506,8621.63279198,0.877793289603,1.0,34034.2074976,0.557388720057,0.718274207662,0.00282808826329,0.348224884528,0.525143592049,1.0,1.0,0.890854009625,38.1868641951,0.825868734254,34117.8432464,15397204.8557,6992047086.22,2.46027386847,-0.0262775823126,8431.4610731,9.15499944191e-08,Class 1
0.426444301871,1627.06671119,8347976.32169,15529.5345823,0.775946413457,1.0,60264.622248,0.984715936064,1.2274211805,0.00202303426058,0.534465211504,0.520818947166,1.0,1.0,0.796852229774,71.0952615976,0.652708279037,60541.4654649,26342129.7455,11607718856.5,8.81980171141,-0.0563086395622,14729.1551049,3.78842550903e-07,Class 1
0.321364231097,1360.20093389,13957625.8489,19253.9093648,0.763839414581,1.0,75283.9497158,1.153803305,1.41190718881,0.00185757729185,0.533135401634,0.561752605154,1.0,1.0,0.784181264901,89.4207106246,0.566181261402,75692.5197634,32510583.2035,14088550234.7,7.46340239771,-0.0416927286943,18583.7782914,3.16706123966e-07,Class 1
0.7410775064,392.755616367,2024971.09499,6094.52815434,0.923543417699,1.0,23949.4135395,0.447188177617,0.536021598296,0.00313097860213,0.233601043964,0.620445051035,1.0,1.0,0.930458992961,28.5615997741,0.86080814004,23999.4107123,10220078.0188,4389623625.29,2.1939666406,-0.0157870732343,5901.88689623,9.14483337178e-08,Class 1
0.67647742294,780.686016636,2632589.3809,7481.52722758,0.895214559319,1.0,29063.9382402,0.543454007806,0.659668633378,0.00289896840921,0.306736183389,0.564114731479,1.0,1.0,0.904007487024,35.3740036704,0.822365563374,29139.4340976,12233792.8487,5196176413.57,4.21566002085,0.00734894883155,7089.96336439,1.8177317498e-07,Class 1
0.662777487091,737.873992268,2985498.97083,8222.38462688,0.90644064731,1.0,32096.7670843,0.581666236833,0.691069274591,0.00296626010526,0.290740356186,0.598729809548,1.0,1.0,0.913146239522,38.0782783859,0.813998566588,32183.8342591,13859107.539,6041725648.48,3.92549735036,-0.0369125184606,7861.78753801,1.71804919585e-07,Class 1
0.831159757798,334.32119603,1131053.34646,3853.12190501,0.946606145483,1.0,15070.0869352,0.305320093741,0.365943631117,0.00336233538251,0.177131013797,0.61285213289,1.0,1.0,0.951382994813,17.9755576188,0.911662757363,15091.3852354,6448918.67523,2786634881.01,1.83758252975,-0.0146973547042,3689.40642863,7.78425948081e-08,Class 1
0.491642908738,603.183919729,7076141.43738,14107.5391652,0.825545649888,1.0,55626.068822,0.877111054479,1.09101783057,0.00232684367656,0.446046420105,0.567897953644,1.0,1.0,0.84259529174,63.9922791243,0.7009751542,55847.8131422,24661458.8918,10980943226.4,3.59193597429,-0.0243071844323,13811.65723,1.4044398625e-07,Class 1
0.7410775064,392.755616367,2024971.09499,6094.52815434,0.923543417699,1.0,23949.4135395,0.447188177617,0.536021598296,0.00313097860213,0.233601043964,0.620445051035,1.0,1.0,0.930458992961,28.5615997741,0.86080814004,23999.4107123,10220078.0188,4389623625.29,2.1939666406,-0.0157870732343,5901.88689623,9.14483337178e-08,Class 1
0.651243391255,570.152389019,3237182.45123,8621.71524148,0.885550781507,1.0,33839.7722447,0.598691302249,0.733743510628,0.0028125710437,0.324620034081,0.581673264973,1.0,1.0,0.896239732075,39.9548540526,0.806912952828,33933.8477797,14632180.2005,6373604985.93,3.22190296238,-0.0209506124576,8341.23597972,1.32752998985e-07,Class 1
0.776298664255,464.423329858,1585060.53141,5075.44103625,0.931865579441,1.0,19818.3164437,0.387565291115,0.46608056895,0.00322631172284,0.21689744321,0.597602480723,1.0,1.0,0.937806396238,23.9411628008,0.881039874902,19854.5331915,8369674.12581,3562477881.46,2.53048605682,-0.0205879159065,4847.71449049,1.08135282821e-07,Class 1
0.657371604991,323.679496786,3332267.95236,8752.97076273,0.889079276997,1.0,34624.5001508,0.590181790511,0.727010615527,0.00282964805038,0.313459762092,0.597340899111,1.0,1.0,0.900125213132,40.2226636478,0.810720180697,34717.8496737,15121051.6359,6626665819.03,1.981685996,-0.0341732907654,8598.85676853,7.5364805508e-08,Class 1
0.85668192034,391.083545087,837044.253352,3011.58501818,0.955179854519,1.0,11649.8469196,0.252215713271,0.301282592611,0.00345213601256,0.156201042541,0.581194735579,1.0,1.0,0.958735572782,14.4625548388,0.925549474416,11663.9221473,4803518.54499,2002763735.65,2.09197180957,-0.0102212014595,2818.32262401,9.10590124044e-08,Class 1
0.806626424515,456.077379246,1233779.47845,4143.74766117,0.94251868733,1.0,16107.4527704,0.32873147694,0.393091815782,0.0033202387513,0.191802828433,0.585171984144,1.0,1.0,0.947047553834,19.9586987447,0.898081183216,16132.9652677,6635309.13585,2756654056.49,2.44924745895,-0.0166139996525,3919.3778842,1.06192030465e-07,Class 1
0.557586748299,415.111431457,5781416.72566,12897.0150478,0.889245247364,1.0,51034.5903997,0.757493493544,0.897619497481,0.00277178723218,0.321061200329,0.647644800303,1.0,1.0,0.897889214368,56.5293594171,0.746474024846,51203.5326096,23398170.1787,10755079397.6,2.39904982191,-0.0328777908088,12697.5469149,9.66536113858e-08,Class 1
0.44198694405,452.175538615,9910338.81128,17525.0468153,0.853218096349,1.0,69403.4840028,0.959415938652,1.14063885895,0.00244795597341,0.38739951776,0.642706899298,1.0,1.0,0.864948208983,75.9437331683,0.664409043524,69691.6368554,32234908.7442,14990060868.4,2.67538875858,-0.0466879506559,17310.4586244,1.05283534674e-07,Class 1
0.73651523325,581.584531101,2084092.42776,6351.85808278,0.904244561838,1.0,24790.3815771,0.468268334496,0.583784080918,0.003024012918,0.292624436067,0.537584582984,1.0,1.0,0.913254675032,29.1945514073,0.858172617496,24843.933569,10775591.4439,4730778186.37,3.25448809834,-0.0210955824863,6065.81532664,1.35414833217e-07,Class 1
0.596908031149,460.67616519,4584275.47815,11014.8340603,0.885410251085,1.0,43490.2575953,0.70101286359,0.841127112603,0.00276620921014,0.325027344488,0.628242504975,1.0,1.0,0.895332435998,49.3114917253,0.772457866389,43626.4972133,19539118.6074,8826141679.09,2.66025432195,-0.0298545956042,10791.8404928,1.07262801433e-07,Class 1
0.516670733208,216.617066284,6906523.91746,14072.2542432,0.877393913939,1.0,55885.2490138,0.827832877974,0.986285924445,0.00265029465136,0.335957710981,0.655448584222,1.0,1.0,0.887637005034,62.5296748762,0.718508383286,56089.6661981,25323186.4575,11493063845.2,1.45938232995,-0.0197875944749,13968.7507808,5.04366301615e-08,Class 1
0.62201589166,190.098079011,4214231.95252,10335.5456727,0.921006528996,1.0,41052.8653722,0.648476290939,0.75521537967,0.00305609423972,0.244146310615,0.692826330824,1.0,1.0,0.92730687961,46.4154976761,0.788489271132,41171.3918265,18392919.9299,8264330256.99,1.19680197203,-0.021061919034,10245.6860427,4.42620088526e-08,Class 1
0.372820129356,1771.66688494,10574673.8179,17370.4875675,0.760876326682,1.0,67410.4552921,1.07673248195,1.33369047365,0.00190306973375,0.554931657646,0.528673334398,1.0,1.0,0.782438736364,79.7207806663,0.610110980801,67750.156542,29411808.8465,12931475386.7,9.56449157328,-0.0445166579793,16495.2452176,4.12510929898e-07,Class 1
0.602326722065,117.336695335,5162217.04478,12179.8874216,0.908527344358,1.0,48496.9246955,0.662045157551,0.781036087965,0.0029205324091,0.267445665124,0.677117515354,1.0,1.0,0.916094368536,52.0472167926,0.775873077925,48632.6904085,22811960.1943,10733421207.1,0.852469377118,-0.0325243245591,12129.2450319,2.73204120455e-08,Class 1
0.791338473032,749.666317001,1352436.65927,4618.71808353,0.917844678369,1.0,17708.1654201,0.371999537354,0.464912089722,0.00316802022638,0.259665094586,0.488350399512,1.0,1.0,0.925132371687,21.6013497958,0.889551298758,17739.4948238,7484637.15928,3206607454.88,4.02781035531,-0.016390843541,4247.62587199,1.74550617934e-07,Class 1
0.394431962821,1461.40765572,9784976.81655,16642.752961,0.799793485529,1.0,64840.6290593,1.030536365,1.23988685997,0.00209552200496,0.479382671181,0.580870824247,1.0,1.0,0.815454760075,76.5872404656,0.627526930762,65152.8775094,28244625.6656,12386028884.3,7.85373121362,-0.0492051081574,15923.465786,3.40270869286e-07,Class 1
0.641171498821,267.619578012,4073191.60707,10358.5905156,0.912061976158,1.0,41091.2663937,0.600386018046,0.709513105976,0.00296031801348,0.266486841767,0.656389718248,1.0,1.0,0.918755568929,45.0687695465,0.800563591347,41197.7322286,18944910.0393,8744179069.61,1.57131982452,-0.0323228868039,10232.8802472,6.2311940198e-08,Class 1
0.790874678706,556.313113544,1481381.22266,4898.81413905,0.920141970503,1.0,19022.9076331,0.378463547433,0.473031647394,0.00317706504786,0.251635656644,0.525776390724,1.0,1.0,0.927696126559,22.5231756581,0.889296108071,19056.1574141,8239423.28513,3608912042.08,3.0719159934,-0.0200829641213,4625.1370222,1.29530693232e-07,Class 1
0.730843547517,643.696224264,2106810.43866,6409.16119774,0.893094736761,1.0,24969.8447044,0.47179754085,0.60165220896,0.00295623053696,0.319035840232,0.496913331681,1.0,1.0,0.903571857596,29.6473802233,0.854869255495,25024.6459362,10750166.0463,4664768668.71,3.61736491182,-0.0362919164278,6095.46903288,1.49876780054e-07,Class 1
0.558743560305,198.031504648,6395028.72219,14070.4307395,0.899027488029,1.0,55945.0568816,0.715915354751,0.843985517465,0.00283067711266,0.292756647317,0.670683844104,1.0,1.0,0.906882346151,59.3547726088,0.746925766658,56112.6615436,26644014.6473,12690299044.0,1.28303144818,-0.0298627399878,13979.1212036,4.61092098216e-08,Class 1
0.733054684218,1070.56996026,1893480.99741,6089.24209805,0.887541387983,1.0,23258.4206975,0.47330723111,0.602486734909,0.0029438459196,0.340963392895,0.44389352555,1.0,1.0,0.89731855667,28.1952018721,0.856156068109,23310.6956105,9928188.64757,4300292231.17,5.75528081835,-0.0266956606724,5560.25167231,2.49269099954e-07,Class 1
0.426444301871,1627.06671119,8347976.32169,15529.5345823,0.775946413457,1.0,60264.622248,0.984715936064,1.2274211805,0.00202303426058,0.534465211504,0.520818947166,1.0,1.0,0.796852229774,71.0952615976,0.652708279037,60541.4654649,26342129.7455,11607718856.5,8.81980171141,-0.0563086395622,14729.1551049,3.78842550903e-07,Class 1
0.748237218057,879.095077535,1790936.16622,5770.81402524,0.902290781402,1.0,22187.2596455,0.447489698137,0.561520231158,0.00303758482247,0.302394646113,0.484068445218,1.0,1.0,0.910823447604,26.7558232343,0.864979150378,22234.115161,9486237.43953,4108931650.3,4.72533772044,-0.0336281600208,5338.96403549,2.04686519224e-07,Class 1
0.375639635382,1542.10080792,10762914.9988,17514.0847292,0.785149757682,1.0,68222.0220794,1.07060075447,1.29897163431,0.00200662805805,0.508053567317,0.567010865053,1.0,1.0,0.802554056969,80.1256634958,0.612372947615,68561.5024107,29899702.7273,13189091121.7,8.30719094779,-0.0509404048302,16755.4763672,3.59059281224e-07,Class 1
0.445750275952,1309.92135023,7836561.68259,14910.3948423,0.817585036102,1.0,58125.8017254,0.945267521941,1.13679570002,0.00222989799066,0.449131330014,0.585818369045,1.0,1.0,0.832251052114,68.523030688,0.667289983494,58381.8572927,25343065.9381,11125974557.4,7.04737533663,-0.056386825645,14268.5193065,3.04999138874e-07,Class 1
0.536422170239,785.273330944,5522987.91405,12215.6306119,0.849975640904,1.0,47906.8878524,0.795612432276,0.978187598312,0.0025277283966,0.405992863796,0.568899525305,1.0,1.0,0.863697649659,55.9988038615,0.73221049431,48082.7183299,20968964.0797,9241190163.49,4.42322886804,-0.00573527495439,11824.7987251,1.82841274918e-07,Class 1
0.480084779795,1351.2859656,6368342.65105,13155.7490896,0.826965428277,1.0,51109.4256807,0.859503128779,1.03826582329,0.00231411192607,0.432636740343,0.56744571444,1.0,1.0,0.840941897401,61.7339414473,0.692521283989,51318.9998737,21736613.2651,9305814799.11,7.23146121102,-0.0545869168621,12492.4107582,3.14630382815e-07,Class 1
0.321364231097,1360.20093389,13957625.8489,19253.9093648,0.763839414581,1.0,75283.9497158,1.153803305,1.41190718881,0.00185757729185,0.533135401634,0.561752605154,1.0,1.0,0.784181264901,89.4207106246,0.566181261402,75692.5197634,32510583.2035,14088550234.7,7.46340239771,-0.0416927286943,18583.7782914,3.16706123966e-07,Class 1
0.736807731417,623.013299236,2399144.4982,7292.829252,0.897679001997,1.0,28512.7140557,0.47242530884,0.602562831232,0.00300784517488,0.319510322049,0.499378097497,1.0,1.0,0.907017035801,31.2381629528,0.858342020676,28570.5455336,13324985.1889,6285756060.23,3.54612653114,-0.0234335635479,6987.12709148,1.45061014343e-07,Class 1
0.889884234347,253.299040049,802876.717148,2914.04305699,0.968790729355,1.0,11429.5679557,0.208200058992,0.244718356239,0.00357930377364,0.119575110219,0.638247680414,1.0,1.0,0.971136111392,12.4991486404,0.94332703501,11439.543365,5333563.79535,2511312200.65,1.35488663018,-0.0380614195118,2796.65871558,5.89775783706e-08,Class 1
0.825905678507,383.318147859,1129584.60164,3855.94107487,0.944983112498,1.0,15027.1041669,0.308173463872,0.369845722737,0.00335061266536,0.181985440124,0.599298788534,1.0,1.0,0.949748993777,18.2290450439,0.908769872296,15048.9104312,6326093.62192,2688432553.67,2.09173399357,-0.00980800972982,3666.54046999,8.92509347917e-08,Class 1
0.80141766673,460.748405873,1291514.19918,4303.39928002,0.93939977943,1.0,16741.2833132,0.339716145587,0.40683047204,0.00328983221992,0.198792984274,0.588211702613,1.0,1.0,0.944291021345,20.6318532273,0.895178524889,16768.5591163,6936550.32055,2899327730.49,2.48408261663,-0.0187950655894,4077.11384871,1.07279621791e-07,Class 1
0.700996796226,79.0746872557,3085213.48135,8456.413307,0.927984557038,1.0,33703.8543724,0.510487130639,0.60357061134,0.00313214758158,0.222008304239,0.687491436717,1.0,1.0,0.93453373228,36.9389746764,0.837045000434,33777.8669782,15549249.6613,7201109544.78,0.620332725219,-0.0333507080184,8424.98664321,1.84115722028e-08,Class 1
0.676682594942,595.176699461,2795673.55054,7788.30167439,0.896389857796,1.0,30461.0117611,0.555063571725,0.676955686282,0.00290281596708,0.30526887734,0.577330605356,1.0,1.0,0.905568069462,36.3192799279,0.822528451047,30540.206786,13041457.7929,5624074957.88,3.29367670055,0.0210749500478,7486.54125076,1.38579603105e-07,Class 2
0.801269374357,494.503168708,1272707.21536,4272.70384205,0.941200190267,1.0,16550.0550974,0.337452105465,0.401620665065,0.00330231387894,0.194208977517,0.589218683628,1.0,1.0,0.945713512851,20.509408392,0.895093823299,16576.9841377,6821298.10645,2835147384.13,2.63714707671,0.0232972808618,4020.78045674,1.15139004796e-07,Class 2
0.425971896478,1771.81376509,8765338.78552,16376.0783584,0.765995305729,1.0,63407.9344431,1.0057437834,1.28065394609,0.00200748092577,0.599600745604,0.468837935967,1.0,1.0,0.787047915602,72.8176125011,0.652310833116,63697.5908776,28560262.3191,13002005826.2,9.63162844236,0.0368560507341,15482.0131505,4.12545129144e-07,Class 2
0.730595447118,210.785926505,2264406.4584,6581.7756364,0.961071509601,1.0,26037.539016,0.458228584082,0.50904990637,0.00346949424583,0.137434938498,0.762577961757,1.0,1.0,0.963966450262,30.5792796021,0.854607549301,26092.4227011,11231699.7975,4865911225.37,1.16520502128,0.0275497350361,6470.64807901,4.90789206997e-08,Class 2
0.761968157931,301.919428156,2266614.81165,6929.56839276,0.935974218556,1.0,27345.4831095,0.406218171917,0.480680726557,0.00325882912274,0.206171789252,0.658464303884,1.0,1.0,0.941882814962,29.1660645252,0.872612066719,27391.7978594,13042635.9204,6263497620.14,1.72044023108,0.0265382025888,6772.69745244,7.02982401048e-08,Class 2
0.663059572315,659.916175832,2806838.65767,7718.90925724,0.909909675379,1.0,30111.2113127,0.549256219303,0.650165318407,0.00297680452885,0.275022095814,0.601031103784,1.0,1.0,0.916308488246,36.9967683086,0.814114759795,30191.0363627,12487498.1088,5205479208.99,3.5197159239,0.0285802710451,7383.06906872,1.5365339707e-07,Class 2
0.645248924033,863.443165233,2965224.19556,8079.76410696,0.898797845579,1.0,31334.4572851,0.577748780792,0.684432866562,0.00288061548085,0.300084236836,0.582885273162,1.0,1.0,0.9058476776,38.7414874902,0.803099209452,31422.4442697,12955478.0909,5391305184.35,4.54060029537,0.0387031969421,7640.05292872,2.01042163193e-07,Class 2
0.742555426051,374.601911215,2431500.4366,7283.35115948,0.909510071806,1.0,28682.2791937,0.459965898678,0.574115156127,0.00306421067626,0.278831756784,0.567726328999,1.0,1.0,0.918442808093,31.1387010251,0.861664929198,28738.3855641,13444212.0198,6342139975.49,2.22184649466,0.0209636434715,7091.18916906,8.72214658698e-08,Class 2
0.498162083419,524.025804665,7441305.5992,14929.9372653,0.83747519493,1.0,58938.1726083,0.876021366799,1.08139733639,0.00239884459429,0.429344202739,0.585097293209,1.0,1.0,0.852629062966,65.3889296108,0.705558813309,59164.4902499,27075783.0216,12492223550.7,3.15021609765,0.0323391755712,14660.6269471,1.22012988904e-07,Class 2
0.349010428462,2689.74846234,10626706.6898,17446.6516154,0.739408630484,1.0,66732.4124506,1.11479294362,1.39819913905,0.00180865132308,0.646040444332,0.444310061134,1.0,1.0,0.760379521569,80.9087318652,0.590106202763,67089.4272839,28639309.4485,12451492596.4,13.9884197724,0.00496915993398,16100.5517896,6.26274978003e-07,Class 2
0.552380003121,439.610404179,5712139.75411,12664.3636482,0.877896946892,1.0,50019.0676748,0.7684440274,0.918483472244,0.00266574374431,0.341294601038,0.631108625682,1.0,1.0,0.887735655261,56.3595240422,0.743030579446,50189.952553,22539554.9322,10177369648.7,2.52423659977,0.0296287246981,12438.0258307,1.02357897053e-07,Class 2
0.949773746355,208.900672183,230202.345212,960.830847766,0.983870201837,1.0,3627.76917751,0.0953916652773,0.110762486679,0.00373402640275,0.0649341648358,0.581622940223,1.0,1.0,0.984965455318,4.67597461124,0.974559117366,3629.39821078,1452950.89252,591738728.468,1.09026040309,0.00628909304144,855.160900443,4.86399623266e-08,Class 2
0.635180888352,388.313938841,3633694.17968,9283.40421462,0.899548641219,1.0,36603.3304316,0.626127825263,0.745775943559,0.00287127260323,0.288980214738,0.638908619214,1.0,1.0,0.908041437609,42.8063613066,0.796874728521,36708.8097734,15902145.977,6936465165.02,2.22440491704,0.0411258795934,9080.45836808,9.04141435198e-08,Class 2
0.607249548416,606.155692381,4635611.82126,11469.3583733,0.909008332202,1.0,45127.5369226,0.613080141255,0.717320603368,0.00299992136861,0.282207050384,0.649751002423,1.0,1.0,0.915868843854,49.4567902441,0.777064329772,45246.8994955,21090284.0152,9958304485.43,3.3415711059,0.0227282599253,11160.5723167,1.41135927105e-07,Class 2
0.798724881898,491.026022935,1288207.73146,4305.75927725,0.94304085763,1.0,16693.238537,0.336305567798,0.396231996163,0.00331383432132,0.18495395623,0.61076923583,1.0,1.0,0.947328000904,20.7383079229,0.893659325862,16720.3750582,6862252.53076,2844169316.73,2.61427547563,0.0139909651638,4057.49926158,1.14329394e-07,Class 2
0.502513045242,663.014657719,7085248.68915,14489.596851,0.845728928059,1.0,57053.4221503,0.861711182717,1.05767769073,0.00244763872046,0.417643804321,0.582492671204,1.0,1.0,0.858845427609,63.9412941969,0.708685170706,57271.0772127,25934155.3097,11823792403.4,3.78730127704,0.025613543567,14152.5151648,1.54374840619e-07,Class 2
0.650417737035,436.283103119,3524997.30195,9256.56080184,0.902513546289,1.0,36459.1248999,0.602802957807,0.713575456924,0.00290899515976,0.282882510995,0.647106449243,1.0,1.0,0.910967129457,41.577021979,0.806323299453,36557.7133149,16319440.9243,7366746076.09,2.44563678221,0.0315752323864,9030.68235818,1.01583175763e-07,Class 2
0.826637264678,389.543024064,1107824.93799,3798.14914852,0.948464965696,1.0,14768.1903576,0.300869547489,0.355800606285,0.00336781752615,0.169967869345,0.619547297598,1.0,1.0,0.952669839999,18.0373034489,0.909170575971,14789.2437318,6167074.73244,2595661573.22,2.09230953001,0.0161291373469,3600.0660781,9.07003209567e-08,Class 2
0.648124852621,356.980218921,3439464.59452,8947.50728455,0.91444568497,1.0,35303.2636639,0.605444770959,0.709203615309,0.00300496355449,0.254527654368,0.667296735995,1.0,1.0,0.921432578209,41.1888150465,0.80494635566,35401.3602218,15375092.243,6726134011.56,2.02942620103,0.0353162192685,8761.41677309,8.31184706982e-08,Class 2
0.518532638209,753.242090175,6633789.82123,14093.3811577,0.847396059061,1.0,55372.3887696,0.838171163751,1.02790192496,0.00247690607328,0.418213756858,0.578551287641,1.0,1.0,0.860482678309,61.663080966,0.719921162366,55576.4961937,25362385.0393,11660997978.3,4.22365780558,0.0464620797498,13706.2952535,1.75383192912e-07,Class 2
0.598234690143,431.634410564,4545257.80399,10939.1502277,0.896217308617,1.0,43160.0810156,0.687720478772,0.80541024212,0.00282528783985,0.293564638776,0.665533123828,1.0,1.0,0.904596127359,49.0070638954,0.773225610286,43292.8892922,19397402.5505,8783736703.81,2.43592867692,0.0332432021545,10715.6965728,1.00500784652e-07,Class 2
0.635218708249,349.250099904,3671459.20265,9343.60865948,0.898575675898,1.0,36900.0645406,0.629012770677,0.750410969967,0.00286414622234,0.289738896437,0.641678780199,1.0,1.0,0.907388509863,42.9836504213,0.796901876466,37006.4747657,16099109.8386,7056489830.1,2.04330423074,0.0206009469203,9164.64196095,8.13186071849e-08,Class 2
0.496841580214,448.230593563,7293808.64528,14541.6017772,0.863108405884,1.0,57463.9776102,0.862732305673,1.01975540252,0.00253386643353,0.355857478434,0.656190286054,1.0,1.0,0.874684779603,64.6956221223,0.704479410998,57684.471639,26019444.9265,11838390391.2,2.62355681522,0.03487262184,14309.5656807,1.04365002547e-07,Class 2
0.772489416105,507.16085592,2031392.22716,6454.96453824,0.964640108786,1.0,25231.7627287,0.308116756164,0.340623428429,0.00354040440792,0.131045938979,0.71162349261,1.0,1.0,0.966508060869,27.2818331379,0.876808053167,25264.4392562,12002761.4984,5794502465.38,2.62277495439,0.0486963556598,6189.53272413,1.18086192197e-07,Class 2
0.504144498205,717.338300321,7026732.80059,14470.8223516,0.835924800112,1.0,56922.5785668,0.859897750399,1.0655068692,0.00239080041098,0.43805954949,0.565321778813,1.0,1.0,0.850615725257,63.6969702893,0.709860133785,57138.9401992,25928262.646,11848148646.2,4.09154287204,0.0290569889671,14105.898092,1.67023435293e-07,Class 2
0.573155641488,283.973010599,5109762.12284,11637.7756735,0.888102209805,1.0,46082.5190871,0.729733356419,0.865773284439,0.00274850399644,0.310457689148,0.656700304861,1.0,1.0,0.897611964587,52.6743223873,0.756876031622,46234.0934051,20463506.3428,9116428164.96,1.736165407,0.0372480670663,11487.9416015,6.61196366338e-08,Class 2
0.732422284849,191.879108027,3179693.19629,9220.68510146,0.972948092818,1.0,36601.0684117,0.310828239281,0.33894718467,0.00359967054754,0.105121744706,0.788537483393,1.0,1.0,0.974799954712,36.8163512075,0.849992398575,36645.5955941,18366288.5129,9241146472.9,1.02615433064,0.0453386977674,9113.71673399,4.467669964e-08,Class 2
0.651699594643,112.638764008,4726876.9474,12107.7396576,0.933900950072,1.0,48181.4920701,0.480892065485,0.558091019476,0.00318101905678,0.208045870672,0.697657694142,1.0,1.0,0.939612728047,48.4370194814,0.80445877856,48272.9191305,24127480.0051,12080550139.8,0.753480366606,0.0450476717922,12040.4484906,2.62265562893e-08,Class 2
0.541331116825,792.035564894,6083410.97249,13537.7006444,0.861953533325,1.0,53144.058195,0.799620105305,0.965033458254,0.00259420315986,0.383601053943,0.60101463202,1.0,1.0,0.873657402318,58.5614982408,0.73556923812,53328.8966225,24648476.7343,11494349124.4,4.3592270437,0.0302010033881,13134.6727608,1.84415778251e-07,Class 2
0.658067614918,265.803663887,3442143.86946,9021.12320628,0.912891853881,1.0,35677.4224643,0.593601304039,0.692661935009,0.00296417906054,0.251388808773,0.682733885908,1.0,1.0,0.919973985084,40.7857701329,0.811117626618,35772.6375529,15839493.4153,7061623353.97,1.56495960386,0.0529200330119,8877.02709582,6.18891268402e-08,Class 2
0.581419991246,202.734052211,5522803.90104,12679.7711371,0.885223601564,1.0,50326.539231,0.685188241534,0.838707631845,0.00276259974458,0.323099988336,0.614944211385,1.0,1.0,0.89600845143,54.5614857528,0.762266527669,50473.9043166,23446032.4268,10920287783.8,1.38628268613,0.0446887759534,12568.2188124,4.72041404119e-08,Class 2
0.602250823537,373.858019503,4174897.77503,10082.177036,0.893703749208,1.0,39816.0268126,0.669133428584,0.793342204727,0.00280164184515,0.302523825699,0.643281926445,1.0,1.0,0.90225349094,46.9418529016,0.775863304665,39939.7536531,17160181.9956,7426629404.36,2.17367843802,0.0188846538094,9891.84062636,8.70482597979e-08,Class 2
0.514630664471,506.818190209,6802110.09101,14090.8177412,0.857829951384,1.0,55628.2994062,0.843976510565,1.02558368655,0.00253578910711,0.390461226104,0.607156974958,1.0,1.0,0.870005298541,62.2700932803,0.717119494397,55835.8592147,25321164.466,11577193045.8,2.98581248371,0.0217015246286,13832.746726,1.18006406684e-07,Class 2
0.78173143358,332.556350447,2044321.76022,6442.19405786,0.932213039497,1.0,25367.9184139,0.373550282602,0.458877648728,0.00327366946968,0.224347572037,0.590018774258,1.0,1.0,0.938628774006,26.8079391452,0.883886065503,25406.99764,12206344.3799,5911251090.01,1.94439014855,0.029700938233,6268.81974416,7.74316721349e-08,Class 2
0.60752252367,425.784631005,4130603.02992,10106.3025757,0.893888515768,1.0,39851.5916526,0.662722936405,0.791526422504,0.00280982556692,0.306394930551,0.627475572147,1.0,1.0,0.902309118259,46.594358114,0.779280688038,39973.2130376,17300942.3861,7530099155.4,2.42739879246,0.0288881287464,9887.22110481,9.91387351459e-08,Class 2
0.730957243066,195.454220963,2520976.92871,7304.9311173,0.945168780048,1.0,28945.5241885,0.467613499647,0.543994564151,0.00333454604781,0.183652837451,0.698918071188,1.0,1.0,0.950131730832,32.2283940361,0.854856224481,29004.5801783,13155543.8165,5999562333.89,1.1581302667,0.0219056771784,7202.5332584,4.55091208891e-08,Class 2
0.452544450514,439.358271436,9089597.1667,16483.2257859,0.846743954839,1.0,65219.0496973,0.911116520252,1.09198371749,0.00243337563595,0.3912098959,0.639170629181,1.0,1.0,0.860951522779,72.7220913691,0.671160194596,65480.980255,29842173.3215,13730634835.9,2.66148358092,0.0117241117192,16260.973622,1.02299191033e-07,Class 2
0.496750469417,533.280163539,7442418.75807,14897.4230193,0.841714957554,1.0,58812.0455511,0.874634441772,1.07480970479,0.00242388604042,0.423286660126,0.58944447333,1.0,1.0,0.856023330779,65.4369966771,0.704490270176,59038.1695248,26942008.4107,12396516987.6,3.18106485101,0.0188716227956,14626.7335516,1.24167752995e-07,Class 2
0.803165387226,481.019333681,1237572.20123,4163.32653603,0.946284721822,1.0,16131.4404166,0.325403685874,0.377368842944,0.00333051963059,0.172263889821,0.634530509317,1.0,1.0,0.950120622041,20.139892277,0.896125445226,16156.9195991,6604085.67769,2728784587.65,2.54487663974,0.0187114499175,3919.13239401,1.11999458997e-07,Class 2
0.747345734341,375.830505603,1920889.58001,5833.18509285,0.930730417583,1.0,22903.5706036,0.430396058475,0.504902346863,0.00316949388341,0.211873280614,0.651066690934,1.0,1.0,0.936510093939,27.5748490574,0.864428590044,22949.9961352,9675276.25419,4112199341.45,2.06466640605,0.00833224741552,5643.75682065,8.75075290219e-08,Class 2
0.780988855955,287.001607158,1664695.17293,5244.66708216,0.946924313746,1.0,20631.322481,0.386796003489,0.446800295473,0.00331103807673,0.178273359617,0.678802060182,1.0,1.0,0.950649266264,24.2688461037,0.883696029884,20667.9629001,8901418.85783,3860847111.5,1.57049344106,0.0265832681783,5095.42990835,6.68248082401e-08,Class 2
0.632315556175,474.437426158,4605247.17902,11734.7428387,0.927649277035,1.0,46308.6443218,0.568057721369,0.647101659531,0.00313192907707,0.229310157651,0.702901140031,1.0,1.0,0.932854553682,48.4313835679,0.793070758405,46416.8554981,22517019.2809,11000117509.7,2.54003453219,0.049785531231,11485.9828729,1.10466942464e-07,Class 2
0.765002877777,107.127075189,1917981.56858,5781.61125338,0.957373383326,1.0,22952.0596742,0.410351942671,0.456124759181,0.0033737841397,0.142054557314,0.762109530935,1.0,1.0,0.959893640114,26.719568782,0.874578663887,22994.9140679,9960375.01668,4336333303.8,0.6382862045,0.0282778429328,5722.15547954,2.49432270701e-08,Class 2
0.471904184577,532.034857962,8265591.07392,15701.9155491,0.857495022902,1.0,61985.4705728,0.916044900061,1.09311657021,0.00249577726332,0.386209486938,0.633224279907,1.0,1.0,0.868880796518,69.2620450004,0.68649009643,62236.2556291,28262873.5598,12935344523.5,3.01262922422,0.0431000781861,15426.5962872,1.23877798847e-07,Class 2
0.637362450422,233.392128182,4452377.63524,11231.4035392,0.886626181285,1.0,44552.2209418,0.616885266462,0.766383304956,0.00282182048265,0.325887515211,0.596303516449,1.0,1.0,0.89786001192,47.183311072,0.798165884806,44666.7927346,21294478.7419,10200474791.8,1.60232277821,0.0266153027539,11108.718756,5.43424978171e-08,Class 2
0.503876314185,349.265344019,7160221.49899,14378.3691994,0.87552819786,1.0,56898.5065206,0.838267258897,0.989213155053,0.00264639625322,0.336423206906,0.666143339002,1.0,1.0,0.886230150271,63.9589175571,0.709047867257,57110.2638394,25769883.4824,11726071802.9,2.10875032578,0.0588350273651,14190.7492876,8.13221565902e-08,Class 2
0.629107867851,376.39172422,3591068.68658,9084.15449099,0.909244781906,1.0,35826.8592442,0.614621985439,0.723901795601,0.00295655440609,0.266454783258,0.650353253738,1.0,1.0,0.916770779928,42.7961520502,0.792971939884,35930.357989,15219428.2495,6485232962.13,2.1318749457,0.0343079445748,8888.82589588,8.76382019015e-08,Class 2
0.62439240993,518.676784163,3815472.25983,9667.38907336,0.901454383796,1.0,38026.5888075,0.634255945503,0.751796973645,0.00289691760166,0.295911591301,0.629947285417,1.0,1.0,0.909165195546,44.2739928112,0.789946572843,38137.1271983,16650792.6086,7341686874.76,2.83028081835,0.0160504083051,9404.95847885,1.2076753501e-07,Class 2
0.623129380069,485.491146512,3879308.80725,9785.76448606,0.898763589116,1.0,38519.5790628,0.638379600916,0.759334624038,0.00287332950985,0.299877603503,0.62978407692,1.0,1.0,0.906864816422,44.6514078925,0.789176657111,38631.7944307,16933549.1509,7492754620.59,2.70941164973,0.0300457171401,9536.9246449,1.13040665832e-07,Class 2
0.717542931536,404.8993137,2292196.52319,6676.76962962,0.930715290578,1.0,26227.6211949,0.483157737116,0.563482948987,0.0031592015817,0.220653651834,0.655160126558,1.0,1.0,0.935643849859,31.372013726,0.846986578056,26287.0379638,11150895.649,4767755408.8,2.21298106159,0.0177221787855,6470.77974112,9.42758448723e-08,Class 2
0.76343384456,636.008414777,1801655.35493,5757.44788684,0.9089015311,1.0,22342.7378814,0.43044582496,0.543691003528,0.00308901106254,0.289197143367,0.501804349865,1.0,1.0,0.917171294384,26.0936642125,0.873728390235,22386.6648671,9810493.2229,4355685514.64,3.50577382504,0.00784086960299,5437.86795457,1.48086767797e-07,Class 3
0.714326662624,762.246676006,2424705.59225,7252.56629736,0.886952823941,1.0,28175.9713172,0.517407219376,0.661393740893,0.00291672650006,0.349208369636,0.480479104957,1.0,1.0,0.897080095923,32.4740416775,0.845152462862,28241.8980687,12539290.6914,5639472624.45,4.22383698202,0.00690915211537,6870.16653636,1.7747980041e-07,Class 3
0.555684890429,867.921053775,5948728.95579,13655.7427093,0.835928606356,1.0,53576.9468524,0.740260289656,0.942068223455,0.00251929249367,0.463413516407,0.500653660343,1.0,1.0,0.851222982795,57.7006808705,0.744363000608,53745.4498728,25468298.3952,12196354062.9,5.05905438276,0.0102217444184,13219.8329761,2.02084784682e-07,Class 3
0.644793917699,703.191757884,3140213.43542,8398.36024403,0.881535069355,1.0,32802.9417218,0.593085120497,0.727416612265,0.00278076312656,0.332328127511,0.562866259278,1.0,1.0,0.892319556589,39.7041438624,0.802877682217,32895.5410262,13844145.8829,5882491991.47,3.88831552428,-0.00611154547824,8048.39749044,1.63729586192e-07,Class 3
0.681403325858,521.804895318,2727261.8664,7601.90087382,0.901317325707,1.0,29806.714171,0.541279048101,0.657343073804,0.00293803334895,0.289753021338,0.591718241967,1.0,1.0,0.910120298196,35.6755407871,0.825384414907,29882.5480794,12695246.0785,5442903583.42,2.92556902094,0.00432955433933,7340.46449592,1.2149587737e-07,Class 3
0.677329300217,585.788667362,2660601.51097,7425.16853908,0.902989105618,1.0,29049.695239,0.530225838272,0.641040121636,0.00294064450741,0.28471049871,0.586117515513,1.0,1.0,0.911186671525,35.4668708192,0.822883546173,29123.5276261,12123152.0287,5087490672.86,3.2211906003,-0.0100338806359,7134.71180936,1.36393714841e-07,Class 3
0.673653478637,657.928132873,2773220.93248,7734.69277785,0.899368778724,1.0,30212.3161696,0.554884310105,0.676277838925,0.00294129226587,0.299368706138,0.570739164746,1.0,1.0,0.908196668598,36.3330960603,0.82067587525,30291.5155846,12829924.6056,5486399562.07,3.60580857441,-0.011415711059,7408.68069998,1.53190505622e-07,Class 3
0.599870591032,656.107629659,4332044.07018,10641.6283248,0.861367675118,1.0,41766.9458078,0.700374847508,0.868361309536,0.00262674800721,0.381978507888,0.565450819104,1.0,1.0,0.874570816557,47.9854552167,0.774435322735,41899.3870219,18565910.0626,8304776786.48,3.7425158544,0.0108363739032,10311.1947192,1.52766623751e-07,Class 3
0.528363020535,1042.78417601,5739100.90848,12718.0129211,0.824276834357,1.0,49661.9670756,0.824020966218,1.03502801538,0.00236822571678,0.4652768769,0.524097842568,1.0,1.0,0.840766499366,57.4167687429,0.726757015029,49848.7443371,22039683.141,9854857316.32,5.8020111198,-0.0225805751021,12201.9385935,2.42799520488e-07,Class 3
0.391309881281,1084.25754279,10761939.888,17630.4285019,0.767505688717,1.0,69079.0188359,1.06121087062,1.35130259011,0.00195258835144,0.572130122412,0.507949828416,1.0,1.0,0.789510332067,79.6517038051,0.625270393537,69413.5126285,30676369.1488,13679039626.2,6.22160759274,0.0265496047259,17082.9360351,2.52456085863e-07,Class 3
0.390241327367,914.894175137,10929536.2485,17646.2809208,0.779362144929,1.0,69342.7458287,1.06525174552,1.34126698213,0.00200244968163,0.544382510532,0.533201771207,1.0,1.0,0.799764398042,79.9864347146,0.62436799583,69679.9343091,30768400.4398,13713900709.6,5.33863044045,-0.0108037963687,17191.8849123,2.13021900535e-07,Class 3
0.660812079846,614.115502563,3013355.64413,8190.12939595,0.893446587739,1.0,32066.9179279,0.57885468263,0.709991239204,0.00287865197703,0.316614329721,0.566566940106,1.0,1.0,0.902675921335,38.3045825732,0.812817088003,32154.077046,13690041.9349,5880192953.36,3.40713882373,-0.00773173486231,7885.28962514,1.42989271392e-07,Class 3
0.745447070425,707.354745461,1835909.5527,5783.14712768,0.919510008256,1.0,22376.001483,0.441492140826,0.536038002326,0.00314367812646,0.255118216329,0.554601542841,1.0,1.0,0.926168407201,27.1463219964,0.863338328555,22422.8978574,9468555.8942,4052192721.62,3.79202719138,0.00365411345669,5429.09784337,1.6469888685e-07,Class 3
0.355727209413,777.919702893,13088285.4312,19101.1335284,0.776402069093,1.0,75251.7125931,1.12212035133,1.40159691808,0.00195810590897,0.533867068318,0.553372826447,1.0,1.0,0.797322310458,86.6088306837,0.596026626705,75636.4891002,33390687.747,14851143048.2,4.6184606029,-0.0125054295891,18715.3189656,1.81129072714e-07,Class 3
0.456385406749,750.726535488,8210640.74554,15360.3332676,0.798421929919,1.0,60400.6925641,0.937647436475,1.17661004087,0.002159652083,0.490032352413,0.552814478114,1.0,1.0,0.819240157497,69.4045836591,0.675337720441,60657.952669,26850554.0895,11988001912.9,4.43233646078,0.036278342455,14977.3487414,1.74797476821e-07,Class 3
0.490036967002,860.278178481,6891880.19891,13959.9282982,0.816425438401,1.0,54748.5288193,0.883850394802,1.11133888707,0.00230608740189,0.47534670315,0.534598566431,1.0,1.0,0.834382911071,63.4103471679,0.699839284163,54969.947157,24189507.9613,10751262964.4,4.94583984884,0.0120965815307,13527.9126227,2.00305234801e-07,Class 3
0.548538206324,743.779311094,5275445.55278,11900.9956832,0.844560061316,1.0,46686.0604767,0.780331069887,0.973470556515,0.00250110375547,0.418323497669,0.549112379192,1.0,1.0,0.85944574593,54.4554730258,0.740504734602,46853.7230777,20449527.7283,9009075024.35,4.24614064808,0.0076763530536,11527.9113598,1.73179900729e-07,Class 3
0.386790430671,1030.66497915,10539114.0425,17061.9876797,0.803531336151,1.0,66893.5640905,1.04364565025,1.27178469129,0.00211547620814,0.484282402121,0.572113152803,1.0,1.0,0.819722025618,78.7697137521,0.621350230215,67218.8440782,29132956.8945,12765102259.2,5.72199200764,-0.00323169142559,16547.6601479,2.3997771397e-07,Class 3
0.844289409742,471.529063504,886177.576023,3183.62488626,0.955072324677,1.0,12247.3241679,0.262681543233,0.306278691392,0.00343634004949,0.150648396916,0.606559978433,1.0,1.0,0.958349092467,15.4627150117,0.918813526192,12263.0190969,4971330.87463,2039720645.65,2.47245895231,3.14916167145e-05,2947.99329554,1.09789765849e-07,Class 3
0.646414119849,828.394638824,3254058.58405,8790.69915502,0.8751251809,1.0,34248.9410591,0.619043084119,0.772469081854,0.00276603734588,0.367096111513,0.524503629402,1.0,1.0,0.886122477308,40.3574629702,0.8039310225,34347.2287685,14898591.0188,6540143680.9,4.55894904874,-0.0146702067588,8380.02380983,1.92881543189e-07,Class 3
0.868245441262,211.082929372,809376.273167,2852.99790679,0.966682813918,1.0,11194.2481624,0.232989976081,0.269323321916,0.00353217166956,0.118649354911,0.674942208497,1.0,1.0,0.969254485672,13.6621068977,0.931777213101,11206.4995341,4656898.76938,1950207277.59,1.14808226913,-0.00662627052385,2748.96087112,4.91480741788e-08,Class 3
0.579606785953,728.108687343,4613359.53663,11001.7957358,0.836396472908,1.0,43142.9890062,0.728021839701,0.927360917049,0.00248467621889,0.433614199964,0.519683310929,1.0,1.0,0.853204439153,50.1747643558,0.761241421249,43287.004387,18951522.1357,8374875618.71,4.25369429242,-0.00933780731474,10640.1159,1.69531187966e-07,Class 3
0.552075632435,567.39955043,5275743.41151,11823.029917,0.893142452655,1.0,46555.1242573,0.763036835638,0.897876379991,0.00284680875724,0.307299299039,0.651215900403,1.0,1.0,0.902250879421,54.2346342629,0.742756928156,46718.3793556,20387177.151,8978683433.69,3.16059421423,0.0070638954044,11538.1686441,1.32112034244e-07,Class 3
0.438515603863,573.046299192,9628347.04851,17043.3998093,0.822438554173,1.0,67301.6032776,0.977059267534,1.20037107758,0.00226377807954,0.453217332639,0.590679070799,1.0,1.0,0.838572686776,74.9488120059,0.661859308488,67591.2242689,30796410.6258,14133451754.3,3.41387368604,0.0121992007645,16755.1300148,1.33426810516e-07,Class 3
0.496098700236,728.237367518,6200813.11385,12653.3126699,0.866131490735,1.0,49703.5500971,0.811290517991,0.957393318892,0.00255251318763,0.349242147866,0.626056228844,1.0,1.0,0.875990570799,60.1918116367,0.703890843541,49896.3431558,20900860.6636,8809389669.64,3.99298605682,-0.013047845539,12292.4966803,1.69561149568e-07,Class 3
0.550752596129,817.230430675,5220163.54793,11895.1179112,0.884338502616,1.0,46600.1525371,0.761915662773,0.904274308448,0.00278954643637,0.334136345571,0.618359280088,1.0,1.0,0.893549882028,54.1189704413,0.741803492312,46762.8172298,20577245.5716,9167588017.92,4.44858504908,-0.000857332117106,11486.819489,1.90282094092e-07,Class 3
0.617274946318,944.637513031,3785671.26586,9829.26734245,0.864750274336,1.0,38246.3417434,0.668282230479,0.82569871351,0.00268460465985,0.378727288679,0.546137938387,1.0,1.0,0.877089056893,44.5045809443,0.785576839545,38363.4709176,16890335.6714,7533201727.03,5.16970180697,0.0104372991052,9355.05602793,2.19947272385e-07,Class 3
0.551277063888,842.041571106,5318937.46119,12142.0273376,0.84702052913,1.0,47543.8213026,0.778100191226,0.962167092362,0.00252179355438,0.413369325695,0.560524356737,1.0,1.0,0.861288593892,54.6212112327,0.742298670837,47711.5121105,21204699.9089,9531428874.17,4.72190947789,0.0161182781687,11717.7943478,1.96059064186e-07,Class 3
0.715775529568,558.383837199,2433253.02477,7160.69620874,0.902459330084,1.0,28021.0085998,0.501405257644,0.617287742757,0.00298502494396,0.291813433319,0.569552643197,1.0,1.0,0.911528624438,32.3703642168,0.845989705499,28084.6683629,12400925.0449,5535212616.73,3.13787681348,0.000389844496568,6881.82400964,1.30012835868e-07,Class 3
0.511302388537,582.775026062,6027178.48073,12526.5618124,0.854615070341,1.0,49347.8663778,0.804188959489,0.979053594389,0.00249671938142,0.386372523646,0.589087309104,1.0,1.0,0.867008352358,58.9382612284,0.714740248458,49534.9678942,21020581.2816,8977164031.32,3.35277126227,-0.0130310138129,12238.5086569,1.35692025384e-07,Class 3
0.711274601215,737.470858309,2221463.99141,6652.15377821,0.905352420112,1.0,25797.8023735,0.492325962513,0.59389632713,0.00298928521061,0.278006967121,0.577539309802,1.0,1.0,0.913444941153,31.2328023195,0.84329228564,25858.0909024,10939226.9095,4689946778.67,3.96966814351,0.0149118234732,6280.39900204,1.71711054782e-07,Class 3
0.66726668405,772.386684476,2625585.48596,7365.24249294,0.902864128366,1.0,28620.5031492,0.523198249621,0.623724493517,0.00292522267509,0.27933899341,0.582324836023,1.0,1.0,0.910270213297,35.7318304231,0.816687299105,28693.8921786,11704147.5269,4814501333.84,4.11998740335,-0.00584332377726,6980.6555132,1.79840777159e-07,Class 3
0.649686882118,685.658284467,3122974.6551,8406.01533865,0.892393279398,1.0,32834.098841,0.591472136801,0.710014681682,0.00284905497772,0.303993795299,0.601238236391,1.0,1.0,0.901600895037,39.3845349014,0.805899791504,32925.697716,14000296.8443,6017472421.67,3.74729932239,0.0147179871427,8060.31753432,1.59647131706e-07,Class 3
0.256319295745,1468.90070042,19741437.1215,22042.4633807,0.747922023705,1.0,86190.7855669,1.27161158657,1.54391149567,0.00173679416276,0.55314865034,0.568815230681,1.0,1.0,0.767992405593,102.27818554,0.505109243332,86706.2049417,37274214.888,16161525732.0,8.03541069412,-0.00758893666927,21310.1250934,3.42015532948e-07,Class 3
0.459846469029,198.6553362,9157794.66509,16584.6051091,0.847141963741,1.0,65862.3571061,0.932181012779,1.12400953603,0.0024140428038,0.387518964314,0.641910828476,1.0,1.0,0.861323883417,72.6062375119,0.677685474763,66129.9478849,30362328.263,14036127433.1,1.46795890887,0.00899139953088,16483.3903581,4.62544613561e-08,Class 3
0.431243640572,429.90341304,9938383.39033,17138.5822227,0.829835920029,1.0,67826.9706545,0.99311681901,1.20069647644,0.00228322083628,0.425432375322,0.62166095349,1.0,1.0,0.844945215728,75.9335575754,0.656362392494,68125.2550835,30863687.564,14087119476.4,2.65481170185,-0.00162507601425,16924.4311333,1.00097743084e-07,Class 3
0.144400709817,2221.29191208,40047262.976,27658.0468328,0.647829113542,1.0,107622.872788,1.5209169683,1.91427755698,0.00126188129917,0.71176392526,0.496045754652,1.0,1.0,0.679306500515,127.926286813,0.378063374164,108394.823006,46674321.4803,20290683374.2,12.1281643645,0.0177895056902,26544.3821823,5.17200609223e-07,Class 3
0.629984201641,601.320795326,3673131.82283,9461.82894682,0.887265318481,1.0,37125.9850889,0.637882695149,0.774295316425,0.00281194148737,0.329114766412,0.590970470232,1.0,1.0,0.897082779768,43.2924441838,0.793585483451,37234.6873707,16257375.5464,7172587936.21,3.32243506211,0.0120135088177,9158.67985079,1.40010180557e-07,Class 3
0.505310110577,587.814543697,7417446.46135,15144.8644294,0.814477211146,1.0,59752.2979296,0.85525156718,1.10718627281,0.0022993686518,0.494737934116,0.507098313678,1.0,1.0,0.832551236841,65.2985693033,0.710710407436,59972.91277,27806267.6879,12969449367.1,3.68038506646,0.0197305837894,14846.7846864,1.36865415327e-07,Class 3
0.539150310066,498.002459604,5823816.8652,12660.1423149,0.863566166311,1.0,49944.0203996,0.799076220637,0.967009919095,0.00257572095716,0.369805683076,0.614119245253,1.0,1.0,0.875453769544,57.1905378551,0.73410107723,50124.3931289,22218815.6111,9928443092.99,2.90930740162,0.0198652375988,12407.0444531,1.15953771812e-07,Class 3
0.478805144736,517.912166623,8421459.54464,16213.9775304,0.807873503843,1.0,64069.2108758,0.897432761154,1.15976690514,0.00223705420023,0.501224453952,0.515662697271,1.0,1.0,0.826776275032,69.8817880723,0.691782859873,64317.0785695,29846732.9158,13924510852.8,3.35035183737,0.0218378073147,15950.3375369,1.20589503183e-07,Class 3
0.489269460113,707.299113891,6735138.40298,13494.1672909,0.831548863001,1.0,53061.6477192,0.862087143985,1.06204318271,0.00234473509134,0.430806044854,0.569737556675,1.0,1.0,0.847046079837,62.6667253062,0.699240943445,53275.0429638,22904759.107,9918873765.44,4.04898792459,-0.00816393015377,13142.425531,1.64685933721e-07,Class 3
0.529623463709,851.766169316,5765155.35584,12637.1938455,0.840979976663,1.0,49510.6542058,0.814319306195,1.00360253079,0.00244317126036,0.425080051646,0.56147314476,1.0,1.0,0.85524941477,57.4049887065,0.727599687256,49695.1812073,21840478.4015,9691104324.69,4.7412236122,0.000224784988272,12211.3022207,1.98323317746e-07,Class 3
0.762219939259,280.228226262,1926896.91775,5895.82029454,0.925032557565,1.0,23255.2452883,0.41898126927,0.511857873358,0.00315665384352,0.234656110804,0.605798553634,1.0,1.0,0.932183909759,26.9439400356,0.873021457736,23299.3838307,10183384.2152,4482146289.29,1.65007710017,0.00422693510555,5754.99938537,6.52477094774e-08,Class 3
0.784744891783,279.63111046,1706437.28631,5387.7773038,0.945587364185,1.0,21230.2337955,0.381781631966,0.452149127219,0.0033478452917,0.182964263289,0.649398225574,1.0,1.0,0.950396054197,24.3844795196,0.885816827383,21266.5642699,9382206.43857,4169083494.65,1.57142407263,0.0057602510642,5246.92377834,6.5108678378e-08,Class 3
0.620056661703,747.036036183,3706156.88107,9520.05515002,0.88475044239,1.0,37209.3009401,0.654529743176,0.791838619697,0.00278715796333,0.335751183543,0.584655294162,1.0,1.0,0.893968331801,43.8808112892,0.787302362957,37322.3865011,16160229.7071,7080444247.43,4.0932227869,0.0122996481626,9144.18041982,1.73938189269e-07,Class 3
0.545218484288,697.633520111,5062901.548,11342.5273977,0.862264574212,1.0,44507.2179148,0.752934197496,0.918989997313,0.00258384862423,0.376698120223,0.575865452365,1.0,1.0,0.87396182445,53.5082573191,0.73814177743,44666.13172,18867820.2855,8030030662.99,3.91230344888,0.00827686560681,10992.542568,1.6243541862e-07,Class 3
0.564226279286,728.531136522,4637661.68604,10793.6491852,0.868098995184,1.0,42302.8052184,0.723861459848,0.867639363115,0.00261510186417,0.349188574023,0.606779455608,1.0,1.0,0.879282118947,50.7883703631,0.750913256885,42447.7491431,17988446.5342,7690243438.54,4.01516267049,-0.00183682998871,10430.2012705,1.69629550082e-07,Class 3
0.671129069129,847.007447224,2756108.83125,7799.77121509,0.886258521926,1.0,30268.7327494,0.566252803562,0.698900770433,0.00284754565386,0.333326450232,0.536046671114,1.0,1.0,0.896161855495,36.3871839979,0.819153418469,30349.6924485,12912369.005,5558442996.21,4.59482885935,0.00284293284684,7375.95550995,1.97215307605e-07,Class 3
0.573822661951,728.627027409,4599258.42238,10868.1683033,0.856629193722,1.0,42599.81263,0.727871389322,0.908364158014,0.00258749889382,0.397440905064,0.543408092327,1.0,1.0,0.869715272122,50.3059817783,0.757388584832,42744.1759717,18410999.7522,7998202991.84,4.12913408913,0.000526127182695,10504.2802363,1.696518771e-07,Class 3
0.771968705642,531.165579663,1600870.15397,5141.46650451,0.942181714096,1.0,19997.8601663,0.392114015017,0.462897775583,0.00333426595938,0.196804636394,0.609303012056,1.0,1.0,0.946722808927,24.2844013335,0.878558552689,20035.0366029,8408002.03598,3563887274.62,2.81267591869,-0.000654265485188,4876.15746243,1.23675398045e-07,Class 4
0.874070241226,367.920744288,914902.039717,3321.09215275,0.967658937154,1.0,12921.7229134,0.215702984577,0.245323886243,0.00355713540515,0.11536270751,0.662551599528,1.0,1.0,0.969792133277,14.1069156676,0.934869907045,12933.4072207,6110820.26342,2936138334.33,1.92352640952,-0.0168203240379,3141.48181413,8.56658380002e-08,Class 4
0.786662208036,859.809467032,1365419.078,4703.16885244,0.922191066925,1.0,17926.0398992,0.380079308775,0.467091402188,0.00318430340632,0.254972602728,0.495412910773,1.0,1.0,0.928172264294,21.9483982712,0.886914690296,17958.5781407,7566767.9393,3240939406.85,4.50964946573,-0.00664255929111,4274.86362501,2.00196101082e-07,Class 4
0.874125262833,374.826533316,760108.709698,2798.50140399,0.959935885238,1.0,10801.7964142,0.234667239177,0.27924255172,0.00350448102154,0.143452247714,0.590220801861,1.0,1.0,0.963101135382,12.971180827,0.934935062114,10813.5117019,4622840.46786,2006249182.28,2.00024758926,0.00647858570063,2609.77261424,8.72737663742e-08,Class 4
0.451244043308,2621.46686105,5937840.34008,12813.4650598,0.793001062812,1.0,48410.6829379,0.872907524228,1.07805404119,0.00214849603343,0.52662077565,0.44582595431,1.0,1.0,0.807573477365,61.4838942099,0.671105898706,48622.6786752,19863070.523,8269912916.87,13.6575026062,0.0120368560507,11500.7832812,6.10376443643e-07,Class 4
0.781824602522,446.960040396,1524448.01176,4915.8251784,0.943852223206,1.0,19182.7925437,0.376764996549,0.439141224746,0.00330123833873,0.189323509186,0.634812502044,1.0,1.0,0.947574503596,23.2550679785,0.884152115368,19216.9707144,8068209.79355,3419366469.84,2.38277299974,0.000289940057337,4692.68433346,1.04069169808e-07,Class 4
0.0223583318039,75.8447246112,372402400.701,48155.7922439,0.732160835082,1.0,191062.802375,1.80737771823,2.15981311972,0.00159868819596,0.525756812089,0.618640871424,1.0,1.0,0.753471665372,207.753063374,0.100420250195,192554.996569,89508857.6416,41730681160.4,1.12753453219,-0.00680327512814,48121.4110166,1.76595149705e-08,Class 4
0.0747917901708,2252.93319651,81310627.9535,32295.1174395,0.645811138218,1.0,125873.651429,1.68103492505,2.07599773461,0.00123891960197,0.697178217108,0.527828717911,1.0,1.0,0.674840547777,150.325225871,0.268144600817,126876.935768,54399414.7924,23568160855.9,12.2659695074,0.0538300321432,31157.1750434,5.24567894672e-07,Class 4
0.382983959539,1253.98581683,10237318.1047,16710.9448908,0.841737730393,1.0,65245.743409,1.01575473019,1.19096020099,0.00239853689667,0.407081200579,0.623996829486,1.0,1.0,0.853153648111,78.0210249978,0.617853574841,65559.2744561,28015746.8883,12108018640.2,6.69876096777,0.0357978238207,16076.9316838,2.91975235174e-07,Class 4
0.686517082926,758.311549822,2670543.12223,7661.54520111,0.888185934765,1.0,29835.0409591,0.542860754465,0.672844205824,0.00286402241259,0.328450490842,0.539321745994,1.0,1.0,0.898333478555,35.2104487012,0.828511858223,29910.1034788,12936137.5116,5651557540.16,4.14465294067,-0.0247306923812,7288.22304861,1.76563554486e-07,Class 4
0.90645090935,864.62262184,349331.526281,1690.60958879,0.956098147466,1.0,5893.6831855,0.17760256604,0.216641348685,0.00353711634172,0.156131095504,0.330017504022,1.0,1.0,0.958504179045,7.95563808531,0.952068673443,5899.05485713,2355035.68997,982242295.856,4.43035574668,-0.00123903223004,1258.67019699,2.01316785215e-07,Class 4
0.896149826223,631.733669968,461317.172214,1952.09650567,0.95790151254,1.0,7164.0398421,0.187130170735,0.226718761218,0.00352281833745,0.14670964373,0.446093022953,1.0,1.0,0.960926585594,9.41179849709,0.946639084354,7170.75569257,2861588.01708,1172364376.02,3.28883024933,0.00721375206324,1634.82902007,1.47091445837e-07,Class 4
0.524631246693,1051.13374598,5061994.0004,11269.111567,0.855968731847,1.0,43799.1897271,0.742945911668,0.898518787631,0.00251963414461,0.382631421191,0.555445420598,1.0,1.0,0.867016693183,54.3511695335,0.723910824429,43958.4592623,18033257.5999,7455743045.16,5.63684084788,0.0786063330727,10727.2559823,2.44743615569e-07,Class 4
0.837844288947,765.990590522,1123785.68854,4114.23748093,0.93829329687,1.0,15675.1057617,0.294630498054,0.362988506171,0.00337688420261,0.21627637136,0.472411316832,1.0,1.0,0.942563585118,17.6119076318,0.91525171575,15695.2246639,7264020.65963,3431459899.22,4.05766549388,-0.0043159803666,3732.44609613,1.78351525039e-07,Class 4
0.770581203131,799.976932934,1506450.27287,5015.96469034,0.917936610478,1.0,19228.8247957,0.397840370037,0.485885802946,0.00314055347298,0.256707355983,0.521990019184,1.0,1.0,0.924757072437,23.6851370428,0.877779949613,19265.618034,8056035.27173,3424726928.14,4.25216532013,-0.00316219268526,4616.59530015,1.86264828511e-07,Class 4
0.630539776538,1210.96026301,3025306.33693,8306.95216281,0.886357869106,1.0,31947.0228994,0.597427855366,0.716783865457,0.00282454508596,0.329875059376,0.541271958391,1.0,1.0,0.894469483205,39.7759257449,0.793811354357,32040.4760267,13232773.1699,5549811340.95,6.35239227695,-0.0287122100599,7707.68967509,2.81957262063e-07,Class 4
0.875466308611,270.510834202,746586.638997,2697.78420132,0.972715059792,1.0,10502.9603321,0.222664365934,0.249688484853,0.00359394962398,0.0996843933124,0.70627635166,1.0,1.0,0.974374905685,12.7948163713,0.935640908696,10513.9067744,4399004.7429,1860019942.98,1.42298779428,0.00792774302841,2560.94892929,6.29851337817e-08,Class 4
0.901802537412,223.976593041,576020.763101,2147.29984323,0.974170211346,1.0,8347.83380861,0.176419697336,0.202502848883,0.00361870716079,0.0959859268652,0.668572797423,1.0,1.0,0.976052193803,10.058404461,0.949618842846,8354.58642328,3555385.44054,1538510937.89,1.19428698636,0.0129935496482,2032.73102359,5.21502058071e-08,Class 4
0.997825013568,19.5075569021,7296.74573778,38.0738090247,0.999007355921,1.0,132.875121555,0.00577656329436,0.0063569397555,0.00388281732703,0.00520436394306,0.529210362687,1.0,1.0,0.999065579779,0.180081552428,0.998911910347,132.873682683,52709.9875834,21824792.4922,0.0996036399965,-0.000108048822865,28.3429230736,4.54209564233e-09,Class 4
0.911791020226,511.338767266,373350.70934,1601.10977146,0.969597591777,1.0,5874.15006601,0.153618952448,0.179460551108,0.003603288624,0.111917473061,0.487160464617,1.0,1.0,0.971430117413,7.86959104335,0.954864911823,5878.71627688,2287899.34931,910885277.246,2.6133958822,0.0177808183477,1341.90584332,1.19058967671e-07,Class 4
0.985200470849,207.704155807,29496.0606868,217.19428672,0.99291302055,1.0,662.060359473,0.0326049818183,0.0367668471557,0.00383414430021,0.0309469666284,0.262568318048,1.0,1.0,0.993144997758,1.04004159065,0.992572322127,662.162498272,235734.478507,90862017.2459,1.02763335071,-0.00127215272348,113.622695682,4.83613681468e-08,Class 4
0.868772325672,1305.09832769,496961.295371,2387.37227321,0.938038730638,1.0,8233.77813025,0.244135009442,0.299016696074,0.00339820081511,0.214574113529,0.287473021376,1.0,1.0,0.941168572786,11.1836004691,0.932063895404,8244.29033549,3283429.12513,1370221349.26,6.61885587699,0.000288854139518,1734.88535857,3.0387615716e-07,Class 4
0.932647833709,295.314445965,306327.92874,1262.66305362,0.977274022708,1.0,4772.29735656,0.121476164546,0.142189266102,0.00367169847325,0.0856694257009,0.557170847555,1.0,1.0,0.97892342298,6.21936028581,0.96572951959,4775.11032226,1892989.62892,763751049.794,1.53877269568,-0.0243489922683,1119.99754257,6.87603509176e-08,Class 4
0.657130703085,2581.22428221,2000870.51732,6819.2475416,0.851475847322,1.0,24614.8655389,0.548601124988,0.680038546987,0.00269385222322,0.424264196109,0.336447234146,1.0,1.0,0.860819047895,32.7112408783,0.810388975762,24685.3241046,9862735.98988,4078460657.8,13.3407143167,0.0116774172531,5526.28049692,6.01006452163e-07,Class 4
0.844012023432,488.216693815,987023.407475,3527.13369835,0.949757101786,1.0,13600.4664142,0.284521469189,0.340817798021,0.0034175560413,0.17209816259,0.577587976461,1.0,1.0,0.953804027651,16.2399340848,0.918682130136,13618.3604645,5873026.01595,2576802684.45,2.60482473286,0.00149259404048,3282.66280189,1.13675276131e-07,Class 4
0.893706063172,290.372599036,678288.687855,2522.85797827,0.967587866183,1.0,9784.46449188,0.19900895871,0.233860427254,0.00357462703899,0.119978844983,0.618578263802,1.0,1.0,0.97014410957,11.2929724828,0.945345756233,9793.06165373,4369234.31478,1985373329.42,1.56001759187,0.00947191816523,2375.76047476,6.76097024016e-08,Class 4
0.887578560407,840.239503518,520092.357851,2250.95018068,0.948964593138,1.0,8163.94670732,0.216551833787,0.268680032493,0.00347797479745,0.181700358942,0.366524544387,1.0,1.0,0.95209846343,10.3800560334,0.942107549301,8172.56677759,3409623.31897,1470911740.75,4.3499326731,-0.0104736773521,1833.16289745,1.95639474825e-07,Class 4
0.436631793434,2105.85724416,7659192.75432,15051.1125206,0.734443799146,1.0,57870.4316158,0.984889521037,1.31409749544,0.00190935935137,0.681840871661,0.370420085747,1.0,1.0,0.758492945895,68.6672297151,0.660630049518,58137.8343584,25236457.9837,11112606386.6,11.6485003475,-0.0440225653723,14008.530726,4.90323060959e-07,Class 4
0.515173744325,3132.93920272,3869040.11634,10201.6775544,0.78155675894,1.0,37544.9180328,0.743025778544,0.946893028239,0.00217804501099,0.559055720646,0.323636213227,1.0,1.0,0.798023219958,49.8374896838,0.717261749631,37690.9307433,14860270.6794,5996546277.49,16.3030242811,-0.0206894492225,8639.88722526,7.29466512479e-07,Class 4
0.858661404613,231.424746981,961367.720053,3349.84826748,0.958138754365,1.0,13137.7804983,0.262773414407,0.310227674968,0.00346480298886,0.143274969457,0.654147048861,1.0,1.0,0.961910826567,15.3157409217,0.926628876727,13153.3311707,5740356.75963,2531071534.13,1.28628594388,0.0165835939536,3230.5962449,5.38844172064e-08,Class 4
0.984435175962,126.916590652,54974.7816709,274.634597567,0.993052984188,1.0,971.63485609,0.0345719176827,0.0402931955698,0.00383277504114,0.0302361885612,0.454015128548,1.0,1.0,0.993483376047,1.30981669707,0.992186821301,971.773921636,384990.971187,158470381.316,0.653731213622,-0.000204152549735,211.22455043,2.95509733092e-08,Class 4
0.883616547905,377.114233125,624883.405052,2354.89317146,0.968736830691,1.0,9046.11627926,0.202000781796,0.23370588396,0.00358592936262,0.113292454304,0.611242249901,1.0,1.0,0.97094174444,11.395189927,0.93997806446,9054.92678539,3694212.88629,1531503698.83,1.97680588133,-0.0155606593693,2169.54214773,8.78064292486e-08,Class 4
0.890033698282,218.772884632,668929.446015,2435.55565964,0.969015052948,1.0,9526.36647363,0.20316163005,0.23726684183,0.0035725726176,0.112766438679,0.654487871947,1.0,1.0,0.971575004899,11.4372654418,0.943406307011,9535.26229943,4044791.01045,1734115691.48,1.18550299713,-0.0141462514117,2329.21169208,5.09385860533e-08,Class 4
0.890239190967,392.095967987,581016.157338,2226.88944844,0.968942560381,1.0,8515.91873675,0.196046227966,0.225562851079,0.00357390582341,0.11330286896,0.614604654053,1.0,1.0,0.970816231621,10.7043561593,0.943504039614,8523.94004713,3490486.70604,1452273961.58,2.0403646512,-0.00908750325775,2033.04463231,9.12947426737e-08,Class 4
0.823166962493,464.933573321,1067096.08519,3689.91471311,0.955968101243,1.0,14288.01361,0.295557187085,0.340194435517,0.0034379011976,0.149319756382,0.637037811739,1.0,1.0,0.958898738445,17.8926966597,0.907222439406,14308.5204306,5837066.30317,2408648626.1,2.44332920685,-0.0169191425593,3461.03648575,1.0825408676e-07,Class 4
0.733464224972,430.936243593,1977796.27743,5924.30209824,0.929171286468,1.0,23238.7567312,0.432911106502,0.512557259836,0.00316237494167,0.220642729485,0.621915133299,1.0,1.0,0.934780478798,28.6023097472,0.856308096603,23287.2045883,9598563.20123,3985757445.43,2.3571062462,-0.0255635913474,5714.29052645,1.00338225026e-07,Class 4
0.745010163723,1739.43909739,1355195.83766,4997.60044432,0.890201507691,1.0,18189.0967788,0.428055866196,0.533221915085,0.00298161389959,0.334650677269,0.361118206907,1.0,1.0,0.897706740048,23.9963600035,0.863060333594,18229.2508524,7274098.91364,2985270878.26,9.0006276605,0.0260023021458,4122.64039506,4.05007084382e-07,Class 4
0.961917972042,233.825529928,157459.861641,710.004499998,0.985590032186,1.0,2603.68895681,0.0773510099782,0.0911580980426,0.00376298738865,0.0593359984241,0.495416373476,1.0,1.0,0.986461802405,3.40193619147,0.980772739119,2604.62929696,1045871.34083,431511018.063,1.21331552428,0.00184714620797,592.727504126,5.44434101042e-08,Class 4
0.994976429798,20.6739662062,24613.2862755,105.478191602,0.998393530304,1.0,401.999777668,0.0123690328928,0.0135845704672,0.00387505241798,0.00836289143634,0.70475154898,1.0,1.0,0.99850694666,0.485927591,0.997485014334,402.008542291,173069.831516,76300438.0171,0.108064025715,-0.000969724611241,95.3374250717,4.8136797594e-09,Class 4
0.954905673493,98.2050462601,263785.386731,1034.74546492,0.988206005466,1.0,4026.25424403,0.091125835412,0.102794912743,0.00376597519817,0.0493592662283,0.712910901884,1.0,1.0,0.989116189898,4.69908728607,0.977190296238,4027.81198769,1766748.07502,786619715.977,0.52367626618,0.0136668186952,982.438431717,2.28658419356e-08,Class 4
0.607567234402,773.629358874,3909461.67274,9852.47932981,0.886018859829,1.0,38522.2656528,0.666558903265,0.794214252047,0.002777740577,0.322085854849,0.612241143805,1.0,1.0,0.894849536264,45.46691317,0.779294804969,38641.6260752,16718448.7102,7316924210.3,4.20708887151,-0.00600621144992,9467.35437408,1.80130118669e-07,Class 4
0.829546025181,1181.77055534,795555.922252,3241.87562087,0.937240513578,1.0,11760.7776934,0.289963295973,0.343440052893,0.00333355060896,0.210594903097,0.427612642106,1.0,1.0,0.940587159341,15.5263633698,0.910733211711,11778.2167788,4721981.76782,1957937110.44,6.03358200851,0.00789842324733,2649.23284033,2.75160796228e-07,Class 4
0.876240668746,228.690661107,765177.776374,2739.77721991,0.97135048543,1.0,10712.3263666,0.224938107735,0.258869890721,0.00359939449832,0.106036098183,0.679110477412,1.0,1.0,0.973628493238,12.9074027018,0.936057901138,10723.4859411,4527040.51916,1929984608.51,1.23129397967,0.00876878637825,2623.79964382,5.32478188052e-08,Class 4
0.903004027458,239.540713231,571341.52795,2139.94398008,0.970165492324,1.0,8308.12777422,0.184125582582,0.218061368771,0.00359357738318,0.113171834576,0.610784586857,1.0,1.0,0.972579377797,9.98863587004,0.950259534358,8315.13844175,3533815.18902,1521473543.54,1.27884632091,0.00593345495613,2018.97745309,5.57741205209e-08,Class 4
0.953924736474,284.605190687,241954.714764,1046.76508354,0.982534622769,1.0,3899.33717923,0.0947505275929,0.111535099469,0.00374244203156,0.0714303510233,0.513229613793,1.0,1.0,0.983632430523,4.54986643211,0.976686430371,3900.91048826,1764780.99512,822147883.521,1.46694466163,0.00145621579359,904.111854965,6.62668320227e-08,Class 4
0.590037177155,2186.49698006,3171608.28264,8887.29314241,0.8420305034,1.0,33218.60263,0.672654637551,0.840831867483,0.00255946814178,0.462084443236,0.387562911178,1.0,1.0,0.852865381598,42.7159244418,0.767941534185,33331.7476128,13452614.043,5533518996.83,11.2599850143,0.0369304361046,7786.64636109,5.09099035566e-07,Class 4
0.935532331756,276.465589436,388781.389598,1557.83261823,0.97913792032,1.0,5970.91069949,0.129836168375,0.152185467494,0.00370365954615,0.0837719076615,0.592362178966,1.0,1.0,0.980665980142,6.7677048041,0.967222656589,5974.19718376,2734044.48028,1275941090.34,1.43144818,-0.0192967596212,1424.48575602,6.43716255877e-08,Class 4
0.845433818378,1322.276049,604523.711659,2721.44286638,0.935129228336,1.0,9543.83059127,0.264170913967,0.318338824268,0.00335417687023,0.210623377574,0.347322672896,1.0,1.0,0.938957195831,13.211363044,0.919435757102,9557.30824234,3687800.79955,1478084979.61,6.73903440188,0.00761119798454,2058.86124685,3.07875779127e-07,Class 4
0.970968759042,196.659206411,130510.604268,594.220604345,0.988554899389,1.0,2177.01022527,0.0640301369154,0.0753554556536,0.00379425206175,0.0499076999174,0.485181346618,1.0,1.0,0.989255784792,2.7031936843,0.985377030666,2177.61405509,924971.211816,405404035.936,0.998058378942,0.00307640517766,495.259815611,4.57896869889e-08,Class 4
0.892369061603,579.242587525,609530.874079,2434.46397555,0.961734545673,1.0,9157.83106067,0.199267908104,0.237116833143,0.00355878393068,0.141270959227,0.508990763663,1.0,1.0,0.964288510632,10.8138823734,0.944612761706,9166.07291906,4077257.42835,1865491583.72,2.9943684302,-0.00818347667449,2146.79205108,1.34869540346e-07,Class 4
0.646196824175,532.669815828,3545707.10662,9329.10494989,0.903083390058,1.0,36652.6815236,0.612384411694,0.719981262645,0.00291179718162,0.277366597889,0.653850580336,1.0,1.0,0.910998632382,41.8871090696,0.8037420728,36753.6016483,16391107.5722,7390469831.77,2.93596342629,0.033668881939,9055.56018591,1.24025641008e-07,Class 4
0.556515098183,412.27450265,5316346.51381,11868.9926312,0.885966679819,1.0,46896.4218491,0.751898982758,0.880453130262,0.00271198763928,0.30972422722,0.664999935903,1.0,1.0,0.894859470818,54.2504973504,0.745773607853,47057.3248051,20609940.4634,9088135460.46,2.36356094171,0.00783489705499,11661.6863924,9.59930672676e-08,Class 4
0.887956298014,278.363993137,788994.856965,2889.8431456,0.969897114093,1.0,11249.7026474,0.204063364297,0.232899457667,0.00357123194792,0.110051765351,0.672551576153,1.0,1.0,0.971959069295,12.4581009469,0.942299756754,11259.4407189,5210787.95394,2443131650.07,1.47038484927,0.0215283207367,2745.36649509,6.48136456326e-08,Class 4
0.950467929329,120.947743463,326202.076515,1268.29439022,0.988142522957,1.0,4958.79761356,0.0965096817429,0.106726716231,0.00376914589467,0.047982034876,0.747285312337,1.0,1.0,0.989081723646,5.44539570845,0.974908782903,4960.72032548,2318941.8032,1100171586.13,0.637238293806,-0.00837242637477,1209.9856724,2.8161200364e-08,Class 4
0.975080145393,72.3230953001,144409.848778,583.136599609,0.991692062014,1.0,2267.08315184,0.0547931865415,0.0637309445726,0.00381295459249,0.0365531619196,0.64954260496,1.0,1.0,0.992406210448,2.59988706455,0.987460906959,2267.5687885,1017780.68464,464876189.529,0.39217270437,-0.00783381113717,548.831719659,1.6839546728e-08,Class 4
0.950786645839,220.544351056,209663.161965,888.693330069,0.986266916929,1.0,3339.15504834,0.0855908811524,0.096557349146,0.00375194544817,0.0540974065595,0.601720090824,1.0,1.0,0.987010825737,4.43564525237,0.975073842412,3340.52777281,1299354.33294,514353877.884,1.13762053688,-0.00784467031535,780.030493658,5.13510503082e-08,Class 4
0.865647161624,399.623250586,761396.588429,2793.82459125,0.970130769207,1.0,10756.0856446,0.217839400657,0.244058104337,0.00357893224525,0.107284430819,0.660341556983,1.0,1.0,0.971714044225,13.3814291764,0.93032425506,10767.280092,4459300.10455,1883616943.52,2.07911454261,0.0114591477717,2592.01873751,9.30473782121e-08,Class 4
0.914376881541,1041.25526996,232495.154762,1367.97579407,0.960134725367,1.0,4429.79803515,0.160284021961,0.188976273945,0.00356866576743,0.145266504582,0.24697549711,1.0,1.0,0.9618556475,6.56842639649,0.956221223178,4433.77839709,1638982.07246,643048432.183,5.15434041352,-0.0037404439232,848.182082356,2.42443533446e-07,Class 4
0.969090024024,313.794069803,93947.9469876,516.246495791,0.986302072732,1.0,1740.92081477,0.0638747633854,0.0741850674533,0.00377668488358,0.0558498327332,0.370935999204,1.0,1.0,0.986997713542,2.46000727565,0.984422508905,1741.46845012,668154.494808,269278848.564,1.57861284858,0.0105350317088,356.937798627,7.3063104939e-08,Class 4
0.994307896474,77.4729421857,8916.4702427,72.6609659934,0.99766598387,1.0,215.714320994,0.01114258692,0.0120062272084,0.00387134004259,0.00960696123071,0.304748750844,1.0,1.0,0.997705205005,0.36929730258,0.997149465728,215.71917704,70438.3932471,25017816.088,0.39274498306,-0.00322137520632,34.56442859,1.80386254858e-08,Class 4
0.948414667731,561.601649509,142176.212957,813.292211548,0.976757561433,1.0,2688.011617,0.0978726069304,0.11420845395,0.00369886983218,0.0872134195569,0.311493819903,1.0,1.0,0.977874620551,3.95721538094,0.973860872209,2689.42764795,995653.899512,389113083.576,2.83185322735,0.00258394144731,531.987400096,1.30762064043e-07,Class 4
0.955565057051,484.059162975,112154.998571,664.013947703,0.98088005164,1.0,2171.63829504,0.0793661359143,0.0910560550043,0.00372911800027,0.0694032171283,0.326086277361,1.0,1.0,0.98174768985,3.29941577621,0.977522587091,2172.57639787,780227.357862,296213578.336,2.45636565025,-0.000742767787333,422.15507015,1.12707246008e-07,Class 4
0.736339679482,475.896919251,2068430.82825,6247.44919657,0.92269253022,1.0,24442.7115334,0.455926828496,0.541212551976,0.00312393418912,0.233678063142,0.630047077372,1.0,1.0,0.929550169881,29.0641869733,0.858045565112,24494.6000397,10495278.6208,4545242475.79,2.60235752758,0.0239428590044,6004.90282882,1.10806767551e-07,Class 4
0.978992072263,128.846512032,85995.8614225,393.577494324,0.992773285014,1.0,1442.96013489,0.0441656484317,0.049803454263,0.00382412216291,0.031713970483,0.569465026458,1.0,1.0,0.993211904945,1.87215272348,0.989439449222,1443.2304799,586381.657475,246010768.917,0.657577534532,0.00251715750152,328.610602902,3.00003318594e-08,Class 4
0.996133573596,43.4542698289,10407.9437413,62.2137189139,0.998330704967,1.0,204.967481871,0.00970219306612,0.0105885370132,0.00387676907044,0.00866144405976,0.437708842344,1.0,1.0,0.998398603875,0.297272174442,0.998064894449,204.969695787,77068.3878139,30656225.0609,0.214840152897,0.000540787073234,40.3811636695,1.0117794382e-08,Class 4
0.829753370701,574.392851403,937044.934041,3362.55962485,0.959581148966,1.0,12847.707595,0.269432845035,0.307903311709,0.00349000745035,0.13947499487,0.602277769381,1.0,1.0,0.962023532562,16.5867241117,0.910818999218,12864.9927599,5104807.62049,2050254060.33,2.96944553036,0.0132889192946,3072.77954565,1.33740338702e-07,Class 4
0.75713711872,769.030367692,1491410.78627,4882.16017783,0.950420059708,1.0,18710.1078786,0.354335683499,0.396397039697,0.00337948584088,0.157661320792,0.64091536412,1.0,1.0,0.952648045833,24.2223715359,0.869841890366,18743.556839,7406664.65157,2959366220.54,3.96595756233,0.0199694857093,4493.82083985,1.79059299914e-07,Class 4
0.669600818837,602.200452828,3070786.43738,8438.0330444,0.889397485348,1.0,33062.2320428,0.577859186897,0.7140346707,0.00287133005209,0.326388988868,0.563829899434,1.0,1.0,0.899522068454,38.2513101598,0.818216271393,33149.1183131,14614193.1515,6516543010.78,3.39978173052,0.000813895404396,8137.02828816,1.4021499803e-07,Class 4
0.722063196395,797.120081878,2100463.5296,6437.56555731,0.915267635984,1.0,24885.1355791,0.472654492241,0.562299136755,0.00306790136369,0.26229838198,0.580265782538,1.0,1.0,0.921550554852,29.9594719182,0.849643818956,24940.6179204,10656501.6097,4631138419.93,4.21488250369,0.0157007427678,6036.10850274,1.85599645742e-07,Class 4
0.382983959539,1253.98581683,10237318.1047,16710.9448908,0.841737730393,1.0,65245.743409,1.01575473019,1.19096020099,0.00239853689667,0.407081200579,0.623996829486,1.0,1.0,0.853153648111,78.0210249978,0.617853574841,65559.2744561,28015746.8883,12108018640.2,6.69876096777,0.0357978238207,16076.9316838,2.91975235174e-07,Class 4
0.90645090935,864.62262184,349331.526281,1690.60958879,0.956098147466,1.0,5893.6831855,0.17760256604,0.216641348685,0.00353711634172,0.156131095504,0.330017504022,1.0,1.0,0.958504179045,7.95563808531,0.952068673443,5899.05485713,2355035.68997,982242295.856,4.43035574668,-0.00123903223004,1258.67019699,2.01316785215e-07,Class 4
0.896149826223,631.733669968,461317.172214,1952.09650567,0.95790151254,1.0,7164.0398421,0.187130170735,0.226718761218,0.00352281833745,0.14670964373,0.446093022953,1.0,1.0,0.960926585594,9.41179849709,0.946639084354,7170.75569257,2861588.01708,1172364376.02,3.28883024933,0.00721375206324,1634.82902007,1.47091445837e-07,Class 4
0.997825013568,19.5075569021,7296.74573778,38.0738090247,0.999007355921,1.0,132.875121555,0.00577656329436,0.0063569397555,0.00388281732703,0.00520436394306,0.529210362687,1.0,1.0,0.999065579779,0.180081552428,0.998911910347,132.873682683,52709.9875834,21824792.4922,0.0996036399965,-0.000108048822865,28.3429230736,4.54209564233e-09,Class 4
0.985200470849,207.704155807,29496.0606868,217.19428672,0.99291302055,1.0,662.060359473,0.0326049818183,0.0367668471557,0.00383414430021,0.0309469666284,0.262568318048,1.0,1.0,0.993144997758,1.04004159065,0.992572322127,662.162498272,235734.478507,90862017.2459,1.02763335071,-0.00127215272348,113.622695682,4.83613681468e-08,Class 4
0.868772325672,1305.09832769,496961.295371,2387.37227321,0.938038730638,1.0,8233.77813025,0.244135009442,0.299016696074,0.00339820081511,0.214574113529,0.287473021376,1.0,1.0,0.941168572786,11.1836004691,0.932063895404,8244.29033549,3283429.12513,1370221349.26,6.61885587699,0.000288854139518,1734.88535857,3.0387615716e-07,Class 4
0.657130703085,2581.22428221,2000870.51732,6819.2475416,0.851475847322,1.0,24614.8655389,0.548601124988,0.680038546987,0.00269385222322,0.424264196109,0.336447234146,1.0,1.0,0.860819047895,32.7112408783,0.810388975762,24685.3241046,9862735.98988,4078460657.8,13.3407143167,0.0116774172531,5526.28049692,6.01006452163e-07,Class 4
0.515173744325,3132.93920272,3869040.11634,10201.6775544,0.78155675894,1.0,37544.9180328,0.743025778544,0.946893028239,0.00217804501099,0.559055720646,0.323636213227,1.0,1.0,0.798023219958,49.8374896838,0.717261749631,37690.9307433,14860270.6794,5996546277.49,16.3030242811,-0.0206894492225,8639.88722526,7.29466512479e-07,Class 4
0.858661404613,231.424746981,961367.720053,3349.84826748,0.958138754365,1.0,13137.7804983,0.262773414407,0.310227674968,0.00346480298886,0.143274969457,0.654147048861,1.0,1.0,0.961910826567,15.3157409217,0.926628876727,13153.3311707,5740356.75963,2531071534.13,1.28628594388,0.0165835939536,3230.5962449,5.38844172064e-08,Class 4
0.781824602522,446.960040396,1524448.01176,4915.8251784,0.943852223206,1.0,19182.7925437,0.376764996549,0.439141224746,0.00330123833873,0.189323509186,0.634812502044,1.0,1.0,0.947574503596,23.2550679785,0.884152115368,19216.9707144,8068209.79355,3419366469.84,2.38277299974,0.000289940057337,4692.68433346,1.04069169808e-07,Class 4
0.890033698282,218.772884632,668929.446015,2435.55565964,0.969015052948,1.0,9526.36647363,0.20316163005,0.23726684183,0.0035725726176,0.112766438679,0.654487871947,1.0,1.0,0.971575004899,11.4372654418,0.943406307011,9535.26229943,4044791.01045,1734115691.48,1.18550299713,-0.0141462514117,2329.21169208,5.09385860533e-08,Class 4
0.823166962493,464.933573321,1067096.08519,3689.91471311,0.955968101243,1.0,14288.01361,0.295557187085,0.340194435517,0.0034379011976,0.149319756382,0.637037811739,1.0,1.0,0.958898738445,17.8926966597,0.907222439406,14308.5204306,5837066.30317,2408648626.1,2.44332920685,-0.0169191425593,3461.03648575,1.0825408676e-07,Class 4
0.994976429798,20.6739662062,24613.2862755,105.478191602,0.998393530304,1.0,401.999777668,0.0123690328928,0.0135845704672,0.00387505241798,0.00836289143634,0.70475154898,1.0,1.0,0.99850694666,0.485927591,0.997485014334,402.008542291,173069.831516,76300438.0171,0.108064025715,-0.000969724611241,95.3374250717,4.8136797594e-09,Class 4
0.954905673493,98.2050462601,263785.386731,1034.74546492,0.988206005466,1.0,4026.25424403,0.091125835412,0.102794912743,0.00376597519817,0.0493592662283,0.712910901884,1.0,1.0,0.989116189898,4.69908728607,0.977190296238,4027.81198769,1766748.07502,786619715.977,0.52367626618,0.0136668186952,982.438431717,2.28658419356e-08,Class 4
0.451244043308,2621.46686105,5937840.34008,12813.4650598,0.793001062812,1.0,48410.6829379,0.872907524228,1.07805404119,0.00214849603343,0.52662077565,0.44582595431,1.0,1.0,0.807573477365,61.4838942099,0.671105898706,48622.6786752,19863070.523,8269912916.87,13.6575026062,0.0120368560507,11500.7832812,6.10376443643e-07,Class 4
0.812623895917,1095.66866258,911900.285122,3516.6345884,0.927743401717,1.0,12959.5819383,0.302778908262,0.366150718246,0.00324834679488,0.224779394087,0.437805017349,1.0,1.0,0.932938037845,17.2687309964,0.901392146642,12979.8651065,5087480.09032,2041088585.1,5.67073451481,-0.0107647033273,2971.18400769,2.55113025313e-07,Class 4
0.630864791208,366.801145643,3608093.29588,9114.79407696,0.912662417741,1.0,36064.1837045,0.600171896086,0.718165728006,0.00308235533433,0.271811968805,0.634792086424,1.0,1.0,0.920793697124,42.8685263009,0.793932977152,36165.3978566,15374143.6498,6567208315.43,2.20009230301,-0.0840646989836,8949.98407284,8.54051531717e-08,Class 4
0.168901696955,2728.65009122,29218299.595,24540.8984183,0.637618374791,1.0,94770.6358993,1.39989575267,1.80893186374,0.00124405772229,0.763996513895,0.414862245761,1.0,1.0,0.670216543618,116.796112414,0.409053296846,95419.0359005,39675683.9305,16658506446.1,14.7084419251,0.0184291112849,23173.5089067,6.35332745713e-07,Class 4
0.831011065244,696.010201112,883900.243536,3262.62738107,0.954453364959,1.0,12330.5063867,0.266874211112,0.306032710581,0.00344879665889,0.152526477488,0.567005248489,1.0,1.0,0.957137398814,16.1130125532,0.911516158457,12347.1322843,4867365.03521,1948092888.75,3.59479410998,0.00866236643211,2912.90638845,1.62057448678e-07,Class 4
0.829753370701,574.392851403,937044.934041,3362.55962485,0.959581148966,1.0,12847.707595,0.269432845035,0.307903311709,0.00349000745035,0.13947499487,0.602277769381,1.0,1.0,0.962023532562,16.5867241117,0.910818999218,12864.9927599,5104807.62049,2050254060.33,2.96944553036,0.0132889192946,3072.77954565,1.33740338702e-07,Class 4
0.952420706139,42.9248924941,312980.422821,1174.81861602,0.986640412854,1.0,4684.56069238,0.0958453936674,0.112089112343,0.00376304726873,0.0536366549532,0.706041700966,1.0,1.0,0.988080738553,5.26902256537,0.975918686474,4686.40695629,2102645.86777,948467175.589,0.268036009035,-0.0332752367301,1160.91166493,9.99453535487e-09,Class 4
0.137947860394,5290.37344171,34011939.9084,27665.9007527,0.475807428287,1.0,104557.735682,1.62594152644,2.24893108465,0.000733120193167,1.18145888526,0.234409939495,1.0,1.0,0.518168200962,125.150900769,0.370401138042,105365.133278,45840964.7794,20330643630.8,28.411047042,0.0127003518374,25019.6676853,1.23179864483e-06,Class 4
0.288671718938,365.995497785,20247467.4011,23339.6711955,0.925346849149,1.0,92475.2820695,1.01391153624,1.0858664702,0.00306977902993,0.219435221356,0.807975181295,1.0,1.0,0.930501932979,104.851033794,0.518855876987,92896.2162101,41715877.5259,18965656139.3,2.01557206151,0.0964447050647,23133.3743115,8.52175679376e-08,Class 4
0.910981865313,388.977850534,427385.752785,1724.28381723,0.972074941438,1.0,6503.25973776,0.160380784672,0.186732439146,0.00362495291582,0.103295002258,0.560149427164,1.0,1.0,0.974050486127,8.37377236991,0.95444357571,6508.34436514,2610208.10372,1064833535.68,2.0088187386,-0.000225327947181,1529.90703349,9.05687272241e-08,Class 4
0.777908557254,545.507882677,1473125.36751,4795.77329083,0.938142372344,1.0,18612.6370676,0.370862489011,0.439268851213,0.00328343047477,0.202306316153,0.593227291123,1.0,1.0,0.943003291375,23.0803606333,0.881917296499,18646.0168883,7673195.07207,3192862735.8,2.89505364434,-0.0102548649118,4525.30755147,1.27014827597e-07,Class 4
0.959573826932,30.8258394145,216726.017001,827.195851129,0.99593518415,1.0,3268.55035747,0.0721311059408,0.0759224511902,0.00384132347342,0.0201033390146,0.842770383029,1.0,1.0,0.996128693595,4.06514040917,0.979569542177,3269.59107227,1322056.78658,536107260.382,0.163881287464,0.0102190296238,809.723051863,7.17741906782e-09,Class 4
0.914376881541,1041.25526996,232495.154762,1367.97579407,0.960134725367,1.0,4429.79803515,0.160284021961,0.188976273945,0.00356866576743,0.145266504582,0.24697549711,1.0,1.0,0.9618556475,6.56842639649,0.956221223178,4433.77839709,1638982.07246,643048432.183,5.15434041352,-0.0037404439232,848.182082356,2.42443533446e-07,Class 4
0.932163501671,785.918153288,189274.780273,1092.92234783,0.9685025227,1.0,3582.09592972,0.129442925006,0.152357480342,0.00363523807286,0.116617951845,0.277920150952,1.0,1.0,0.969939499626,5.23792296499,0.965479758492,3584.62759847,1343503.04156,533944323.042,3.92607180089,0.00136228390236,699.71826731,1.82991413902e-07,Class 4
0.960467275762,40.6539625141,268811.77877,1027.72063691,0.990028994481,1.0,4061.2444163,0.0797617568984,0.089125798116,0.00378608006877,0.0418903701584,0.774044279505,1.0,1.0,0.991014218085,4.45166634089,0.980026713578,4062.51929174,1879940.37009,878349005.479,0.233443011033,0.00639008339849,1005.50109569,9.46577712963e-09,Class 4
0.173222966247,4933.53733168,25603378.1773,25066.1226249,0.503367395715,1.0,94671.9912354,1.52315084048,2.10494868011,0.000840402360944,1.11467989437,0.245680527613,1.0,1.0,0.544462390882,114.632829467,0.415387455477,95364.5013943,41027866.1663,17995065351.3,26.738676049,-0.0357733906698,22608.6365694,1.14871372812e-06,Class 4
0.852820299139,328.621135218,892238.680354,3154.0316417,0.962684865855,1.0,12257.7768388,0.25215141855,0.28982852182,0.00349828381991,0.130727213867,0.657651289767,1.0,1.0,0.965372029123,15.0763622839,0.923451481192,12272.4482877,5090729.55944,2136993442.25,1.7383839371,0.0181864086526,2986.07455695,7.65154054782e-08,Class 4
0.904881313442,571.048500347,396254.384296,1704.74228675,0.965450433685,1.0,6230.21457549,0.160498927419,0.188210624645,0.00357127315676,0.117923588565,0.491169368345,1.0,1.0,0.967793588192,8.40397500217,0.951232516723,6235.3215683,2417834.49943,960736591.182,2.94081639302,0.0155237381635,1416.13390778,1.3296164753e-07,Class 4
0.531960467532,2876.92245895,3647095.91187,9769.58991251,0.801991176526,1.0,36071.2107121,0.705327997255,0.884622154111,0.0022869675185,0.502962619362,0.361125326304,1.0,1.0,0.816830793741,47.8973069238,0.728841977239,36204.349741,14237931.8764,5722906149.49,14.9104834506,-0.00441534184693,8332.23100295,6.69856150092e-07,Class 4
0.904881313442,571.048500347,396254.384296,1704.74228675,0.965450433685,1.0,6230.21457549,0.160498927419,0.188210624645,0.00357127315676,0.117923588565,0.491169368345,1.0,1.0,0.967793588192,8.40397500217,0.951232516723,6235.3215683,2417834.49943,960736591.182,2.94081639302,0.0155237381635,1416.13390778,1.3296164753e-07,Class 4
0.723884349416,250.82607723,2267473.73342,6551.8412002,0.948278748096,1.0,25913.1440272,0.450895904475,0.512768172776,0.00334071747441,0.168716463595,0.712601632821,1.0,1.0,0.952595624326,30.9272587091,0.85065698028,25967.7542014,10983265.2765,4666140270.12,1.39433585266,-0.0126053340283,6429.473635,5.8401779274e-08,Class 4
0.988323270455,73.6535346625,40952.1162161,197.09563974,0.996604124025,1.0,704.66646034,0.0223838166005,0.0244720588535,0.00385702148578,0.0155599445693,0.592169985423,1.0,1.0,0.996723046036,0.978352771262,0.994143645209,704.723043892,265871.844556,102956036.86,0.375407219182,0.0126058769872,157.77500543,1.71493232347e-08,Class 4
0.988323270455,73.6535346625,40952.1162161,197.09563974,0.996604124025,1.0,704.66646034,0.0223838166005,0.0244720588535,0.00385702148578,0.0155599445693,0.592169985423,1.0,1.0,0.996723046036,0.978352771262,0.994143645209,704.723043892,265871.844556,102956036.86,0.375407219182,0.0126058769872,157.77500543,1.71493232347e-08,Class 4
0.540332564296,3080.00568261,3424750.3933,9529.23805801,0.800036542763,1.0,34872.61587,0.706332948741,0.889367037561,0.00230464699977,0.516567140241,0.339831935249,1.0,1.0,0.81481769375,46.4604275258,0.734652723482,35001.9312595,13772133.8901,5550757922.01,15.9082258275,0.0431527452002,7980.84435106,7.17141590797e-07,Class 4
0.883361237799,183.060680002,727838.244084,2610.78939028,0.96930910718,1.0,10225.2331393,0.212225790348,0.243939975552,0.00356069870416,0.109680411861,0.693728713889,1.0,1.0,0.971803022809,12.2425142255,0.939859699418,10235.198291,4346197.68329,1864912011.05,1.00021392581,0.0298969463991,2513.13003214,4.26234367067e-08,Class 4
0.672756407342,1190.35729302,2351661.79777,6964.56596141,0.880235287495,1.0,26650.4351168,0.519843363064,0.644732016957,0.00283254145257,0.344742045733,0.473374063242,1.0,1.0,0.889880241198,33.9039744592,0.820041699244,26719.6044659,10795258.3514,4421803292.27,6.35654591261,-0.0630212405525,6382.57665277,2.77160112904e-07,Class 4
0.830673227508,329.33747611,1094637.04783,3740.85823998,0.948191385933,1.0,14583.7102765,0.294875719532,0.349997468599,0.00337080495182,0.169077721156,0.627910750216,1.0,1.0,0.952814317835,17.7201834115,0.911384762401,14603.9706375,6123152.93713,2595665371.7,1.80336525932,0.0381368908001,3568.79671401,7.66821966791e-08,Class 4
0.830673227508,329.33747611,1094637.04783,3740.85823998,0.948191385933,1.0,14583.7102765,0.294875719532,0.349997468599,0.00337080495182,0.169077721156,0.627910750216,1.0,1.0,0.952814317835,17.7201834115,0.911384762401,14603.9706375,6123152.93713,2595665371.7,1.80336525932,0.0381368908001,3568.79671401,7.66821966791e-08,Class 4
0.702494756616,693.096198202,2209343.65079,6511.60999314,0.924005862972,1.0,25295.2659937,0.473275345,0.547601972739,0.00309747030631,0.22769020715,0.632666441659,1.0,1.0,0.928816297417,31.5554800843,0.837965858744,25353.7936793,10359677.0413,4273565846.13,3.65957236556,0.00119722439406,6165.4208822,1.61378958799e-07,Class 4
0.954156151544,342.164591478,169349.438257,807.065622197,0.983619526685,1.0,2877.32465777,0.086831320722,0.0993076810351,0.00374429457013,0.0646157885195,0.476965703885,1.0,1.0,0.984409961126,3.8972053905,0.976803709495,2878.54898942,1131078.57916,461528043.076,1.74815719746,0.00902452002432,634.126531144,7.96688333506e-08,Class 4
0.706640455824,2301.44896621,1426180.59011,5355.90901679,0.877801691964,1.0,19039.2341915,0.439347327969,0.536293891226,0.0028730960712,0.340435290908,0.336144643885,1.0,1.0,0.885578536015,26.426308531,0.840392885066,19084.6567165,7281194.05311,2866442042.29,11.7905438276,0.046133046651,4196.00837786,5.35864197291e-07,Class 4
0.862081969097,163.043702763,858785.110886,2975.34230041,0.98261615081,1.0,11718.7680748,0.231966304061,0.251390944746,0.00370405772415,0.0684197092986,0.787858945772,1.0,1.0,0.983788842444,14.3624169273,0.928413039701,11731.591889,4839072.9768,2008010360.46,0.862799713318,0.00803959256363,2892.24923769,3.79627287796e-08,Class 4
0.636861412016,546.101935106,3539074.23628,9168.7121699,0.897744854018,1.0,36066.7782257,0.617499614273,0.742411442133,0.00288704076148,0.308184520923,0.604688846143,1.0,1.0,0.906014191777,42.2609558249,0.797883546173,36169.4608218,15701509.1941,6885368849.74,3.02950221527,-0.0469996090696,8906.16987012,1.27153145428e-07,Class 4
0.812623895917,1095.66866258,911900.285122,3516.6345884,0.927743401717,1.0,12959.5819383,0.302778908262,0.366150718246,0.00324834679488,0.224779394087,0.437805017349,1.0,1.0,0.932938037845,17.2687309964,0.901392146642,12979.8651065,5087480.09032,2041088585.1,5.67073451481,-0.0107647033273,2971.18400769,2.55113025313e-07,Class 4
0.758021177306,418.115560116,1701064.44099,5288.90918297,0.950687489481,1.0,20685.1508534,0.390625515803,0.438859301495,0.00334362798452,0.159882020893,0.698671172292,1.0,1.0,0.953494169458,25.5926456216,0.870492355139,20724.1871176,8502971.14507,3515452072.05,2.21367930675,0.0167562548866,5076.71781665,9.73530859413e-08,Class 4
0.76938996735,760.256886891,1395139.5514,4649.49825788,0.934195349118,1.0,17804.411422,0.351969479227,0.412118153817,0.00323007344723,0.201022385758,0.57458403747,1.0,1.0,0.938618001312,22.9424170359,0.877016549388,17835.8707723,7089830.54872,2851586197.33,3.96897749978,0.00180479541308,4269.08269373,1.77016502391e-07,Class 4
0.94539113295,228.001646251,240990.218684,1003.99982403,0.984917176996,1.0,3792.77066019,0.0952607989144,0.107388617628,0.00373458062243,0.0592481011463,0.617797022298,1.0,1.0,0.985707196465,4.99068608288,0.972302580141,3794.50735464,1487160.30833,592582372.067,1.17834897055,-0.00830727130571,891.665401572,5.30873901371e-08,Class 4
0.765511688285,666.204217705,1478111.13015,4824.03477422,0.949266025514,1.0,18583.2132125,0.359147698519,0.404417968985,0.0033589059029,0.162070687601,0.651953315186,1.0,1.0,0.951903605478,23.713173269,0.874758926244,18616.4093762,7450389.72574,3012121612.74,3.45425896968,0.0160835287985,4487.73653353,1.55117490587e-07,Class 4
0.75713711872,769.030367692,1491410.78627,4882.16017783,0.950420059708,1.0,18710.1078786,0.354335683499,0.396397039697,0.00337948584088,0.157661320792,0.64091536412,1.0,1.0,0.952648045833,24.2223715359,0.869841890366,18743.556839,7406664.65157,2959366220.54,3.96595756233,0.0199694857093,4493.82083985,1.79059299914e-07,Class 4
0.944597469514,535.497525193,172545.961108,906.6212481,0.975058926411,1.0,3104.22461125,0.104792372875,0.123956289622,0.00368392757464,0.0925036250587,0.343245985156,1.0,1.0,0.976480023814,4.42729617323,0.97189970463,3105.93112533,1173974.8545,464196037.696,2.71626161932,-0.0180039744592,642.642973026,1.24684038492e-07,Class 4
0.848792601692,282.285081661,920030.673051,3205.83442703,0.962408391252,1.0,12508.6171401,0.25777517822,0.297732644122,0.00348660755864,0.133847373794,0.654845903727,1.0,1.0,0.965032724184,15.5053883242,0.921265528625,12524.0538267,5127615.77995,2115575995.66,1.5096842151,0.02019807141,3060.56330684,6.57266230591e-08,Class 4
0.987945269396,80.2025736252,42559.3037078,204.414203386,0.996651068184,1.0,735.836413272,0.0244977697733,0.0265550326417,0.0038592554708,0.0148387398625,0.615895989002,1.0,1.0,0.996770632587,1.01179523934,0.993953609591,735.903402472,281804.636705,111091208.146,0.40914125619,0.00183520111198,163.933096603,1.86741867265e-08,Class 4
0.829546025181,1181.77055534,795555.922252,3241.87562087,0.937240513578,1.0,11760.7776934,0.289963295973,0.343440052893,0.00333355060896,0.210594903097,0.427612642106,1.0,1.0,0.940587159341,15.5263633698,0.910733211711,11778.2167788,4721981.76782,1957937110.44,6.03358200851,0.00789842324733,2649.23284033,2.75160796228e-07,Class 4
0.986659876185,163.067950222,25666.1484782,180.36546831,0.995079986038,1.0,558.764935737,0.0234110273852,0.0253578514818,0.00384883642507,0.01847212791,0.336434657952,1.0,1.0,0.995151576743,0.912027625749,0.993305316654,558.821353847,188994.306292,68469280.9419,0.826574580836,-0.000538615237599,98.9454608635,3.79683745034e-08,Class 4
0.717728787028,410.342969768,2247624.29557,6549.96860465,0.933607496395,1.0,25740.7944074,0.46568213463,0.544513540671,0.00319506925926,0.218322846316,0.641648658986,1.0,1.0,0.938322160535,31.0926277039,0.84705390496,25797.5230889,10830597.9502,4583018779.31,2.22381200591,-0.00967769959169,6347.03792568,9.55433334988e-08,Class 4
0.941656603828,374.516706846,238724.966365,1069.75496398,0.979070676413,1.0,3903.228972,0.111836381636,0.130625213094,0.00370247086424,0.0834186977539,0.481024432672,1.0,1.0,0.980202766861,5.17043100078,0.970384849275,3905.36791887,1548678.49418,631893635.968,1.92267287812,-0.00113967074972,882.753181739,8.72016270762e-08,Class 4
0.910975208942,258.515507992,491932.086691,1884.37098283,0.976143794464,1.0,7272.78464181,0.165470631898,0.190204682358,0.00364833773053,0.0917220289813,0.643571173774,1.0,1.0,0.977749000379,8.90925364868,0.954439232039,7278.37578746,3048826.42934,1296758360.06,1.36074298497,0.000816067240031,1755.03465815,6.01921690256e-08,Class 4
0.900559286718,509.959723308,469560.862858,1925.335163,0.960940205657,1.0,7170.49738126,0.181219317349,0.219873358463,0.0035426096639,0.138165823088,0.476609027538,1.0,1.0,0.963984086063,9.26180718443,0.948969463991,7176.88884388,2888496.13976,1187318423.85,2.66628442359,0.0176852575797,1666.80462275,1.1873787418e-07,Class 4
0.837232364903,394.382610112,949585.544381,3331.38745849,0.961739226208,1.0,12883.9617214,0.260530690358,0.296744636039,0.00348013345895,0.132195657957,0.650665022619,1.0,1.0,0.964001657101,16.2940904352,0.914924854487,12900.3651583,5202909.3254,2121785806.49,2.07205933455,0.038429545652,3126.62291938,9.18271592794e-08,Class 4
0.271594043592,1195.39954283,17841226.8842,20859.0202837,0.83444899682,1.0,81793.808518,1.14916050447,1.32091192209,0.00227175630372,0.403927316013,0.647462834586,1.0,1.0,0.843767132078,98.4488396968,0.517121666232,82241.9455561,34904909.8758,14996105494.2,6.40066132395,-0.000931174528712,20262.4056196,2.78334138999e-07,Class 4
0.876240668746,228.690661107,765177.776374,2739.77721991,0.97135048543,1.0,10712.3263666,0.224938107735,0.258869890721,0.00359939449832,0.106036098183,0.679110477412,1.0,1.0,0.973628493238,12.9074027018,0.936057901138,10723.4859411,4527040.51916,1929984608.51,1.23129397967,0.00876878637825,2623.79964382,5.32478188052e-08,Class 4
0.884203249244,456.661799583,615247.984796,2370.03469574,0.963003725683,1.0,9011.98758102,0.212012036912,0.252439527032,0.00354429963594,0.136409321517,0.541238456251,1.0,1.0,0.965540894165,11.3017895926,0.940306011641,9021.17397376,3712027.68481,1554796451.65,2.39574754583,0.0027973242985,2141.21632352,1.06328105581e-07,Class 4
0.482656243419,427.700605942,7520154.8433,14543.6843112,0.880868772474,1.0,57507.740752,0.881323129035,1.01603012048,0.0026526656387,0.315369123303,0.692579630034,1.0,1.0,0.889684903043,65.8677080619,0.694260924333,57737.108655,25598473.9022,11451141148.3,2.45122274346,0.00897945443489,14327.8665885,9.95848464378e-08,Class 4
0.80301991161,624.683770958,1433219.28195,4863.09832269,0.940505596905,1.0,18799.0060289,0.343434855229,0.408194749658,0.0033341827386,0.203102707753,0.577251621934,1.0,1.0,0.94513098114,21.5553193684,0.89598427591,18827.8259306,8482002.74295,3896737773.3,3.27651919903,0.00119505255842,4550.95392559,1.45449963219e-07,Class 4
0.880167236165,351.341478803,762090.904485,2805.92952575,0.961676010884,1.0,10869.8841334,0.230142511136,0.27457175368,0.00352109869087,0.140263799496,0.592504357277,1.0,1.0,0.964667675319,12.6793974242,0.938165667622,10881.1072711,4789104.16621,2139582813.89,1.87170206759,-0.00930685865694,2632.54049062,8.18055591405e-08,Class 4
0.796229573028,1150.77595452,1061919.64447,3968.51387194,0.919945803312,1.0,14701.3358503,0.341544735321,0.416419173479,0.00318712642393,0.251213558721,0.432995461192,1.0,1.0,0.925932560798,19.2515979281,0.892266093302,14726.9187737,5862770.37208,2386147444.04,5.94279927895,-0.00438656502476,3394.18609265,2.67944083135e-07,Class 4
0.607567234402,773.629358874,3909461.67274,9852.47932981,0.886018859829,1.0,38522.2656528,0.666558903265,0.794214252047,0.002777740577,0.322085854849,0.612241143805,1.0,1.0,0.894849536264,45.46691317,0.779294804969,38641.6260752,16718448.7102,7316924210.3,4.20708887151,-0.00600621144992,9467.35437408,1.80130118669e-07,Class 4
0.890506608803,364.15780232,582002.133341,2218.52259509,0.964715942889,1.0,8498.18221749,0.194523944854,0.229135482081,0.00354400429053,0.123975408008,0.587968550125,1.0,1.0,0.967561963259,10.7046178655,0.943653896273,8506.13913764,3463939.39809,1429608159.67,1.91488033186,0.00384360611589,2035.5789484,8.47896830617e-08,Class 4
0.979055281111,92.3077230475,106090.078502,454.208480183,0.992941460588,1.0,1711.98329913,0.0469986245654,0.0548266678001,0.00382771582919,0.0321959488546,0.600000721002,1.0,1.0,0.993446512578,2.05896968117,0.989472026757,1712.30388347,736853.055001,323120543.053,0.481717487621,0.0131797845539,405.015110546,2.14927224722e-08,Class 4
0.950467929329,120.947743463,326202.076515,1268.29439022,0.988142522957,1.0,4958.79761356,0.0965096817429,0.106726716231,0.00376914589467,0.047982034876,0.747285312337,1.0,1.0,0.989081723646,5.44539570845,0.974908782903,4960.72032548,2318941.8032,1100171586.13,0.637238293806,-0.00837242637477,1209.9856724,2.8161200364e-08,Class 4
0.970968759042,196.659206411,130510.604268,594.220604345,0.988554899389,1.0,2177.01022527,0.0640301369154,0.0753554556536,0.00379425206175,0.0499076999174,0.485181346618,1.0,1.0,0.989255784792,2.7031936843,0.985377030666,2177.61405509,924971.211816,405404035.936,0.998058378942,0.00307640517766,495.259815611,4.57896869889e-08,Class 4
0.964817231562,196.311143689,184248.202268,792.354890911,0.985411938052,1.0,2974.2742129,0.0768793660538,0.0925146741776,0.00376631042696,0.0615005082615,0.502220061493,1.0,1.0,0.986443210733,3.49567153158,0.982250673269,2975.23410381,1323312.01396,603059298.751,1.02175962123,-0.0020936495526,694.758034706,4.5708644848e-08,Class 4
0.63577600549,649.542883981,3246174.20769,8520.52648698,0.906938014332,1.0,33334.4816131,0.590462091401,0.68644795422,0.00292978488771,0.263784667406,0.646964085744,1.0,1.0,0.913634409025,40.6637612935,0.797125575536,33428.9039243,13932184.9585,5853810253.29,3.48976956824,0.00394351055512,8195.15793046,1.51238103143e-07,Class 4
0.949494695598,324.788528364,183526.784373,846.622413586,0.986571369597,1.0,3058.51189147,0.0800368265341,0.087744435912,0.00376008658732,0.0492126126438,0.557251863414,1.0,1.0,0.986917411848,4.25888389367,0.974397315611,3059.73592669,1152739.49753,446106261.191,1.65743419338,0.00247697854226,683.770106854,7.56230299245e-08,Class 4
0.971403962072,48.8416471201,155959.009857,618.21557501,0.994860347891,1.0,2408.75281527,0.0582991434868,0.0634248179787,0.00383323990289,0.0252132745316,0.772111906531,1.0,1.0,0.995137194102,2.90310029537,0.985596386066,2409.33574867,1018333.25987,436118368.74,0.256728346799,0.0172834679871,590.1461906,1.13721791848e-08,Class 4
0.996539015402,27.0049235514,11202.4426272,56.9672510143,0.998711489263,1.0,200.86369575,0.00815933984891,0.00896126390779,0.00387966601141,0.0064549236114,0.549757682319,1.0,1.0,0.998780927033,0.281322213535,0.998267961081,200.864080506,76286.029152,30039640.6274,0.138697767353,-1.31967733182e-18,43.4669718096,6.28776561821e-09,Class 4
0.89753575308,296.539209235,529563.042949,2014.92624224,0.972408964043,1.0,7744.31879418,0.171991685142,0.197888714035,0.00359952131153,0.101181515321,0.625053603849,1.0,1.0,0.974191875808,9.91224535227,0.947362305621,7750.79881153,3092665.77678,1247427965.2,1.55374098688,0.0151078316393,1863.64232473,6.90455220407e-08,Class 4
