0.674756944444,1056.375,199867.604863,1607.22968343,0.839905483784,1.0,5656.86747394,0.4647149229,0.484293964585,0.00532335069444,0.426448216838,0.568171640932,1.0,1.0,0.848516522782,15.0666666667,0.820833333333,5683.71691081,1163677.81204,250655405.119,10.1166666667,-0.695833333333,1157.07083333,3.93578396675e-06,Class 1
0.441076388889,1894.3375,518256.329521,3069.06815999,0.706740206366,1.0,10641.261595,0.788603944293,0.876299183528,0.00366807725694,0.70543886912,0.535326224646,1.0,1.0,0.721920834169,28.49375,0.6625,10728.7402181,2178702.41107,463123857.753,18.3208333333,-0.852083333333,2209.04583333,7.0578186346e-06,Class 1
0.833159722222,668.904166667,39156.1259583,584.166532389,0.915760467522,1.0,1744.74912251,0.218523304858,0.234521653731,0.00645046657986,0.218523304858,0.359022636192,1.0,1.0,0.918812899874,5.81875,0.9125,1749.42407227,295759.349731,54765764.2153,6.60416666667,-0.20625,270.220833333,2.49216641293e-06,Class 1
0.863715277778,479.716666667,46858.3491859,517.799149577,0.938499544943,1.0,1786.65262077,0.188210306607,0.193227473202,0.00674858940972,0.174103508114,0.508779348408,1.0,1.0,0.940471061827,5.3125,0.929166666667,1790.28487956,331754.597622,65663846.1317,4.6,-0.454166666667,327.725,1.7873020142e-06,Class 1
0.674756944444,1056.375,199867.604863,1607.22968343,0.839905483784,1.0,5656.86747394,0.4647149229,0.484293964585,0.00532335069444,0.426448216838,0.568171640932,1.0,1.0,0.848516522782,15.0666666667,0.820833333333,5683.71691081,1163677.81204,250655405.119,10.1166666667,-0.695833333333,1157.07083333,3.93578396675e-06,Class 1
0.833159722222,668.904166667,39156.1259583,584.166532389,0.915760467522,1.0,1744.74912251,0.218523304858,0.234521653731,0.00645046657986,0.218523304858,0.359022636192,1.0,1.0,0.918812899874,5.81875,0.9125,1749.42407227,295759.349731,54765764.2153,6.60416666667,-0.20625,270.220833333,2.49216641293e-06,Class 1
0.480069444444,1338.54583333,614673.694405,3338.93873291,0.734052719004,1.0,11728.2697241,0.775990282999,0.820165532963,0.00389567057292,0.663369782054,0.632745649023,1.0,1.0,0.753116261274,29.06875,0.691666666667,11816.0792806,2521285.36621,554050410.651,12.6458333333,0.45625,2619.8375,4.98708056287e-06,Class 1
0.503125,1485.19166667,491700.257146,2874.73717041,0.736879669858,1.0,10361.455476,0.731582281463,0.787767005916,0.00397867838542,0.66530489095,0.588872638617,1.0,1.0,0.752500754285,26.2916666667,0.708333333333,10436.2153483,2208346.22223,485672399.981,14.25,-0.933333333333,2238.16666667,5.533445556e-06,Class 1
0.441076388889,1894.3375,518256.329521,3069.06815999,0.706740206366,1.0,10641.261595,0.788603944293,0.876299183528,0.00366807725694,0.70543886912,0.535326224646,1.0,1.0,0.721920834169,28.49375,0.6625,10728.7402181,2178702.41107,463123857.753,18.3208333333,-0.852083333333,2209.04583333,7.0578186346e-06,Class 1
0.627986111111,867.954166667,309550.603249,1974.73306885,0.80998804023,1.0,7429.72105168,0.508571401433,0.555182458823,0.00496256510417,0.4577667848,0.616475514259,1.0,1.0,0.825076117553,18.8395833333,0.791666666667,7466.61027018,1567287.75422,339887255.665,8.74583333333,-0.952083333333,1649.95833333,3.23377597259e-06,Class 1
0.404479166667,1819.65416667,603880.072995,3192.14582926,0.679263923333,1.0,11413.1096141,0.831640276566,0.914347307774,0.00334662543403,0.70432636927,0.530989261164,1.0,1.0,0.697916310649,30.5479166667,0.633333333333,11512.1284993,2357582.27007,506805133.181,18.4791666667,-1.21041666667,2423.59583333,6.77956757232e-06,Class 1
0.269722222222,1808.425,1358246.86051,4570.94823812,0.605821436547,1.0,16829.2349724,1.09432603859,1.249668142,0.00241861979167,0.871441597716,0.487422272638,1.0,1.0,0.634097349224,43.4333333333,0.516666666667,17015.4439941,3516457.15411,749214491.56,18.175,-1.18333333333,3802.43333333,6.73773055977e-06,Class 1
0.688368055556,688.491666667,224490.951866,1557.20442301,0.847162894329,1.0,5811.82260309,0.429539284957,0.464044566,0.00537923177083,0.394622532329,0.660060253178,1.0,1.0,0.858149010955,15.0666666667,0.829166666667,5836.58357747,1199673.34642,255088807.441,7.05,-0.679166666667,1287.25833333,2.56514444483e-06,Class 1
0.662118055556,1673.28333333,70090.6890233,1315.05683187,0.824050860412,1.0,3365.05790289,0.422760465777,0.464526948162,0.00517822265625,0.407949030181,0.264517336414,1.0,1.0,0.827544230492,11.9083333333,0.8125,3384.27263997,544864.31145,97985178.2394,15.9833333333,0.458333333333,427.933333333,6.23422715908e-06,Class 1
0.608402777778,1655.13333333,191714.362869,1738.88899333,0.811525372522,1.0,5866.28354025,0.54702144355,0.58403530789,0.0049072265625,0.478682572712,0.496089868425,1.0,1.0,0.818734410482,17.0083333333,0.779166666667,5902.13722331,1131842.47908,233077618.899,15.0916666667,-1.36666666667,1062.01666667,6.16660488574e-06,Class 1
0.856006944444,507.35,47124.5134174,552.568029785,0.931907521827,1.0,1815.40595561,0.194783240562,0.20481757375,0.00668836805556,0.183193140013,0.506895307475,1.0,1.0,0.934466582137,5.49583333333,0.925,1819.30675456,333059.50362,65341077.3659,4.975,-0.245833333333,328.075,1.89025677012e-06,Class 1
0.441076388889,1894.3375,518256.329521,3069.06815999,0.706740206366,1.0,10641.261595,0.788603944293,0.876299183528,0.00366807725694,0.70543886912,0.535326224646,1.0,1.0,0.721920834169,28.49375,0.6625,10728.7402181,2178702.41107,463123857.753,18.3208333333,-0.852083333333,2209.04583333,7.0578186346e-06,Class 1
0.688368055556,688.491666667,224490.951866,1557.20442301,0.847162894329,1.0,5811.82260309,0.429539284957,0.464044566,0.00537923177083,0.394622532329,0.660060253178,1.0,1.0,0.858149010955,15.0666666667,0.829166666667,5836.58357747,1199673.34642,255088807.441,7.05,-0.679166666667,1287.25833333,2.56514444483e-06,Class 1
0.595625,1223.57083333,265599.366751,1975.21783447,0.801288061475,1.0,6786.68971848,0.55701023818,0.60216473753,0.00470757378472,0.505937261706,0.531521552135,1.0,1.0,0.811541048136,18.7270833333,0.770833333333,6826.9339681,1344023.36421,277453055.543,11.9958333333,-0.397916666667,1401.13333333,4.55871302144e-06,Class 1
0.766284722222,935.35,72744.479737,843.530074056,0.883316689299,1.0,2817.53200289,0.325692109145,0.338235025631,0.00592909071181,0.313764077777,0.481340529785,1.0,1.0,0.887899866711,8.84583333333,0.875,2828.39737956,504298.472589,97366294.802,8.95833333333,-0.9,473.4,3.48487566755e-06,Class 1
0.608090277778,1237.64583333,269161.415818,1900.1338501,0.79061000527,1.0,6926.0426543,0.574000974702,0.605050823358,0.00470052083333,0.529950985163,0.571620367007,1.0,1.0,0.80388639782,18.6770833333,0.779166666667,6967.42875977,1392919.20359,290870255.989,11.8125,-1.37291666667,1432.7375,4.61115288354e-06,Class 1
0.825625,636.725,52108.7067919,627.176428223,0.914833816983,1.0,2050.49647205,0.224116562275,0.245132077742,0.00639214409722,0.224116562275,0.4406324938,1.0,1.0,0.919443578355,6.48333333333,0.908333333333,2055.85336914,359616.564051,67459622.8614,6.16666666667,-0.4375,354.883333333,2.37227504081e-06,Class 1
0.781111111111,914.9,46586.9050625,744.19498291,0.886396027034,1.0,2147.60078659,0.282303351201,0.305212564847,0.00604682074653,0.274777601309,0.270920154499,1.0,1.0,0.891172586426,7.47916666667,0.883333333333,2155.49946289,349766.533348,62484432.5506,9.05,-0.220833333333,310.266666667,3.40868418051e-06,Class 1
0.564236111111,650.004166667,573002.013393,2882.78521729,0.837125548913,1.0,11272.1407793,0.598553040352,0.652232623237,0.00508192274306,0.413795594097,0.717263510117,1.0,1.0,0.852325190903,25.91875,0.75,11332.2178223,2554907.42683,586163892.373,6.12916666667,-0.96875,2670.95833333,2.42174983078e-06,Class 1
0.4353125,1138.03333333,824385.955224,3623.49211833,0.743646323012,1.0,13799.3540002,0.824843868195,0.900765295054,0.00375596788194,0.631652482475,0.627512865343,1.0,1.0,0.760638825302,33.1708333333,0.658333333333,13906.0437337,3048903.57228,685218927.122,11.2,-1.19583333333,3192.52083333,4.24002210102e-06,Class 1
0.595625,1599.13333333,202509.325812,1831.30064697,0.784806312208,1.0,5985.23509377,0.552607956704,0.60216473753,0.00465250651042,0.53131263239,0.422412440588,1.0,1.0,0.793377870271,17.4416666667,0.770833333333,6022.39347331,1150853.6081,235390510.21,15.4583333333,-0.679166666667,1106.0875,5.95796316084e-06,Class 1
0.486006944444,1074.93333333,677629.213862,3298.44049072,0.745853179413,1.0,12388.2548411,0.726142530626,0.796557166198,0.00403510199653,0.62102512818,0.600742255739,1.0,1.0,0.766419387271,29.8916666667,0.695833333333,12472.682015,2700111.73258,597252852.695,10.3083333333,-0.745833333333,2849.90416667,4.004927586e-06,Class 1
0.392465277778,899.904166667,1105459.01955,4116.35142822,0.744706592914,1.0,15772.5084987,0.898746314621,1.00008553842,0.00372775607639,0.616194004658,0.635787398878,1.0,1.0,0.764460540936,37.70625,0.625,15904.8977702,3450044.06519,760608743.201,8.85416666667,-0.727083333333,3751.8375,3.35281352813e-06,Class 1
0.5953125,649.8375,445434.367931,2402.75357666,0.823413804594,1.0,9336.3243719,0.577693789676,0.620056784582,0.00487494574653,0.452439161534,0.760670413049,1.0,1.0,0.838448343795,22.58125,0.770833333333,9386.75974935,2015463.27507,441203643.565,6.3375,-0.939583333333,2184.58333333,2.42112887327e-06,Class 1
0.372673611111,1313.8875,976864.217723,3909.87694906,0.680036025585,1.0,14761.3427545,0.91664470719,1.0104257808,0.00323866102431,0.708364963198,0.607281435256,1.0,1.0,0.706424242299,36.5604166667,0.608333333333,14892.2693848,3193535.51716,704404139.718,13.4791666667,-1.21458333333,3395.16666667,4.89520989859e-06,Class 1
0.681597222222,464.854166667,347582.871162,2085.12434489,0.891580847174,1.0,8066.06181361,0.444993163019,0.469464110873,0.00572591145833,0.298463664038,0.738826938607,1.0,1.0,0.899899108891,18.39375,0.825,8097.45480143,1831493.24237,420717135.714,4.14583333333,-0.48125,1908.4375,1.73192812784e-06,Class 1
0.744861111111,1365.89166667,29615.8436628,856.55826416,0.863730538154,1.0,2136.92494908,0.32609391273,0.356654136693,0.00576388888889,0.32609391273,0.183323302775,1.0,1.0,0.866766715306,8.22083333333,0.8625,2147.02810872,315283.862689,52472839.8049,12.9333333333,-0.2125,195.4125,5.08896416707e-06,Class 1
0.387847222222,1135.74166667,960722.085356,3765.89849854,0.703319271577,1.0,14539.6741753,0.883584194497,0.978959402616,0.00337782118056,0.669866462442,0.640751200598,1.0,1.0,0.727846574725,35.8666666667,0.620833333333,14663.4169108,3137882.53313,688837584.319,11.6583333333,-1.63333333333,3382.47916667,4.2314839352e-06,Class 1
0.635069444444,675.1375,369222.256891,2214.8464152,0.870483993895,1.0,8439.52995512,0.489914275841,0.530205827588,0.00550021701389,0.344685250263,0.647485718453,1.0,1.0,0.879081734013,19.99375,0.795833333333,8477.2214681,1879397.66346,426393924.048,6.47083333333,-0.560416666667,1950.83333333,2.51539022398e-06,Class 1
0.6815625,1499.64583333,104638.042618,1363.58196208,0.840911898622,1.0,4018.58924371,0.43890388691,0.47197269417,0.00537706163194,0.410163656805,0.408285001776,1.0,1.0,0.845579435745,12.56875,0.825,4039.67719727,720939.684228,139504093.164,13.6958333333,-0.210416666667,635.204166667,5.58729809646e-06,Class 1
0.6884375,1156.36666667,136691.415104,1301.34869385,0.843586744599,1.0,4407.10533125,0.420451800858,0.459027399405,0.00537760416667,0.406218599725,0.524779597662,1.0,1.0,0.85100888273,12.975,0.829166666667,4427.93930664,829498.896346,165448214.532,11.025,-0.8875,818.095833333,4.30832742762e-06,Class 1
0.545555555556,898.129166667,614304.298862,3129.3354126,0.81870428104,1.0,12104.1695735,0.605564452908,0.68531709343,0.00473253038194,0.450522969921,0.657821899174,1.0,1.0,0.833275344224,27.4645833333,0.7375,12168.6128743,2788476.61021,651183680.365,7.87916666667,-1.19375,2818.05,3.3462003306e-06,Class 1
0.737743055556,1277.82916667,54400.6668963,917.792118327,0.859843926965,1.0,2675.52450387,0.338006195933,0.36716234641,0.00570773654514,0.338006195933,0.295128231408,1.0,1.0,0.863707171626,9.18541666667,0.858333333333,2687.25532227,448056.242293,83524703.6773,12.2291666667,-0.677083333333,352.5,4.76086574031e-06,Class 1
0.404479166667,1819.65416667,603880.072995,3192.14582926,0.679263923333,1.0,11413.1096141,0.831640276566,0.914347307774,0.00334662543403,0.70432636927,0.530989261164,1.0,1.0,0.697916310649,30.5479166667,0.633333333333,11512.1284993,2357582.27007,506805133.181,18.4791666667,-1.21041666667,2423.59583333,6.77956757232e-06,Class 1
0.641215277778,1543.34166667,119506.537353,1397.76457926,0.808798933764,1.0,4310.81485389,0.49101333704,0.527537576687,0.0049560546875,0.479085305672,0.36573158776,1.0,1.0,0.81673946079,13.875,0.8,4336.95805664,756531.909774,143317354.777,14.8416666667,-0.670833333333,698.620833333,5.75009763284e-06,Class 1
0.398645833333,1455.475,814914.972987,3567.46314697,0.688714343887,1.0,13590.2144381,0.862427519318,0.947661506421,0.00330485026042,0.663921812929,0.609561705412,1.0,1.0,0.713374684103,33.8833333333,0.629166666667,13704.2408691,2946254.75575,654768053.91,14.5666666667,-1.92083333333,3062.72083333,5.42272883116e-06,Class 1
0.4465625,1069.3125,716084.218462,3228.33052979,0.721037758496,1.0,12394.818696,0.788597399663,0.864696571502,0.00366319444444,0.626648353451,0.635772318886,1.0,1.0,0.745393451888,30.9354166667,0.666666666667,12489.8459473,2649438.539,577426838.424,11.0958333333,-1.41875,2855.61666667,3.98398579382e-06,Class 1
0.382673611111,2834.9875,426040.720552,3150.31855062,0.654163335183,1.0,9841.56469483,0.908753965883,0.988870970672,0.00307807074653,0.826690756378,0.36539660904,1.0,1.0,0.669405300553,29.1145833333,0.616666666667,9944.75141602,1874104.8763,378661734.848,26.2208333333,-0.43125,1777.89583333,1.05624407511e-05,Class 1
0.414826388889,1566.675,627840.985846,3107.54745687,0.696961266997,1.0,11440.403892,0.81870678625,0.897996841927,0.00348280164931,0.680285328242,0.542906619745,1.0,1.0,0.717547826205,30.5333333333,0.641666666667,11537.8169108,2330946.53678,489355479.764,15.8666666667,-1.56666666667,2493.2625,5.83703168488e-06,Class 1
0.269722222222,1808.425,1358246.86051,4570.94823812,0.605821436547,1.0,16829.2349724,1.09432603859,1.249668142,0.00241861979167,0.871441597716,0.487422272638,1.0,1.0,0.634097349224,43.4333333333,0.516666666667,17015.4439941,3516457.15411,749214491.56,18.175,-1.18333333333,3802.43333333,6.73773055977e-06,Class 1
0.674652777778,1294.33333333,183901.942781,1663.94621989,0.834340845289,1.0,5587.54064226,0.456367584344,0.486802547882,0.00532090928819,0.432662753372,0.490163036168,1.0,1.0,0.841463006106,14.8916666667,0.820833333333,5613.58618164,1164575.62467,256959730.017,11.9583333333,-0.5125,1080.04583333,4.82235605819e-06,Class 1
0.833055555556,672.291666667,66539.9121685,651.748563639,0.925870610139,1.0,2486.11904778,0.228557638047,0.242047403623,0.00656819661458,0.202909757523,0.568083996037,1.0,1.0,0.928061731494,6.9,0.9125,2491.94399414,501448.130025,108279165.816,6.175,-1.20416666667,455.020833333,2.50478737442e-06,Class 1
0.766527777778,1187.81666667,34764.9990135,749.364904785,0.881371432115,1.0,2104.316491,0.305113733816,0.327253843352,0.00593315972222,0.299149718132,0.295499831528,1.0,1.0,0.883066990124,7.7375,0.875,2113.18331706,323648.283205,55272126.5032,11.175,-0.6875,231.4625,4.42550211062e-06,Class 1
0.803090277778,751.516666667,62559.5120028,705.613081868,0.906333613621,1.0,2416.89015114,0.269719605903,0.282262522389,0.00633165147569,0.247593565979,0.540068086499,1.0,1.0,0.91016751529,7.49166666667,0.895833333333,2424.43201497,434358.502116,83679442.892,7.25,-0.858333333333,418.345833333,2.79995952897e-06,Class 1
0.609201388889,879.983333333,414522.232788,2373.90748291,0.839759186041,1.0,9326.7153967,0.551423725027,0.569930657197,0.00522026909722,0.425317735688,0.708277164908,1.0,1.0,0.850707665563,21.8625,0.779166666667,9373.26717122,2110040.72108,488614854.557,8.18333333333,-1.5375,2123.6625,3.2785935812e-06,Class 1
0.634375,1394.37916667,175138.161845,1807.9604126,0.801610498524,1.0,5339.96839611,0.511261755279,0.552345937124,0.00490641276042,0.485718697911,0.46158708649,1.0,1.0,0.811742951649,15.56875,0.795833333333,5370.5730306,1021652.84409,207352121.326,13.4458333333,1.10208333333,994.291666667,5.19510133025e-06,Class 2
0.702291666667,1080.17083333,113878.958979,1326.23150635,0.851671072637,1.0,3841.07753728,0.398272330409,0.436233043839,0.00548882378472,0.369791167494,0.40474360745,1.0,1.0,0.859427244087,11.78125,0.8375,3858.95141602,698943.731902,135557427.201,10.5625,0.872916666667,694.879166667,4.0244411759e-06,Class 2
0.315069444444,2360.79166667,932811.274083,4440.7151001,0.606543474865,1.0,14802.4386755,1.01389463255,1.11809277621,0.00262966579861,0.877894037391,0.47104821126,1.0,1.0,0.629259679391,38.3416666667,0.558333333333,14954.5122233,3155429.83442,697613800.236,23.025,0.9625,3149.02916667,8.79570795458e-06,Class 2
0.681597222222,948.370833333,189083.117944,1626.10442301,0.84489835836,1.0,5323.16790298,0.434501605434,0.469464110873,0.00537787543403,0.407323109536,0.586444688327,1.0,1.0,0.85385717448,14.45625,0.825,5347.20089518,1070693.59129,225040542.921,9.32083333333,0.464583333333,1099.93333333,3.53338797337e-06,Class 2
0.751979166667,816.416666667,156332.632854,1467.15383708,0.894865860294,1.0,4709.3024787,0.343628601808,0.355224669204,0.00609971788194,0.287741661598,0.546890619979,1.0,1.0,0.898175056934,11.8458333333,0.866666666667,4724.72654622,1021419.02777,231984687.206,7.61666666667,0.7125,977.2625,3.04176038515e-06,Class 2
0.602083333333,772.658333333,331436.262395,2197.66848551,0.822912125447,1.0,7490.49191467,0.541836590272,0.590288861287,0.00487603081597,0.439593239643,0.573272087715,1.0,1.0,0.837109497208,19.8291666667,0.775,7531.93592122,1498213.1448,305904344.07,7.75833333333,1.125,1690.12916667,2.87872798969e-06,Class 2
0.565347222222,1255.84166667,273409.600674,2134.27740479,0.792739317395,1.0,6795.60159392,0.563744753904,0.618184566591,0.00453857421875,0.480330720138,0.468626786004,1.0,1.0,0.803484821108,19.575,0.75,6838.20180664,1290691.75562,255390994.123,12.6083333333,1.075,1395.89583333,4.6789459202e-06,Class 2
0.654583333333,1159.47083333,246442.028527,2087.7494751,0.841149557207,1.0,6700.56125422,0.481348062525,0.508327593677,0.00537570529514,0.417199782004,0.556588342977,1.0,1.0,0.84838318319,16.9270833333,0.808333333333,6731.86313477,1452465.67329,328885369.255,10.8791666667,0.977083333333,1393.3625,4.31989276133e-06,Class 2
0.424409722222,1738.65416667,673116.192476,3752.15969645,0.70182190063,1.0,12474.4310733,0.859637008634,0.923630404125,0.00350043402778,0.731864820487,0.57142604661,1.0,1.0,0.720157073205,31.51875,0.65,12580.1011556,2686511.2741,597214522.737,16.5958333333,1.46458333333,2710.85416667,6.47778222023e-06,Class 2
0.320104166667,2758.89166667,625023.008161,3682.11815999,0.606406543887,1.0,11742.5074271,0.9668603104,1.07932950289,0.00262830946181,0.876347234051,0.346223420306,1.0,1.0,0.62553135026,33.9291666667,0.5625,11870.6713379,2280952.24592,466553689.137,26.7416666667,0.1125,2278.475,1.02789270739e-05,Class 2
0.479965277778,1118.26666667,652444.673818,3410.97948812,0.738651507752,1.0,12107.1600817,0.73390676751,0.82456781444,0.00398681640625,0.636740099603,0.603407852755,1.0,1.0,0.759102549148,29.3958333333,0.691666666667,12191.0796712,2655792.19175,594073314.546,11.3,0.720833333333,2768.6625,4.16637653979e-06,Class 2
0.926597222222,367.366666667,6273.30491767,230.261714681,0.962524208113,1.0,553.000832017,0.094253528787,0.102726127768,0.00717909071181,0.094253528787,0.166653904319,1.0,1.0,0.963093661705,2.1875,0.9625,553.680192057,78238.1180443,12477536.3232,3.55,2.08166817117e-17,46.6125,1.36871455363e-06,Class 2
0.667916666667,784.291666667,248172.591722,1919.26151937,0.839263120743,1.0,6335.22422477,0.458188111548,0.494712351195,0.00522433810764,0.410120891221,0.693943285391,1.0,1.0,0.850653402823,16.2291666667,0.816666666667,6363.74425456,1331505.00906,289108678.823,7.875,1.17083333333,1395.11666667,2.92207082421e-06,Class 2
0.558333333333,857.291666667,523035.825839,2980.3432902,0.827313295008,1.0,10626.7331588,0.604457887562,0.648507877101,0.00492051866319,0.449127042841,0.641635483966,1.0,1.0,0.83974626464,25.2666666667,0.745833333333,10685.8794108,2352066.54573,531153235.845,7.80833333333,0.766666666667,2457.54166667,3.19405021559e-06,Class 2
0.716423611111,1239.31666667,64598.6776115,1074.54231364,0.852868738332,1.0,2861.14560832,0.370914421196,0.404930077546,0.00554307725694,0.363388671304,0.281604861351,1.0,1.0,0.858106984854,9.925,0.845833333333,2875.11326497,469848.789535,84711343.3221,12.125,0.4375,409.104166667,4.61737798263e-06,Class 2
0.397777777778,1224.70416667,985495.702021,4318.44133708,0.703035763417,1.0,15253.6207611,0.863631844848,0.983238896978,0.00332872178819,0.70586544161,0.585556430346,1.0,1.0,0.725476718914,36.44375,0.629166666667,15376.4933431,3381280.411,760600061.72,11.9625,1.44791666667,3538.51666667,4.56293553254e-06,Class 2
0.62125,316.633333333,464694.37762,2595.71692301,0.848516935202,1.0,9485.36997516,0.540449373396,0.572446071142,0.00513617621528,0.401844766029,0.799206921043,1.0,1.0,0.862001626039,22.1291666667,0.7875,9531.53383789,2095128.11028,466568879.097,3.49166666667,1.05833333333,2304.07083333,1.17969508619e-06,Class 2
0.759097222222,971.566666667,72437.9256489,1029.94003499,0.882228912558,1.0,2837.68646324,0.323683502306,0.344699017773,0.00598768446181,0.292239968864,0.374816901042,1.0,1.0,0.887561355698,9.025,0.870833333333,2848.70284831,501888.853841,95859505.3401,9.33333333333,0.683333333333,469.425,3.61980973546e-06,Class 2
0.647777777778,686.095833333,295360.435876,2007.27779541,0.847511215906,1.0,7038.15570039,0.507736958008,0.525297041089,0.00523003472222,0.401211152102,0.67945731221,1.0,1.0,0.857272197343,17.8395833333,0.804166666667,7073.01443685,1475426.15549,316566245.133,6.97916666667,0.652083333333,1597.00833333,2.55621818056e-06,Class 2
0.468576388889,1199.64166667,662202.472565,3571.20748291,0.725830986376,1.0,12214.0230071,0.771234143668,0.845719096745,0.00372639973958,0.666668084908,0.626251837251,1.0,1.0,0.746463654722,29.8375,0.683333333333,12303.6104004,2676494.19956,599403291.264,12.0416666667,1.6875,2776.45833333,4.46955904628e-06,Class 2
0.539270833333,449.941666667,607297.329545,3017.47265218,0.813858854321,1.0,11100.94279,0.67045540558,0.710924702306,0.00463704427083,0.476331039885,0.737237308386,1.0,1.0,0.83005419558,26.6541666667,0.733333333333,11170.3093587,2405298.18605,526305357.825,5.01666666667,0.966666666667,2680.50833333,1.67636795422e-06,Class 2
0.551319444444,406.0375,616795.85313,3055.0729777,0.806635962719,1.0,11385.9864115,0.660646110084,0.698606823513,0.004541015625,0.496496228021,0.781180082594,1.0,1.0,0.820918065435,26.5854166667,0.741666666667,11454.1428223,2530741.79395,567208649.613,4.80416666667,0.747916666667,2762.44166667,1.51279222095e-06,Class 2
0.435625,981.4125,887519.865217,4006.65325114,0.758904420809,1.0,14295.6301857,0.833191206751,0.888712003261,0.00400960286458,0.600810453758,0.700236089238,1.0,1.0,0.775920934554,33.96875,0.658333333333,14406.0230306,3175595.18042,716302569.493,9.6875,1.29375,3356.68333333,3.65649280064e-06,Class 2
0.791180555556,509.75,171150.1977,1513.9838501,0.94599648715,1.0,4873.35791587,0.236365287022,0.238873870319,0.00687174479167,0.143846753163,0.736734986438,1.0,1.0,0.948588595566,11.1916666667,0.8875,4883.18409831,1128816.76769,269898988.382,4.4,1.3125,1093.53333333,1.89919855833e-06,Class 2
0.435347222222,1160.08333333,818707.455362,3837.32063395,0.729261810645,1.0,13747.1233142,0.822084764048,0.900150409936,0.00385443793403,0.657420614465,0.59925960623,1.0,1.0,0.751015174667,33.1583333333,0.658333333333,13853.4111816,3022219.76445,675172665.204,11.525,0.725,3173.85,4.3221747802e-06,Class 2
0.570277777778,607.508333333,485644.168425,2724.71431885,0.78405380515,1.0,9753.7565143,0.596938687016,0.647442316931,0.00447726779514,0.505812202213,0.7128083167,1.0,1.0,0.805042985306,23.8333333333,0.754166666667,9808.81899414,2088812.16837,453340978.029,6.525,1.12083333333,2300.7,2.2634211885e-06,Class 2
0.649861111111,861.6125,378679.562432,2656.74732666,0.903093287587,1.0,9132.93122615,0.395019700464,0.410528424644,0.00627468532986,0.25115122501,0.534067820001,1.0,1.0,0.906245467397,20.38125,0.8,9163.70558268,2178284.65895,532876099.514,7.8875,1.12708333333,2075.84166667,3.21014853916e-06,Class 2
0.683888888889,710.279166667,360984.082589,2483.98606364,0.900354513296,1.0,8794.77746268,0.381489392221,0.415505048571,0.00610378689236,0.263760338437,0.556796317572,1.0,1.0,0.907297023943,19.0354166667,0.825,8822.48969727,2122393.26375,521085083.426,5.92083333333,0.79375,2028.35,2.64631911593e-06,Class 2
0.509270833333,1161.52083333,589582.759452,3364.81028239,0.758780961304,1.0,11652.7635072,0.705629075881,0.764115680085,0.00409152560764,0.597020861359,0.627847312193,1.0,1.0,0.776471184258,27.73125,0.7125,11728.804541,2620448.18417,603251907.144,11.1875,1.21458333333,2642.25416667,4.32753053876e-06,Class 2
0.647673611111,939.375,281375.661024,2221.70943604,0.836849791584,1.0,7075.04032742,0.508683807098,0.531261056773,0.00516872829861,0.429594361634,0.700720550096,1.0,1.0,0.847449517897,17.8041666667,0.804166666667,7109.89581706,1509918.60589,332674585.98,8.775,1.8625,1542.90833333,3.49987179152e-06,Class 2
0.545416666667,462.95,700279.13687,3495.06848551,0.803302758445,1.0,12760.9044053,0.636864822415,0.695351426619,0.00441162109375,0.494713900502,0.733617272393,1.0,1.0,0.81970936694,28.5583333333,0.7375,12831.4653483,2935142.5249,678167866.495,4.70833333333,1.4625,3092.575,1.72483368823e-06,Class 2
0.527222222222,1325.10416667,389033.59118,2548.44244385,0.771827907506,1.0,8668.93278665,0.670346901352,0.726324922258,0.00436279296875,0.569712211317,0.51173723878,1.0,1.0,0.786241201692,23.2979166667,0.725,8729.49829102,1750181.21648,365410283.14,12.9708333333,0.389583333333,1851.4625,4.93700033932e-06,Class 2
0.533020833333,1181.72083333,508067.29716,3016.06926676,0.769977676858,1.0,10568.7640952,0.696052732808,0.729611164761,0.00431260850694,0.591862486521,0.619645863659,1.0,1.0,0.786242183854,25.73125,0.729166666667,10638.3128743,2320436.2789,522291859.219,11.2041666667,0.50625,2364.55,4.40279058953e-06,Class 2
0.7028125,1516.7125,131550.173507,1639.51744385,0.866459440966,1.0,4740.83650768,0.385094444547,0.415707153064,0.00570909288194,0.336549637892,0.376920309552,1.0,1.0,0.870044893585,13.0104166667,0.8375,4759.91625977,977379.505708,217671637.487,12.8875,0.54375,811.004166667,5.65088414595e-06,Class 2
0.595520833333,938.929166667,330886.382426,2314.01425374,0.797962231246,1.0,7671.05891653,0.56325717501,0.608128753214,0.00476155598958,0.48723629115,0.591909040444,1.0,1.0,0.814857273225,20.1229166667,0.770833333333,7714.82172852,1564041.5341,327435879.482,9.39583333333,1.36875,1694.2875,3.49821073017e-06,Class 2
0.723229166667,817.5875,189732.521446,1606.31633708,0.859097741813,1.0,5382.31839415,0.391607802456,0.409499849508,0.00565266927083,0.355521662282,0.640546432482,1.0,1.0,0.86929638279,13.43125,0.85,5402.36495768,1172193.53198,265593401.344,7.82916666667,0.460416666667,1146.40416667,3.04612261169e-06,Class 2
0.366423611111,729.454166667,1455014.98495,5018.17467041,0.74152020477,1.0,18882.9286356,0.888071132961,0.965396633307,0.00366156684028,0.61195756812,0.666324494793,1.0,1.0,0.764176200794,42.6479166667,0.6,19030.9722493,4361939.08154,1016376263.52,7.45416666667,0.577083333333,4576.04583333,2.71776027798e-06,Class 2
0.362430555556,1889.55833333,946544.844115,4354.97271729,0.667245408003,1.0,15086.5081969,0.946840658312,1.03658381472,0.00306450737847,0.781430361821,0.533921051045,1.0,1.0,0.689414118375,37.325,0.6,15224.6424316,3291210.51522,736760616.465,17.525,0.691666666667,3334.35416667,7.04001267787e-06,Class 2
0.8034375,909.1125,27395.3141302,666.615946452,0.898317652787,1.0,1652.88936602,0.237545163178,0.262193856012,0.00622205946181,0.237545163178,0.240439377219,1.0,1.0,0.90058514031,6.22291666667,0.895833333333,1658.35714518,252139.226234,43419942.0648,8.99583333333,0.227083333333,187.408333333,3.38712143081e-06,Class 2
0.688680555556,1083.50416667,134207.022192,1388.46112874,0.842482443915,1.0,4278.4097553,0.413852815797,0.449607951335,0.00543511284722,0.388549876933,0.436070843002,1.0,1.0,0.849489216734,12.7354166667,0.829166666667,4298.52511393,800342.108821,158966028.942,10.8208333333,0.422916666667,803.954166667,4.03686032619e-06,Class 2
0.894826388889,329.054166667,50540.4222544,578.694722493,0.949000024463,1.0,1764.83300127,0.144277701892,0.151803451783,0.00693060980903,0.144277701892,0.755050884126,1.0,1.0,0.952242367309,4.66458333333,0.945833333333,1767.21287435,358310.959238,75826594.7304,3.00416666667,0.477083333333,359.6125,1.22597194496e-06,Class 2
0.553229166667,1076.24166667,510069.345231,3190.49563395,0.822292496945,1.0,10798.8067056,0.618879627698,0.652438059651,0.00505886501736,0.469751995129,0.664657050526,1.0,1.0,0.832806633585,25.2208333333,0.741666666667,10859.2822754,2478205.75087,583814814.541,10.25,1.72916666667,2446.15416667,4.00980210249e-06,Class 2
0.681354166667,413.141666667,292783.590666,1894.03892822,0.850663318137,1.0,6837.90499191,0.462885210071,0.485462459746,0.00538248697917,0.39058461512,0.765923731876,1.0,1.0,0.863484648857,16.8333333333,0.825,6867.80649414,1449653.43859,311943400.208,4.58333333333,0.679166666667,1613.92916667,1.539260535e-06,Class 2
0.367083333333,1300.38333333,1126502.48778,4601.79198812,0.655574721586,1.0,16216.6792078,0.95367317842,1.045843475,0.00298882378472,0.793251550272,0.644326954537,1.0,1.0,0.684188018957,38.8708333333,0.604166666667,16361.6208171,3588191.43376,805401243.217,13.075,1.64583333333,3765.91666667,4.84489681597e-06,Class 2
0.582534722222,1083.05833333,454253.340349,2952.67551676,0.785164085665,1.0,10088.6560276,0.596116056895,0.645057952603,0.00460232204861,0.542731284236,0.60618793519,1.0,1.0,0.801376027277,23.5375,0.7625,10142.9541504,2300859.83955,537206895.726,10.1166666667,1.23333333333,2265.34166667,4.03519926484e-06,Class 2
0.435416666667,1215.84583333,782572.005588,3922.72102458,0.709252301128,1.0,13293.987353,0.831422768997,0.893239545163,0.00359592013889,0.686031438204,0.650592673358,1.0,1.0,0.732609597846,32.5645833333,0.658333333333,13399.560791,2887855.02706,639158002.927,12.1541666667,2.36041666667,3046.4375,4.52993164064e-06,Class 2
0.628020833333,1323.75,185113.37228,1743.76920166,0.821477167761,1.0,5435.37273625,0.517836630512,0.549218443139,0.00505995008681,0.460615468205,0.472602363765,1.0,1.0,0.829662491519,15.9375,0.791666666667,5467.12081706,1025167.58037,203873682.534,12.7333333333,0.4375,1036.09166667,4.93195505951e-06,Class 2
0.539375,1456.725,352109.807508,2471.90474854,0.775327064194,1.0,8276.8138355,0.655278645371,0.70652242083,0.00436442057292,0.570221920269,0.520172159299,1.0,1.0,0.786836804708,22.4041666667,0.733333333333,8333.70831706,1665002.20794,347944485.312,13.875,0.229166666667,1719.59583333,5.42738601251e-06,Class 2
0.533333333333,1671.29583333,332555.771359,2556.64088135,0.778244983571,1.0,8142.4336307,0.648547310883,0.711719117709,0.00436876085069,0.55179643122,0.506203609796,1.0,1.0,0.789428567752,22.3895833333,0.729166666667,8198.69672852,1620116.95747,336680781.625,15.2041666667,0.864583333333,1632.2,6.22682224072e-06,Class 2
0.681597222222,1012.87083333,177784.542359,1617.19250895,0.84397370494,1.0,5145.19056642,0.448448595406,0.469464110873,0.00537868923611,0.401691057824,0.539994611797,1.0,1.0,0.853103447776,14.2145833333,0.825,5169.59933268,1019995.73338,211747247.581,9.82083333333,0.66875,1039.40416667,3.77369853151e-06,Class 2
0.737430555556,1037.6875,105043.22648,1156.03996989,0.865965783176,1.0,3670.60555446,0.364653763113,0.38661612767,0.00570610894097,0.351163997537,0.424706844504,1.0,1.0,0.872565060958,10.7395833333,0.858333333333,3685.46652018,700387.557199,142684435.316,9.7625,-0.227083333333,662.1125,3.86615910543e-06,Class 3
0.582534722222,846.441666667,433213.570983,2585.41659749,0.794593766397,1.0,9340.25787946,0.585134874617,0.645057952603,0.00465549045139,0.525170871726,0.657926390828,1.0,1.0,0.809667375798,22.7125,0.7625,9391.65571289,2034035.68288,451897167.737,8.6,0.229166666667,2136.65833333,3.1536258814e-06,Class 3
0.4584375,1375.44583333,779525.830022,3880.94081624,0.730757888205,1.0,14059.4562435,0.778029935022,0.837953013008,0.00397596571181,0.676743297625,0.576205964708,1.0,1.0,0.746859537115,32.6020833333,0.675,14158.2751139,3226303.91227,755481811.327,13.3791666667,-0.0104166666667,3196.21666667,5.12456055659e-06,Class 3
0.674826388889,1224.5375,130556.577775,1287.78788656,0.83736393677,1.0,4299.38454376,0.432386261183,0.474259631396,0.00532579210069,0.406172846914,0.434828649659,1.0,1.0,0.845584548907,13.1479166667,0.820833333333,4321.11599935,779534.974269,149990865.671,11.7708333333,-0.902083333333,774.35,4.56231457502e-06,Class 3
0.654618055556,1434.12916667,142756.799071,1523.36464437,0.827919927071,1.0,4747.23299641,0.468015957671,0.5039253122,0.00516574435764,0.436225746991,0.386357495804,1.0,1.0,0.834160218481,14.24375,0.808333333333,4772.78917643,885185.79215,176342705.275,13.4375,-0.24375,834.8875,5.34319969748e-06,Class 3
0.614965277778,1204.7875,209074.901865,1711.70546468,0.798481795004,1.0,5739.51521801,0.523813015352,0.567737744466,0.00480604383681,0.484928576886,0.461788114333,1.0,1.0,0.811190197963,16.71875,0.783333333333,5773.2261556,1083412.09304,214278077.858,12.0625,-0.264583333333,1142.37083333,4.48873110955e-06,Class 3
0.634791666667,1212.37083333,181603.291262,1555.25585531,0.825178483012,1.0,5271.19894059,0.477351275096,0.530383572567,0.00506890190972,0.431593452461,0.460971849534,1.0,1.0,0.832150503087,15.5020833333,0.795833333333,5299.60219727,991429.387613,196511964.421,12.0041666667,-0.672916666667,1022.05,4.51698467646e-06,Class 3
0.545625,1396.30416667,352567.000042,2474.29120687,0.762830595993,1.0,8298.56156633,0.636864822415,0.684985129458,0.00431939019097,0.570931855905,0.555116114423,1.0,1.0,0.778110295581,22.1520833333,0.7375,8353.20323893,1700461.26532,362539541.322,13.6125,0.28125,1739.57083333,5.20227338954e-06,Class 3
0.429826388889,1803.85,578492.480561,3186.04882406,0.707188962731,1.0,11296.6424824,0.853700808208,0.911115302897,0.00358072916667,0.728057108691,0.5180519566,1.0,1.0,0.721588512105,29.7,0.654166666667,11395.4773275,2357469.3935,510282099.003,17.6166666667,-1.0875,2398.37083333,6.720685276e-06,Class 3
0.283368055556,2817.6375,914432.841328,4446.18248291,0.569284486922,1.0,14444.3679667,1.08976923183,1.189954903,0.00235812717014,0.992051497351,0.455214432078,1.0,1.0,0.593992390929,39.3104166667,0.529166666667,14612.0808431,2934852.49697,619029488.901,26.8708333333,0.747916666667,2949.225,1.04977990738e-05,Class 3
0.2915625,1997.52083333,1176543.11577,4490.46438395,0.617219670919,1.0,16052.1175514,1.08615014797,1.1962124916,0.00263129340278,0.885472271837,0.51396088091,1.0,1.0,0.641362984194,41.3270833333,0.5375,16227.9048014,3387774.8856,733620443.935,19.8625,-0.64375,3558.24166667,7.44225343187e-06,Class 3
0.647847222222,954.0125,223226.892016,1689.27239176,0.83847939959,1.0,5898.56500243,0.488898061867,0.518718140287,0.00527506510417,0.402630168113,0.535801669803,1.0,1.0,0.848286008419,16.1604166667,0.804166666667,5928.91938477,1169470.30407,240908964.4,9.4875,-0.25625,1243.97916667,3.55440738524e-06,Class 3
0.564166666667,1367.59166667,298132.60988,2169.45611572,0.779528347969,1.0,7393.08846088,0.592746685389,0.651742998544,0.00441840277778,0.537485149464,0.486024634128,1.0,1.0,0.791405609453,20.4083333333,0.75,7439.84972331,1466256.84382,303090725.873,13.3083333333,-0.2625,1518.38333333,5.09529793372e-06,Class 3
0.291458333333,1819.30833333,1297937.79613,4669.78606364,0.60459030961,1.0,16841.1022058,1.07887491892,1.20373824149,0.00251491970486,0.879015622461,0.522629809006,1.0,1.0,0.63670765478,42.6416666667,0.5375,17021.2934733,3572776.94775,772579531.264,17.7416666667,-0.4125,3801.1625,6.77827908547e-06,Class 3
0.457465277778,1013.16666667,704709.093604,3450.83814697,0.739265302535,1.0,12287.1369363,0.787073601817,0.85679190915,0.00378634982639,0.628809722766,0.625673323204,1.0,1.0,0.758723813957,30.5083333333,0.675,12380.66014,2631754.55354,574354979.72,10.4166666667,0.920833333333,2842.35,3.7748007311e-06,Class 3
0.446215277778,1947.67916667,473424.300134,3048.02043864,0.703953641163,1.0,10071.5973728,0.813246092497,0.886326972087,0.00358154296875,0.726462974187,0.46039389173,1.0,1.0,0.720002647095,27.5520833333,0.666666666667,10158.8407389,2028137.91816,426018608.261,18.5291666667,0.210416666667,2053.22083333,7.25655608714e-06,Class 3
0.468784722222,1518.9,543037.618423,3198.24836833,0.72282893549,1.0,10803.6441564,0.771691368065,0.835352799585,0.00384304470486,0.679714942993,0.565930252328,1.0,1.0,0.739753873248,28.0125,0.683333333333,10887.7661296,2252712.56994,483957383.731,14.8916666667,0.895833333333,2342.65416667,5.65903421333e-06,Class 3
0.480694444444,1577.02916667,403813.679915,2608.48170166,0.72887596683,1.0,8845.56143203,0.701347669201,0.78660710101,0.00382161458333,0.622563984038,0.43703791041,1.0,1.0,0.745826270264,24.81875,0.691666666667,8913.1449056,1727074.42248,350325892.437,15.6375,-0.177083333333,1834.41666667,5.87560867047e-06,Class 3
0.840902777778,613.920833333,40124.8197361,541.264709473,0.929515607437,1.0,1722.26688866,0.197538320826,0.216045252996,0.00669162326389,0.167809676258,0.380507951932,1.0,1.0,0.931375112089,5.62291666667,0.916666666667,1726.31964518,298691.991371,56480270.9424,6.07083333333,-0.427083333333,278.1875,2.28731252887e-06,Class 3
0.589131944444,1436.65,254065.957488,1991.42864176,0.791022923162,1.0,6779.33389801,0.571874540958,0.617818228676,0.00465304904514,0.528836449389,0.496879218495,1.0,1.0,0.801190594983,18.8458333333,0.766666666667,6820.93904622,1342725.13255,278902897.604,13.725,-0.675,1346.36666667,5.35259167988e-06,Class 3
0.871458333333,312.025,61733.2461054,564.892118327,0.939070096196,1.0,2027.47181989,0.170648075727,0.181629258005,0.00680908203125,0.161550365407,0.658080051945,1.0,1.0,0.943159440673,5.51666666667,0.933333333333,2030.86378581,401489.95352,82753227.4612,3.24166666667,-0.208333333333,429.795833333,1.16252561091e-06,Class 3
0.503402777778,1841.43333333,342677.195078,2585.41425374,0.7472479577,1.0,8330.18529707,0.718173959009,0.770821807954,0.00411865234375,0.637108904207,0.437792378151,1.0,1.0,0.758666875745,23.3916666667,0.708333333333,8395.40493164,1639888.86447,338365144.414,17.4333333333,0.233333333333,1638.85833333,6.86071119553e-06,Class 3
0.463229166667,1314.35416667,610957.556204,3320.93293864,0.729223617567,1.0,11430.5012318,0.76721519206,0.840753296047,0.00380723741319,0.667517005362,0.605450283914,1.0,1.0,0.747316431258,29.19375,0.679166666667,11517.6798014,2392347.0785,512253728.589,12.8708333333,0.96875,2551.2875,4.89694857963e-06,Class 3
0.328194444444,1676.7875,1212603.51763,4668.25513916,0.632352212115,1.0,16751.5263772,1.0210747203,1.1253797518,0.00275906032986,0.844335331936,0.563130322253,1.0,1.0,0.660355362015,41.06875,0.570833333333,16915.6542806,3647472.40605,808017804.815,16.1791666667,0.20625,3810.35833333,6.24728279082e-06,Class 3
0.435798611111,1674.15,517665.874473,2907.30976156,0.712776619942,1.0,10250.8164494,0.78675789434,0.874117727875,0.00359700520833,0.681081687032,0.458619946972,1.0,1.0,0.729096660564,28.2708333333,0.658333333333,10337.3999837,2023871.00964,412891506.935,16.5333333333,-0.891666666667,2166.25416667,6.23745613815e-06,Class 3
0.498055555556,1868.35,349224.005426,2635.2526652,0.731591756072,1.0,8482.25486479,0.701167598599,0.756376515396,0.00394232855903,0.633349700697,0.465676079196,1.0,1.0,0.745876939411,23.575,0.704166666667,8546.41013997,1705930.8775,361839331.134,17.925,0.258333333333,1669.88333333,6.96099583414e-06,Class 3
0.551423611111,1272.18333333,380206.846804,2554.11171468,0.784981957909,1.0,8676.51474894,0.649664927805,0.694204542037,0.00451063368056,0.538346072247,0.560801159455,1.0,1.0,0.798850486621,22.5208333333,0.741666666667,8733.20935872,1819368.6395,395925916.283,12.2916666667,0.466666666667,1865.60833333,4.7398308045e-06,Class 3
0.595590277778,1407.60833333,238989.23692,2010.46112874,0.796634960423,1.0,6486.13185475,0.555606164694,0.608128753214,0.00475477430556,0.504233973667,0.477244018819,1.0,1.0,0.80612267797,18.2541666667,0.770833333333,6525.25102539,1270746.58546,261366492.521,13.625,0.2375,1279.69583333,5.24438983297e-06,Class 3
0.627916666667,1804.50833333,125186.66088,1575.99843343,0.803308381265,1.0,4686.73289783,0.519605068266,0.555182458823,0.00490370008681,0.4957530311,0.34499971457,1.0,1.0,0.810449071899,14.7125,0.791666666667,4716.12237956,853059.08522,169290768.54,16.6916666667,-0.475,728.133333333,6.72313805818e-06,Class 3
0.413854166667,2077.6625,509036.889326,3129.8292277,0.689962080565,1.0,10397.4542162,0.84621439895,0.936082815781,0.00354329427083,0.711839835947,0.404507134436,1.0,1.0,0.709905577816,29.1270833333,0.641666666667,10493.5089681,2037392.35327,414924183.885,19.6875,-0.0604166666667,2104.41666667,7.74084085275e-06,Class 3
0.621666666667,1259.16666667,202563.657613,1842.6010376,0.807588357552,1.0,5717.7835068,0.510961258948,0.548921972378,0.00490912543403,0.469845609463,0.512161110337,1.0,1.0,0.816845528037,16.4041666667,0.7875,5750.02498372,1109824.70189,227843293.083,12.5666666667,0.866666666667,1122.97083333,4.69133402261e-06,Class 3
0.571736111111,1990.87916667,111284.51941,1548.74452718,0.773794300526,1.0,4440.60150611,0.533367500795,0.586884269568,0.004521484375,0.505897303495,0.257160754455,1.0,1.0,0.779858235569,15.66875,0.754166666667,4472.7667806,718166.903613,127193402.162,19.4708333333,-0.647916666667,620.716666667,7.41750827491e-06,Class 3
0.570416666667,1456.17083333,260247.932483,2204.8542277,0.770225210613,1.0,6822.38758231,0.586321869005,0.638637753979,0.00450629340278,0.549306963209,0.453977645082,1.0,1.0,0.783428354133,19.3979166667,0.754166666667,6866.32537435,1323804.33342,269427612.958,14.3541666667,1.13541666667,1352.84166667,5.42532132878e-06,Class 3
0.232951388889,1939.99166667,1620041.45585,5023.20552979,0.599804694538,1.0,18048.8819204,1.15544072016,1.31876579786,0.00238037109375,0.892620228309,0.448308130772,1.0,1.0,0.627227504684,46.8208333333,0.479166666667,18261.0156087,3746451.86298,791277996.099,19.3083333333,-0.2375,4080.9875,7.22791442178e-06,Class 3
0.430069444444,790.733333333,1046909.60395,4262.06991781,0.7481021742,1.0,15886.839269,0.840211042632,0.913291922223,0.003837890625,0.615034565536,0.672442802272,1.0,1.0,0.768611996448,36.35,0.654166666667,16006.0283691,3624717.06418,835175996.736,7.79166666667,0.5125,3804.39166667,2.94607083215e-06,Class 3
0.480138888889,1080.62083333,615786.347602,3137.94394124,0.74868717407,1.0,11397.7224966,0.73708272048,0.813586632161,0.00403971354167,0.61357737968,0.592141506002,1.0,1.0,0.768399074993,28.66875,0.691666666667,11479.9126139,2403313.57461,515823556.689,10.7625,-0.0104166666667,2600.27083333,4.02611776119e-06,Class 3
0.120555555556,2008.11666667,3652808.2724,6742.33332926,0.512841269443,1.0,24268.7476261,1.34060915537,1.55305950078,0.00163004557292,0.953564271726,0.512091138878,1.0,1.0,0.547190039051,61.2625,0.3375,24591.6380046,5179014.82724,1119904700.57,20.975,0.875,5646.8375,7.48173080586e-06,Class 3
0.539479166667,1650.52083333,325164.948578,2438.04348551,0.769183262907,1.0,8042.94607356,0.65075110347,0.697102972759,0.00431911892361,0.559437522946,0.512424452337,1.0,1.0,0.781980718013,22.01875,0.733333333333,8098.46157227,1612702.21487,338143033.835,15.2041666667,0.00208333333333,1612.32916667,6.14941988652e-06,Class 3
0.434965277778,1185.7125,856787.967252,3986.04804281,0.703202988692,1.0,14348.5285215,0.824228983077,0.922727659611,0.00350857204861,0.702420523342,0.576501638155,1.0,1.0,0.727527175928,33.84375,0.658333333333,14457.3141764,3226827.10133,737624933.157,11.7125,0.685416666667,3318.42916667,4.417662522e-06,Class 3
0.521319444444,1283.38333333,428769.883967,2707.20357666,0.759545819885,1.0,9209.45046376,0.670659910398,0.734956311294,0.00409152560764,0.598472266009,0.55968984667,1.0,1.0,0.774176885672,24.3041666667,0.720833333333,9272.68123372,1879989.41581,395504281.678,12.4833333333,0.5375,1997.70416667,4.78155914948e-06,Class 3
0.418958333333,1207.99583333,928156.661959,4117.87753499,0.69652468937,1.0,14999.7493813,0.853508317442,0.939589337915,0.00343071831597,0.710551043971,0.572161828438,1.0,1.0,0.722217738258,35.2979166667,0.645833333333,15117.323291,3375342.46961,770989076.279,11.8708333333,0.277083333333,3477.88333333,4.5006845417e-06,Class 3
0.463194444444,1519.48333333,511936.382452,2918.4244751,0.718290777669,1.0,10273.6380256,0.778071113913,0.839806446958,0.00371717664931,0.678753776998,0.525598932404,1.0,1.0,0.73498542433,27.4291666667,0.679166666667,10356.6859212,2089433.52351,438479464.083,15.0833333333,-0.458333333333,2209.72916667,5.66120756463e-06,Class 3
0.515381944444,1153.06666667,488309.614472,2863.75175374,0.7663508863,1.0,9985.44857955,0.692001500955,0.741683542206,0.00414333767361,0.590833252518,0.616603867571,1.0,1.0,0.779501550587,25.5166666667,0.716666666667,10054.0054525,2095698.71446,451200947.202,11.4833333333,0.508333333333,2225.63333333,4.29603246884e-06,Class 3
0.840625,348.866666667,110713.734434,914.711975098,0.933168279165,1.0,3303.44454222,0.220447534472,0.232990450958,0.00662814670139,0.191327808175,0.755814647201,1.0,1.0,0.938526499706,8.0375,0.916666666667,3309.98123372,710709.032864,156469982.87,3.16666666667,-3.46944695195e-17,740.404166667,1.29978826951e-06,Class 3
0.780763888889,447.729166667,170063.015075,1296.7182251,0.898094686295,1.0,4701.86217616,0.311791465649,0.325281231225,0.00615695529514,0.281243445008,0.698148183226,1.0,1.0,0.906444415741,11.34375,0.883333333333,4715.20375977,1020831.54571,226232948.034,4.32083333333,0.0270833333333,1067.04583333,1.66812474322e-06,Class 3
0.654444444444,1017.27916667,210179.552183,1719.03723551,0.836517813013,1.0,5716.15831528,0.487926963327,0.514906494479,0.0052685546875,0.436520564038,0.578406407691,1.0,1.0,0.845183476396,15.7770833333,0.808333333333,5745.72667643,1124261.45013,230174785.355,9.97916666667,0.24375,1182.35833333,3.79012285777e-06,Class 3
0.469201388889,1971.7125,339004.000202,2546.45207926,0.725131550266,1.0,8155.72198192,0.736603602201,0.808705232405,0.00381022135417,0.647241635438,0.377169156189,1.0,1.0,0.738867486052,24.1479166667,0.683333333333,8224.82016602,1526614.12202,299947838.198,18.9541666667,-0.0104166666667,1563.65416667,7.34609816074e-06,Class 3
0.480659722222,1767.83333333,368391.786035,2564.65852458,0.736414205727,1.0,8528.50426161,0.709310559231,0.78566025192,0.00399007161458,0.619544380791,0.449834599616,1.0,1.0,0.74828832517,24.225,0.691666666667,8595.21951497,1666832.03861,341530578.79,17.5833333333,-0.233333333333,1707.225,6.5864963571e-06,Class 3
0.485972222222,1687.11666667,429252.135411,2831.62427979,0.735607895532,1.0,9482.70139037,0.743212989014,0.799065749495,0.00393663194444,0.661214722075,0.482279424489,1.0,1.0,0.748529373943,25.4416666667,0.695833333333,9556.19347331,1946542.7245,416475415.514,16.45,0.208333333333,1967.66666667,6.28576663279e-06,Class 3
0.503888888889,1673.29166667,328157.560671,2398.2776652,0.740260297033,1.0,7868.89568372,0.676215703945,0.74540401101,0.00403374565972,0.62171801469,0.402459592713,1.0,1.0,0.753840639725,22.775,0.708333333333,7928.61847331,1495397.31265,296754638.195,16.4416666667,-0.00833333333333,1564.1875,6.23425820695e-06,Class 3
0.688368055556,989.270833333,165358.410658,1470.59752197,0.856644959827,1.0,4851.40218905,0.42608385257,0.464044566,0.00543619791667,0.379433434268,0.529230975291,1.0,1.0,0.864391897896,13.7395833333,0.829166666667,4873.77902018,928930.625656,185435724.784,9.27916666667,0.0229166666667,971.341666667,3.68577094745e-06,Class 4
0.825659722222,487.583333333,117696.264188,955.038407389,0.934234466289,1.0,3630.38199068,0.224116562275,0.242623494445,0.00662923177083,0.184416943401,0.593132956854,1.0,1.0,0.937308472387,8.51666666667,0.908333333333,3637.43461914,844517.766118,204602853.478,4.56666666667,-0.570833333333,787.595833333,1.81661120889e-06,Class 4
0.773541666667,813.491666667,92142.9431079,1024.41483968,0.88959039333,1.0,3190.24600556,0.30478288535,0.329253833204,0.00598687065972,0.296310286369,0.507125944461,1.0,1.0,0.894054258119,9.24583333333,0.879166666667,3200.84737956,611105.38841,124478922.049,7.825,0.208333333333,596.983333333,3.03086258076e-06,Class 4
0.773680555556,1000.08333333,56726.6506814,899.589318848,0.890545548096,1.0,2487.60928003,0.304168000232,0.320781234223,0.00610053168403,0.283671344093,0.356780700745,1.0,1.0,0.893091028439,8.19166666667,0.879166666667,2496.97159831,426452.375798,79688793.6519,9.53333333333,0.229166666667,374.35,3.72605556621e-06,Class 4
0.404166666667,2046.63333333,476405.36912,3046.42818604,0.707720350366,1.0,9812.71878453,0.796188146434,0.913242797963,0.00355821397569,0.676690711219,0.341095037369,1.0,1.0,0.719954984819,28.5208333333,0.633333333333,9901.13435872,1863780.58422,369359069.926,20.0666666667,0.6125,1964.07083333,7.62523408748e-06,Class 4
0.758993055556,420.341666667,172190.703638,1291.28280843,0.915994019504,1.0,4627.62349147,0.338735002089,0.352224767665,0.00633219401042,0.244138133592,0.672618857233,1.0,1.0,0.92154580226,11.8083333333,0.870833333333,4642.77055664,953632.194507,200747407.445,4.18333333333,0.229166666667,1055.79166667,1.56608589963e-06,Class 4
0.0152777777778,903.420833333,28422986.2599,11796.7617798,0.39040058683,1.0,45906.3079585,1.60020329498,2.02091187764,0.00114312065972,0.946317906382,0.446766802284,1.0,1.0,0.454472063801,102.714583333,0.075,46554.7847493,10676044.4732,2466127294.53,9.8125,-0.53125,11414.4458333,3.36591573169e-06,Class 4
0.0718055555556,2595.48333333,4998973.87257,7493.58521729,0.413711743941,1.0,26218.3867488,1.47581748842,1.72399712315,0.00106228298611,1.07825003978,0.441227762323,1.0,1.0,0.456031520275,67.5458333333,0.254166666667,26610.7286296,5518071.51483,1177918712.8,26.2416666667,1.67083333333,6004.86666667,9.67010927872e-06,Class 4
0.393020833333,1080.3,899945.134505,3858.25819906,0.732700568523,1.0,13755.7863805,0.880854267569,0.968088840679,0.00363091362847,0.640337658897,0.579354881626,1.0,1.0,0.750655517132,34.7833333333,0.625,13875.3929525,2891024.68168,617688794.548,11.2166666667,1.22916666667,3199.31666667,4.02492241797e-06,Class 4
0.608472222222,1398.01666667,234257.160691,1815.96340739,0.799844957831,1.0,6447.53870139,0.545127745371,0.582141609711,0.00475667317708,0.495304150289,0.576470701853,1.0,1.0,0.811044866806,17.8666666667,0.779166666667,6485.08357747,1282156.89388,267684711.944,13.1166666667,-1.3875,1272.04583333,5.20865372801e-06,Class 4
0.942638888889,300.945833333,-0.00811022727318,129.201037598,0.97083616132,1.0,300.510678937,0.0743774518239,0.0819032017155,0.00730414496528,0.0743774518239,0.00261245006027,1.0,1.0,0.971117725611,1.48125,0.970833333333,300.853499349,30561.60783,3104958.6046,2.9625,-0.210416666667,0.0,1.12124746013e-06,Class 4
0.848611111111,692.454166667,18965.2376192,522.05357666,0.921897453208,1.0,1224.34590702,0.180769647987,0.202909757523,0.00657335069444,0.183278231284,0.211126372556,1.0,1.0,0.924027818559,4.68958333333,0.920833333333,1227.41131185,181367.7124,30136741.874,6.85416666667,0.41875,133.8125,2.57990770974e-06,Class 4
0.469791666667,1495.1125,443103.838551,2958.42069906,0.729528450458,1.0,9226.69576661,0.703817716087,0.789000930295,0.00386474609375,0.613067619521,0.485815509656,1.0,1.0,0.746844007685,25.8395833333,0.683333333333,9297.33110352,1787511.02893,357581501.487,14.9291666667,2.43958333333,1950.95833333,5.57040805206e-06,Class 4
0.795729166667,892.525,80179.8726882,949.109891764,0.902903016993,1.0,3019.51088058,0.267628419007,0.2887691949,0.00627577039931,0.244572324208,0.41801933578,1.0,1.0,0.906009011771,8.425,0.891666666667,3027.93201497,612640.828353,134063236.421,8.15,-0.254166666667,533.983333333,3.32532063418e-06,Class 4
0.695625,1404.00416667,75950.4369801,1141.65429281,0.849956407711,1.0,3275.24873134,0.401970537241,0.434144979966,0.00549072265625,0.368176948731,0.313351285443,1.0,1.0,0.853637734107,11.0395833333,0.833333333333,3292.14777018,553379.668576,102552268.235,13.3291666667,-0.377083333333,472.208333333,5.23096162672e-06,Class 4
0.565,1827.19166667,180228.75134,1846.15513916,0.767850449598,1.0,5670.65080013,0.571678685367,0.617112457076,0.0044677734375,0.535755829397,0.354483245593,1.0,1.0,0.775674764969,17.675,0.75,5709.63722331,1037812.78487,205376892.878,17.9416666667,-0.4,970.8875,6.80765037591e-06,Class 4
0.818159722222,350.554166667,105261.329845,913.892964681,0.923407620843,1.0,3108.6101584,0.240682701206,0.255119315871,0.00645345052083,0.20754212258,0.73991845324,1.0,1.0,0.928501164073,8.27708333333,0.904166666667,3116.00375977,618711.404373,126571065.343,3.6125,0.44375,691.491666667,1.30607546434e-06,Class 4
0.848263888889,405.6875,72899.0190077,744.661063639,0.930736552089,1.0,2385.88154659,0.210435507415,0.221416689693,0.00662787543403,0.19539812568,0.640927040359,1.0,1.0,0.935685032876,6.59375,0.920833333333,2390.97563477,460566.625866,92264830.5208,3.87083333333,0.435416666667,496.425,1.51148821016e-06,Class 4
1.0,0.0,-0.00787401574803,6.103515625e-05,1.0,1.0,0.0,-0.0,-0.0,0.00775146484375,-0.0,nan,1.0,1.0,1.0,0.0,1.0,0.000244140625,-3.81469726562e-06,5.96046447754e-08,0.0,0.0,0.0,0.0,Class 4
0.902777777778,477.829166667,5794.16063643,304.341011556,0.954171067293,1.0,646.507014823,0.122613053981,0.135155970467,0.0070556640625,0.110974802565,0.0785067234509,1.0,1.0,0.954611375071,2.76041666667,0.95,647.673551432,83121.3820997,11919104.4606,4.67916666667,0.21875,42.5041666667,1.78026967035e-06,Class 4
0.9834375,83.3333333333,-0.00794042913608,41.6602172852,0.991667499917,1.0,83.2988872373,0.0209305093334,0.0234390926306,0.00762234157986,0.0209305093334,0.000645840641687,1.0,1.0,0.991749174917,0.416666666667,0.991666666667,83.3075358073,8329.42768987,832812.622058,0.833333333333,0.0,0.0,3.10478757287e-07,Class 4
0.7596875,1319.95,6110.90540462,743.615881348,0.872928556261,1.0,1477.36288229,0.280455101432,0.315210903325,0.00588351779514,0.280455101432,0.0439890043266,1.0,1.0,0.874123391281,6.83333333333,0.870833333333,1484.52316081,168646.469641,20529345.9708,12.8416666667,0.420833333333,41.25,4.91779722818e-06,Class 4
0.918611111111,399.9125,6021.83201808,178.094006348,0.958387694889,1.0,577.1220075,0.105907549916,0.114380148898,0.00711669921875,0.105907549916,0.253208233971,1.0,1.0,0.959110931178,2.36458333333,0.958333333333,577.964957682,78317.1336032,11942383.9449,3.90416666667,-0.64375,44.55,1.48997203228e-06,Class 4
0.564513888889,2017.35,166510.775803,1933.59986572,0.786391217262,1.0,5584.19446937,0.572678019011,0.631342368195,0.00461046006944,0.51245053969,0.254718067663,1.0,1.0,0.792024689587,17.6583333333,0.75,5623.21326497,1001760.15269,194879428.169,18.7,0.220833333333,901.741666667,7.51613185217e-06,Class 4
0.759201388889,1386.00833333,28324.0764058,918.166662598,0.875348339775,1.0,2130.55563483,0.309121627216,0.338735002089,0.0059326171875,0.295131885181,0.197022305202,1.0,1.0,0.877664547866,7.99166666667,0.870833333333,2139.84243164,316440.64152,51984812.7168,12.5416666667,0.279166666667,188.583333333,5.16391373908e-06,Class 4
0.856041666667,934.520833333,6184.85828898,532.64342041,0.929172208188,1.0,1108.12068178,0.181293474986,0.202308990453,0.00668999565972,0.169703374437,0.0725575183405,1.0,1.0,0.929785227627,4.48125,0.925,1111.05766602,144963.300115,20206038.7536,8.10416666667,0.210416666667,44.2041666667,3.48178640391e-06,Class 4
0.840694444444,960.641666667,-0.00857763714689,480.251167806,0.916674032579,1.0,957.061288977,0.202887451392,0.227973284364,0.00651014539931,0.202887451392,0.00688068199912,1.0,1.0,0.917441137038,4.4625,0.916666666667,960.363004557,103895.701455,11301292.3534,8.925,-1.11022302463e-16,0.0,3.57910597038e-06,Class 4
0.393055555556,2351.65416667,548837.689562,3286.20950114,0.638756303315,1.0,11140.1922996,0.861275225885,0.967141991589,0.00307156032986,0.835009136368,0.48341485747,1.0,1.0,0.655299091677,30.6145833333,0.625,11243.007666,2249778.81834,474971206.675,23.0208333333,-1.08541666667,2223.31666667,8.76166395884e-06,Class 4
0.470520833333,2099.975,268179.337941,2303.68866781,0.708003130974,1.0,7145.49758029,0.67885714354,0.762458539282,0.00369357638889,0.641938540052,0.287183726041,1.0,1.0,0.721909996116,22.5458333333,0.683333333333,7204.84946289,1268337.58133,238859543.905,20.6916666667,-0.216666666667,1276.57083333,7.82397154002e-06,Class 4
0.825486111111,602.354166667,73912.5536813,894.001688639,0.912924449976,1.0,2590.06220351,0.245132077742,0.253604676724,0.00638943142361,0.242623494445,0.644166702849,1.0,1.0,0.915557427952,7.27708333333,0.908333333333,2596.68292643,506284.649002,104527813.993,5.99583333333,0.885416666667,498.695833333,2.24421807736e-06,Class 4
0.9834375,100.833333333,-0.00794042913608,50.4095662435,0.991667355315,1.0,100.795398819,0.0209305093334,0.0234390926306,0.00762234157986,0.0209305093334,0.000645840641687,1.0,1.0,0.991741741742,0.458333333333,0.991666666667,100.804931641,11086.9407717,1219390.25186,0.916666666667,0.0,0.0,3.75679296318e-07,Class 4
0.848506944444,709.1,17775.2961204,437.395959473,0.927923019593,1.0,1207.31981337,0.185839299136,0.20541834082,0.00663167317708,0.174257349787,0.148796819247,1.0,1.0,0.929115769332,4.68333333333,0.920833333333,1210.47420247,174029.393836,27796597.7063,6.875,-0.420833333333,125.416666667,2.64192584151e-06,Class 4
0.863680555556,655.958333333,19997.0940871,470.201818848,0.932113085704,1.0,1221.89205234,0.18475487422,0.195736056499,0.00668782552083,0.18475487422,0.288723538259,1.0,1.0,0.933483689233,4.42083333333,0.929166666667,1224.84894206,191635.845404,33579066.1403,6.24166666667,1.38777878078e-16,142.291666667,2.44393353799e-06,Class 4
0.894826388889,345.154166667,40232.9993024,432.508068848,0.949187940457,1.0,1492.85756327,0.146786285189,0.151803451783,0.00693060980903,0.144277701892,0.60154794858,1.0,1.0,0.951841707086,4.26041666667,0.945833333333,1495.0714681,285382.483125,57591751.6421,3.2875,-0.239583333333,287.545833333,1.28595644087e-06,Class 4
0.751979166667,647.0625,121700.431412,1060.00592041,0.895940694853,1.0,3675.70487268,0.318825689982,0.351769236818,0.00604709201389,0.275392486427,0.543232408127,1.0,1.0,0.901690612657,10.5145833333,0.866666666667,3688.35558268,696882.197104,137713544.322,6.49583333333,-0.222916666667,760.4875,2.41078993065e-06,Class 4
0.681875,1089.96666667,146063.100258,1343.09713135,0.851870153732,1.0,4516.47838707,0.434833569405,0.455974345297,0.00554063585069,0.379387020177,0.523811651885,1.0,1.0,0.859464726526,13.3541666667,0.825,4538.68227539,838950.863048,164038599.489,10.4833333333,-0.633333333333,862.3875,4.06093795382e-06,Class 4
0.662152777778,1828.25,28523.3302452,1164.36223551,0.816330183091,1.0,2523.9513682,0.408342223709,0.455107500092,0.00512613932292,0.405833640412,0.135205924969,1.0,1.0,0.819464248898,10.55,0.8125,2540.35753581,337236.555294,50320206.6104,17.7083333333,0.670833333333,178.191666667,6.81159345613e-06,Class 4
0.942638888889,235.229166667,12666.697947,237.76529541,0.971412106252,1.0,612.688578666,0.0768860351211,0.0819032017155,0.00730387369792,0.0768860351211,0.501308726422,1.0,1.0,0.972763882475,1.99375,0.970833333333,613.171468099,105578.242175,19840784.3574,2.24583333333,0.23125,94.5166666667,8.76403912133e-07,Class 4
1.0,0.0,-0.00787401574803,6.103515625e-05,1.0,1.0,0.0,-0.0,-0.0,0.00775146484375,-0.0,nan,1.0,1.0,1.0,0.0,1.0,0.000244140625,-3.81469726562e-06,5.96046447754e-08,0.0,0.0,0.0,0.0,Class 4
0.942673611111,289.9625,6727.44440615,249.08951416,0.975002187498,1.0,491.105246459,0.0734306027343,0.0793946184183,0.00736762152778,0.0617531817555,0.178336304173,1.0,1.0,0.97523125668,1.80208333333,0.970833333333,491.516780599,75740.3366854,13167340.1881,2.6875,0.472916666667,50.4166666667,1.08032635992e-06,Class 4
0.588958333333,885.758333333,360579.954106,2228.26536051,0.805124404256,1.0,8106.55485069,0.581419249454,0.628799410954,0.00476453993056,0.485991590046,0.595703184116,1.0,1.0,0.819354206796,20.8791666667,0.766666666667,8153.47029622,1681358.90884,357777822.149,9.025,-0.258333333333,1817.25416667,3.30010975908e-06,Class 4
0.818194444444,919.4625,22030.9593894,664.973954264,0.907203668834,1.0,1525.04451699,0.229576258502,0.249155300187,0.00633490668403,0.229576258502,0.232001163838,1.0,1.0,0.909026819164,5.73958333333,0.904166666667,1529.90402018,233971.931516,41132305.4255,8.7625,0.464583333333,152.7,3.42568289247e-06,Class 4
0.780868055556,880.6625,60980.9946768,864.754227702,0.890571285906,1.0,2481.05292745,0.294846267687,0.317755481333,0.00604329427083,0.288882252003,0.334722703211,1.0,1.0,0.895132804755,8.05208333333,0.883333333333,2489.95948893,427301.150528,79330587.8429,8.4625,0.214583333333,402.45,3.28112398308e-06,Class 4
0.879236111111,606.729166667,16161.4776663,450.315230306,0.939833367637,1.0,1070.42049655,0.154971464605,0.170022964388,0.00681016710069,0.154971464605,0.260996278915,1.0,1.0,0.940927661766,3.84375,0.9375,1072.53917643,174952.556603,33020327.8732,5.7375,0.252083333333,116.5125,2.26051821212e-06,Class 4
0.863680555556,360.0875,94117.1600297,863.022717285,0.944906245058,1.0,2953.16745967,0.179737707626,0.195736056499,0.00680962456597,0.156533198812,0.663677047666,1.0,1.0,0.948525571771,6.81875,0.929166666667,2957.61157227,689000.739477,166569377.359,3.32083333333,0.264583333333,649.4875,1.34159423418e-06,Class 4
0.577777777778,1596.07083333,177569.764579,1844.26112874,0.803876800386,1.0,5395.7293645,0.525287797799,0.585259918611,0.00477430555556,0.446717951598,0.323785024832,1.0,1.0,0.810372331855,17.1020833333,0.758333333333,5430.31886393,950046.532926,177908131.824,15.5875,0.85625,958.829166667,5.94655306651e-06,Class 4
0.918576388889,297.470833333,30487.7911814,311.619006348,0.959639119863,1.0,1186.66316976,0.1118715656,0.116888732195,0.00711615668403,0.109362982303,0.63226526065,1.0,1.0,0.961974346607,3.28541666667,0.958333333333,1187.91573893,239117.632478,51575555.4286,2.79583333333,-0.497916666667,222.6625,1.10830049595e-06,Class 4
0.879340277778,577.804166667,12317.809322,398.906311035,0.938498683716,1.0,930.89012134,0.149497073613,0.164058948704,0.0068115234375,0.149497073613,0.188753430341,1.0,1.0,0.94010340206,3.65625,0.9375,932.825895182,133077.230938,21330208.5607,5.62083333333,0.210416666667,88.8125,2.15275103547e-06,Class 4
0.958854166667,244.891666667,-0.00804167401033,155.499214681,0.979168490153,1.0,244.653675858,0.0535234599761,0.0585406265705,0.00743055555556,0.0535234599761,0.0019504204955,1.0,1.0,0.97935914381,1.125,0.979166666667,244.821598307,26865.4473473,2974181.29255,2.25,0.2625,0.0,9.12403924041e-07,Class 4
0.840798611111,709.079166667,63792.2011788,761.195959473,0.93345022537,1.0,2465.13227179,0.20350233651,0.220447534472,0.00663058810764,0.178784891689,0.383678948407,1.0,1.0,0.934403809485,6.66041666667,0.916666666667,2470.0964681,517870.275313,117790414.402,6.2125,-0.264583333333,440.358333333,2.64184822182e-06,Class 4
0.595555555556,1031.9875,363027.73622,2490.60181885,0.797992887749,1.0,8410.94895757,0.579587487855,0.607513868096,0.00470594618056,0.512516162508,0.649584311057,1.0,1.0,0.811033260807,21.03125,0.770833333333,8458.05662435,1804115.3603,398458118.37,10.0375,0.989583333333,1856.84583333,3.84492235843e-06,Class 4
0.463333333333,1428.94583333,591597.918234,3217.15162354,0.76323772028,1.0,11266.3528962,0.781599322171,0.833227546156,0.00405490451389,0.599662790004,0.605281595252,1.0,1.0,0.777787262499,29.0229166667,0.679166666667,11354.6654785,2340178.52838,498071039.037,13.1625,0.210416666667,2481.88333333,5.32388791877e-06,Class 4
0.840763888889,574.6875,73117.1016844,830.083719889,0.93099738206,1.0,2569.19352323,0.218553836293,0.224517851977,0.00662923177083,0.187872375788,0.540260585873,1.0,1.0,0.934786256657,6.87291666667,0.916666666667,2574.72485352,530775.670546,116315296.253,5.17916666667,0.30625,500.116666667,2.14113912994e-06,Class 4
0.950729166667,302.1125,6776.7680356,168.431636556,0.97501430191,1.0,505.653787126,0.0677171974395,0.0702257807367,0.00736680772569,0.0677171974395,0.334855256253,1.0,1.0,0.975392876231,1.71041666667,0.975,506.005843099,81996.6493116,14548798.4806,2.57083333333,-0.264583333333,51.0,1.12559416273e-06,Class 4
0.958888888889,277.208333333,-0.00804152969646,106.556245931,0.979168296402,1.0,276.971348075,0.0500680275893,0.0560320432733,0.00743109809028,0.0500680275893,0.0019504204955,1.0,1.0,0.979348366013,1.19583333333,0.979166666667,277.133837891,32405.6492739,3820411.44926,2.39166666667,-0.258333333333,0.0,1.03280758612e-06,Class 4
0.934618055556,300.279166667,5638.49246447,213.433784993,0.967086173238,1.0,467.940355934,0.0851002573359,0.0910642730199,0.00724148220486,0.0851002573359,0.209903684005,1.0,1.0,0.967993252433,1.89791666667,0.966666666667,468.460791016,64304.1089612,9895248.93608,2.97083333333,0.210416666667,42.075,1.11876363007e-06,Class 4
0.818333333333,884.183333333,33454.6732916,668.457157389,0.911375446521,1.0,1798.27305398,0.221103659521,0.242244435413,0.006396484375,0.209554687185,0.285960345672,1.0,1.0,0.913252706631,6.22916666667,0.904166666667,1803.34425456,292100.392454,52121465.467,8.225,-0.0166666666667,229.8875,3.29424171057e-06,Class 4
0.879305555556,653.166666667,6044.10035963,370.295243327,0.937921939258,1.0,826.144736992,0.150443922703,0.166567532001,0.00681125217014,0.150443922703,0.0987360316908,1.0,1.0,0.939090282385,3.50833333333,0.9375,828.014306641,105318.198365,14766482.8329,6.175,-8.32667268469e-17,43.7666666667,2.43353249962e-06,Class 4
0.958854166667,247.241666667,-0.00804167401033,156.953186035,0.979168440186,1.0,246.990794327,0.0560320432733,0.0585406265705,0.00743028428819,0.0560320432733,0.0019504204955,1.0,1.0,0.979356886507,1.13333333333,0.979166666667,247.171077474,27024.5288699,2962033.74651,2.26666666667,0.266666666667,0.0,9.21159424996e-07,Class 4
1.0,0.0,-0.00787401574803,6.103515625e-05,1.0,1.0,0.0,-0.0,-0.0,0.00775146484375,-0.0,nan,1.0,1.0,1.0,0.0,1.0,0.000244140625,-3.81469726562e-06,5.96046447754e-08,0.0,0.0,0.0,0.0,Class 4
0.950729166667,282.958333333,-0.00807580488855,129.217704264,0.975002266285,1.0,282.616979842,0.0652086141423,0.0702257807367,0.00736707899306,0.0652086141423,0.00195518330703,1.0,1.0,0.97523512695,1.325,0.975,282.875764974,30448.0132652,3307012.7931,2.65,-0.0541666666667,0.0,1.05423062037e-06,Class 4
0.967013888889,170.083333333,-0.00800768737988,85.0285766602,0.983334968923,1.0,169.944253428,0.0418306055299,0.0468477721243,0.00749430338542,0.0418306055299,0.00129753899926,1.0,1.0,0.983496794872,0.841666666667,0.983333333333,170.030973307,17183.9119062,1737346.43974,1.68333333333,2.77555756156e-17,0.0,6.33687143624e-07,Class 4
0.654479166667,965.566666667,223034.487181,1795.76568604,0.836219870315,1.0,5952.83792813,0.479943989039,0.512397911181,0.00527045355903,0.429484438839,0.591539218422,1.0,1.0,0.845014834379,15.9875,0.808333333333,5982.30102539,1211088.28123,257039089.019,9.73333333333,0.6125,1254.43333333,3.59745526494e-06,Class 4
1.0,0.0,-0.00787401574803,6.103515625e-05,1.0,1.0,0.0,-0.0,-0.0,0.00775146484375,-0.0,nan,1.0,1.0,1.0,0.0,1.0,0.000244140625,-3.81469726562e-06,5.96046447754e-08,0.0,0.0,0.0,0.0,Class 4
1.0,0.0,-0.00787401574803,6.103515625e-05,1.0,1.0,0.0,-0.0,-0.0,0.00775146484375,-0.0,nan,1.0,1.0,1.0,0.0,1.0,0.000244140625,-3.81469726562e-06,5.96046447754e-08,0.0,0.0,0.0,0.0,Class 4
0.788402777778,684.85,72880.8346981,863.742508952,0.900666754526,1.0,2591.95747414,0.269724354121,0.29526741149,0.00616238064236,0.252119694827,0.414535721805,1.0,1.0,0.905686442162,8.0625,0.8875,2600.07967122,461120.634463,87156356.1347,6.86666666667,0.420833333333,478.933333333,2.55157652314e-06,Class 4
0.668611111111,1066.77083333,143643.486811,1391.15396729,0.844998875285,1.0,4412.61679274,0.408328325317,0.454243054468,0.00533664279514,0.365275284357,0.352308190039,1.0,1.0,0.85254772747,13.43125,0.816666666667,4433.54829102,802967.295257,154465303.887,10.6958333333,0.185416666667,841.904166667,3.97451619173e-06,Class 4
0.582847222222,1732.1,242377.698071,2183.1323527,0.781341642935,1.0,6849.86727088,0.58142892138,0.625604171344,0.00455485026042,0.540699431877,0.489258324716,1.0,1.0,0.792471203701,19.15,0.7625,6892.87003581,1353356.41867,281869335.393,15.6666666667,0.116666666667,1290.49166667,6.45336306597e-06,Class 4
0.6815625,916.225,177915.975845,1516.06646729,0.855417635155,1.0,5015.36847816,0.438414262217,0.47197269417,0.00538330078125,0.392935537696,0.495732000979,1.0,1.0,0.862735719751,14.1791666667,0.825,5039.15571289,956556.877147,189321954.055,8.78333333333,0.2375,1030.95416667,3.41362079275e-06,Class 4
0.393020833333,1080.3,899945.134505,3858.25819906,0.732700568523,1.0,13755.7863805,0.880854267569,0.968088840679,0.00363091362847,0.640337658897,0.579354881626,1.0,1.0,0.750655517132,34.7833333333,0.625,13875.3929525,2891024.68168,617688794.548,11.2166666667,1.22916666667,3199.31666667,4.02492241797e-06,Class 4
0.942638888889,300.945833333,-0.00811022727318,129.201037598,0.97083616132,1.0,300.510678937,0.0743774518239,0.0819032017155,0.00730414496528,0.0743774518239,0.00261245006027,1.0,1.0,0.971117725611,1.48125,0.970833333333,300.853499349,30561.60783,3104958.6046,2.9625,-0.210416666667,0.0,1.12124746013e-06,Class 4
0.848611111111,692.454166667,18965.2376192,522.05357666,0.921897453208,1.0,1224.34590702,0.180769647987,0.202909757523,0.00657335069444,0.183278231284,0.211126372556,1.0,1.0,0.924027818559,4.68958333333,0.920833333333,1227.41131185,181367.7124,30136741.874,6.85416666667,0.41875,133.8125,2.57990770974e-06,Class 4
1.0,0.0,-0.00787401574803,6.103515625e-05,1.0,1.0,0.0,-0.0,-0.0,0.00775146484375,-0.0,nan,1.0,1.0,1.0,0.0,1.0,0.000244140625,-3.81469726562e-06,5.96046447754e-08,0.0,0.0,0.0,0.0,Class 4
0.9834375,83.3333333333,-0.00794042913608,41.6602172852,0.991667499917,1.0,83.2988872373,0.0209305093334,0.0234390926306,0.00762234157986,0.0209305093334,0.000645840641687,1.0,1.0,0.991749174917,0.416666666667,0.991666666667,83.3075358073,8329.42768987,832812.622058,0.833333333333,0.0,0.0,3.10478757287e-07,Class 4
0.7596875,1319.95,6110.90540462,743.615881348,0.872928556261,1.0,1477.36288229,0.280455101432,0.315210903325,0.00588351779514,0.280455101432,0.0439890043266,1.0,1.0,0.874123391281,6.83333333333,0.870833333333,1484.52316081,168646.469641,20529345.9708,12.8416666667,0.420833333333,41.25,4.91779722818e-06,Class 4
0.564513888889,2017.35,166510.775803,1933.59986572,0.786391217262,1.0,5584.19446937,0.572678019011,0.631342368195,0.00461046006944,0.51245053969,0.254718067663,1.0,1.0,0.792024689587,17.6583333333,0.75,5623.21326497,1001760.15269,194879428.169,18.7,0.220833333333,901.741666667,7.51613185217e-06,Class 4
0.470520833333,2099.975,268179.337941,2303.68866781,0.708003130974,1.0,7145.49758029,0.67885714354,0.762458539282,0.00369357638889,0.641938540052,0.287183726041,1.0,1.0,0.721909996116,22.5458333333,0.683333333333,7204.84946289,1268337.58133,238859543.905,20.6916666667,-0.216666666667,1276.57083333,7.82397154002e-06,Class 4
0.825486111111,602.354166667,73912.5536813,894.001688639,0.912924449976,1.0,2590.06220351,0.245132077742,0.253604676724,0.00638943142361,0.242623494445,0.644166702849,1.0,1.0,0.915557427952,7.27708333333,0.908333333333,2596.68292643,506284.649002,104527813.993,5.99583333333,0.885416666667,498.695833333,2.24421807736e-06,Class 4
0.758993055556,420.341666667,172190.703638,1291.28280843,0.915994019504,1.0,4627.62349147,0.338735002089,0.352224767665,0.00633219401042,0.244138133592,0.672618857233,1.0,1.0,0.92154580226,11.8083333333,0.870833333333,4642.77055664,953632.194507,200747407.445,4.18333333333,0.229166666667,1055.79166667,1.56608589963e-06,Class 4
0.863680555556,655.958333333,19997.0940871,470.201818848,0.932113085704,1.0,1221.89205234,0.18475487422,0.195736056499,0.00668782552083,0.18475487422,0.288723538259,1.0,1.0,0.933483689233,4.42083333333,0.929166666667,1224.84894206,191635.845404,33579066.1403,6.24166666667,1.38777878078e-16,142.291666667,2.44393353799e-06,Class 4
0.751979166667,647.0625,121700.431412,1060.00592041,0.895940694853,1.0,3675.70487268,0.318825689982,0.351769236818,0.00604709201389,0.275392486427,0.543232408127,1.0,1.0,0.901690612657,10.5145833333,0.866666666667,3688.35558268,696882.197104,137713544.322,6.49583333333,-0.222916666667,760.4875,2.41078993065e-06,Class 4
1.0,0.0,-0.00787401574803,6.103515625e-05,1.0,1.0,0.0,-0.0,-0.0,0.00775146484375,-0.0,nan,1.0,1.0,1.0,0.0,1.0,0.000244140625,-3.81469726562e-06,5.96046447754e-08,0.0,0.0,0.0,0.0,Class 4
0.942673611111,289.9625,6727.44440615,249.08951416,0.975002187498,1.0,491.105246459,0.0734306027343,0.0793946184183,0.00736762152778,0.0617531817555,0.178336304173,1.0,1.0,0.97523125668,1.80208333333,0.970833333333,491.516780599,75740.3366854,13167340.1881,2.6875,0.472916666667,50.4166666667,1.08032635992e-06,Class 4
0.404166666667,2046.63333333,476405.36912,3046.42818604,0.707720350366,1.0,9812.71878453,0.796188146434,0.913242797963,0.00355821397569,0.676690711219,0.341095037369,1.0,1.0,0.719954984819,28.5208333333,0.633333333333,9901.13435872,1863780.58422,369359069.926,20.0666666667,0.6125,1964.07083333,7.62523408748e-06,Class 4
0.78125,879.558333333,52285.4772005,830.694266764,0.900549211709,1.0,2258.36540531,0.27365300724,0.296739965866,0.00622124565972,0.241615480683,0.286750793412,1.0,1.0,0.902747082846,7.675,0.883333333333,2266.21222331,373778.135067,67202470.3883,8.64166666667,0.429166666667,346.783333333,3.27701013954e-06,Class 4
0.595763888889,1009.34166667,304691.621836,1777.72564697,0.810460963567,1.0,7264.21598511,0.548080414802,0.597479534907,0.00481201171875,0.47932892547,0.648425004387,1.0,1.0,0.821594196489,19.5041666667,0.770833333333,7305.45623372,1456329.61151,300980605.222,10.1333333333,-2.74166666667,1574.33333333,3.76054975614e-06,Class 4
0.125972222222,2785.85833333,2377820.92089,5915.75220947,0.455667389117,1.0,20241.5674415,1.27077933485,1.53436609426,0.00138454861111,1.04205506705,0.331918416604,1.0,1.0,0.49490702122,55.2625,0.345833333333,20517.4046712,4051353.84071,829199752.287,28.075,0.866666666667,4433.75,1.03793979997e-05,Class 4
0.766493055556,690.770833333,96169.7855099,1047.6901652,0.895230590261,1.0,3140.86917212,0.297765728904,0.328200692442,0.00616102430556,0.258334231362,0.429472336859,1.0,1.0,0.901071147686,9.38125,0.875,3151.36808268,576097.103387,111137954.419,6.97083333333,0.852083333333,615.295833333,2.57363603885e-06,Class 4
0.788402777778,684.85,72880.8346981,863.742508952,0.900666754526,1.0,2591.95747414,0.269724354121,0.29526741149,0.00616238064236,0.252119694827,0.414535721805,1.0,1.0,0.905686442162,8.0625,0.8875,2600.07967122,461120.634463,87156356.1347,6.86666666667,0.420833333333,478.933333333,2.55157652314e-06,Class 4
0.934583333333,203.004166667,29002.1135621,207.946024577,0.969181251081,1.0,1056.49746011,0.0935728563171,0.0935728563171,0.00724039713542,0.0935728563171,0.946452452626,1.0,1.0,0.970725885595,2.80208333333,0.966666666667,1057.36261393,216821.961197,46806072.566,1.92916666667,-0.94375,213.633333333,7.5634177669e-07,Class 4
0.0710069444444,4522.06666667,2951174.93483,6943.81802979,0.308022212381,1.0,22730.3446513,1.54031867414,1.76098202893,0.00068115234375,1.39288064041,0.366672810137,1.0,1.0,0.342804342067,61.9208333333,0.254166666667,23105.6135254,4690414.72534,1003611546.21,43.85,0.395833333333,4646.85416667,1.68480676685e-05,Class 4
0.242847222222,1487.4,1978421.44912,6065.49934489,0.667096389036,1.0,21030.9391363,1.01853904303,1.13370343811,0.00300998263889,0.738788835578,0.512928670301,1.0,1.0,0.687270269719,50.5458333333,0.475,21232.6744629,4696873.78602,1070638112.72,15.75,3.1,4937.10833333,5.54167324307e-06,Class 4
0.9265625,379.55,6230.35323111,236.032092285,0.962553750681,1.0,563.859860919,0.0977089611738,0.105234711065,0.00717854817708,0.0977089611738,0.202364456441,1.0,1.0,0.963226588299,2.21666666667,0.9625,564.578369141,79601.1404828,12579051.6683,3.59166666667,-5.55111512313e-17,46.2916666667,1.41410654794e-06,Class 4
0.702291666667,804.841666667,159655.516782,1352.15963135,0.856743447791,1.0,4573.87159896,0.398761955102,0.437794778046,0.0055419921875,0.369967572106,0.496099921183,1.0,1.0,0.865630617099,12.975,0.8375,4593.59763997,873987.481112,173758337.411,8.1,0.0125,947.391666667,2.99863488576e-06,Class 4
0.918680555556,342.720833333,11657.9228297,300.999605306,0.962503247385,1.0,685.181902833,0.106854399006,0.110924716511,0.00711724175347,0.104345815709,0.375615657838,1.0,1.0,0.962825737987,2.53541666667,0.958333333333,686.095947266,104533.906379,17707727.9799,3.3875,0.427083333333,85.8833333333,1.27689046116e-06,Class 4
0.879305555556,653.166666667,6044.10035963,370.295243327,0.937921939258,1.0,826.144736992,0.150443922703,0.166567532001,0.00681125217014,0.150443922703,0.0987360316908,1.0,1.0,0.939090282385,3.50833333333,0.9375,828.014306641,105318.198365,14766482.8329,6.175,-8.32667268469e-17,43.7666666667,2.43353249962e-06,Class 4
0.926701388889,412.816666667,-0.00817906731973,230.674149577,0.962503414592,1.0,412.153947037,0.0851660446878,0.0952003778766,0.00718098958333,0.0851660446878,0.00367404744687,1.0,1.0,0.962854359585,1.96666666667,0.9625,412.693994141,43333.6354291,4552875.05986,3.93333333333,0.225,0.0,1.53804966785e-06,Class 4
0.918611111111,368.229166667,23880.8555041,400.926037598,0.96253779451,1.0,1067.57989802,0.110924716511,0.114380148898,0.00717854817708,0.0992706953814,0.395285869593,1.0,1.0,0.963242159711,3.10625,0.958333333333,1068.75193685,208981.66021,44765912.8264,3.40416666667,0.297916666667,175.179166667,1.37192800876e-06,Class 4
0.0818055555556,3876.97083333,3074002.23716,6564.91724854,0.323012654405,1.0,22844.4299341,1.49355968293,1.72260085785,0.000713975694444,1.37268405863,0.387032616411,1.0,1.0,0.35624733356,61.43125,0.275,23205.3649577,4722273.44604,1005124493.57,38.9625,-1.73125,4833.05833333,1.44446050365e-05,Class 4
0.788333333333,886.470833333,54377.7773533,827.331376139,0.893057850743,1.0,2326.27840377,0.285722702994,0.300284578084,0.00610107421875,0.280705536399,0.351569410341,1.0,1.0,0.896655747606,7.64791666667,0.8875,2334.45974935,396912.506837,73279606.886,8.50416666667,0.214583333333,362.116666667,3.30276435246e-06,Class 4
0.894930555556,479.629166667,12157.2382104,391.923498535,0.950004387341,1.0,831.553377281,0.134858253821,0.144277701892,0.00693223741319,0.132349670524,0.312305551935,1.0,1.0,0.950444003761,3.20208333333,0.945833333333,833.062613932,121911.449674,20029469.4765,4.69583333333,0.63125,88.4083333333,1.78697601151e-06,Class 4
0.529479166667,2091.2375,151747.544992,1812.37532145,0.739404734511,1.0,5260.45941281,0.583308251367,0.641555115143,0.00410210503472,0.567309902495,0.259536611666,1.0,1.0,0.748215564779,17.9729166667,0.725,5300.93110352,879494.588368,159981363.277,20.7375,-0.389583333333,802.704166667,7.79141784232e-06,Class 4
0.894930555556,479.629166667,12157.2382104,391.923498535,0.950004387341,1.0,831.553377281,0.134858253821,0.144277701892,0.00693223741319,0.132349670524,0.312305551935,1.0,1.0,0.950444003761,3.20208333333,0.945833333333,833.062613932,121911.449674,20029469.4765,4.69583333333,0.63125,88.4083333333,1.78697601151e-06,Class 4
0.688576388889,587.1875,251586.569289,1669.32252197,0.872706079929,1.0,6253.62897865,0.421556310669,0.455571967019,0.0056591796875,0.330281610319,0.636832414794,1.0,1.0,0.883840461208,15.80625,0.829166666667,6279.11652018,1302274.13077,276769437.823,5.67083333333,-0.44375,1423.22916667,2.18771094354e-06,Class 4
0.991701388889,42.5041666667,-0.00790715271534,42.497652181,0.99583374175,1.0,42.4944369654,0.0117233320174,0.0117233320174,0.00768663194444,0.0117233320174,nan,1.0,1.0,0.995874183007,0.210416666667,0.995833333333,42.4912597656,4290.92875493,433316.75887,0.420833333333,0.210416666667,0.0,1.58359690154e-07,Class 4
0.991701388889,42.5041666667,-0.00790715271534,42.497652181,0.99583374175,1.0,42.4944369654,0.0117233320174,0.0117233320174,0.00768663194444,0.0117233320174,nan,1.0,1.0,0.995874183007,0.210416666667,0.995833333333,42.4912597656,4290.92875493,433316.75887,0.420833333333,0.210416666667,0.0,1.58359690154e-07,Class 4
0.4825,2298.72083333,197058.404731,2219.48105062,0.725544070776,1.0,6173.04183163,0.633153470259,0.718243824339,0.00387993706597,0.586766875051,0.253467658074,1.0,1.0,0.733288852707,20.6229166667,0.691666666667,6223.58214518,1051329.98522,193440094.93,22.5208333333,0.860416666667,981.5375,8.56444785221e-06,Class 4
0.825555555556,548.15,68071.300916,822.698303223,0.920599543035,1.0,2379.15998888,0.23855317694,0.250149244337,0.0065087890625,0.215430367878,0.546419977904,1.0,1.0,0.924579897949,6.98333333333,0.908333333333,2385.33045247,444610.99408,87713651.2852,5.38333333333,0.8625,459.404166667,2.04226716969e-06,Class 4
0.616076388889,1375.9625,166080.592001,1455.04999593,0.832197028592,1.0,5052.98230054,0.488798025358,0.526196338224,0.0052294921875,0.390917630812,0.417501724459,1.0,1.0,0.837646239461,15.6604166667,0.783333333333,5082.3839681,906175.811152,172224915.429,13.5291666667,-1.52291666667,926.85,5.12648552489e-06,Class 4
0.766527777778,804.245833333,89606.1446124,1056.83482666,0.888398450363,1.0,3104.87098978,0.306853213003,0.325692109145,0.00598931206597,0.288452572506,0.546509260283,1.0,1.0,0.892829088249,9.23541666667,0.875,3115.5355306,585180.591585,118186180.111,7.97083333333,0.80625,577.966666667,2.99641496264e-06,Class 4
0.766527777778,804.245833333,89606.1446124,1056.83482666,0.888398450363,1.0,3104.87098978,0.306853213003,0.325692109145,0.00598931206597,0.288452572506,0.546509260283,1.0,1.0,0.892829088249,9.23541666667,0.875,3115.5355306,585180.591585,118186180.111,7.97083333333,0.80625,577.966666667,2.99641496264e-06,Class 4
0.661944444444,1325.61666667,119380.130093,1336.15657145,0.82744152759,1.0,4125.82901548,0.437296896161,0.473124807569,0.00517523871528,0.413066012494,0.330816125064,1.0,1.0,0.835102747516,13.175,0.8125,4147.86013997,721006.374764,134643785.959,12.8583333333,-0.258333333333,705.766666667,4.93890978367e-06,Class 4
0.910659722222,479.329166667,6057.68041635,331.509956868,0.954587066824,1.0,656.620047646,0.11504512007,0.126026302348,0.00705485026042,0.11504512007,0.167767562881,1.0,1.0,0.955597743251,2.65625,0.954166666667,657.663395182,89029.305645,13365396.7841,4.4625,0.44375,44.625,1.78585828798e-06,Class 4
0.6428125,1598.69166667,79529.1272136,1470.6495402,0.812920236406,1.0,3476.79904067,0.41860518757,0.469945337018,0.00503173828125,0.402260001278,0.190161781407,1.0,1.0,0.818999855472,12.5125,0.8,3496.79321289,549336.519497,95299209.2699,15.8,1.92083333333,474.720833333,5.95631762343e-06,Class 4
0.833194444444,767.8625,29130.7430525,609.622912598,0.912680192379,1.0,1574.43433772,0.213995762957,0.233574804642,0.00645209418403,0.21054033057,0.26937263048,1.0,1.0,0.914704488884,5.51875,0.9125,1578.76782227,259732.624682,48180144.3106,7.52916666667,0.21875,202.8125,2.86085993721e-06,Class 4
0.595902777778,1402.88333333,248558.745943,1853.21659749,0.811219524926,1.0,6641.15324363,0.542241659543,0.591058294826,0.00476698133681,0.476797218119,0.497854852069,1.0,1.0,0.820159674333,18.6375,0.770833333333,6680.11873372,1287155.71714,260243495.965,12.8083333333,-1.5625,1319.6,5.22678568743e-06,Class 4
0.78125,879.558333333,52285.4772005,830.694266764,0.900549211709,1.0,2258.36540531,0.27365300724,0.296739965866,0.00622124565972,0.241615480683,0.286750793412,1.0,1.0,0.902747082846,7.675,0.883333333333,2266.21222331,373778.135067,67202470.3883,8.64166666667,0.429166666667,346.783333333,3.27701013954e-06,Class 4
0.682152777778,1427.9375,75870.2900808,1221.49621989,0.830623839565,1.0,3279.36955074,0.4081369594,0.444867902594,0.00533230251736,0.390789383159,0.307600689032,1.0,1.0,0.836082714019,11.3020833333,0.825,3296.9480306,545203.54318,99885469.5029,14.0375,0.410416666667,467.429166667,5.32013112581e-06,Class 4
0.730694444444,1038.02083333,74792.9470474,1039.18248291,0.870195801643,1.0,2920.751469,0.341012271747,0.375153188522,0.00576551649306,0.318110938442,0.28594074293,1.0,1.0,0.875109928463,9.75208333333,0.854166666667,2933.32823893,491618.465128,89352235.3363,10.2875,0.439583333333,473.979166667,3.86740102046e-06,Class 4
0.958854166667,82.5958333333,17013.0333753,125.834631348,0.980834175042,1.0,592.173216968,0.0585406265705,0.0585406265705,0.00743028428819,0.0560320432733,0.928626470199,1.0,1.0,0.982721809681,1.67708333333,0.979166666667,592.457926432,111216.955252,21624083.4849,0.8625,-0.422916666667,127.491666667,3.07731020285e-07,Class 4
0.744965277778,900.095833333,83349.1757834,1048.43593343,0.876320739029,1.0,3009.86748769,0.320744782164,0.352251855217,0.00582221137153,0.3058255491,0.406446870906,1.0,1.0,0.881827183688,9.58541666667,0.8625,3021.4636556,528593.500691,99423041.0924,8.99583333333,0.652083333333,530.491666667,3.35352762928e-06,Class 4
0.668611111111,1066.77083333,143643.486811,1391.15396729,0.844998875285,1.0,4412.61679274,0.408328325317,0.454243054468,0.00533664279514,0.365275284357,0.352308190039,1.0,1.0,0.85254772747,13.43125,0.816666666667,4433.54829102,802967.295257,154465303.887,10.6958333333,0.185416666667,841.904166667,3.97451619173e-06,Class 4
0.9834375,93.7083333333,-0.00794057029026,6.103515625e-05,0.991667410048,1.0,93.6674736607,0.0234390926306,0.0234390926306,0.0076220703125,0.0234390926306,nan,1.0,1.0,0.991744609557,0.441666666667,0.991666666667,93.6809733073,9944.59139837,1056499.33413,0.883333333333,-0.441666666667,0.0,3.4913336257e-07,Class 4
0.840694444444,665.583333333,33683.1009416,633.992574056,0.924000990652,1.0,1599.19498985,0.208519503104,0.227973284364,0.00656901041667,0.196945741839,0.254374063214,1.0,1.0,0.926434100717,5.43333333333,0.916666666667,1603.34399414,267847.276966,49377175.6297,6.49166666667,0.645833333333,234.525,2.47979383445e-06,Class 4
0.975208333333,128.4,-0.00797398734535,86.7201131185,0.987501218446,1.0,128.31838066,0.0326386667294,0.0351472500266,0.00755805121528,0.0326386667294,0.00129439491545,1.0,1.0,0.987622190791,0.633333333333,0.9875,128.360660807,13014.2488406,1319960.8214,1.26666666667,0.216666666667,0.0,4.78385669229e-07,Class 4
0.818194444444,919.4625,22030.9593894,664.973954264,0.907203668834,1.0,1525.04451699,0.229576258502,0.249155300187,0.00633490668403,0.229576258502,0.232001163838,1.0,1.0,0.909026819164,5.73958333333,0.904166666667,1529.90402018,233971.931516,41132305.4255,8.7625,0.464583333333,152.7,3.42568289247e-06,Class 4
0.9834375,81.675,-0.00794042913608,40.8311157227,0.991667516833,1.0,81.6409027458,0.0209305093334,0.0234390926306,0.00762234157986,0.0209305093334,0.000645840641687,1.0,1.0,0.99175,0.4125,0.991666666667,81.6494628906,8081.99708481,799991.430566,0.825,0.0,0.0,3.04300230017e-07,Class 4
0.668090277778,1255.4375,139396.406496,1409.31802979,0.849902094449,1.0,4506.85052154,0.45757322643,0.487186601303,0.00543511284722,0.385272189526,0.430286904725,1.0,1.0,0.856468650505,13.6479166667,0.816666666667,4530.76808268,821768.296095,158436592.865,11.7625,-0.397916666667,819.045833333,4.67744009822e-06,Class 4
0.910625,471.966666667,11935.6924026,344.317378743,0.959169732392,1.0,820.753402076,0.121009135754,0.128534885646,0.00711615668403,0.109362982303,0.274331054955,1.0,1.0,0.96005708099,2.95,0.954166666667,821.982535807,125286.090255,20826696.8319,4.2,0.208333333333,87.55,1.75842748977e-06,Class 4
0.871423611111,603.520833333,18329.7971463,405.15592041,0.941671614187,1.0,1124.7227361,0.173156659024,0.184137841303,0.00680935329861,0.159041782109,0.262490058013,1.0,1.0,0.94217840324,4.13125,0.933333333333,1127.29620768,171550.339446,28891562.9565,5.7125,-0.239583333333,131.008333333,2.24856477997e-06,Class 4
0.879375,605.795833333,12377.7921133,464.552209473,0.939671553398,1.0,960.576278327,0.150569183128,0.163112099614,0.00681206597222,0.150569183128,0.182312382118,1.0,1.0,0.940613307316,3.72291666667,0.9375,962.563395182,138210.870228,22161429.9063,5.75416666667,0.672916666667,89.25,2.25704085004e-06,Class 4
0.803159722222,960.316666667,32022.0955498,783.113146973,0.904590759919,1.0,1825.74139617,0.259685272715,0.277245355795,0.00621744791667,0.252159522823,0.281804918725,1.0,1.0,0.905985368003,6.5875,0.895833333333,1832.10519206,282739.285427,47954946.0274,8.94166666667,0.841666666667,218.05,3.57789510323e-06,Class 4
0.272986111111,2324.21666667,1027192.29196,4297.87961833,0.612703684943,1.0,14707.4804488,1.02224814143,1.13704473052,0.00250678168403,0.806630872309,0.437577178856,1.0,1.0,0.634767930536,40.2416666667,0.516666666667,14868.4684733,2952873.21493,613683680.026,22.7,-1.24032728532e-15,3136.69166667,8.659438828e-06,Class 4
0.780868055556,880.6625,60980.9946768,864.754227702,0.890571285906,1.0,2481.05292745,0.294846267687,0.317755481333,0.00604329427083,0.288882252003,0.334722703211,1.0,1.0,0.895132804755,8.05208333333,0.883333333333,2489.95948893,427301.150528,79330587.8429,8.4625,0.214583333333,402.45,3.28112398308e-06,Class 4
0.788402777778,906.945833333,49396.8040252,784.183784993,0.891017790506,1.0,2220.60870399,0.269724354121,0.29526741149,0.00610378689236,0.263760338437,0.356911863167,1.0,1.0,0.895602773411,7.43958333333,0.8875,2228.09777018,377681.651193,70656199.7453,8.7875,0.00208333333333,330.404166667,3.37904898312e-06,Class 4
0.382743055556,1600.39166667,832743.819573,3870.82506104,0.699289256003,1.0,13700.4510378,0.905788158189,0.987309236464,0.00335991753472,0.709591943544,0.562695872942,1.0,1.0,0.718754604693,34.6,0.616666666667,13822.8294108,2946422.6542,652406784.726,15.7833333333,0.0666666666667,3056.15,5.96265139008e-06,Class 4
0.7378125,767.254166667,183348.480092,1486.76991781,0.894665929003,1.0,5231.38905602,0.350549112419,0.365600612203,0.00604437934028,0.289703840667,0.556680331374,1.0,1.0,0.8986382233,12.9354166667,0.858333333333,5248.59594727,1143818.67396,260550421.448,7.07916666667,-0.0729166666667,1120.5375,2.85859344228e-06,Class 4
0.758923611111,1248.33333333,73875.8893012,1055.12838135,0.878885228825,1.0,3158.8189097,0.336226418792,0.357241934259,0.00592719184028,0.324745260055,0.366018488913,1.0,1.0,0.881984229812,9.575,0.870833333333,3170.98513997,583611.771053,116706450.552,11.025,-0.454166666667,480.8125,4.65097178417e-06,Class 4
0.773854166667,970.295833333,48073.730653,758.18560791,0.884371303949,1.0,2236.16420519,0.287712426963,0.311361786152,0.0059912109375,0.281748411279,0.346025694114,1.0,1.0,0.88845806184,7.76041666667,0.879166666667,2244.5277181,366759.272236,66220651.9199,9.52083333333,-0.435416666667,318.679166667,3.61507493441e-06,Class 4
0.588958333333,885.758333333,360579.954106,2228.26536051,0.805124404256,1.0,8106.55485069,0.581419249454,0.628799410954,0.00476453993056,0.485991590046,0.595703184116,1.0,1.0,0.819354206796,20.8791666667,0.766666666667,8153.47029622,1681358.90884,357777822.149,9.025,-0.258333333333,1817.25416667,3.30010975908e-06,Class 4
0.887083333333,331.2375,44810.6383287,508.745568848,0.958752620281,1.0,1598.64073854,0.149936029272,0.155900044956,0.00699354383681,0.125121637278,0.591987213308,1.0,1.0,0.95964819954,4.58958333333,0.941666666667,1601.08422852,301542.821628,59685615.999,3.12916666667,0.23125,317.533333333,1.2341064884e-06,Class 4
0.950729166667,294.316666667,-0.00807595091519,198.671675618,0.97500214959,1.0,293.967705503,0.0652086141423,0.0702257807367,0.00736707899306,0.0652086141423,0.00260607435388,1.0,1.0,0.975229349007,1.35416666667,0.975,294.232275391,32070.2392194,3506553.24567,2.70833333333,0.4625,0.0,1.09654887499e-06,Class 4
0.950729166667,302.1125,6776.7680356,168.431636556,0.97501430191,1.0,505.653787126,0.0677171974395,0.0702257807367,0.00736680772569,0.0677171974395,0.334855256253,1.0,1.0,0.975392876231,1.71041666667,0.975,506.005843099,81996.6493116,14548798.4806,2.57083333333,-0.264583333333,51.0,1.12559416273e-06,Class 4
0.958854166667,244.891666667,-0.00804167401033,155.499214681,0.979168490153,1.0,244.653675858,0.0535234599761,0.0585406265705,0.00743055555556,0.0535234599761,0.0019504204955,1.0,1.0,0.97935914381,1.125,0.979166666667,244.821598307,26865.4473473,2974181.29255,2.25,0.2625,0.0,9.12403924041e-07,Class 4
0.942638888889,315.975,6805.65339367,208.958459473,0.970848166731,1.0,519.408110501,0.0768860351211,0.0819032017155,0.00730387369792,0.0768860351211,0.251716186244,1.0,1.0,0.971274593983,1.8625,0.970833333333,519.858837891,81029.4038963,14125731.1757,2.875,-6.93889390391e-18,51.0,1.17724230401e-06,Class 4
0.608229166667,668.625,357170.906909,2166.58196208,0.819015850762,1.0,7897.84870292,0.543108786767,0.596578224376,0.00486572265625,0.463376526509,0.628996444327,1.0,1.0,0.832344036239,20.1791666667,0.779166666667,7940.13071289,1631875.86015,343490488.769,7.04166666667,0.179166666667,1818.19166667,2.4911263091e-06,Class 4
0.967013888889,127.5375,5380.43151423,125.005529785,0.98750122598,1.0,290.70434985,0.0443391888271,0.0468477721243,0.00755805121528,0.0326386667294,0.39378603008,1.0,1.0,0.987622572816,1.04375,0.983333333333,290.822509766,45215.9786736,7703422.11279,1.2625,0.20625,40.8375,4.75172214091e-07,Class 4
0.950763888889,176.6,13648.8789866,246.252339681,0.975267850167,1.0,585.281204376,0.0642617650527,0.0677171974395,0.00736735026042,0.0642617650527,0.641984329107,1.0,1.0,0.976272660819,1.775,0.975,585.622639974,110056.721346,22634589.6803,1.78333333333,0.479166666667,102.283333333,6.57966582444e-07,Class 4
0.9834375,83.3333333333,-0.00794042913608,41.6602172852,0.991667499917,1.0,83.2988872373,0.0209305093334,0.0234390926306,0.00762234157986,0.0209305093334,0.000645840641687,1.0,1.0,0.991749174917,0.416666666667,0.991666666667,83.3075358073,8329.42768987,832812.622058,0.833333333333,0.0,0.0,3.10478757287e-07,Class 4
0.833229166667,465.229166667,64140.9439715,733.704097493,0.932087853175,1.0,2199.14691378,0.213048913867,0.231066221344,0.006572265625,0.182383866749,0.584633768681,1.0,1.0,0.934825645941,6.56458333333,0.9125,2204.28579102,402354.068662,77404571.2874,4.67083333333,0.64375,434.866666667,1.73332528225e-06,Class 4
