0.58807616245,498.857806663,3989042.37616,9544.98960975,0.850049226121,1.0,37558.2752985,0.762803472748,0.963968009855,0.00256131026194,0.427037753263,0.544150966536,1.0,1.0,0.863862672595,46.1224779559,0.766812179654,37696.9817084,15722941.9555,6654474518.02,3.50978086178,-0.016843128312,9299.89129202,1.16152928896e-07,Class 1
0.131575691722,854.118254279,43486560.8003,24753.350873,0.646681426999,1.0,97343.6681507,1.69512592027,2.13257065772,0.00124544546924,0.714538221999,0.543338497707,1.0,1.0,0.679819288253,123.387981062,0.361464034402,98173.5715452,39884167.8259,16485149614.5,6.1890235427,-0.0147739119103,24330.8272761,1.98870971914e-07,Class 1
0.652889460157,231.70528299,2659012.22234,6923.47213459,0.8969485576,1.0,27393.8582147,0.616785865439,0.746920691891,0.00287359649895,0.300155929451,0.627710134586,1.0,1.0,0.906251490832,35.9696415385,0.807948918426,27481.0960656,10636408.2206,4158760241.05,1.70726153245,-0.0239548041004,6812.62869321,5.39497365793e-08,Class 1
0.156579887465,1030.47506407,27707017.5175,19581.0955135,0.719082284526,1.0,76672.7950772,1.47418444698,1.78592604624,0.00155798298859,0.579161256142,0.572386701646,1.0,1.0,0.740743559241,107.002110481,0.392643992703,77298.2414907,28391556.1332,10567638962.0,6.8422476327,-0.00385880896534,19067.7775454,2.3993349457e-07,Class 1
0.58807616245,498.857806663,3989042.37616,9544.98960975,0.850049226121,1.0,37558.2752985,0.762803472748,0.963968009855,0.00256131026194,0.427037753263,0.544150966536,1.0,1.0,0.863862672595,46.1224779559,0.766812179654,37696.9817084,15722941.9555,6654474518.02,3.50978086178,-0.016843128312,9299.89129202,1.16152928896e-07,Class 1
0.652889460157,231.70528299,2659012.22234,6923.47213459,0.8969485576,1.0,27393.8582147,0.616785865439,0.746920691891,0.00287359649895,0.300155929451,0.627710134586,1.0,1.0,0.906251490832,35.9696415385,0.807948918426,27481.0960656,10636408.2206,4158760241.05,1.70726153245,-0.0239548041004,6812.62869321,5.39497365793e-08,Class 1
0.0298425457866,1148.57525953,181283846.489,31193.505685,0.52172152885,1.0,122355.791325,1.99242738142,2.58261618673,0.000839441309851,0.84887160296,0.479245707563,1.0,1.0,0.568715561743,157.912262727,0.167636391278,123605.401726,49543097.4012,20271832720.3,8.37054447919,0.0245737772565,30615.4402908,2.67431678267e-07,Class 1
0.203358808431,968.022184215,23550135.8513,20599.5483685,0.673961866044,1.0,80825.8083313,1.5013035443,1.89976709367,0.00139346661178,0.695089522,0.528703500671,1.0,1.0,0.705558274435,104.016441339,0.45016940318,81444.9449744,32671891.2516,13368383701.2,6.80354334984,-0.0158256233168,20120.0433107,2.25392106591e-07,Class 1
0.131575691722,854.118254279,43486560.8003,24753.350873,0.646681426999,1.0,97343.6681507,1.69512592027,2.13257065772,0.00124544546924,0.714538221999,0.543338497707,1.0,1.0,0.679819288253,123.387981062,0.361464034402,98173.5715452,39884167.8259,16485149614.5,6.1890235427,-0.0147739119103,24330.8272761,1.98870971914e-07,Class 1
0.233948940573,2330.7609656,15703968.9999,18019.4366858,0.630839014756,1.0,69255.7470199,1.39464945988,1.81807242612,0.001274937112,0.825497679206,0.411755765032,1.0,1.0,0.663838028071,91.9023325515,0.482854443576,69763.6162397,27612014.8212,11250459809.7,15.0627443315,-0.0151528972287,16858.9317902,5.42689137255e-07,Class 1
0.00295215455246,325.215503649,619780537.061,36945.6556838,0.399518334822,1.0,145901.669217,2.11584882317,2.86974529569,0.000682630415965,0.869254192596,0.418290777919,1.0,1.0,0.467213897051,187.66015496,0.0320204586917,147479.570154,58652258.8171,23600131125.7,4.03394470506,-0.0157908739467,36790.0547422,7.57224458888e-08,Class 1
0.00765224916146,166.645975589,554837785.758,36479.6714187,0.496670991754,1.0,144250.610883,2.08982037248,2.707060463,0.000882286011114,0.751300902648,0.499547151376,1.0,1.0,0.54914809747,182.674983711,0.0748892363826,145767.566611,58710116.1225,23863989363.9,2.53620884371,-0.01074841456,36401.6572919,3.88014738766e-08,Class 1
0.157915215548,1428.00404287,27136033.3078,19980.9812985,0.675593405439,1.0,77861.6998048,1.52102610073,1.88120598588,0.00137040859955,0.662408535942,0.535936693594,1.0,1.0,0.702572576027,107.098020915,0.395276257493,78507.6350729,29418902.372,11207195481.9,9.37292915472,-0.0128469507428,19270.7444455,3.32493247253e-07,Class 1
0.191865411929,832.858351794,24215151.883,19867.2659778,0.693771694685,1.0,78003.5565419,1.48248166407,1.84972408216,0.00145526958409,0.646437970021,0.547686536776,1.0,1.0,0.721400397822,103.954034728,0.436910346625,78614.550089,30205011.5506,11751066654.3,5.85070476066,0.0290651333507,19446.2350599,1.93920864071e-07,Class 1
0.279154129495,1367.06771892,13827573.0631,17019.1449586,0.722602930487,1.0,66286.4433038,1.33309583317,1.67704348246,0.00166308931965,0.672473808338,0.506684706045,1.0,1.0,0.745702948177,86.9721272044,0.527877682217,66745.7170628,26285177.2679,10549254131.4,8.94238011467,-0.0419061115455,16345.3417905,3.18304970738e-07,Class 1
0.174114180056,1148.31932499,23943202.2445,18842.0345313,0.706797447365,1.0,73639.6341896,1.44591322093,1.78377628545,0.00151361479557,0.623197480451,0.540940109626,1.0,1.0,0.730435636905,102.775617887,0.414837981062,74228.7503463,27301933.776,10186033063.2,7.65116193206,-0.00937472852055,18270.9106746,2.67372087045e-07,Class 1
0.131575691722,854.118254279,43486560.8003,24753.350873,0.646681426999,1.0,97343.6681507,1.69512592027,2.13257065772,0.00124544546924,0.714538221999,0.543338497707,1.0,1.0,0.679819288253,123.387981062,0.361464034402,98173.5715452,39884167.8259,16485149614.5,6.1890235427,-0.0147739119103,24330.8272761,1.98870971914e-07,Class 1
0.157915215548,1428.00404287,27136033.3078,19980.9812985,0.675593405439,1.0,77861.6998048,1.52102610073,1.88120598588,0.00137040859955,0.662408535942,0.535936693594,1.0,1.0,0.702572576027,107.098020915,0.395276257493,78507.6350729,29418902.372,11207195481.9,9.37292915472,-0.0128469507428,19270.7444455,3.32493247253e-07,Class 1
0.355778963159,661.639372122,10366739.5449,15228.949393,0.777782713569,1.0,59907.4668088,1.16838751701,1.4379522979,0.00196413704684,0.527717643109,0.583068106717,1.0,1.0,0.797953740396,76.8182917427,0.596073321171,60262.7153015,24135172.0109,9824300723.65,4.63563656502,-0.00786693163061,14900.86911,1.54054622216e-07,Class 1
0.492158862639,430.216725306,5436806.65549,10828.5977246,0.832501608586,1.0,42707.5536363,0.90097463289,1.10600362932,0.00235992664276,0.428435292841,0.596562967128,1.0,1.0,0.84842400362,55.9017602728,0.701374771957,42906.4592838,16739664.3791,6613844639.42,3.08529450091,-0.0266549387542,10619.4973569,1.00170694007e-07,Class 1
0.232709745194,1211.455321,17850590.9372,18332.4236551,0.7030933429,1.0,71616.956921,1.39171264257,1.7296021358,0.00152530370469,0.640144337526,0.541196824736,1.0,1.0,0.72950228176,94.8346679263,0.481390626357,72139.9869598,28165159.374,11215794693.6,8.06460125098,-0.0221929024411,17732.8737903,2.82072530251e-07,Class 1
0.595410616844,284.843412823,3387646.23512,8074.96179589,0.874564561045,1.0,31916.0189235,0.708875839892,0.866820140775,0.00268552918405,0.349344682143,0.607731150276,1.0,1.0,0.886046061739,42.3657306055,0.771527234819,32034.3207219,12266202.6837,4742999689.82,2.10185691947,-0.0243940578577,7937.70029428,6.63222991285e-08,Class 1
0.59967272306,299.403313135,3430589.93132,8242.82854547,0.875545854002,1.0,32573.9126492,0.706641360081,0.866736886743,0.00270101323527,0.351393734237,0.601535480267,1.0,1.0,0.886859441335,42.5177824472,0.774293067501,32692.263982,12732380.326,5006215887.21,2.18921357832,-0.0248485144644,8098.54732213,6.97123935466e-08,Class 1
0.434423661601,712.6775139,8655729.20188,15480.8181312,0.817291934574,1.0,60950.2454857,1.03421142778,1.26315797204,0.00227632484607,0.494274933859,0.587424314433,1.0,1.0,0.832371982132,70.9612376205,0.658811137173,61240.5141063,26987625.9497,12056935525.3,4.86706519851,-0.0318798323343,15132.5135175,1.65938228273e-07,Class 1
0.306486491139,814.719870124,16339918.8843,20819.5960363,0.763347050796,1.0,82020.8691232,1.2920680508,1.58320254236,0.00188386015021,0.58524655561,0.582867583304,1.0,1.0,0.783370546294,94.3547204848,0.553077491095,82503.9020385,36810574.1055,16645829968.6,5.62554078707,-0.0419946138476,20423.0326731,1.89697540824e-07,Class 1
0.537751397659,387.823926027,4871851.1224,10537.2004753,0.829815418607,1.0,41612.4260372,0.846506324472,1.07233875626,0.00240142206049,0.456301306724,0.553787792625,1.0,1.0,0.846719783791,52.1132074755,0.733241030319,41786.5376264,17056532.0045,7063034431.1,2.96291699244,-0.0313553340283,10350.0855443,9.03000500391e-08,Class 1
0.0664932464072,1972.71245874,71712396.0656,26313.4152278,0.574240714463,1.0,102301.347101,1.82921691958,2.32643670032,0.00097750368834,0.826567066929,0.48587078129,1.0,1.0,0.610790976095,135.711216988,0.25445877856,103286.741169,40515553.0055,16273905591.2,13.0070117713,-0.00128844149075,25329.5674062,4.59321928797e-07,Class 1
0.453416162182,179.782928286,8713266.58089,15563.112757,0.848924199018,1.0,61816.1734982,0.982984339491,1.18184849088,0.00243023766422,0.396773406175,0.647733562774,1.0,1.0,0.862073388294,70.724523825,0.673047519764,62091.081557,27536049.2075,12311946710.7,1.56074515681,-0.0213149378855,15478.3771773,4.18602523746e-08,Class 1
0.556749560589,169.898591565,5349456.80503,11732.563525,0.895561760254,1.0,46606.8559237,0.796949040163,0.940251039883,0.00283616723554,0.306385923196,0.67873605418,1.0,1.0,0.90435325849,54.074683455,0.745950612458,46776.9100914,20459285.6445,9028968011.56,1.34770545565,-0.0172970419599,11652.1753182,3.95588056596e-08,Class 1
0.0029378185175,267.088471896,685242487.645,37603.515261,0.426791613112,1.0,148559.018934,2.13152349988,2.85147781623,0.00073859861497,0.834258701794,0.44318828432,1.0,1.0,0.489971910177,189.492271523,0.0312223090956,150164.182889,60198199.6136,24408967300.1,3.52461341326,-0.0123620884371,37475.7539973,6.21882786454e-08,Class 1
0.546740662497,428.089460082,5959907.43013,13115.2354923,0.879022943418,1.0,51886.8243454,0.788997539521,0.936078064968,0.00270344788561,0.348287863208,0.639973918113,1.0,1.0,0.888554336029,57.4175408305,0.739174485275,52065.616785,23969352.7709,11135370503.4,2.88372426375,-0.0359134740683,12909.8303905,9.96753863604e-08,Class 1
0.151966082355,2174.63977065,25064102.7364,19387.4075421,0.586964075752,1.0,74733.7100116,1.52140802265,2.00005163415,0.00104616080805,0.861277819268,0.401703505581,1.0,1.0,0.624541540619,105.084265051,0.388129832334,75367.6156826,27751847.0384,10405381043.2,14.2800820954,0.0133557032404,18299.0649335,5.06338229615e-07,Class 1
0.00356609785535,190.301287899,648822562.431,37436.7539799,0.496459750037,1.0,147980.478076,2.11500911063,2.73092029488,0.000926250634766,0.736869200736,0.496727858345,1.0,1.0,0.546312516099,189.348665407,0.0300983841543,149571.984338,59722912.0218,24106860705.5,2.65172226566,-0.0101837372948,37346.9000337,4.43093235525e-08,Class 1
0.556551411988,701.626817826,5143052.98477,11809.9715182,0.864717695054,1.0,46403.7500199,0.785859910219,0.945192581926,0.00262365775084,0.397954502256,0.592995454048,1.0,1.0,0.874691930366,53.2662561897,0.74583007558,46568.9071959,20799666.9243,9403034033.6,4.53034271566,-0.0318434540874,11467.2362219,1.63365209072e-07,Class 1
0.382020336008,1481.19065676,7371972.48274,12648.2878976,0.738594225728,1.0,48824.2009562,1.08194584949,1.3818268839,0.00182397814377,0.633053819853,0.465726181492,1.0,1.0,0.761770975362,66.7164712015,0.617605985579,49109.6799572,18701852.0361,7297131163.39,9.70782946747,0.00842780818348,11907.6435323,3.44877098722e-07,Class 1
0.419369221575,1343.51326014,6648793.35414,12303.9802781,0.748061230999,1.0,47630.1238345,1.02988437064,1.32516535504,0.00190380099273,0.623014761527,0.462665329332,1.0,1.0,0.771008165885,63.2543148944,0.64727326036,47887.6650575,18734002.1154,7491897902.53,8.92057054122,-0.011916319173,11636.5321084,3.12820603571e-07,Class 1
0.409797809255,896.098247329,9888833.84809,16946.1256382,0.817645044081,1.0,66606.8429761,1.0355935641,1.24647117156,0.00225155054271,0.484401989431,0.593899515392,1.0,1.0,0.831786127946,75.8333735123,0.639425332291,66917.5310044,30325073.3639,13970747793.6,5.84443358527,-0.0302156632786,16505.9506222,2.08645499009e-07,Class 1
0.174440917414,2146.26216662,22138012.3826,19125.9900079,0.581562786345,1.0,73752.1393959,1.51184672814,2.01720192267,0.00104731117958,0.903595904537,0.381654187625,1.0,1.0,0.619848173274,101.738237338,0.416552645296,74361.9249414,27985293.7667,10750672980.4,14.3385804882,0.00105008252975,18054.7105084,4.99730852164e-07,Class 1
0.00295215455246,325.215503649,619780537.061,36945.6556838,0.399518334822,1.0,145901.669217,2.11584882317,2.86974529569,0.000682630415965,0.869254192596,0.418290777919,1.0,1.0,0.467213897051,187.66015496,0.0320204586917,147479.570154,58652258.8171,23600131125.7,4.03394470506,-0.0157908739467,36790.0547422,7.57224458888e-08,Class 1
0.169565314484,1865.71061593,23597834.0359,19347.4484661,0.620589156482,1.0,74909.3900333,1.51185002096,1.97748567139,0.00119009275829,0.827415689783,0.424448215355,1.0,1.0,0.655019887271,103.353232777,0.410372686995,75528.8929638,28334682.6256,10833540128.7,12.4260055599,0.00107071496829,18416.6030189,4.34407860554e-07,Class 1
0.00275380755465,181.47280536,667832665.511,38449.9948708,0.462602212934,1.0,152007.657217,2.12304494088,2.78970971134,0.00086114425234,0.772629107843,0.467975915909,1.0,1.0,0.517967856327,193.456909152,0.0142407262618,153639.975279,61691443.9567,25047474932.5,2.77195182869,-0.0146115671966,38366.1369853,4.2253719549e-08,Class 1
0.00340947495257,213.503787681,595841618.853,36941.8787748,0.472394798455,1.0,146002.000446,2.10133312951,2.74428974225,0.000875588599893,0.759216096097,0.476835041167,1.0,1.0,0.526743708697,188.321364347,0.0275747111459,147574.603551,58455733.9846,23408228186.0,2.88780948658,-0.014126704891,36841.7461863,4.97117413788e-08,Class 1
0.018254001294,1404.37230367,233701279.95,31030.5960885,0.496068092789,1.0,121423.518167,2.02189520847,2.63359280861,0.000786646244977,0.870723724874,0.461447089577,1.0,1.0,0.544721702912,161.245260512,0.127474806707,122718.475332,47688882.2096,18859186148.0,9.95121514204,-0.000526127182696,30329.7854704,3.26990886286e-07,Class 1
0.00465847590064,257.290115976,519449823.97,35461.7208321,0.47989558956,1.0,140112.170638,2.05709355504,2.68622256612,0.000875551014307,0.756301838187,0.474485682477,1.0,1.0,0.533621159483,183.014126705,0.044488967075,141608.128596,55262540.1847,21745464672.1,3.1073625228,-0.013209104335,35339.1394025,5.99068515065e-08,Class 1
0.00765224916146,166.645975589,554837785.758,36479.6714187,0.496670991754,1.0,144250.610883,2.08982037248,2.707060463,0.000882286011114,0.751300902648,0.499547151376,1.0,1.0,0.54914809747,182.674983711,0.0748892363826,145767.566611,58710116.1225,23863989363.9,2.53620884371,-0.01074841456,36401.6572919,3.88014738766e-08,Class 1
0.606674642573,819.217480019,3778743.5316,9615.67088921,0.83509855592,1.0,37538.47876,0.727822904031,0.939000162772,0.00254034227546,0.474783363063,0.47660991804,1.0,1.0,0.84957444886,44.2787328425,0.778830032143,37665.4736882,16596422.8909,7480785201.06,5.62565046477,-0.0225474546086,9211.90996438,1.90744754189e-07,Class 1
0.623218435257,959.213916037,2661299.14374,7196.88173759,0.865141259071,1.0,27746.0565005,0.655957977964,0.806535888281,0.00269631873613,0.39230201623,0.514333115625,1.0,1.0,0.875534933545,36.9974073712,0.789315654591,27841.5450898,10979573.9667,4483967601.44,6.11948896707,-0.00482093215186,6720.87182043,2.23341209253e-07,Class 1
0.583040917188,297.794710494,3726009.97088,8697.89162079,0.867925805446,1.0,34384.5116472,0.741672519016,0.907644189905,0.00263656295843,0.36234285446,0.608208589529,1.0,1.0,0.880308374635,44.7052031752,0.763474068283,34515.1910751,13511561.219,5347096600.33,2.19903896273,-0.0274796933368,8554.69833529,6.93378501282e-08,Class 1
0.579492121392,310.064999783,3772295.45089,8761.98402276,0.862640924571,1.0,34625.45848,0.744131200286,0.918484701532,0.00260384103437,0.376131863771,0.593201268014,1.0,1.0,0.875642370917,45.095044414,0.761150204153,34757.7221077,13572344.9087,5352051506.81,2.30144318478,-0.0241144340196,8612.26656676,7.21948366687e-08,Class 1
0.68828436598,88.1025258448,3222831.9855,8685.93477087,0.921981365041,1.0,34606.5387439,0.542606042425,0.643586608929,0.00308460904762,0.239675897387,0.681881617731,1.0,1.0,0.929067403434,38.2203023195,0.829416427765,34688.0042671,15881236.3835,7323757195.25,0.770960385718,-0.0348796803058,8650.27401616,2.05135938204e-08,Class 1
0.38755761348,416.708604813,9286617.8862,14509.5409682,0.795449842406,1.0,57275.7018557,1.10996622076,1.37465719797,0.00207583334594,0.503838456442,0.584560081814,1.0,1.0,0.814456801614,73.0079293719,0.622260229346,57596.3337357,23046578.9135,9330354858.68,3.12658326818,0.0311148032317,14295.4766419,9.70254936352e-08,Class 2
0.290998050128,1406.47101034,11426997.0828,14915.7433595,0.731495225549,1.0,57852.4785194,1.23226384656,1.53879304132,0.00170021808136,0.619471516932,0.50960096114,1.0,1.0,0.753775716788,80.4126237946,0.538653244722,58244.8054881,21575868.5291,8110879540.46,9.14424029189,0.0118908001043,14210.2118278,3.27479544424e-07,Class 2
0.259398792687,845.053402181,19950712.6486,21568.8095684,0.657315495026,1.0,84835.8350807,1.40642156895,1.86901943389,0.00139196476751,0.787267519032,0.460281426313,1.0,1.0,0.692192713732,100.89472624,0.508882807749,85398.3062367,36873685.4874,16170960151.7,6.41824884893,0.0325563591347,21139.1014334,1.96760332155e-07,Class 2
0.391277375426,441.646319825,8742519.61584,13840.8764487,0.876219635058,1.0,54598.6755828,1.08098834664,1.23944840952,0.00266509894559,0.340654031049,0.702602849295,1.0,1.0,0.886006174073,70.9125635262,0.624896837807,54901.9137096,21613352.3025,8626528694.16,2.96601837373,0.021038028842,13615.6208366,1.0283193507e-07,Class 2
0.415132494122,539.626666884,8367326.07695,14174.4352781,0.78322776632,1.0,55851.3834481,1.03289749493,1.29702049804,0.00206254652692,0.526236668425,0.560887290268,1.0,1.0,0.805480739422,69.3507650291,0.643763573973,56134.6783463,23416604.0955,10026175564.8,3.9685029537,0.0242903527061,13899.3047075,1.25645458549e-07,Class 2
0.47356813851,708.69648054,6068826.97204,11912.7309075,0.837609131162,1.0,46694.0656167,0.923606047614,1.12288684037,0.00238215372133,0.444316297231,0.581590091658,1.0,1.0,0.850273586422,59.650780232,0.68789310225,46911.7238282,18733917.6637,7551892255.8,4.6238174355,0.0369554122144,11551.2228434,1.65011293426e-07,Class 2
0.476920963271,784.517951307,5980753.13247,11901.4048808,0.828022399323,1.0,46573.6742999,0.91298226145,1.12015076719,0.00232321599205,0.467245117808,0.560873521354,1.0,1.0,0.841878717176,59.2821871471,0.690347276518,46787.4825972,18762037.2612,7594656763.22,5.07721201459,0.0392130353575,11501.2042883,1.82665394024e-07,Class 2
0.613881301497,444.301641908,3899238.38745,9698.33877006,0.859018521221,1.0,38199.0973831,0.715813262126,0.900938808785,0.00264862792195,0.404891688366,0.554435576467,1.0,1.0,0.872303795458,44.6198983581,0.783433237773,38324.9487437,16905185.6181,7601502398.79,3.21062027626,0.0261586743115,9470.51035314,1.03450194287e-07,Class 2
0.109705269412,1554.23362979,49862665.9887,26057.9400027,0.599783955563,1.0,101767.591,1.75371092801,2.23338950674,0.00107014736877,0.808012829896,0.500590298473,1.0,1.0,0.636457191128,128.227526388,0.329569542177,102660.004506,42408031.7956,17950602859.2,10.4894937451,0.0135517114065,25277.4444814,3.61884260159e-07,Class 2
0.0580816007817,871.576989401,110833004.98,30368.6777025,0.556025831585,1.0,119480.757745,1.87522403965,2.48745684412,0.000918139809691,0.876282101312,0.447492575822,1.0,1.0,0.599078136109,150.241437538,0.238112457649,120599.491718,49070626.7818,20211776207.2,6.48702328208,0.000152028494488,29933.1524281,2.02936024505e-07,Class 2
0.187665023186,1047.9930675,27049175.3882,22052.8538635,0.673573475431,1.0,86459.7772556,1.53907087365,1.93413229733,0.00137789233317,0.70372160632,0.532341031104,1.0,1.0,0.703571970441,109.21002085,0.432384241161,87126.3236131,35625798.651,14848047962.2,7.23272739119,0.0427210928677,21520.4358244,2.4401234706e-07,Class 2
0.527881580988,351.30327187,4145038.71548,8834.09077843,0.867946502109,1.0,34828.7427098,0.778856151606,0.935380371411,0.0025884242725,0.353721855166,0.617553437735,1.0,1.0,0.879035042758,48.5287979976,0.72626400834,34977.8074404,12729707.1355,4664131246.28,2.45950069499,0.00898434106507,8657.00515811,8.17966631243e-08,Class 2
0.355112241137,451.363064677,10946857.589,15727.3369555,0.806160372565,1.0,62047.0498042,1.18427684513,1.42169203364,0.00209785103198,0.468681984257,0.629381888453,1.0,1.0,0.822227305911,78.514997068,0.595549908783,62415.127732,25224830.1802,10332390196.4,3.22418881939,0.0495042785162,15491.55455,1.05094360071e-07,Class 2
0.0513974058086,1669.79651312,100401594.887,28701.1331039,0.578290306854,1.0,112073.045249,1.8204394852,2.31017870043,0.00099221323711,0.81313842965,0.496178675191,1.0,1.0,0.61526978025,145.804538594,0.215434149944,113126.888275,45333653.3137,18682516669.3,11.2546075493,0.00149910954739,27865.4120233,3.8879166181e-07,Class 2
0.382127199894,367.403217574,8639707.14808,13306.4548092,0.804663908451,1.0,52545.5534435,1.06939726628,1.30327621975,0.00210647286075,0.461392567951,0.606231207147,1.0,1.0,0.822615076182,70.4886146946,0.617742811224,52843.7284522,20024271.4583,7651811648.51,2.75851902528,0.0184600599427,13119.6319857,8.5545338245e-08,Class 2
0.180376469731,916.164407958,30152017.2888,23281.4350995,0.65049428212,1.0,91469.111804,1.57618332394,2.01992732619,0.00128627173177,0.748646600251,0.511404586054,1.0,1.0,0.684225623037,113.259735253,0.424030275389,92177.1605683,38418382.3843,16314434833.6,6.67320172009,0.036778950569,22816.1338665,2.13317658686e-07,Class 2
0.25102084294,1472.49015073,16148256.4595,18205.085763,0.705072170265,1.0,70824.6973684,1.37775517576,1.7018122586,0.00155128867774,0.652018458014,0.541873335856,1.0,1.0,0.730902295164,92.1004376249,0.500207410303,71327.4885,28550391.0492,11720128158.6,9.56106333073,0.015085570324,17464.4691067,3.42851292479e-07,Class 2
0.310500486692,946.754127574,11001947.6204,14629.0954717,0.742418714054,1.0,57188.1935827,1.19337444042,1.48223763971,0.00174937799228,0.572668055175,0.54322902735,1.0,1.0,0.766397662468,78.7245173095,0.556586091565,57560.1006672,21423878.5869,8074766712.99,6.35764160368,0.00978249066111,14153.9516549,2.20440100152e-07,Class 2
0.35712952034,476.694366258,10727409.1104,15545.5272934,0.817995879992,1.0,61303.8041975,1.17701395678,1.40082447786,0.00218989479533,0.446227829566,0.642655341285,1.0,1.0,0.833134167778,77.8114140822,0.597205933455,61666.3277715,24876218.6175,10180581467.1,3.35035618104,0.0455357918513,15298.0162377,1.10992443317e-07,Class 2
0.211084800155,1350.5725089,23439990.5008,21917.5288004,0.65423364332,1.0,85647.8487047,1.51173926614,1.93869461545,0.00132962909435,0.77283440177,0.49287473684,1.0,1.0,0.686238539776,105.598537269,0.458881721831,86280.8132768,36297338.1777,15593919684.2,9.27011336982,0.0390441751368,21233.3851653,3.14464263164e-07,Class 2
0.3121958639,897.298490574,13258483.4157,17449.5716943,0.772889960518,1.0,68451.2566085,1.26903691386,1.52546706549,0.00190309314419,0.531386738272,0.607374391784,1.0,1.0,0.791712040482,85.4813037529,0.558168273825,68880.8906437,28530910.6727,12074936211.0,5.93287941969,0.0163484927461,16996.5658457,2.08924960945e-07,Class 2
0.315383461312,610.742912214,12730946.4786,16532.3580722,0.779186746291,1.0,65082.7756959,1.25005089356,1.51212061447,0.00192711950299,0.511383198185,0.609546271453,1.0,1.0,0.797897315705,83.5497670706,0.561052471549,65496.3680434,26213104.1244,10669740067.3,4.25989596907,0.0257422248284,16222.0590001,1.42204005047e-07,Class 2
0.25809856783,715.65919881,19275325.6664,20660.4291415,0.754298587006,1.0,81360.1783337,1.39352603995,1.67581899044,0.00176948212456,0.544842461568,0.620900945103,1.0,1.0,0.775239552237,98.7732228955,0.507248501433,81905.7220493,34751263.28,15010933864.6,4.93803427157,0.0159353010164,20298.2873632,1.66632477077e-07,Class 2
0.159985593377,1993.16767005,26693081.6049,20948.8089903,0.670793551928,1.0,81155.5868241,1.44197752307,1.81187033991,0.00138881562005,0.731964031562,0.486000706638,1.0,1.0,0.697332229769,108.363381765,0.393813526192,81775.1514736,32086368.02,13007516943.9,12.8132742594,0.0188059247676,19946.3425245,4.64084674161e-07,Class 2
0.172910212003,1085.05945291,31198547.3833,23538.5586632,0.628607309096,1.0,92310.6495411,1.59447543535,2.06467003401,0.00120044817921,0.791071249857,0.489001831849,1.0,1.0,0.664657447213,114.484617431,0.415162670489,93034.7012468,38772395.5792,16474014592.4,7.80145187212,0.0387840978195,22988.3048443,2.52642800812e-07,Class 2
0.386427173721,292.161326123,10461443.5388,16096.5497812,0.815399760077,1.0,63721.5764663,1.12664229465,1.35612187631,0.00217217862695,0.449624890582,0.63829548478,1.0,1.0,0.831965051397,77.1093486665,0.621319824516,64065.3961514,27008373.961,11526763437.8,2.26501172791,0.0312722613153,15943.9111079,6.80261855905e-08,Class 2
0.301969061931,975.112102554,14382755.3815,18518.0871063,0.811763252831,1.0,72670.5964936,1.10411186254,1.31552968002,0.00218206501051,0.478924607922,0.604406206713,1.0,1.0,0.825844239494,89.1956861915,0.539791286595,73060.5181873,31218664.547,13814703924.3,6.293631092,0.0325780774911,18022.0483472,2.27042907219e-07,Class 2
0.3940070786,533.318828729,10814223.3787,17388.5364302,0.844296264059,1.0,68675.0236017,0.974123625071,1.15108336004,0.00239551533713,0.40761030762,0.636102187021,1.0,1.0,0.856474218108,78.6230165711,0.623806576318,68977.9719283,31326617.3597,14602380316.9,3.59303166536,0.0406963990965,17111.777502,1.24176755711e-07,Class 2
0.156396243362,1059.41157263,35589706.4617,24354.9127449,0.630927840862,1.0,95563.0679513,1.63545379794,2.09443063485,0.00120965921969,0.771893373712,0.509349315533,1.0,1.0,0.667558148651,118.480968747,0.394649682912,96331.7713743,40236931.703,17175573818.5,7.56639627313,0.0275242159673,23819.0155677,2.46671006093e-07,Class 2
0.0473515580225,1427.73242333,96471683.9371,26792.9684691,0.614553951079,1.0,104685.243185,1.81682776037,2.2308623969,0.00113779678522,0.682629074025,0.545849460256,1.0,1.0,0.644837368719,142.211793068,0.209177091478,105710.995598,40250889.2801,15641882647.9,9.46009034836,0.0329771522891,26071.9268081,3.32430003972e-07,Class 2
0.539788926988,402.717352967,6189804.52313,13434.7704231,0.860680364833,1.0,53109.2990724,0.787730755906,0.968625132277,0.00259401453106,0.393584618454,0.588575977411,1.0,1.0,0.873118839403,58.787776909,0.734448570932,53292.0772554,24436765.9354,11278315357.6,2.83510120754,0.0473318999218,13222.7992399,9.37678020462e-08,Class 2
0.486840179356,199.95583898,6662986.23396,12825.4861452,0.856631903959,1.0,50863.8479321,0.911826346909,1.08933532427,0.00247270364325,0.3765144559,0.651659826153,1.0,1.0,0.868712507054,61.7093633264,0.697498045348,51086.1610416,21366510.9634,9014117433.04,1.61862240466,0.0199293067501,12722.0333898,4.65572674963e-08,Class 2
0.123020051866,1647.47429958,42485339.0494,24904.1433374,0.632413889914,1.0,97120.9595171,1.71075832372,2.14661583644,0.00119342675353,0.766773888795,0.519620657559,1.0,1.0,0.663662160471,123.339854813,0.349053079663,97958.1972467,40148270.2202,16854185476.4,10.9059475719,0.00740758839371,24078.6443141,3.83594207852e-07,Class 2
0.6626722684,679.169323908,3055879.50285,8436.82898332,0.882603647404,1.0,32950.6290262,0.604318260061,0.748409711201,0.00287151662156,0.359584541127,0.54389925924,1.0,1.0,0.892352768205,37.9764980236,0.813730344887,33040.8766859,14916791.5454,6892681041.32,4.51704782382,0.0267879636869,8090.72351664,1.58136256734e-07,Class 2
0.141148904874,1544.9674583,32940985.7172,21972.8599263,0.635042089985,1.0,85606.6607296,1.60370747987,2.03026252765,0.00120545975304,0.754121402044,0.499335127942,1.0,1.0,0.666872717388,113.986566654,0.374103031883,86331.7312709,33529098.9645,13264749150.5,10.3216021631,0.0119510685431,21197.581458,3.59726745646e-07,Class 2
0.57051195958,354.366009686,4491651.61526,10295.8202436,0.901324517053,1.0,40648.4957016,0.774149916981,0.90989263686,0.00294751317247,0.298569470567,0.670719390385,1.0,1.0,0.910008764584,49.1576975285,0.7551255321,40798.5819863,17319105.0697,7480242802.75,2.43240921727,0.0370042785162,10111.4380234,8.25097841039e-08,Class 2
0.170008923679,615.274016158,34851459.2502,24673.2961591,0.696274753557,1.0,97342.0959022,1.57225292782,1.93160596041,0.00146894642577,0.622907000379,0.595068745116,1.0,1.0,0.725477165819,118.508682999,0.409356267918,98081.2230829,41553788.2841,17959915114.9,4.57777343411,-0.00985361827817,24367.4131005,1.43259017091e-07,Class 2
0.122989089805,1642.53723069,43373378.0788,25343.6192319,0.620553680989,1.0,98876.8009287,1.71652284665,2.16925460321,0.00114868926115,0.787722060328,0.509383119608,1.0,1.0,0.65373157433,124.402538333,0.349022673964,99724.1261567,41272728.6293,17500649598.4,10.9356213622,0.0039239640344,24521.3691111,3.82444671844e-07,Class 2
0.0486588555077,1289.48166754,91060924.7723,25255.354678,0.596106130029,1.0,98764.7438638,1.74880448623,2.19064976609,0.00107537496848,0.702852672208,0.510176813939,1.0,1.0,0.630719120618,138.535413952,0.213264486144,99726.4417897,36377844.123,13395151776.4,8.7247133177,0.0040949960907,24610.3223232,3.0024000916e-07,Class 2
0.0505103827399,817.289817349,97951171.6617,26021.2013805,0.602179719298,1.0,102276.257806,1.77137900287,2.23057759381,0.00109116092589,0.693368246203,0.519830759839,1.0,1.0,0.638920596046,140.832215381,0.218293371558,103266.587994,38327656.5597,14370750185.9,5.95859503953,0.000556532881592,25613.4247806,1.90295921551e-07,Class 2
0.248954030239,1211.44748719,14971856.5533,16538.0512267,0.723323403991,1.0,64473.9909667,1.31128592616,1.62208450245,0.00162469561812,0.612244906943,0.535998244571,1.0,1.0,0.746590768528,88.7072115802,0.497777126227,64934.781529,24334838.0721,9285512345.91,7.97792111893,0.0014507862045,15931.5265203,2.82070706244e-07,Class 2
0.154159175975,1698.38398054,33085623.3501,23991.3739104,0.654072927177,1.0,93528.9992534,1.54299605002,1.93904504512,0.00131715168865,0.752960345665,0.509649086726,1.0,1.0,0.685301397683,116.817863348,0.387479367561,94243.9659262,39561562.2736,17135481232.4,11.1070845278,0.0152788636956,23137.3081107,3.95447903381e-07,Class 2
0.521327935997,295.619227261,4998886.93363,10428.8714443,0.899179818037,1.0,41214.4192244,0.847074807962,0.953864079139,0.00278642912255,0.275305917805,0.72693111089,1.0,1.0,0.905351607344,52.9878322909,0.72173573104,41391.5845114,16469207.5678,6653842026.55,1.99304361046,0.0336515072539,10274.4052732,6.88313155086e-08,Class 2
0.263683650693,599.846468595,19637903.4057,21164.7321012,0.76517946451,1.0,83457.7982693,1.39608640077,1.69474120696,0.00183793799214,0.555204973159,0.609333576219,1.0,1.0,0.784594841194,99.7258763357,0.512716097646,84009.6365985,36119567.7178,15785914070.2,4.21188211276,0.0562071062462,20853.2266256,1.3966690164e-07,Class 2
0.338753689069,1213.81686973,11734978.0242,17234.1872241,0.748853005869,1.0,67313.3133715,1.1849886291,1.4814721119,0.00183470659156,0.605665233714,0.526651637138,1.0,1.0,0.770615142958,81.6583631961,0.581425375728,67696.4143381,29194243.2311,12949118689.6,8.06659391017,0.0269921162366,16621.2873078,2.82622387943e-07,Class 2
0.0793533193338,634.758042307,79301845.4721,27706.1442436,0.710810205116,1.0,109165.842463,1.79849284697,2.14151791154,0.00150488794438,0.582725767234,0.627302285932,1.0,1.0,0.732672502809,139.277592086,0.275919772392,110160.214535,44582593.8237,18426445616.4,4.55567066284,0.0231865172444,27382.4522142,1.47795633885e-07,Class 2
0.363952985011,664.201317218,9948017.12945,14959.9946082,0.816900713181,1.0,58790.4172183,1.13966121504,1.36175820313,0.00220939915139,0.456022823521,0.623216682429,1.0,1.0,0.832240005444,75.5539826036,0.60280166797,59131.1811642,23553654.873,9502918059.84,4.44760989488,0.054987077578,14617.335212,1.54651139746e-07,Class 2
0.375905654102,634.834815611,9835369.72573,15175.7843479,0.809869142794,1.0,59699.0438506,1.13223936769,1.36932058767,0.00215290468966,0.486490850363,0.605367295955,1.0,1.0,0.825105587265,75.0983727522,0.612633567892,60035.5324578,24515793.3726,10184324614.8,4.28718074016,0.0421004908349,14850.7611013,1.47813509609e-07,Class 2
0.376220631777,587.522742377,9937480.93069,15292.7449281,0.806183193557,1.0,60205.346941,1.13562613925,1.37856886151,0.0021295739986,0.49083201322,0.604016317058,1.0,1.0,0.822066902983,75.405523521,0.612946312223,60544.2308669,24821814.246,10349202894.1,4.0762433759,0.0483760099036,14989.7661215,1.36797472965e-07,Class 2
0.419188933081,332.203343541,7939955.65215,13324.3948746,0.846056025462,1.0,52656.0202905,1.0422756384,1.23635142586,0.00237649445331,0.401527262072,0.649224484874,1.0,1.0,0.857652823649,67.7280845496,0.647100599427,52935.1828406,20955124.7544,8383900636.21,2.40010316219,0.0383225827469,13151.2739847,7.73494788014e-08,Class 2
0.433735612075,589.877844019,7065466.09203,12544.8786084,0.80098224404,1.0,49316.7416363,1.02547417724,1.28637199413,0.002161832783,0.523109242992,0.549686878323,1.0,1.0,0.818768832477,64.1116307228,0.658326817826,49576.6658987,19598712.0275,7893710153.81,4.21902202241,0.0157094301103,12247.1978705,1.3734582953e-07,Class 3
0.500186405517,535.852840761,5781233.94734,11745.0032202,0.815614507792,1.0,46223.3233765,0.928137168242,1.18235770622,0.00230465699226,0.509825688216,0.532381116506,1.0,1.0,0.832210245081,57.4223036661,0.70713556598,46433.8506492,19198210.3032,8083022003.74,3.90328164365,0.0127899400573,11474.9480486,1.24766769369e-07,Class 3
0.439026349693,622.568587655,9143834.04681,16400.8663689,0.771324765801,1.0,64678.1026991,1.00100171262,1.30505861621,0.00208151459374,0.599805395191,0.492868008696,1.0,1.0,0.793376195818,72.7999495048,0.661367387716,64966.3172538,29668764.9301,13773189450.1,4.88566697072,0.0175250847016,16086.5059009,1.449574687e-07,Class 3
0.346674355049,234.108456042,11488858.7072,15817.4857182,0.771982077494,1.0,62671.0406194,1.17127165459,1.46355645259,0.00191076560355,0.523994983235,0.582627042679,1.0,1.0,0.794658472411,80.0072859656,0.588436061159,63042.0096403,25089872.0809,10073771702.3,2.14640018243,-0.00716542872035,15702.6003377,5.45092859838e-08,Class 3
0.303679329872,386.563212362,13610600.2131,16670.6562181,0.774158700884,1.0,65856.1498665,1.2608453212,1.54784623213,0.0019030099395,0.524233349676,0.596910383785,1.0,1.0,0.79461094263,85.5370965815,0.55051255321,66283.2833544,26024730.1325,10334460383.0,3.0031567631,0.0173763139606,16474.8482788,9.00065083069e-08,Class 3
0.401682441484,286.048039918,8645974.68383,13850.9389184,0.804547166126,1.0,54836.5855589,1.05943738055,1.3091453247,0.00212740585359,0.473067930847,0.595142350507,1.0,1.0,0.823258635588,70.54131863,0.633499478759,55132.1952354,21769623.8971,8667494985.6,2.3335016506,-0.0180474111719,13712.0878877,6.66027817902e-08,Class 3
0.342239710605,624.286764834,10967650.8204,15434.8996224,0.77708032577,1.0,60747.8160211,1.19367281549,1.49321003735,0.00199177421768,0.550591198773,0.555985794901,1.0,1.0,0.797839757902,78.692969768,0.584646207975,61119.6667071,24122218.4925,9638000584.02,4.48249500478,-0.00249218139171,15124.4597591,1.45357525207e-07,Class 3
0.338797478495,576.051494223,12173643.8499,16853.586922,0.749572241262,1.0,66407.6232037,1.23527833157,1.56293424258,0.00182156879213,0.595249873169,0.549593043598,1.0,1.0,0.773659576007,82.3710211971,0.581824993484,66810.5278083,27650421.9154,11629716199.4,4.35569889671,0.0343714707671,16559.2625869,1.34126533363e-07,Class 3
0.121099020535,1157.28295326,45433994.6241,24795.185938,0.570634966117,1.0,97195.7689144,1.72669612856,2.27232268936,0.000979248824894,0.858500715566,0.461142439215,1.0,1.0,0.614284743753,124.455610937,0.347081052906,98048.4863444,39518323.2629,16222903754.9,8.45238033186,-0.0288962731301,24223.773142,2.69459158076e-07,Class 3
0.130690682347,876.976328077,46581357.0384,26241.2781236,0.593224659621,1.0,103200.162706,1.72203825226,2.25942345646,0.00105433203935,0.83385263893,0.477964379046,1.0,1.0,0.633940366485,127.22229335,0.36074841456,104069.548277,43371618.2148,18343363821.5,6.75528950569,0.0192734123882,25799.1368962,2.0419319437e-07,Class 3
0.0877165527977,1044.73730779,70314300.8728,28010.2137346,0.575436675808,1.0,109996.539867,1.84239075115,2.39657761646,0.000980996608534,0.843894093017,0.485419363238,1.0,1.0,0.615803715926,137.772860742,0.294750673269,111004.1659,45688039.9097,19129037299.1,7.80944965685,-0.00785227174008,27490.9334832,2.43254283298e-07,Class 3
0.410567428724,565.387267614,8185373.84314,13722.7171603,0.794891262226,1.0,54040.2455068,1.07093908172,1.33857203762,0.00210297119898,0.517852303047,0.561033937579,1.0,1.0,0.81380065829,68.9647321041,0.640544913561,54332.371617,21772957.4562,8838421448.92,4.05417101034,-0.0063542481105,13442.284859,1.31643498842e-07,Class 3
0.314301641426,798.645878942,11676705.0952,15402.7410443,0.746887629072,1.0,60408.0800653,1.22877690271,1.54886661089,0.00180304285601,0.597170491825,0.532528988194,1.0,1.0,0.770796427793,80.6361930979,0.560155503432,60800.3859191,23350986.8297,9097676256.55,5.59797910694,0.0176760272783,15001.064965,1.85954908896e-07,Class 3
0.095292422414,936.947732604,67092762.2353,28361.1547239,0.605304717617,1.0,111521.179395,1.82170520072,2.33162844339,0.00108686934566,0.788093231757,0.514809069484,1.0,1.0,0.643271861175,137.678084007,0.307336460777,112516.793933,46840659.5713,19782345998.4,6.91079402311,-0.0120764920511,27896.0371449,2.18156801219e-07,Class 3
0.029872047495,1391.78331922,176763947.064,31104.6002357,0.465872011338,1.0,121706.39934,2.01043928983,2.6525800662,0.000697885657853,0.91343398096,0.451367965645,1.0,1.0,0.521778387536,157.237039028,0.169157762141,122961.905962,49194717.4797,20049777272.0,10.0841010772,0.0790629615151,30393.7590598,3.24059695481e-07,Class 3
0.0627744530306,1679.41987338,84696034.2425,27772.1083376,0.526070513638,1.0,108334.948859,1.89135405702,2.47776097982,0.000831145880367,0.906011318203,0.452007941424,1.0,1.0,0.572660814729,140.667626075,0.248326600643,109391.184978,43641142.472,17758505811.6,11.6057716532,0.0220294718096,26929.0402267,3.91032343354e-07,Class 3
0.309980107678,770.277858136,13752998.988,17734.4159474,0.734065666289,1.0,69717.024446,1.28939262333,1.63460343547,0.0017421811301,0.626291416497,0.534057461894,1.0,1.0,0.759786983586,86.826096777,0.556440578577,70160.4603729,28934278.3388,12116353284.3,5.52881374338,0.00847015897837,17348.2239423,1.79349762781e-07,Class 3
0.0326501595314,1676.4675202,158782346.772,30828.2021575,0.518310891643,1.0,120412.02334,2.00483032887,2.58906695694,0.000822711962151,0.886090972049,0.473984470685,1.0,1.0,0.562127285612,155.506725089,0.176520284945,121650.202866,48708371.6852,19857584530.2,11.5010750586,-0.020215446095,29994.6487175,3.90344924083e-07,Class 3
0.295501641017,326.513830249,13188882.8175,15730.1018268,0.77841663369,1.0,62197.7056583,1.19894412231,1.46466888548,0.00190429712844,0.493564217407,0.596151162204,1.0,1.0,0.798430859988,84.1233233429,0.542687429415,62597.0760547,23463381.8942,8845109616.72,2.5520784467,-0.00415797932412,15568.2977543,7.60247453322e-08,Class 3
0.385722655827,673.497381852,9317545.45948,14780.1983802,0.767988392974,1.0,58129.998644,1.13704865114,1.45222167891,0.00195464833664,0.589143673772,0.522059482649,1.0,1.0,0.78923458016,73.3567777561,0.620880027799,58460.0543269,23761052.9424,9807841251.09,4.87897771697,-0.0145268656068,14447.2123208,1.56815614512e-07,Class 3
0.234369044539,406.946761793,17257016.0583,16691.9672917,0.772538293293,1.0,65909.060594,1.28300312291,1.54306382236,0.00183650885826,0.488050164418,0.607202456302,1.0,1.0,0.790649491158,92.1001748328,0.481985709322,66377.1956753,24152182.683,8860602349.46,3.01254235079,-0.0213686908175,16493.2817457,9.4752568078e-08,Class 3
0.322853894924,952.583046651,12431188.5218,16984.4110456,0.702879640155,1.0,66565.1397433,1.26056060424,1.63027048709,0.00161519461775,0.679403504969,0.497547341541,1.0,1.0,0.733009591653,83.462830119,0.567954565199,66981.7824001,27519906.2855,11498475843.4,6.81038137434,0.00673269046999,16507.9518765,2.2179729255e-07,Class 3
0.0891754790935,1267.20725067,60420981.7069,25562.6006192,0.65800644222,1.0,100049.033162,1.77677975217,2.19794724265,0.00129856904669,0.702729792569,0.553496649745,1.0,1.0,0.688465769715,131.153980432,0.295940839197,100973.904662,39762321.4881,15945522040.3,8.54939948745,0.00986284857962,24927.6989782,2.95053684072e-07,Class 3
0.0715437318242,802.928655199,92010297.7574,29583.3740637,0.609313147041,1.0,116435.95631,1.8821960776,2.38411272703,0.00109750744598,0.761972127005,0.530465541651,1.0,1.0,0.645544167052,144.834103249,0.265088828077,117518.312367,48762053.7138,20626137271.0,5.99915081227,0.0142320389193,29179.9774292,1.8695210088e-07,Class 3
0.114654435621,839.995611806,48747623.8804,24568.4312563,0.664017484071,1.0,96609.305538,1.68346702735,2.07647266776,0.0013070054333,0.658145770562,0.565473747024,1.0,1.0,0.693694895364,125.755559356,0.336685561637,97449.3630273,38280136.9658,15189184948.1,5.93028516202,-0.0183319216402,24153.3243039,1.95582687628e-07,Class 3
0.122102539171,1433.48794197,42893299.1842,24383.9142719,0.675760260232,1.0,95272.6931407,1.69463704993,2.10454048517,0.00139511473321,0.714519247889,0.541126969841,1.0,1.0,0.703410410625,122.897271089,0.347381852141,96099.045943,38522966.7183,15743955386.9,9.51945964729,0.00337829033099,23667.3496199,3.33770105976e-07,Class 3
0.178752743336,1037.50324038,27540194.8628,21466.2169004,0.634908375941,1.0,84122.0689403,1.5596870796,2.01903129508,0.00123315222906,0.766791189542,0.490069544293,1.0,1.0,0.671494646466,108.909736339,0.422066935974,84795.6933827,33767653.3277,13695497481.0,7.46228173052,0.0414701155417,20940.3983776,2.41569919323e-07,Class 3
0.167457814831,1141.5111274,30620285.1094,22605.9590596,0.641012017285,1.0,88528.1921457,1.60145423498,2.04902506473,0.0012479486517,0.757318661066,0.506820007202,1.0,1.0,0.675493259724,112.827297259,0.408311614977,89244.8527101,36196468.8041,14976883624.6,8.00824537399,0.0478623707758,22026.7168437,2.65786881641e-07,Class 3
0.258962458691,937.116088958,16295806.6215,17983.3860154,0.720553303608,1.0,70508.9099371,1.35853610596,1.69842278906,0.00161830717,0.634761306778,0.541509566904,1.0,1.0,0.745362577789,91.9415841369,0.508197593606,71003.81505,28026208.2191,11256081945.7,6.45573364608,-0.00820628094866,17517.3930186,2.18196000933e-07,Class 3
0.286633271491,722.764716358,15340084.0277,18282.2813821,0.752107716281,1.0,71958.3279219,1.30052057636,1.60840025335,0.00178525786905,0.575744971175,0.570317560382,1.0,1.0,0.773739579115,90.607491747,0.534803666059,72425.1527746,29398039.0705,12063040837.3,5.07589696812,-0.0231235340109,17926.3048703,1.6828690979e-07,Class 3
0.174998180199,739.733094431,27168074.7631,20306.5652787,0.682876121236,1.0,79819.0356883,1.5088300834,1.88623332429,0.00140012735781,0.645072495461,0.548922658156,1.0,1.0,0.712301334398,107.093222787,0.416995699765,80459.7544229,30703879.5452,11869943130.0,5.34764790201,0.0334202067588,19930.8419827,1.72237788749e-07,Class 3
0.184613129662,1146.12351989,23845357.8694,19560.226309,0.668020895277,1.0,76482.2518066,1.4663513163,1.85124488777,0.00135098561179,0.685730183181,0.514012154277,1.0,1.0,0.698906537691,103.50228097,0.428556380853,77083.950059,29174693.9527,11161095050.8,7.80010316219,0.0159059812353,18985.2652311,2.66860820728e-07,Class 3
0.127992301951,915.873842412,39963436.9323,22683.2462806,0.664107598268,1.0,89023.4567916,1.63551798172,2.02440382219,0.0013101170137,0.656630510915,0.558931451886,1.0,1.0,0.694055404519,118.765077969,0.355766223612,89794.0402074,34536675.8481,13469431164.5,6.39396229693,0.0281654504387,22220.4694282,2.13250004058e-07,Class 3
0.0516145108126,92.1516560247,144174232.974,32715.0856948,0.612484794698,1.0,129603.066523,1.85559115342,2.3345014912,0.00113079557296,0.664180539132,0.556025637329,1.0,1.0,0.649891915313,158.769618734,0.222995395708,130773.107815,54243811.6236,22656102487.2,1.70274194249,-0.00705900877422,32671.4794121,2.14563841779e-08,Class 3
0.300108936139,674.862377291,16426900.0466,20324.4865327,0.764643523587,1.0,80116.6156882,1.30145136358,1.58309457134,0.00186106614438,0.54389269026,0.605991793128,1.0,1.0,0.785691226376,93.8567359482,0.547167926331,80600.5888585,35408359.2061,15818343315.6,4.7276452958,0.0267200938233,19982.1648608,1.57133436978e-07,Class 3
0.334905616093,643.249964165,14203126.129,19495.5746832,0.775084242591,1.0,76899.1740327,1.23242415678,1.50676964825,0.00193044321458,0.541689654946,0.59663520263,1.0,1.0,0.794802352769,88.9714257015,0.578304447919,77333.4770046,34207145.453,15317989871.2,4.50851250977,0.00764757623143,19173.2518341,1.49772873857e-07,Class 3
0.00190610795594,97.055113587,854978214.393,41673.4680721,0.414912421331,1.0,164870.22447,2.13509021718,2.8944934444,0.000712102685879,0.851901069046,0.421879379981,1.0,1.0,0.479806519747,202.88135642,0.00515702371645,166592.005876,68944269.8192,28754193949.7,2.67280753193,0.00295858309443,41625.3226859,2.25980942002e-08,Class 3
0.343896053855,578.381759838,11550577.9398,16211.8190834,0.777136515768,1.0,63881.037224,1.20986946462,1.49437662772,0.00195253910118,0.541666102776,0.5800231795,1.0,1.0,0.797304687695,80.4963377422,0.586067674398,64266.6182346,26141160.3556,10799546904.9,4.07262726957,-0.000603227347754,15922.6879811,1.34669107164e-07,Class 3
0.456424774876,395.796947485,8954360.88228,16359.8493532,0.787894768797,1.0,64754.7105721,0.976276399804,1.27721711769,0.00212393810307,0.555062018024,0.508260566003,1.0,1.0,0.808491377877,71.9158440839,0.675441968552,65032.3491128,29748238.23,13714847060.1,3.33683759013,0.00947083224741,16159.6998686,9.215647041e-08,Class 3
0.362259142204,357.929760664,11866724.6351,17205.0581819,0.79438426839,1.0,68064.0749324,1.18013887483,1.44511977134,0.00204564517742,0.49859221326,0.609774417312,1.0,1.0,0.813057451934,81.7266429937,0.60158218226,68445.9234621,29081503.9834,12503066092.4,2.77863999653,0.0178459734167,17022.6368995,8.33395598603e-08,Class 3
0.38521021865,461.280344887,11853205.9582,18401.7485886,0.76633424515,1.0,72762.3332645,1.11977785351,1.44644457859,0.00195851698077,0.587908885484,0.522587856101,1.0,1.0,0.788766715982,82.2386271827,0.620423942316,73126.8654397,33030421.1855,15083314587.0,3.78103770307,0.0189416644948,18167.0387477,1.07403477274e-07,Class 3
0.193471056009,934.814367779,26160343.7766,21688.9539474,0.673451557023,1.0,85156.1307689,1.53026998176,1.93330038853,0.00137971603541,0.693769895583,0.533128571604,1.0,1.0,0.704432999558,108.11021903,0.439153852836,85812.1619509,34692140.6356,14216037116.2,6.60199483103,0.0136874511337,21220.1814916,2.17660073354e-07,Class 3
0.173456611484,955.201724437,30327727.4915,22645.3501137,0.656610269102,1.0,88896.0903688,1.59368159582,2.03459156077,0.00130423899588,0.737524131782,0.515219489708,1.0,1.0,0.688749339336,112.693993789,0.415746894275,89608.4222969,36372485.0175,15006740383.8,6.82744114325,0.0227304317609,22164.1855497,2.22407019592e-07,Class 3
0.443677933568,472.495176353,6859794.24759,12348.097425,0.827698038112,1.0,48664.4621518,0.997798772331,1.21056101642,0.0022882672713,0.445787349933,0.60640746827,1.0,1.0,0.842334223954,63.0652777778,0.665819650769,48913.2016475,19345630.7637,7776377729.96,3.31827816871,0.00793588741204,12110.6693,1.10014713391e-07,Class 3
0.319277449767,649.561708366,11634514.3607,15378.7105386,0.790480062345,1.0,60478.7000886,1.2074633967,1.47062046087,0.00203117816075,0.510264962774,0.588278208993,1.0,1.0,0.808727144615,80.3230431761,0.564367778647,60862.6806249,23521231.276,9243521491.88,4.46542003301,0.00252258709061,15053.9072376,1.51242486171e-07,Class 3
0.213895303919,1334.38978477,20618980.1811,19638.8249291,0.692042151196,1.0,76621.6126378,1.47265493411,1.84996588143,0.00147629228356,0.694252376178,0.521163354582,1.0,1.0,0.717969529995,99.9702377074,0.46167904613,77205.2065716,30567942.8563,12329417619.8,8.91678068804,0.0190323386326,18968.4851989,3.106963141e-07,Class 3
0.233908832429,846.155184172,19738689.0149,19517.6826687,0.72934692573,1.0,76659.3594996,1.41905343184,1.75713060477,0.00164847876087,0.613556752602,0.561539279237,1.0,1.0,0.752588279728,98.5970072105,0.482891364782,77213.9223773,30739697.4817,12385015614.3,5.85339023543,0.0146349144297,19092.7120721,1.97016868594e-07,Class 3
0.0803899748709,703.934058726,71364437.649,25794.694207,0.655216080442,1.0,101527.470685,1.77433227694,2.17736360049,0.00127131483665,0.641556802166,0.577254467735,1.0,1.0,0.684723783697,134.427289115,0.280056033359,102474.19635,39647483.4433,15533745376.2,5.14393623491,0.00144644253323,25443.6157708,1.6390242185e-07,Class 3
0.192823034433,1411.47166189,22618352.1285,19737.3537623,0.657056054275,1.0,76928.0777975,1.49945591237,1.92088610401,0.00131990751106,0.747283012611,0.485544788279,1.0,1.0,0.687896236214,102.499422292,0.438214533924,77537.3998426,29987489.6147,11782098676.2,9.53133090088,0.000295369646425,19032.2828067,3.28643884876e-07,Class 3
0.330995917355,747.292049996,12079747.9951,16600.7499462,0.741967071061,1.0,65246.0349909,1.23638434377,1.57473415124,0.00178805327412,0.618691718313,0.524738781444,1.0,1.0,0.766364316383,82.2652598601,0.575040178959,65648.7815336,26706286.6113,11019536176.4,5.38369928764,0.01020599861,16226.015053,1.73997798949e-07,Class 3
0.378710239505,1589.46441013,7372624.18386,12655.6775497,0.776347125168,1.0,48737.636338,1.08663527896,1.35068714147,0.00205105739214,0.575573566193,0.498621772,1.0,1.0,0.794039122161,66.9373338546,0.614894448788,49025.3097049,18524829.7162,7144739874.48,10.1223460169,0.011093736426,11859.4842564,3.70087315758e-07,Class 4
0.0459442124504,701.473735992,102102361.895,26293.1610426,0.557261402861,1.0,103504.508454,1.70619469591,2.22735002252,0.000953104867198,0.753139715535,0.453804927934,1.0,1.0,0.602166964107,142.588012553,0.207390756668,104470.273182,38872635.1287,14696548700.8,5.47845973417,0.00813352445487,25943.313815,1.63329565842e-07,Class 4
0.274081539353,2521.95003149,11052703.7191,15114.6067083,0.642160740191,1.0,57518.6351248,1.29316329462,1.69884049203,0.00134760560575,0.829094542334,0.375519158234,1.0,1.0,0.672890750512,80.6222748892,0.522879202502,57931.4745349,21592728.9734,8239164162.23,16.1739738077,0.00786910346625,13853.0109721,5.87205169038e-07,Class 4
0.178828289849,2075.57800473,20060832.8613,17879.9370285,0.63971728162,1.0,68877.7155213,1.42609206642,1.82529147507,0.00124457968821,0.763001199138,0.441948759956,1.0,1.0,0.670394531747,98.1508942533,0.421139562158,69432.5034748,25195317.34,9302974147.54,13.3758785075,0.013328012336,16839.9981561,4.83272911002e-07,Class 4
0.0028532268638,631.437075406,500319546.114,34986.0571699,0.360983493227,1.0,137845.090122,2.04375188128,2.88485662428,0.000562865159862,0.991681982732,0.334562111881,1.0,1.0,0.431112121788,182.402214186,0.0330781426462,139326.352665,53702372.6712,20865581835.4,6.33996394753,-0.0192500651551,34675.1538995,1.47022387427e-07,Class 4
0.086277548995,2047.51873534,47996261.7298,22629.9580628,0.606547612693,1.0,87650.7044316,1.6770107856,2.12639689778,0.001088641999,0.788657134964,0.468653320832,1.0,1.0,0.637754020161,123.082345691,0.290029102598,88469.6874891,32495987.6556,12114660489.0,13.2952056728,0.00370026496395,21606.503754,4.76739653871e-07,Class 4
0.0194362456895,77.1567066284,412199006.395,48656.7595308,0.722503582889,1.0,193005.923525,1.85465806957,2.22117697142,0.00155352158535,0.544379906322,0.616263542561,1.0,1.0,0.744745738321,210.531886891,0.0846234037008,194557.76336,90238809.4849,41998276980.3,1.25233037964,-0.00709647293893,48621.7964284,1.79649939104e-08,Class 4
0.00580242670756,45.177497611,594053577.855,41222.0644036,0.542488672278,1.0,163203.870734,2.0372473021,2.6300192408,0.000951681225411,0.729781964338,0.503459134357,1.0,1.0,0.588545314904,197.093952524,0.0509089132134,164799.677725,69361507.4947,29395024613.7,1.73336591087,0.0441034662497,41190.164838,1.05190268602e-08,Class 4
0.00345444037456,197.33964143,644399575.986,37196.4707667,0.526796904261,1.0,147006.453631,2.09121769018,2.71488084402,0.000905201506595,0.766673005033,0.488435131338,1.0,1.0,0.574092594609,189.642153701,0.0214045261055,148582.486289,58804685.1339,23516015888.2,2.73213990965,0.00356343931891,37097.768226,4.59481179471e-08,Class 4
0.133907092743,1908.90573256,32269402.2041,21454.4138498,0.552526586707,1.0,83198.9311506,1.60998874215,2.13387578466,0.000929369179704,0.892460890708,0.414095778007,1.0,1.0,0.596557069722,113.028488511,0.364565415689,83920.7053838,32011813.4707,12451598566.5,12.9633926244,-0.0110160933021,20503.8329326,4.44465314288e-07,Class 4
0.360997199483,3385.40537312,5606951.85241,11163.408173,0.657505609437,1.0,40998.124029,1.07743602266,1.43334195904,0.0015274588688,0.838156475847,0.259239927604,1.0,1.0,0.682953999702,61.6479074364,0.600231300495,41260.7234293,14519320.3738,5265621275.88,21.2483906698,0.0106419946138,9469.31112306,7.88250167356e-07,Class 4
0.210555349428,2024.78602967,15878931.4159,16387.6086845,0.609392660238,1.0,63051.915741,1.33694438295,1.77191035864,0.00116755393167,0.816553337661,0.383203072506,1.0,1.0,0.647210735903,90.9455243897,0.457655720615,63533.642766,22712114.6942,8233566622.21,13.368657154,-0.0124429893146,15377.9246807,4.71446621848e-07,Class 4
0.10531430825,574.829470724,54028150.1841,24563.2773207,0.652677449272,1.0,96778.5970119,1.67608673965,2.10790081015,0.00125985165646,0.675113673094,0.540182378768,1.0,1.0,0.684346055274,127.637648228,0.322368821128,97627.5262084,37717388.152,14685723274.6,4.46477174007,0.0547481756581,24264.1713383,1.33842000162e-07,Class 4
0.182529218331,2274.98655091,20592653.8623,18797.7286737,0.629786254213,1.0,72336.4142233,1.45451821565,1.89472071109,0.00124382667432,0.845295217263,0.403739931544,1.0,1.0,0.66103604718,99.6935805968,0.425688471896,72911.2077526,27613023.0725,10746120038.4,14.8084886196,0.00695367474589,17659.8341413,5.29702748073e-07,Class 4
0.0658333655071,1231.3017353,71973568.5642,24589.3706483,0.565026770303,1.0,96189.5867069,1.7402456541,2.27184559028,0.000951792761948,0.817718435759,0.449033088712,1.0,1.0,0.606025290573,133.166444054,0.252568195639,97109.3661637,35948434.0664,13464537574.6,8.72259794979,0.0211460776648,23970.5564547,2.86693524687e-07,Class 4
0.0519643906751,573.072285205,108899503.018,27513.1953162,0.58684038279,1.0,108445.572899,1.80833027711,2.33385505831,0.00102954681084,0.754024579857,0.490655437665,1.0,1.0,0.627265227873,144.863382851,0.223322256972,109485.619286,41776407.0077,16076247512.1,4.66743984015,-0.00378659543046,27229.2684801,1.33432861041e-07,Class 4
0.327965314278,300.307455912,11019761.3188,14524.5852854,0.819921840344,1.0,57422.2551447,1.14301235369,1.35284855721,0.00215180025024,0.41953246085,0.645623853592,1.0,1.0,0.834014910625,78.1487761706,0.571773738163,57775.8066456,21553883.2088,8103329552.4,2.25324037877,0.0297193988359,14369.4853195,6.99229121156e-08,Class 4
0.776723317351,65.6662735644,1485392.84772,4534.0852916,0.940544715547,1.0,18017.7082161,0.402737847905,0.475137281005,0.00325959628035,0.187783553831,0.690235104324,1.0,1.0,0.946168261301,22.9705260186,0.881289636,18053.8326513,7187025.21331,2896757138.49,0.569457475458,0.0211471635827,4497.2210364,1.5289587338e-08,Class 4
0.902542319977,273.779212275,342410.308658,1351.78943426,0.968742527598,1.0,5126.1798987,0.168898334172,0.198550291952,0.00358552307913,0.113336267915,0.559188434669,1.0,1.0,0.970989217386,7.8045559682,0.950007601425,5131.18024672,1737248.65853,598045575.112,1.705893276,0.00318662583616,1214.41121645,6.37461355759e-08,Class 4
0.326828284192,2234.22623795,7937292.57247,12665.0376692,0.691819161121,1.0,48116.9597116,1.12449825564,1.46069770348,0.00157895548416,0.726165678304,0.379249280879,1.0,1.0,0.718191131497,70.1987761706,0.571086352185,48429.25517,17205617.6562,6215082030.96,14.1522869429,-0.00766115020415,11549.3056457,5.20212208545e-07,Class 4
0.812168490368,1147.85711385,581240.484492,2486.32164697,0.917134142336,1.0,8789.18152092,0.325197574314,0.399335094154,0.00321119614811,0.270246679104,0.318837382246,1.0,1.0,0.92208134272,14.0544745244,0.901164103901,8806.91855026,2941016.4613,1020371247.3,6.93251563722,-0.0133953392407,1914.87514443,2.67264466842e-07,Class 4
0.209554015757,3344.52371536,13686567.8861,15935.6042086,0.601058729632,1.0,59893.7234191,1.37600914752,1.84405065196,0.0011929507349,0.944483346842,0.286010009545,1.0,1.0,0.63207481855,87.8711249023,0.456465554687,60372.729993,21509118.9145,7837988418.78,21.2577545391,0.0341450569021,14257.7380473,7.78731374177e-07,Class 4
0.391864944192,364.892675484,7558214.54446,11965.5136603,0.815969861275,1.0,47293.5231397,0.992186615851,1.20754569739,0.00216545127693,0.442434070988,0.593771736246,1.0,1.0,0.831879564817,66.3200769916,0.625266049865,47553.673835,17186855.4319,6247959560.68,2.67982038919,-0.0738016896881,11797.7134002,8.49607892753e-08,Class 4
0.0132327369293,1673.74219008,228987660.956,30051.3549385,0.36216619828,1.0,117286.238777,1.94531217399,2.76294385156,0.000481185299113,1.09604198927,0.294275460097,1.0,1.0,0.428388408151,160.629112371,0.108138954044,118527.33001,44382876.862,16797688046.8,12.6853944054,0.00295369646425,29214.6518547,3.89710364352e-07,Class 4
0.159616390111,1529.1167025,25446857.2223,19278.3842201,0.622843701457,1.0,74974.7872892,1.48135874595,1.93109236522,0.0011794737241,0.779604519376,0.44108566235,1.0,1.0,0.658686754935,104.911302776,0.397888975762,75590.9595519,27823424.3222,10408464854.2,10.3471147164,-0.0110899357137,18516.2803167,3.56036091342e-07,Class 4
0.121152034576,2191.46765051,31141072.7292,20143.2950568,0.605927136848,1.0,77701.1630127,1.5280009152,1.95840196333,0.00109574922809,0.787838307566,0.436478592446,1.0,1.0,0.639491482026,111.008987056,0.344955911737,78373.8465914,28392713.017,10484757763.9,14.1429719399,0.00832030231952,19046.4619777,5.10256395285e-07,Class 4
0.692450291227,1314.97705673,1674514.00376,5392.26802215,0.855197380779,1.0,20210.2391845,0.564821295128,0.73545661587,0.0027667907155,0.441461971498,0.355115815085,1.0,1.0,0.865422637013,27.9695052558,0.832096472939,20272.2372641,7733908.21338,3046109177.55,8.40450004344,-0.0232538441491,4739.53354835,3.06176298196e-07,Class 4
0.149590464312,1823.5364434,33854318.436,23830.922493,0.523517522566,1.0,92757.526536,1.67547853529,2.32535620933,0.00088084143794,1.04014918323,0.347622242824,1.0,1.0,0.568843288658,117.288101598,0.386325036921,93537.1089022,38269507.4318,15935587360.7,13.290895665,-0.040437407697,22929.3094127,4.24588121146e-07,Class 4
0.0049860680876,845.682249587,392185941.837,33068.4233448,0.318037466623,1.0,130073.461377,1.98419939857,2.87195298562,0.000464772995012,1.06128479286,0.28534792733,1.0,1.0,0.394818944106,174.687605334,0.0591988098341,131450.525569,49871360.0134,19037267074.7,8.02793632178,-0.0262498914082,32652.5755614,1.96906751569e-07,Class 4
0.546260992604,683.8210364,3963007.17951,9039.88518215,0.854041048904,1.0,35299.6790871,0.800128712801,0.960290673531,0.0025212992674,0.385278097988,0.605364146874,1.0,1.0,0.866296281653,47.136006863,0.738921466423,35448.4254319,13686325.1827,5389601850.15,4.46317435496,0.0343888454522,8691.51933368,1.59219351001e-07,Class 4
0.622349543351,1310.95271262,1982294.71518,5743.86671788,0.853718264407,1.0,21583.6897993,0.591680295052,0.734116645328,0.0026293169989,0.400746441429,0.436615743536,1.0,1.0,0.864900909048,32.8350099904,0.788638041873,21660.0249943,7396906.37087,2576744672.74,8.19235296673,0.00604856224481,5087.52457866,3.05239278972e-07,Class 4
0.231547764696,667.287478282,17628668.8019,17182.0240552,0.760141261958,1.0,67611.7635329,1.30692982426,1.60370856654,0.00182279113671,0.545291910734,0.567419749544,1.0,1.0,0.781424511408,93.3294061115,0.479520675875,68095.0389217,25105684.275,9326895774.31,4.66181804361,-0.0435957996699,16857.6669816,1.55369714542e-07,Class 4
0.212936829656,890.196215576,18812129.4179,17410.082031,0.715986727094,1.0,68253.3399037,1.34019013958,1.66034175695,0.00156559076709,0.594510458361,0.542649947085,1.0,1.0,0.741495503671,95.3097792329,0.459805837894,68759.4983299,25150517.5038,9294962628.01,6.06121210147,-0.0101375857875,16968.070121,2.0727128322e-07,Class 4
0.108576744631,1100.94863392,42417630.5899,21797.2212884,0.653866465469,1.0,85357.3751377,1.56750970808,1.96381358201,0.0012662125086,0.676676195474,0.511792529937,1.0,1.0,0.683337062621,119.239042003,0.325949092173,86098.8253156,31456966.2065,11584743729.8,7.48931456867,-0.0120069933107,21250.4007102,2.56342401954e-07,Class 4
0.177094186849,776.662595561,25373873.0287,19322.3258711,0.763937194125,1.0,75928.2130975,1.43845997989,1.72439997622,0.00181854200669,0.529642222284,0.602311541073,1.0,1.0,0.78251791275,104.52078501,0.418156545913,76524.2735821,28341210.1934,10584161866.0,5.26230019112,-0.0101202111024,18937.7193,1.80836370672e-07,Class 4
0.189370961256,755.790464556,23652780.4238,19122.7727365,0.749905873558,1.0,75163.4569663,1.43937320468,1.73253788638,0.00172252734142,0.544507382066,0.598613344415,1.0,1.0,0.769034807218,102.53534391,0.433174789332,75748.5275088,28363256.1706,10730352928.9,5.17483602641,-0.0124093258622,18748.9853032,1.75976550667e-07,Class 4
0.0574910835473,2085.8086211,71880604.1159,24624.7851982,0.442391918227,1.0,95463.3836782,1.77473884678,2.46876137773,0.000608301051178,1.05570166009,0.313684532391,1.0,1.0,0.497920204851,133.473913539,0.237132959778,96403.588339,35465341.3193,13205579203.6,14.6529504387,0.00797335157675,23580.4876792,4.85654984691e-07,Class 4
0.323136264204,1417.42590783,8825321.46469,12893.0863759,0.734703163879,1.0,49859.1635159,1.09213752097,1.3909207724,0.00173968831862,0.618199876499,0.455566314246,1.0,1.0,0.757417024765,72.3898738163,0.567588610894,50171.9474184,17723238.2477,6331451574.29,9.22507167058,-0.0231734862306,12189.1959083,3.30030258098e-07,Class 4
0.172365795385,1272.38391973,21929342.7509,17656.0882108,0.697404821275,1.0,68820.4201677,1.31709316875,1.63237632373,0.00146025314875,0.603920255351,0.507250722336,1.0,1.0,0.721838255967,99.8042491964,0.412038484927,69341.3725908,24388598.5307,8638235900.64,8.31404960473,0.0131048562245,17018.0268732,2.96259008044e-07,Class 4
0.145348396093,1539.64962644,25637610.0333,18489.9649556,0.661596951615,1.0,71854.7960774,1.37814881322,1.72755916021,0.00130558564041,0.654411643522,0.481193506733,1.0,1.0,0.689860236565,104.726569151,0.377174007471,72426.9393269,25466163.1004,9057312927.67,10.0105594649,-0.0138259056555,17722.6405862,3.58488553645e-07,Class 4
0.0136083549826,382.826018591,315303188.832,32174.8448568,0.533463202942,1.0,126998.22782,1.99088406549,2.56947109632,0.000939233575207,0.749388571014,0.494410963616,1.0,1.0,0.578563305972,168.375329033,0.104523933629,128329.865571,49481539.9602,19299989268.6,3.71645817045,-0.0168154374077,31988.0753051,8.91363485207e-08,Class 4
0.124864725788,1935.04627965,32915575.4152,20781.0865663,0.576129629415,1.0,80485.5889092,1.56941245836,2.07680246409,0.000994613086142,0.875142349132,0.39433907564,1.0,1.0,0.615110702298,112.799225741,0.351573494918,81187.7149797,29800762.4745,11080436755.9,12.8915949961,0.000409391017287,19814.0484037,4.50551820435e-07,Class 4
0.177146015185,1022.65736578,23438350.279,18538.9277481,0.726183894068,1.0,72549.0872975,1.41670301561,1.73332446562,0.00160862303582,0.586498802509,0.556073029467,1.0,1.0,0.748132340058,101.904120515,0.418417166189,73121.3673067,26629918.4286,9806304578.96,6.81828577013,0.0147169012249,18025.4735959,2.38113239296e-07,Class 4
0.538493410921,1111.40774368,3520374.00039,8320.75985639,0.847613160933,1.0,32032.0937297,0.785863279319,0.954145165231,0.00250836058962,0.42400033379,0.532756897221,1.0,1.0,0.85836003923,45.149246916,0.733558118322,32171.9898366,11824512.2768,4440030856.04,7.00835179394,-0.00210070801842,7765.49823647,2.58777677531e-07,Class 4
0.483344280488,1539.30539701,4054616.89762,8997.89044728,0.802878202076,1.0,34286.1237735,0.844021236519,1.05472496646,0.00222629490302,0.523720454721,0.446759497614,1.0,1.0,0.817904658044,49.8722146208,0.694845148119,34452.225789,12328704.3144,4525152086.73,9.6789006168,-0.000757970636781,8228.61970941,3.58408404039e-07,Class 4
0.157149133623,3564.78525432,22178253.1868,19806.1857837,0.536513171557,1.0,74989.1240242,1.57845685342,2.1366953213,0.000911687201427,1.06016014129,0.30232027661,1.0,1.0,0.572960565046,103.589638715,0.395364216836,75637.4424837,28627200.6902,11063309676.3,22.8078913648,0.0243044696377,18018.9735861,8.30016575154e-07,Class 4
0.751166291833,1330.89992724,1093358.86908,4022.40144803,0.893979163966,1.0,14741.7271473,0.44200670104,0.541541837691,0.00302654748346,0.329446564963,0.400525862033,1.0,1.0,0.900605539268,20.9101962253,0.866624315872,14777.8481822,5658016.05846,2283606904.77,8.16444162106,-0.0192104291547,3361.90040939,3.09883743528e-07,Class 4
0.142126267947,2976.6795804,23906832.9554,18962.2656986,0.524905113943,1.0,72238.5525975,1.52435355345,2.091025355,0.000874627523161,1.01375542884,0.286119939492,1.0,1.0,0.567848727638,104.097951959,0.375659152115,72867.7042757,26211761.7536,9579865786.9,19.4470180697,0.00539375380071,17473.5694238,6.93083373721e-07,Class 4
0.926418955961,285.545587916,304844.176843,1252.24099508,0.971833883574,1.0,4716.04190101,0.153072963309,0.186066365527,0.00365190933772,0.111413497963,0.493682354233,1.0,1.0,0.973753355738,6.39083756841,0.962504343671,4719.73187481,1832768.95541,735512249.464,1.7602630093,0.00450601598471,1108.59648488,6.64857919969e-08,Class 4
0.483432148319,1131.23544327,4721568.61208,9934.02122797,0.795729638795,1.0,38422.8525445,0.886611680294,1.13030231298,0.00219331906181,0.545855736314,0.463339218094,1.0,1.0,0.813597539283,52.9869488967,0.695049300669,38608.3260743,14527684.3645,5607883101.71,7.38856854313,-0.00282718703848,9369.68660303,2.63394314476e-07,Class 4
0.026610624166,551.274678568,203747318.016,30413.0681,0.61715953795,1.0,119815.046529,1.9426761423,2.38738574003,0.00116759007996,0.650411157281,0.568058957029,1.0,1.0,0.649552746869,158.603313135,0.153051429068,121038.775736,46941891.6126,18494784232.5,4.28566371297,0.0758057510208,30123.1143374,1.28357555373e-07,Class 4
0.238787605518,498.890894579,20655246.7515,20142.2212329,0.754173137547,1.0,79480.8861067,1.4224615457,1.70349064846,0.00174488109249,0.525210776552,0.631529934794,1.0,1.0,0.77510838051,100.048063266,0.487919164278,80044.9943598,32575659.2113,13446943989.5,3.62207345148,0.0340223481887,19887.3074765,1.16160633012e-07,Class 4
0.0853300068612,1224.3020817,50572545.849,22480.768667,0.622105270468,1.0,87923.8087347,1.56638924125,1.97810698417,0.00115032079906,0.689300882093,0.489428446039,1.0,1.0,0.655144492942,124.191590109,0.28597754322,88695.6037157,32295150.0012,11965723508.1,8.29465402658,-0.00276963339414,21868.79564,2.85063741099e-07,Class 4
0.0911946860152,1045.83227239,48524808.293,21964.4705027,0.679175894022,1.0,86065.6711682,1.54142393521,1.88375302603,0.00136893549961,0.603850485606,0.542375867124,1.0,1.0,0.703296108312,122.414501889,0.295458691686,86814.2403613,31211286.7589,11350902337.4,7.00420575971,0.00161964642516,21443.0583703,2.4350923239e-07,Class 4
0.642036134016,534.412709582,2259926.56028,6045.3377214,0.892841375978,1.0,23571.3768301,0.581655813777,0.698084246252,0.00284082996967,0.306400631921,0.587464985765,1.0,1.0,0.901339643418,33.7358276866,0.801092433325,23648.4748843,8465431.32995,3079400733.84,3.47314525237,0.000829641212753,5778.77908957,1.24431452466e-07,Class 4
0.0914815506945,921.6159315,49289474.675,21913.464878,0.660103158297,1.0,85975.2704058,1.54205037344,1.91838790425,0.00129168251069,0.630787930856,0.519040437807,1.0,1.0,0.687999567068,122.509481691,0.297060420467,86724.7272941,30963337.0434,11114337721.5,6.35263117887,0.00987696551125,21451.7349307,2.14586979158e-07,Class 4
0.0250183916092,830.801907958,154358660.018,27412.8506258,0.605098809184,1.0,107748.396241,1.77583633087,2.22947293227,0.00112537694946,0.674677594461,0.50405722149,1.0,1.0,0.637985463165,151.64800897,0.14272000695,108817.711883,39417627.5417,14391310925.9,5.99008448441,0.00265995569455,26997.9122285,1.93442046316e-07,Class 4
0.484479716977,2986.51934997,3173904.22179,8344.78339399,0.740273729794,1.0,30228.9167577,0.875897462681,1.13907683436,0.00199010990151,0.699438384032,0.260355076271,1.0,1.0,0.758107311664,46.0427770176,0.695744288072,30388.0257918,10584135.3099,3805429362.5,18.2343964469,0.0078104639041,6850.7363044,6.9537444352e-07,Class 4
0.367626833465,2394.65958757,5909831.23313,10908.8165391,0.71408703136,1.0,40987.8628391,1.00176249457,1.29353526177,0.00171205980635,0.684674824144,0.350480457525,1.0,1.0,0.737364881817,61.9687804057,0.605530579446,41233.2348478,14177751.8045,4966450256.88,14.9973036661,0.0076334592998,9710.12793089,5.57567148575e-07,Class 4
0.0973253962472,877.467202024,45030722.5364,21198.428303,0.725668428149,1.0,83216.3970318,1.47471319869,1.76796426379,0.00157385954195,0.53725470269,0.569854814249,1.0,1.0,0.744064617513,120.021875271,0.30345864825,83918.4630046,29573451.8165,10472557448.7,5.87668643037,-0.00152191382156,20761.1866063,2.04307488355e-07,Class 4
0.369588274198,2027.7860351,6349405.51382,11275.9048388,0.714113053765,1.0,42812.2622796,1.02446731109,1.34725421686,0.00174220006927,0.700678442745,0.348622863612,1.0,1.0,0.738599658686,63.4183357224,0.607350577708,43069.1110319,15045357.7838,5341157788.59,13.0273998784,0.0084538702111,10260.8266897,4.7214513636e-07,Class 4
0.156218965255,2295.87316588,21764260.8588,17845.2909206,0.565992745778,1.0,68538.3405464,1.40021363787,1.87872249975,0.000988232482298,0.868665058154,0.34246847392,1.0,1.0,0.608058603031,100.431027387,0.393315089914,69095.7411164,24270513.0166,8623956815.11,15.0623479715,-0.0140979280688,16700.7515898,5.34565940494e-07,Class 4
0.355998858208,738.100271479,9708016.71868,14412.4423779,0.768221274563,1.0,56547.6310583,1.1528115604,1.41486566152,0.00190748246856,0.528285798457,0.581469147272,1.0,1.0,0.79044784144,74.6076958996,0.59628290331,56888.0051117,22144741.3536,8760923844.91,5.05226522457,0.0285411780036,14038.0590674,1.71857605928e-07,Class 4
0.289480423618,1739.85003584,9724310.59245,13306.7710776,0.757783400693,1.0,51173.4588352,1.10507405474,1.35539259219,0.00187621452565,0.563893060295,0.485052329492,1.0,1.0,0.776799097959,75.8653532491,0.535795109026,51505.2142494,17858815.8641,6269374198.84,10.9323093128,-0.0267890496047,12441.9337362,4.05102766366e-07,Class 4
0.488430451444,971.435674572,4025301.05899,8545.54811713,0.874584837213,1.0,33051.293222,0.754840663578,0.890719065644,0.00270977359193,0.350666516162,0.565081489619,1.0,1.0,0.88337350731,49.332875076,0.697715228911,33198.1356869,11355699.2907,3919195558.91,6.05262574928,0.0155318825471,8057.06040092,2.26186896003e-07,Class 4
0.0621906275537,1245.80146707,73992300.1508,24366.2652727,0.633731353191,1.0,95295.3613612,1.69008674059,2.14917386623,0.00119685446328,0.73605992445,0.482574167948,1.0,1.0,0.667357006985,133.568420967,0.243179350187,96191.2998849,35036293.0019,12854971356.2,8.52554621666,0.0348063808531,23737.4180925,2.90069609598e-07,Class 4
0.00720847610969,301.870850708,328305678.775,32841.4413125,0.583390263585,1.0,129743.076861,1.87855706273,2.38758228956,0.00109148115064,0.665204333306,0.491533419553,1.0,1.0,0.620556624692,176.852396078,0.0398868473634,131062.930579,48763210.3901,18201830466.8,2.93801906872,0.000378442359482,32691.6465761,7.02869294412e-08,Class 4
0.115458731223,1678.61362501,40158317.06,22790.6589502,0.604914701074,1.0,88688.0216651,1.66690157743,2.14031990274,0.00109000214928,0.806666046628,0.471440961623,1.0,1.0,0.640180185931,119.31352022,0.337632481974,89477.050198,34488492.2472,13587370127.2,11.2414722874,0.00734134740683,21950.5412649,3.90844618298e-07,Class 4
0.0805293723232,1523.21480975,59605854.288,24453.1957633,0.564870906021,1.0,95372.1220111,1.73521613434,2.25571895726,0.000949363171503,0.840293889256,0.44938373471,1.0,1.0,0.605778774258,129.606759838,0.281179958301,96264.643849,36450124.2255,14011699753.0,10.3673790288,0.0312570584658,23686.3697974,3.54661907916e-07,Class 4
0.00345444037456,197.33964143,644399575.986,37196.4707667,0.526796904261,1.0,147006.453631,2.09121769018,2.71488084402,0.000905201506595,0.766673005033,0.488435131338,1.0,1.0,0.574092594609,189.642153701,0.0214045261055,148582.486289,58804685.1339,23516015888.2,2.73213990965,0.00356343931891,37097.768226,4.59481179471e-08,Class 4
0.360997199483,3385.40537312,5606951.85241,11163.408173,0.657505609437,1.0,40998.124029,1.07743602266,1.43334195904,0.0015274588688,0.838156475847,0.259239927604,1.0,1.0,0.682953999702,61.6479074364,0.600231300495,41260.7234293,14519320.3738,5265621275.88,21.2483906698,0.0106419946138,9469.31112306,7.88250167356e-07,Class 4
0.210555349428,2024.78602967,15878931.4159,16387.6086845,0.609392660238,1.0,63051.915741,1.33694438295,1.77191035864,0.00116755393167,0.816553337661,0.383203072506,1.0,1.0,0.647210735903,90.9455243897,0.457655720615,63533.642766,22712114.6942,8233566622.21,13.368657154,-0.0124429893146,15377.9246807,4.71446621848e-07,Class 4
0.902542319977,273.779212275,342410.308658,1351.78943426,0.968742527598,1.0,5126.1798987,0.168898334172,0.198550291952,0.00358552307913,0.113336267915,0.559188434669,1.0,1.0,0.970989217386,7.8045559682,0.950007601425,5131.18024672,1737248.65853,598045575.112,1.705893276,0.00318662583616,1214.41121645,6.37461355759e-08,Class 4
0.812168490368,1147.85711385,581240.484492,2486.32164697,0.917134142336,1.0,8789.18152092,0.325197574314,0.399335094154,0.00321119614811,0.270246679104,0.318837382246,1.0,1.0,0.92208134272,14.0544745244,0.901164103901,8806.91855026,2941016.4613,1020371247.3,6.93251563722,-0.0133953392407,1914.87514443,2.67264466842e-07,Class 4
0.209554015757,3344.52371536,13686567.8861,15935.6042086,0.601058729632,1.0,59893.7234191,1.37600914752,1.84405065196,0.0011929507349,0.944483346842,0.286010009545,1.0,1.0,0.63207481855,87.8711249023,0.456465554687,60372.729993,21509118.9145,7837988418.78,21.2577545391,0.0341450569021,14257.7380473,7.78731374177e-07,Class 4
0.0132327369293,1673.74219008,228987660.956,30051.3549385,0.36216619828,1.0,117286.238777,1.94531217399,2.76294385156,0.000481185299113,1.09604198927,0.294275460097,1.0,1.0,0.428388408151,160.629112371,0.108138954044,118527.33001,44382876.862,16797688046.8,12.6853944054,0.00295369646425,29214.6518547,3.89710364352e-07,Class 4
0.0049860680876,845.682249587,392185941.837,33068.4233448,0.318037466623,1.0,130073.461377,1.98419939857,2.87195298562,0.000464772995012,1.06128479286,0.28534792733,1.0,1.0,0.394818944106,174.687605334,0.0591988098341,131450.525569,49871360.0134,19037267074.7,8.02793632178,-0.0262498914082,32652.5755614,1.96906751569e-07,Class 4
0.546260992604,683.8210364,3963007.17951,9039.88518215,0.854041048904,1.0,35299.6790871,0.800128712801,0.960290673531,0.0025212992674,0.385278097988,0.605364146874,1.0,1.0,0.866296281653,47.136006863,0.738921466423,35448.4254319,13686325.1827,5389601850.15,4.46317435496,0.0343888454522,8691.51933368,1.59219351001e-07,Class 4
0.086277548995,2047.51873534,47996261.7298,22629.9580628,0.606547612693,1.0,87650.7044316,1.6770107856,2.12639689778,0.001088641999,0.788657134964,0.468653320832,1.0,1.0,0.637754020161,123.082345691,0.290029102598,88469.6874891,32495987.6556,12114660489.0,13.2952056728,0.00370026496395,21606.503754,4.76739653871e-07,Class 4
0.212936829656,890.196215576,18812129.4179,17410.082031,0.715986727094,1.0,68253.3399037,1.34019013958,1.66034175695,0.00156559076709,0.594510458361,0.542649947085,1.0,1.0,0.741495503671,95.3097792329,0.459805837894,68759.4983299,25150517.5038,9294962628.01,6.06121210147,-0.0101375857875,16968.070121,2.0727128322e-07,Class 4
0.177094186849,776.662595561,25373873.0287,19322.3258711,0.763937194125,1.0,75928.2130975,1.43845997989,1.72439997622,0.00181854200669,0.529642222284,0.602311541073,1.0,1.0,0.78251791275,104.52078501,0.418156545913,76524.2735821,28341210.1934,10584161866.0,5.26230019112,-0.0101202111024,18937.7193,1.80836370672e-07,Class 4
0.172365795385,1272.38391973,21929342.7509,17656.0882108,0.697404821275,1.0,68820.4201677,1.31709316875,1.63237632373,0.00146025314875,0.603920255351,0.507250722336,1.0,1.0,0.721838255967,99.8042491964,0.412038484927,69341.3725908,24388598.5307,8638235900.64,8.31404960473,0.0131048562245,17018.0268732,2.96259008044e-07,Class 4
0.145348396093,1539.64962644,25637610.0333,18489.9649556,0.661596951615,1.0,71854.7960774,1.37814881322,1.72755916021,0.00130558564041,0.654411643522,0.481193506733,1.0,1.0,0.689860236565,104.726569151,0.377174007471,72426.9393269,25466163.1004,9057312927.67,10.0105594649,-0.0138259056555,17722.6405862,3.58488553645e-07,Class 4
0.0028532268638,631.437075406,500319546.114,34986.0571699,0.360983493227,1.0,137845.090122,2.04375188128,2.88485662428,0.000562865159862,0.991681982732,0.334562111881,1.0,1.0,0.431112121788,182.402214186,0.0330781426462,139326.352665,53702372.6712,20865581835.4,6.33996394753,-0.0192500651551,34675.1538995,1.47022387427e-07,Class 4
0.178700893768,1317.14806815,23055425.4536,18811.6079062,0.603584961611,1.0,73356.0041643,1.43987985826,1.91038572183,0.00111762151036,0.804599646908,0.419351620872,1.0,1.0,0.644420788406,102.01047965,0.421737902876,73938.2744838,27204412.0151,10103501862.3,9.20039201633,-0.0111507471115,18156.0785455,3.06681791609e-07,Class 4
0.441988924335,883.988134176,6893502.05193,12815.3173216,0.820459030149,1.0,50194.481796,0.978341469845,1.20114071824,0.00237651305202,0.482510410508,0.568882598383,1.0,1.0,0.8365767451,63.8014393841,0.664331943359,50441.209286,20385087.5571,8353194367.32,5.9352326036,-0.0705461080705,12389.8037214,2.0582580752e-07,Class 4
0.00359626188069,791.33800821,604408813.994,37798.9289376,0.391119872063,1.0,148833.520912,2.09091594103,2.90568676103,0.000577697532124,0.995445881388,0.3609201608,1.0,1.0,0.456499632882,188.352403679,0.0433650421336,150398.579205,60589894.757,24575314182.5,7.09551841717,0.00503051429068,37403.281787,1.84253360723e-07,Class 4
0.0771844571283,969.192640735,62553773.7454,23529.4581799,0.697836582646,1.0,92305.0272134,1.63981675743,2.00889684778,0.00147491126474,0.64895289808,0.54067690575,1.0,1.0,0.723487641401,129.296518005,0.269963513161,93146.3881468,33889515.8204,12413199248.3,6.6698929285,0.000793262965859,23045.3089903,2.25664633052e-07,Class 4
0.0621906275537,1245.80146707,73992300.1508,24366.2652727,0.633731353191,1.0,95295.3613612,1.69008674059,2.14917386623,0.00119685446328,0.73605992445,0.482574167948,1.0,1.0,0.667357006985,133.568420967,0.243179350187,96191.2998849,35036293.0019,12854971356.2,8.52554621666,0.0348063808531,23737.4180925,2.90069609598e-07,Class 4
0.237123238226,698.471653201,15738150.4171,15940.4410424,0.832228267233,1.0,62621.6034773,1.19549755388,1.37408623432,0.00227616016042,0.411066559444,0.645028636147,1.0,1.0,0.84421362313,89.5356398228,0.482165971679,63045.5348887,22468169.5585,8086686620.03,4.56109590826,0.0332149682912,15587.4652908,1.62630567642e-07,Class 4
0.0125946968732,1779.94410347,392477417.55,37779.5675355,0.267179547067,1.0,147777.681758,2.16510720003,3.23687351684,0.000277127140875,1.38432800806,0.22393727842,1.0,1.0,0.33667325926,179.9100632,0.109926374772,149325.470233,63073293.8518,27004923756.0,15.2336395622,0.0189774997828,36887.7870645,4.14438178831e-07,Class 4
0.025988601169,34.9468790722,342177517.319,40721.0988312,0.833877819391,1.0,161326.133975,1.86137710225,2.05242663583,0.00222624337847,0.378381338216,0.751481747929,1.0,1.0,0.847107531131,199.597731518,0.127697419859,162802.53847,67499158.9534,28480188815.3,0.630703240379,0.0285542090175,40693.4572398,8.13695266627e-09,Class 4
0.351126470667,1626.92967705,7670296.00929,12359.96829,0.736398749671,1.0,47534.0414053,1.08306472103,1.37469192902,0.00179487872316,0.625390196571,0.451245670244,1.0,1.0,0.759802360704,68.3711292459,0.591965294067,47826.9332715,17138977.0051,6230983276.41,10.4136032925,-0.0195134002259,11550.5350328,3.78810644182e-07,Class 4
0.237950578455,830.428215403,17007510.5462,17216.267946,0.765455018635,1.0,67549.8339396,1.33751359808,1.62668314529,0.00186629848076,0.548431472346,0.578104611516,1.0,1.0,0.785494413327,92.4084913344,0.486333724264,68039.5477476,25420304.7609,9601834472.3,5.6053264269,-0.00394459647294,16803.0018091,1.93355036583e-07,Class 4
0.478332260944,254.027635523,5195128.57733,9939.5900864,0.910791352341,1.0,39271.5940419,0.824100356184,0.92114245869,0.0029084020585,0.253239182929,0.725117587787,1.0,1.0,0.916642983679,54.9357098645,0.690655677178,39450.2883729,14259005.4545,5177425799.86,1.71804252454,0.0717493050126,9799.49435431,5.91472229008e-08,Class 4
0.484479716977,2986.51934997,3173904.22179,8344.78339399,0.740273729794,1.0,30228.9167577,0.875897462681,1.13907683436,0.00199010990151,0.699438384032,0.260355076271,1.0,1.0,0.758107311664,46.0427770176,0.695744288072,30388.0257918,10584135.3099,3805429362.5,18.2343964469,0.0078104639041,6850.7363044,6.9537444352e-07,Class 4
0.467572086361,3031.90427309,3336435.61263,8525.78413809,0.728476529153,1.0,30901.1250291,0.885265226057,1.15267162975,0.00192251723778,0.705574390293,0.262693976772,1.0,1.0,0.747715863633,47.4841776344,0.683384371471,31067.00188,10727778.3576,3824105954.87,18.6932054122,0.00583626531145,7009.14535662,7.05941766868e-07,Class 4
0.202922050828,1020.60732886,18318747.3381,16729.5647529,0.739879288505,1.0,65386.282859,1.26406827607,1.53047464687,0.00166294453176,0.536268996182,0.556260536427,1.0,1.0,0.759173526171,94.3106979194,0.447089740248,65858.5984874,23350312.1009,8380926936.76,6.69750781861,0.048903765963,16210.2345767,2.37635913313e-07,Class 4
0.0158935159323,1333.46330032,343385561.243,36298.5947381,0.274719510465,1.0,142400.796297,2.1272639421,3.18208270733,0.000296046229015,1.32832081997,0.239622093269,1.0,1.0,0.34650751558,175.474276779,0.124385370515,143883.907942,59920876.0859,25264986919.9,12.6377030666,-0.0212807314742,35638.9820378,3.10480593546e-07,Class 4
0.140979670238,761.852059986,32898447.1109,20502.1221843,0.681215574961,1.0,80556.981957,1.49652297901,1.86239525034,0.00138197084751,0.625783637218,0.539876813415,1.0,1.0,0.709840513364,111.885339567,0.372886803927,81221.0019469,29808310.4907,11032836310.6,5.39866106333,0.0307026974199,20115.6615607,1.77387918904e-07,Class 4
0.210772636296,1661.49217813,16758095.7523,16654.600768,0.632967367106,1.0,64463.3604622,1.33032959745,1.73357446389,0.00124172825261,0.751933532059,0.426111108395,1.0,1.0,0.669298143229,92.2582252845,0.457932629659,64949.6430676,23289163.6611,8440826352.78,10.9976555034,0.00702100165059,15822.7584745,3.86858099143e-07,Class 4
0.00694507392726,1210.5927667,334869432.37,32262.8724243,0.3347887294,1.0,126504.684824,1.97032150273,2.81475519521,0.000471219560192,1.05562145947,0.296629941957,1.0,1.0,0.408705011072,170.590083941,0.0738554426201,127839.941021,48382883.6274,18433782189.9,9.90240530797,0.00096592389888,31658.6697833,2.8187169505e-07,Class 4
0.210772636296,1661.49217813,16758095.7523,16654.600768,0.632967367106,1.0,64463.3604622,1.33032959745,1.73357446389,0.00124172825261,0.751933532059,0.426111108395,1.0,1.0,0.669298143229,92.2582252845,0.457932629659,64949.6430676,23289163.6611,8440826352.78,10.9976555034,0.00702100165059,15822.7584745,3.86858099143e-07,Class 4
0.264764568359,376.2823951,16281223.7418,17439.0294577,0.80722447094,1.0,68895.4553557,1.30043198171,1.52921977237,0.00207863520406,0.445033045143,0.656710802015,1.0,1.0,0.823057063131,91.1224937017,0.513425201981,69364.9111357,26712124.7609,10387016217.6,2.74028320737,0.0226120667188,17247.8690644,8.76127459553e-08,Class 4
0.74181126544,271.865568804,1433881.66088,4330.99657113,0.923698673586,1.0,16960.8569821,0.429832796352,0.509804165536,0.00310958547575,0.226696971653,0.634359173397,1.0,1.0,0.930561025804,24.0231143037,0.8612262184,17001.2252541,6087625.24556,2194769101.5,1.80877964556,0.068017005473,4182.52758666,6.33005671372e-08,Class 4
0.74181126544,271.865568804,1433881.66088,4330.99657113,0.923698673586,1.0,16960.8569821,0.429832796352,0.509804165536,0.00310958547575,0.226696971653,0.634359173397,1.0,1.0,0.930561025804,24.0231143037,0.8612262184,17001.2252541,6087625.24556,2194769101.5,1.80877964556,0.068017005473,4182.52758666,6.33005671372e-08,Class 4
0.015084632431,1926.2847396,216300104.221,30188.6540116,0.327250673313,1.0,117566.083428,1.95652069818,2.81280728562,0.000405181786205,1.15351124595,0.268806617176,1.0,1.0,0.39835319542,159.756188103,0.118328120928,118807.52829,44826290.8739,17067742917.3,14.3670152463,0.0211162149249,29221.5589675,4.48511803171e-07,Class 4
0.548628035125,586.319253323,3822362.05858,8687.44284673,0.852016245353,1.0,33976.3853695,0.778953848127,0.936613570795,0.00250630420324,0.380148785406,0.607870943443,1.0,1.0,0.865536791507,46.2797682651,0.740530796629,34118.531633,12844624.7847,4912459523.79,3.88019937451,0.0567587524976,8383.41464034,1.36517255282e-07,Class 4
0.317380489832,773.081599123,11895102.1311,15812.9399752,0.728908563095,1.0,62153.2908731,1.18620361966,1.52280538882,0.00171369561005,0.628070519505,0.503172976886,1.0,1.0,0.75520825855,81.7102700678,0.562816002085,62537.0304816,24248084.0193,9480369749.91,5.55623208236,-0.0706948788116,15441.6255668,1.80002579522e-07,Class 4
0.444209729546,614.23974242,6237298.78788,11446.7117168,0.803153274703,1.0,44896.0278373,0.966534372092,1.18698475183,0.00215073135457,0.471052709152,0.58061538594,1.0,1.0,0.822331529517,60.5255929111,0.666243158718,45127.2025486,17122292.5241,6582784670.38,4.21998740335,0.0578902788637,11128.7135425,1.43018199121e-07,Class 4
0.444209729546,614.23974242,6237298.78788,11446.7117168,0.803153274703,1.0,44896.0278373,0.966534372092,1.18698475183,0.00215073135457,0.471052709152,0.58061538594,1.0,1.0,0.822331529517,60.5255929111,0.666243158718,45127.2025486,17122292.5241,6582784670.38,4.21998740335,0.0578902788637,11128.7135425,1.43018199121e-07,Class 4
0.0416812563513,680.628512944,126501927.336,27290.8537514,0.63620698086,1.0,107420.186325,1.81761540526,2.22618288436,0.00122549484621,0.62750077031,0.564872674588,1.0,1.0,0.665475866947,146.582319629,0.196434931804,108478.023092,40523671.6774,15251325325.1,4.98273282078,0.00560387889845,26950.4938038,1.58476011025e-07,Class 4
0.112132004274,1287.83173595,37490130.6148,20627.7395726,0.646021393986,1.0,80531.4246199,1.50142663642,1.92772995919,0.00124560440882,0.72174758148,0.453034541238,1.0,1.0,0.677592117707,115.333617301,0.330892190079,81218.2260838,28938947.343,10386995223.1,8.71079076535,0.00488065763183,19983.4996156,2.99855842803e-07,Class 4
0.0254374793156,1601.87817848,149545212.562,28039.1272583,0.386192066582,1.0,109414.610469,1.84472130609,2.61717871802,0.000508693518131,1.05727246652,0.294648034232,1.0,1.0,0.452341159778,151.10896588,0.155205890018,110521.501093,40916282.7862,15260997183.9,12.0220256711,0.0390414603423,27231.0862523,3.7297770964e-07,Class 4
0.0670858200932,192.516183433,89032892.8662,25266.2571478,0.87330526757,1.0,99985.0782651,1.59817019145,1.77033547766,0.00258602899524,0.332008427156,0.757578951345,1.0,1.0,0.88327344003,138.420046586,0.235398749023,100863.073721,36938440.0092,13592263932.3,1.48617518026,0.00737392494136,25168.7207758,4.48250348436e-08,Class 4
0.135116809067,955.701277039,37383461.1264,22369.2339496,0.709624807734,1.0,87790.8533724,1.61148644007,1.96750391969,0.00151741854071,0.634263647217,0.569753531473,1.0,1.0,0.731929879789,116.937513031,0.364728303362,88538.3751139,34229753.1234,13475368551.9,6.505972548,-0.0137238293806,21896.5820183,2.22523334295e-07,Class 4
0.178700893768,1317.14806815,23055425.4536,18811.6079062,0.603584961611,1.0,73356.0041643,1.43987985826,1.91038572183,0.00111762151036,0.804599646908,0.419351620872,1.0,1.0,0.644420788406,102.01047965,0.421737902876,73938.2744838,27204412.0151,10103501862.3,9.20039201633,-0.0111507471115,18156.0785455,3.06681791609e-07,Class 4
0.0127105395172,318.338806359,290891856.674,30779.0308167,0.657994034086,1.0,121527.094103,1.90054028372,2.29717071132,0.00133113186127,0.572690972825,0.577968095602,1.0,1.0,0.682850063713,167.153443445,0.0825471288333,122788.985976,45384838.8534,16869875842.8,2.74894883155,0.00708995743202,30618.9676635,7.41212911696e-08,Class 4
0.115489239596,928.788164582,41658000.8245,21907.5058913,0.647636065992,1.0,85951.7291402,1.57422468874,1.97261971752,0.0012440708627,0.663144919858,0.526272745679,1.0,1.0,0.680092761635,118.725545674,0.337267613587,86693.1435853,32005926.5933,11904008293.4,6.485451959,0.0106675136826,21442.0163832,2.16256945766e-07,Class 4
0.282977392463,759.255122274,12146035.1186,14594.8675741,0.759796117228,1.0,57235.9437967,1.16601115879,1.429395344,0.00179858610577,0.523415938182,0.557606275122,1.0,1.0,0.78018289214,81.4399373425,0.530720615064,57611.8787805,20597739.373,7413738255.18,5.13691794805,0.0143107679611,14213.7921488,1.76783253772e-07,Class 4
0.102662073664,636.997594692,50308679.6586,22918.0243039,0.702764178728,1.0,90256.4461872,1.60651568916,1.95090007834,0.0014687358151,0.579461695301,0.58185134132,1.0,1.0,0.727137253021,123.848392299,0.316613456694,91045.8526345,33763097.2265,12600660877.1,4.55800864391,-0.0169191425593,22603.1813103,1.48317086222e-07,Class 4
0.00720847610969,301.870850708,328305678.775,32841.4413125,0.583390263585,1.0,129743.076861,1.87855706273,2.38758228956,0.00109148115064,0.665204333306,0.491533419553,1.0,1.0,0.620556624692,176.852396078,0.0398868473634,131062.930579,48763210.3901,18201830466.8,2.93801906872,0.000378442359482,32691.6465761,7.02869294412e-08,Class 4
0.607385104546,1748.07590023,2085140.14533,6175.56425526,0.81925263467,1.0,22876.9598714,0.661455991429,0.848819887504,0.00246959716149,0.506521286659,0.34066899427,1.0,1.0,0.832991674195,34.3051488793,0.779207931544,22966.2157575,8037828.82946,2886358152.93,10.885280384,-0.0135430240639,5304.80295804,4.07018058116e-07,Class 4
0.215228773368,1886.56184736,16008259.255,16578.7895782,0.684459705149,1.0,63925.6775927,1.34342560254,1.67189991812,0.00143907252168,0.671240731147,0.49400322876,1.0,1.0,0.710300061379,91.1711645383,0.462352315177,64410.9504691,23295507.4054,8549860955.27,12.0363348102,0.0187266527669,15631.8094149,4.39262814349e-07,Class 4
0.112509902753,574.66569477,41081480.9336,20795.3481792,0.792735953089,1.0,81940.7294808,1.43202962797,1.67124265155,0.00196042900986,0.456175834611,0.631135274272,1.0,1.0,0.807629183871,117.431238055,0.325300799236,82607.6691553,29232672.2083,10385771649.4,3.92336569368,-0.000778060116411,20509.1682814,1.33803866938e-07,Class 4
0.124864725788,1935.04627965,32915575.4152,20781.0865663,0.576129629415,1.0,80485.5889092,1.56941245836,2.07680246409,0.000994613086142,0.875142349132,0.39433907564,1.0,1.0,0.615110702298,112.799225741,0.351573494918,81187.7149797,29800762.4745,11080436755.9,12.8915949961,0.000409391017287,19814.0484037,4.50551820435e-07,Class 4
0.0983191325122,1025.18334093,43976015.4814,21200.2545571,0.653989592547,1.0,83070.3578707,1.49048449741,1.8565796416,0.00126957718092,0.626918458193,0.51268154444,1.0,1.0,0.682994737543,119.388402941,0.307960863522,83776.1917551,29665197.6723,10561760592.5,6.97170858309,-0.000204695508644,20688.6848102,2.38701381666e-07,Class 4
0.330319503293,738.286440144,10841149.1858,14936.5520177,0.764251077073,1.0,58652.4822376,1.17645687863,1.46633507262,0.00188900871451,0.566500252109,0.547525579241,1.0,1.0,0.785883759148,78.2274373425,0.574227912432,59016.7784675,22654937.8524,8814924198.12,5.12271848666,-0.010081118061,14570.2341434,1.7190095302e-07,Class 4
0.195266079027,1689.24918339,18227779.6051,16980.722263,0.666092600663,1.0,65719.3119744,1.34624401102,1.7273461607,0.00135363669821,0.721592413531,0.441654609505,1.0,1.0,0.69443031023,94.7381526366,0.440165928243,66224.7017777,23565943.6083,8475647558.4,11.0424463557,0.0144155590305,16134.6032751,3.93320977773e-07,Class 4
0.171714189802,1221.19235297,23417474.7636,18402.4329618,0.727564066188,1.0,71820.0489223,1.40912460088,1.70319559319,0.00160368748773,0.576359839467,0.561152672004,1.0,1.0,0.746923450057,101.898921684,0.41144014421,72389.2321193,26112934.2053,9521174923.16,7.93655199375,-0.000254104769352,17792.8060116,2.84339678859e-07,Class 4
0.366016409651,1489.27862588,7217329.12107,11980.5642435,0.7338459028,1.0,46131.7431113,1.05312315797,1.35495006414,0.00178379453271,0.634109546104,0.438444006833,1.0,1.0,0.757669748705,66.3530628312,0.604405568587,46408.072359,16626970.2687,6047646236.59,9.72427569282,0.0315041047694,11230.2168013,3.46760283247e-07,Class 4
0.0635980308508,674.701272696,79497083.7553,24529.6638596,0.710263518235,1.0,96523.5327936,1.67941974035,2.00792142393,0.00150167314142,0.556958629936,0.593306648885,1.0,1.0,0.730202907409,134.873206064,0.243261879941,97422.5325151,35488104.4121,13011717989.5,4.73889106072,0.0232983667796,24188.0114923,1.57095925746e-07,Class 4
0.0287598738075,126.309173834,216778432.785,34945.6429771,0.735088253788,1.0,138415.326008,1.81606079923,2.14055180163,0.00161279703919,0.512295715059,0.631850893483,1.0,1.0,0.753041160902,172.379235079,0.142069542177,139658.845827,57035911.7745,23495751079.0,1.44213361133,-0.00257471114586,34884.4808607,2.94095437443e-08,Class 4
0.177146015185,1022.65736578,23438350.279,18538.9277481,0.726183894068,1.0,72549.0872975,1.41670301561,1.73332446562,0.00160862303582,0.586498802509,0.556073029467,1.0,1.0,0.748132340058,101.904120515,0.418417166189,73121.3673067,26629918.4286,9806304578.96,6.81828577013,0.0147169012249,18025.4735959,2.38113239296e-07,Class 4
0.474158527816,1069.50242485,4823790.04868,9913.76789901,0.820363596237,1.0,38403.5747068,0.900672691525,1.12033978991,0.0023166151005,0.488225758958,0.510586964958,1.0,1.0,0.834010075552,53.737182369,0.688292720007,38594.6827203,14202594.6845,5312041355.24,6.94701481192,-0.0132367952393,9381.71488033,2.49020537414e-07,Class 4
0.148993169791,214.868932977,41340177.8039,24617.1756607,0.779025894934,1.0,97458.0197425,1.63574997311,1.89824079139,0.00185506982829,0.466881164311,0.686913519612,1.0,1.0,0.79551104972,121.878999978,0.383740552515,98248.9896906,40277383.5983,16779986498.2,1.85151051168,0.00296835635479,24509.4823538,5.00295987368e-08,Class 4
0.487012944079,1139.64433694,5133586.06361,10819.9741253,0.801324152906,1.0,41941.6164398,0.910739715692,1.14681658779,0.00223664434234,0.532883915778,0.494224194881,1.0,1.0,0.818891864991,54.8941116106,0.697588176527,42139.0486034,16799224.0701,6895873415.23,7.36585114239,0.0027424854487,10250.2799116,2.65352222351e-07,Class 4
0.151240729737,1781.06911433,25218748.3722,18956.8377534,0.642053433565,1.0,73414.5371645,1.4571862513,1.86319814119,0.00123862210734,0.742164695449,0.452684500521,1.0,1.0,0.672281854078,104.659951351,0.386076361741,74019.1793789,26801706.4686,9879501761.33,11.6618538789,0.0405514290678,18060.3452068,4.14700123827e-07,Class 4
0.350394491507,1402.40390605,8747920.60055,13599.9532207,0.704358442776,1.0,52669.8990041,1.13854250135,1.49823858246,0.00164881610125,0.708357407707,0.416797997619,1.0,1.0,0.732752720225,72.1819004648,0.591671010338,52995.0757477,19868366.4785,7543357297.09,9.30421661889,0.00410531230996,12898.7318663,3.26532569015e-07,Class 4
0.0136083549826,382.826018591,315303188.832,32174.8448568,0.533463202942,1.0,126998.22782,1.99088406549,2.56947109632,0.000939233575207,0.749388571014,0.494410963616,1.0,1.0,0.578563305972,168.375329033,0.104523933629,128329.865571,49481539.9602,19299989268.6,3.71645817045,-0.0168154374077,31988.0753051,8.91363485207e-08,Class 4
0.72777459931,502.53591999,1669600.58849,5072.53438904,0.904553411955,1.0,19731.8792996,0.486427056386,0.594030404061,0.00300743272188,0.286874941826,0.565990216649,1.0,1.0,0.913266369665,26.392177048,0.853061202328,19782.1694698,7589566.45818,2952542395.22,3.26175397446,0.00648510120754,4820.11456107,1.17009332525e-07,Class 4
0.893652637227,455.997948701,378456.888843,1570.1467915,0.960436177762,1.0,5799.39414109,0.197611849368,0.235441320434,0.00353882604347,0.14236649798,0.485409973569,1.0,1.0,0.962889495823,8.50887466337,0.94531752237,5805.81506718,2102409.0984,791507837.305,2.82078989662,0.0227483494049,1337.52073994,1.06173536035e-07,Class 4
0.0911946860152,1045.83227239,48524808.293,21964.4705027,0.679175894022,1.0,86065.6711682,1.54142393521,1.88375302603,0.00136893549961,0.603850485606,0.542375867124,1.0,1.0,0.703296108312,122.414501889,0.295458691686,86814.2403613,31211286.7589,11350902337.4,7.00420575971,0.00161964642516,21443.0583703,2.4350923239e-07,Class 4
0.926418955961,285.545587916,304844.176843,1252.24099508,0.971833883574,1.0,4716.04190101,0.153072963309,0.186066365527,0.00365190933772,0.111413497963,0.493682354233,1.0,1.0,0.973753355738,6.39083756841,0.962504343671,4719.73187481,1832768.95541,735512249.464,1.7602630093,0.00450601598471,1108.59648488,6.64857919969e-08,Class 4
0.85963608252,555.008024933,579419.214388,2254.20939383,0.948332745486,1.0,8446.28203603,0.263498010198,0.318667930357,0.003443265851,0.183564692594,0.479497296107,1.0,1.0,0.951695662103,11.8714240726,0.927145773608,8458.35407035,3196442.46648,1258066458.2,3.44312831205,0.00569672487186,1975.92924159,1.29226819338e-07,Class 4
0.0960842567036,519.330025628,59089118.5721,24615.1897511,0.689941518359,1.0,97066.8382148,1.69598631172,2.04820330088,0.00141097354997,0.578346661998,0.603314474002,1.0,1.0,0.715443809464,129.307741508,0.306702284771,97937.1376777,37492489.3587,14481763030.8,3.89114325428,0.00510164190774,24355.4621145,1.20919634282e-07,Class 4
0.0960258568127,637.414356919,51588644.5895,22654.7295892,0.707957792021,1.0,89226.1743641,1.54045646726,1.86885868304,0.00148949036476,0.562838273333,0.56903383777,1.0,1.0,0.730287160602,124.403308249,0.304009208583,89986.4653386,32763360.0362,11979576768.6,4.51861154548,-0.00752378160021,22338.234631,1.48414124201e-07,Class 4
0.417898767534,938.703613934,5718762.42782,10334.6748566,0.831410583954,1.0,40141.1775258,0.883357987224,1.06307091235,0.00231760529249,0.423112692833,0.554691771908,1.0,1.0,0.843836617953,58.9723210407,0.645304491356,40346.9290638,14033601.3829,4934728888.85,6.00127921119,0.07131765268,9852.51706846,2.18565636676e-07,Class 4
0.705007349325,369.642673312,1660811.08055,4812.74882228,0.924254315239,1.0,18820.3892408,0.474993041696,0.556959392431,0.00310596732577,0.229983020296,0.63345493962,1.0,1.0,0.929908618528,27.1787632482,0.839518721223,18870.9532408,6639571.79353,2353893478.58,2.39154830162,0.0139524150812,4625.53996069,8.60667680786e-08,Class 4
0.343476723998,580.950001086,9375402.83853,13321.3420622,0.775971075331,1.0,52384.0126406,1.08770000046,1.33778365463,0.00191744750794,0.50139288415,0.570249615959,1.0,1.0,0.796641778883,73.245031383,0.585406350447,52699.2151858,19161976.6106,7017544041.31,4.06817066284,0.00467324732864,13030.1385077,1.35267090676e-07,Class 4
