0.723916013688,7.99938380282,415.543331376,21.9539502641,0.929929070923,1.0,79.1753634131,0.331579870463,0.365824647461,0.0479887335955,0.190964388022,0.453139919087,1.0,1.0,0.933773578974,1.67530809859,0.849823943662,80.4653829225,2045.82435217,53581.9244718,0.661003521127,-0.0122799295775,18.3220070423,0.000123020127687,Class 1
0.495974292055,8.94304577465,1463.31537072,48.1615536972,0.901214059801,1.0,178.509882652,0.550365031922,0.605741280646,0.0430147110103,0.252096503641,0.535099038455,1.0,1.0,0.906120581663,3.65321302817,0.69735915493,184.438402289,4826.89235118,128579.416674,0.789348591549,-0.0136883802817,44.326584507,0.000137532422524,Class 1
0.855852803883,4.73529929577,140.409744682,9.41386443662,0.962037941643,1.0,33.1149371221,0.17857808436,0.194311525607,0.0531808428697,0.105400595241,0.449585383291,1.0,1.0,0.964373206386,0.757350352113,0.924735915493,33.2609815141,784.094103488,19226.5378026,0.394806338028,-0.00673415492958,7.22218309859,7.28227496467e-05,Class 1
0.831259639704,3.44850352113,228.226778613,12.7877200704,0.965959679722,1.0,47.7765358559,0.209471245162,0.225345218603,0.0531554834343,0.102134708575,0.588998068338,1.0,1.0,0.96770518544,1.00101232394,0.911267605634,48.0865096831,1211.4210181,31268.7044124,0.301672535211,-0.00743838028169,11.280721831,5.30335028239e-05,Class 1
0.723916013688,7.99938380282,415.543331376,21.9539502641,0.929929070923,1.0,79.1753634131,0.331579870463,0.365824647461,0.0479887335955,0.190964388022,0.453139919087,1.0,1.0,0.933773578974,1.67530809859,0.849823943662,80.4653829225,2045.82435217,53581.9244718,0.661003521127,-0.0122799295775,18.3220070423,0.000123020127687,Class 1
0.855852803883,4.73529929577,140.409744682,9.41386443662,0.962037941643,1.0,33.1149371221,0.17857808436,0.194311525607,0.0531808428697,0.105400595241,0.449585383291,1.0,1.0,0.964373206386,0.757350352113,0.924735915493,33.2609815141,784.094103488,19226.5378026,0.394806338028,-0.00673415492958,7.22218309859,7.28227496467e-05,Class 1
0.510603426899,6.49278169014,1558.05141435,50.1434308979,0.923133810856,1.0,188.137155805,0.53357209801,0.578794645429,0.0457578074632,0.213833673413,0.602345478142,1.0,1.0,0.926607175102,3.7076584507,0.707394366197,193.927464789,5214.74284496,142112.776065,0.576056338028,0.00290492957746,47.318221831,9.98505450233e-05,Class 1
0.603434741371,7.80105633803,886.849567258,35.8622139085,0.919448392128,1.0,132.832140446,0.449617133728,0.493042174065,0.0459216485367,0.215045240453,0.538462439482,1.0,1.0,0.923637232046,2.70316901408,0.773679577465,136.155589789,3573.05393376,95707.1630687,0.67588028169,-0.00977112676056,32.4226232394,0.000119970109005,Class 1
0.495974292055,8.94304577465,1463.31537072,48.1615536972,0.901214059801,1.0,178.509882652,0.550365031922,0.605741280646,0.0430147110103,0.252096503641,0.535099038455,1.0,1.0,0.906120581663,3.65321302817,0.69735915493,184.438402289,4826.89235118,128579.416674,0.789348591549,-0.0136883802817,44.326584507,0.000137532422524,Class 1
0.6696755976,5.0673415493,724.95927148,30.916912412,0.932379120582,1.0,117.273522151,0.37385441138,0.417015529401,0.0469381540121,0.19650650903,0.554928179178,1.0,1.0,0.935575983949,2.29960387324,0.816197183099,119.438446303,3197.53085525,86813.5718255,0.462940140845,-0.0149207746479,28.8763204225,7.79291280169e-05,Class 1
0.449176518176,14.0584507042,1544.92584666,50.6403058979,0.873562972401,1.0,183.381627037,0.585583813842,0.638438522367,0.0407899598294,0.269497901466,0.520449061192,1.0,1.0,0.880234677295,3.87720070423,0.660475352113,190.197447183,4916.7304605,130416.187924,1.20669014085,-0.0317781690141,44.5154929577,0.000216200702872,Class 1
0.348782747099,15.2269366197,2471.54836297,63.7393926056,0.85219376652,1.0,230.460372188,0.669740196403,0.735136603813,0.0376047969153,0.305381217449,0.492477490801,1.0,1.0,0.859567710752,4.94330985915,0.569894366197,240.798723592,6130.24306228,159421.138173,1.32992957746,-0.0194542253521,57.0069542254,0.000234170497804,Class 1
0.742750198373,5.14647887324,406.133210716,20.3364876761,0.947379638847,1.0,75.680717601,0.298222785792,0.323201684571,0.0501990629959,0.145507786288,0.56869636729,1.0,1.0,0.950002841569,1.58785211268,0.860563380282,76.7076144366,1938.4271897,50093.5727491,0.453521126761,-0.00977112676056,18.0848591549,7.91461572201e-05,Class 1
0.683267456854,10.0514084507,437.877905954,23.4063490317,0.917434377021,1.0,81.8228736312,0.358128989924,0.394148340973,0.0469472047957,0.201253286972,0.423562392745,1.0,1.0,0.922312698305,1.83644366197,0.824559859155,83.4227552817,2022.52567121,50778.9178965,0.837323943662,0.00316901408451,18.5684859155,0.000154577600165,Class 1
0.660548471285,8.64075704225,580.121983772,27.2474471831,0.92841400122,1.0,99.2472257467,0.387511587655,0.417604286579,0.0480491764407,0.185890024297,0.516972664747,1.0,1.0,0.932232042092,2.12240316901,0.810211267606,101.341307218,2548.87720483,65909.9450333,0.712764084507,-0.0193221830986,23.4365316901,0.000132883614644,Class 1
0.826477896871,4.89612676056,206.961583278,12.4779489437,0.95543172423,1.0,45.1808845444,0.217050570747,0.237577188802,0.0517722827115,0.127063795871,0.489113985818,1.0,1.0,0.957897936497,0.978257042254,0.908714788732,45.5095950704,1127.65947678,28897.0522124,0.417781690141,-0.00933098591549,10.2717429577,7.52960670598e-05,Class 1
0.495974292055,8.94304577465,1463.31537072,48.1615536972,0.901214059801,1.0,178.509882652,0.550365031922,0.605741280646,0.0430147110103,0.252096503641,0.535099038455,1.0,1.0,0.906120581663,3.65321302817,0.69735915493,184.438402289,4826.89235118,128579.416674,0.789348591549,-0.0136883802817,44.326584507,0.000137532422524,Class 1
0.742750198373,5.14647887324,406.133210716,20.3364876761,0.947379638847,1.0,75.680717601,0.298222785792,0.323201684571,0.0501990629959,0.145507786288,0.56869636729,1.0,1.0,0.950002841569,1.58785211268,0.860563380282,76.7076144366,1938.4271897,50093.5727491,0.453521126761,-0.00977112676056,18.0848591549,7.91461572201e-05,Class 1
0.655575856105,7.14603873239,639.3165102,28.5776408451,0.928912684137,1.0,105.392957059,0.390929729934,0.42631585277,0.0475462796863,0.189004431541,0.537114958243,1.0,1.0,0.932634234897,2.21298415493,0.807218309859,107.60974912,2737.10519504,71242.5070973,0.620686619718,-0.00919894366197,25.3886443662,0.000109896789426,Class 1
0.77422440674,5.55096830986,304.454662205,16.6747799296,0.950473512502,1.0,61.0012847944,0.264457068625,0.286014549976,0.0511199627895,0.134907083359,0.528734477008,1.0,1.0,0.953177429964,1.32037852113,0.878873239437,61.6835167254,1519.85469988,38481.501524,0.473503521127,-0.0106073943662,14.194278169,8.53666791212e-05,Class 1
0.653191610048,5.20096830986,729.849865818,30.4834066901,0.939811220014,1.0,115.205953889,0.389498746569,0.421794053803,0.0483809577868,0.174178688414,0.591186018399,1.0,1.0,0.942378042292,2.34969190141,0.805193661972,117.555831866,3033.81189343,79477.5614203,0.461179577465,-0.0159771126761,28.3785211268,7.99841339463e-05,Class 1
0.855533887745,5.63257042254,121.107906522,8.94730413732,0.957229108623,1.0,30.2144916943,0.177365242456,0.193945421037,0.0526541325971,0.114318632668,0.379133204062,1.0,1.0,0.959890903917,0.721478873239,0.924559859155,30.3497799296,692.955100132,16600.8354554,0.462676056338,-0.00387323943662,6.26558098592,8.66216135722e-05,Class 1
0.813276631621,6.00105633803,193.987213237,12.3215118838,0.951913327536,1.0,43.3714084171,0.219205290969,0.238936972774,0.0517938722786,0.127909197507,0.442434293065,1.0,1.0,0.954903527737,0.998591549296,0.901056338028,43.7152728873,1022.72040603,24811.9639435,0.499471830986,-0.00845070422535,9.54947183099,9.2288448105e-05,Class 1
0.557401619222,5.94542253521,1310.71742551,45.5726452465,0.943658558142,1.0,172.918876589,0.468696282413,0.495317178546,0.049608760895,0.160338374839,0.679137855783,1.0,1.0,0.946329269689,3.34559859155,0.738644366197,177.314304577,4835.31763864,133633.369943,0.503169014085,-0.0173415492958,43.2565140845,9.14328725138e-05,Class 1
0.453732208391,5.54991197183,2302.26514465,62.8557548415,0.939393584637,1.0,239.775961053,0.554207594349,0.586035542858,0.0484016261964,0.175234115194,0.694727884538,1.0,1.0,0.941957405491,4.55435739437,0.656866197183,247.30349912,6861.60810547,192236.848121,0.48213028169,-0.0254841549296,61.0037852113,8.53504340151e-05,Class 1
0.726756828382,9.01170774648,371.387337023,20.7558758803,0.92276246042,1.0,73.3070167153,0.328983225565,0.365355728677,0.0471700435336,0.203769358145,0.410395408476,1.0,1.0,0.927161764658,1.59467429577,0.851584507042,74.5155589789,1860.24390542,48136.1438215,0.743573943662,-0.00972711267606,16.5713908451,0.000138588354425,Class 1
0.598334144391,6.01038732394,996.575563531,37.9667803697,0.935816891452,1.0,143.330101684,0.448296278186,0.481449145176,0.0480927304308,0.1800515684,0.61746078989,1.0,1.0,0.938773018721,2.85132042254,0.769454225352,146.832042254,3906.26912137,105570.299602,0.525528169014,-0.0176936619718,35.5579225352,9.24319465428e-05,Class 1
0.517767726518,4.03565140845,1634.13727049,50.5862455986,0.945375011574,1.0,193.343299015,0.507482644733,0.541429190437,0.0488750284774,0.165801844671,0.683869125822,1.0,1.0,0.947601687851,3.76976232394,0.709242957746,198.868860035,5350.68760866,145315.824933,0.37051056338,-0.0108714788732,49.1756161972,6.20630743322e-05,Class 1
0.619733807776,3.34718309859,989.992681328,36.9353433099,0.958781010265,1.0,141.895203773,0.414071093565,0.439145094226,0.0513474896474,0.132771604559,0.70284710816,1.0,1.0,0.960595310646,2.78485915493,0.781954225352,144.959463028,3853.67175946,103516.944418,0.299295774648,-0.0102992957746,35.7472711268,5.14753263913e-05,Class 1
0.404117889556,15.9212147887,1841.64046323,55.8601892606,0.857024371086,1.0,200.627665604,0.628055665563,0.688773958156,0.0389373979075,0.291370709393,0.503611667051,1.0,1.0,0.864750203948,4.27416373239,0.623327464789,208.84940581,5387.22596143,142730.048818,1.36945422535,-0.0251320422535,48.7624119718,0.000244847593829,Class 1
0.617463781368,1.88529929577,1199.54628047,42.9034661092,0.972088130729,1.0,167.736521655,0.379994342977,0.397379302949,0.0531785375546,0.0990434807305,0.779527467442,1.0,1.0,0.972957250716,3.07654049296,0.777112676056,170.745752641,4796.90422123,135428.068929,0.171919014085,-0.0180897887324,42.5957746479,2.89934532222e-05,Class 1
0.781970963103,8.39251760563,229.973759584,14.9987786092,0.932159148894,1.0,51.3926633338,0.261943109276,0.290871516827,0.0488358361824,0.175168728867,0.368181847507,1.0,1.0,0.936068304861,1.17064260563,0.883626760563,51.9809198944,1250.91442974,31479.4547439,0.691813380282,-0.00708626760563,11.0395246479,0.000129066014696,Class 1
0.415105463326,16.0113556338,1716.07022856,53.8499009683,0.861509246719,1.0,192.959433843,0.61446962131,0.67049736485,0.0397871496696,0.280010793869,0.507485311624,1.0,1.0,0.869137053894,4.13727992958,0.63213028169,200.697777289,5147.57065498,135743.287192,1.36716549296,-0.0249559859155,46.6848591549,0.000246233842888,Class 1
0.641614278541,3.41901408451,958.631055449,37.0943551937,0.957402345507,1.0,143.397721287,0.376426507585,0.401799142812,0.0509457439233,0.137055868138,0.686990345519,1.0,1.0,0.959072403169,2.70845070423,0.795158450704,145.995554577,4012.52102223,111196.37103,0.30264084507,-0.0179577464789,35.9787852113,5.25799936103e-05,Class 1
0.774131062785,7.48952464789,280.299006843,16.6798085387,0.935468879551,1.0,59.0087416709,0.275708321866,0.306234561589,0.0489897963651,0.174617125309,0.419958098023,1.0,1.0,0.939175969277,1.2855193662,0.879225352113,59.7233054577,1485.73177954,38346.8774043,0.621919014085,-0.00963908450704,13.2152288732,0.000115179156446,Class 1
0.713676586367,8.69788732394,406.084101169,21.6482394366,0.919410246351,1.0,77.6608652409,0.330990892904,0.371119621149,0.0463347552027,0.212478309494,0.411975008349,1.0,1.0,0.923791237005,1.69313380282,0.843573943662,78.9620158451,1952.39639085,49764.9325477,0.732042253521,-0.0203345070423,17.7737676056,0.000133762204136,Class 1
0.567583735246,3.14524647887,1519.11097639,50.8333846831,0.960167529877,1.0,197.107884357,0.416235228505,0.441503345024,0.0513764339448,0.130883581654,0.729016949422,1.0,1.0,0.961771010679,3.5923415493,0.740404929577,201.135123239,5715.53018541,163353.570803,0.276936619718,-0.0161971830986,49.9426056338,4.83698035967e-05,Class 1
0.701550396127,13.5479753521,320.0648534,20.6109815141,0.894518953959,1.0,68.3945014938,0.346181542761,0.392618922518,0.0440331052944,0.252288778859,0.275980042741,1.0,1.0,0.900859246021,1.60356514085,0.836443661972,69.7090008803,1655.68760866,41394.3365303,1.09691901408,-0.0143926056338,14.2367957746,0.000208350255319,Class 1
0.449176518176,14.0584507042,1544.92584666,50.6403058979,0.873562972401,1.0,183.381627037,0.585583813842,0.638438522367,0.0407899598294,0.269497901466,0.520449061192,1.0,1.0,0.880234677295,3.87720070423,0.660475352113,190.197447183,4916.7304605,130416.187924,1.20669014085,-0.0317781690141,44.5154929577,0.000216200702872,Class 1
0.724412907905,11.2452464789,308.867986872,19.1949603873,0.910249834164,1.0,65.3659873001,0.323357825453,0.362397733934,0.0460137361914,0.218989599889,0.334413542384,1.0,1.0,0.915553315889,1.49973591549,0.850088028169,66.4669894366,1602.59399483,40511.6319439,0.923063380282,-0.0176056338028,13.9889964789,0.000172937277645,Class 1
0.390274530103,16.6470950704,1978.73923352,58.2662191901,0.854405836512,1.0,209.27018224,0.638588616136,0.697942649546,0.0388331715092,0.291731819982,0.514133310807,1.0,1.0,0.862353141284,4.43754401408,0.610387323944,217.994300176,5656.40454858,150748.082561,1.42438380282,-0.028301056338,50.8875880282,0.00025601068928,Class 1
0.461549016812,13.8129401408,1439.09154172,48.5951144366,0.878792712957,1.0,175.783690254,0.568918928473,0.616218348506,0.0417056455425,0.252946915938,0.536034934007,1.0,1.0,0.88525555174,3.73798415493,0.669894366197,182.11309419,4681.41766203,123572.282488,1.18389084507,-0.0289172535211,42.5383802817,0.000212425069448,Class 1
0.533291184165,11.5681338028,1079.31781381,41.2347821303,0.889594839064,1.0,148.911064214,0.520687351922,0.580021846173,0.0422252965139,0.27422986516,0.455765660393,1.0,1.0,0.895909620383,3.1511443662,0.725616197183,153.643045775,3927.2729781,102873.626992,0.978873239437,-0.00519366197183,35.9087147887,0.000177902865095,Class 1
0.495126927941,14.0862676056,1137.64100568,42.5713908451,0.878785687106,1.0,152.499159149,0.520882066745,0.570635014922,0.0419578692999,0.253225102934,0.487312002918,1.0,1.0,0.885576721547,3.33838028169,0.694894366197,157.529885563,3933.45736686,101004.441249,1.20264084507,-0.0254401408451,36.2742957746,0.000216628490667,Class 1
0.348782747099,15.2269366197,2471.54836297,63.7393926056,0.85219376652,1.0,230.460372188,0.669740196403,0.735136603813,0.0376047969153,0.305381217449,0.492477490801,1.0,1.0,0.859567710752,4.94330985915,0.569894366197,240.798723592,6130.24306228,159421.138173,1.32992957746,-0.0194542253521,57.0069542254,0.000234170497804,Class 1
0.706351201399,10.4338908451,487.472540714,25.9981734155,0.916579419611,1.0,92.662422425,0.347141517497,0.387500371124,0.0466022589376,0.223158035123,0.403639032492,1.0,1.0,0.922115561962,1.8681778169,0.838908450704,94.2175396127,2530.63495131,70241.3740771,0.822095070423,-0.0117517605634,21.175528169,0.000160459682354,Class 1
0.881429341896,3.43961267606,165.228672767,9.96476672535,0.974277261813,1.0,37.641779265,0.151920193105,0.162911149855,0.0547722154892,0.0828136793428,0.57957726264,1.0,1.0,0.975752834314,0.730897887324,0.938556338028,37.713028169,1029.52134408,28887.6263184,0.271302816901,-0.0227112676056,8.65580985915,5.28967731804e-05,Class 1
0.817905564992,6.6576584507,180.299336898,12.1220950704,0.946627916887,1.0,41.7165897522,0.222279257288,0.244391768571,0.0510077317171,0.140756837846,0.396489778924,1.0,1.0,0.94986146849,0.957966549296,0.903873239437,42.0555677817,999.300741362,24822.0073847,0.552728873239,-0.00418133802817,8.96531690141,0.000102386135343,Class 1
0.79390669944,7.27411971831,210.455688826,13.6092869718,0.942189458297,1.0,47.0554204534,0.242227650731,0.266088856115,0.0504146438656,0.149602766408,0.395639385934,1.0,1.0,0.945658014594,1.09304577465,0.890228873239,47.5249119718,1111.47659826,27074.6858447,0.602464788732,-0.00721830985915,10.1954225352,0.000111866508548,Class 1
0.698515826473,1.87684859155,735.972015901,30.1713248239,0.975210497942,1.0,118.138395753,0.330810230777,0.346569884898,0.0540233115794,0.0893073652353,0.776259596863,1.0,1.0,0.976247565521,2.2269806338,0.832482394366,119.877926937,3283.22197816,90704.6302115,0.168397887324,-0.0191461267606,29.7747359155,2.88634923729e-05,Class 1
0.68236800424,7.8426056338,516.219367282,25.2899537852,0.927342296206,1.0,91.0549612735,0.363911346116,0.397347180343,0.0475260645907,0.1899634467,0.492614176754,1.0,1.0,0.931121379721,1.95475352113,0.82411971831,92.8062059859,2319.30898988,59507.9207465,0.668485915493,0.0103873239437,21.4813380282,0.00012060908318,Class 2
0.807716350922,5.87746478873,209.463258838,13.1995928697,0.951400052398,1.0,45.9158408093,0.225393174712,0.244726982671,0.0515109326182,0.129864280809,0.454588026073,1.0,1.0,0.954150274242,1.04445422535,0.897975352113,46.3000880282,1094.16229368,26759.3355201,0.493133802817,0.012588028169,10.232306338,9.03877706841e-05,Class 2
0.41392091103,19.5824823944,1682.91320426,56.2134352993,0.83607829535,1.0,195.927702451,0.641860420828,0.715431774615,0.0364651798611,0.35073771313,0.411577914555,1.0,1.0,0.84538166499,4.13789612676,0.634154929577,204.086201585,5366.52863529,145850.675034,1.61963028169,0.0210827464789,46.6392605634,0.000301153131786,Class 2
0.730297312041,3.72728873239,487.420739793,22.8707746479,0.961287901136,1.0,85.9149953923,0.307824371355,0.325965299217,0.0522556036594,0.114936882591,0.665950557212,1.0,1.0,0.963119353138,1.75642605634,0.85264084507,87.120334507,2233.09341164,58171.6972553,0.329401408451,0.0121478873239,21.0639084507,5.73208570918e-05,Class 2
0.75816606948,3.92403169014,497.757911708,24.2726452465,0.961643755626,1.0,91.4991078199,0.27566451942,0.295474582529,0.0524236001119,0.119692946976,0.654736190641,1.0,1.0,0.96370723943,1.70030809859,0.868573943662,92.4634463028,2603.99368535,74496.4748074,0.334242957746,0.0124559859155,22.3434859155,6.03465081144e-05,Class 2
0.674519688554,7.90387323944,501.703358046,24.5978543134,0.934433731012,1.0,88.1442037355,0.341956613709,0.368232220293,0.0492087770904,0.161321764233,0.518557973943,1.0,1.0,0.938144028433,1.96223591549,0.817605633803,89.7457746479,2155.17989382,53034.2509662,0.665845070423,0.0143485915493,20.7018485915,0.000121551299338,Class 2
0.649205809239,9.52746478873,538.921460709,26.4362566021,0.923360129824,1.0,93.2860027972,0.368143994358,0.396652794243,0.0478916343018,0.178283467038,0.492533252655,1.0,1.0,0.927714121266,2.0988556338,0.80176056338,95.2073943662,2281.14573889,56205.4584596,0.798415492958,0.0198063380282,21.6784330986,0.000146520027508,Class 2
0.727282176775,6.37728873239,515.518404528,25.6627860915,0.940458234419,1.0,94.2753410277,0.320642194628,0.351632670761,0.0492878668357,0.172793801931,0.535644698946,1.0,1.0,0.943774227899,1.82526408451,0.851320422535,95.6165492958,2622.81777894,73542.8490956,0.530985915493,0.0114436619718,22.5340669014,9.80744134163e-05,Class 2
0.505609812041,7.8323943662,1580.17151939,51.6214788732,0.918166588182,1.0,191.598225426,0.541282770198,0.588671244128,0.0454626631931,0.224950009251,0.584308126383,1.0,1.0,0.922281299979,3.75528169014,0.703697183099,197.573899648,5361.86533341,147737.952681,0.667605633803,0.018926056338,47.9008802817,0.000120452047154,Class 2
0.372607989486,23.1607394366,1683.24524451,55.4919894366,0.810732354759,1.0,189.564613029,0.667400849171,0.747782095997,0.0343407147329,0.37074450002,0.357564144957,1.0,1.0,0.821908796529,4.27676056338,0.597271126761,198.41368838,4936.39606624,127598.36681,1.92623239437,0.00519366197183,44.3439260563,0.00035618207515,Class 2
0.559839116123,5.37940140845,1278.14878887,44.7921875,0.940276948354,1.0,168.577166831,0.471304634333,0.500672778423,0.04841493697,0.172478740962,0.6456501688,1.0,1.0,0.942599870054,3.3048415493,0.740228873239,172.948591549,4641.09803862,125981.801814,0.469014084507,0.0149647887324,42.3014964789,8.27282031288e-05,Class 2
0.953626481601,2.21091549296,24.8702112327,2.51420554577,0.983845637379,1.0,7.80780324138,0.0648586093425,0.0703821062533,0.0563882733848,0.0473803510547,0.321329112709,1.0,1.0,0.984865990817,0.201936619718,0.976496478873,7.77064260563,166.459363996,3835.9165101,0.182394366197,0.00158450704225,1.41126760563,3.40010071966e-05,Class 2
0.633138746652,6.13714788732,765.532685065,32.1186729754,0.935935765035,1.0,118.725778682,0.404931220859,0.436245891283,0.0483170191926,0.17366722379,0.591277826866,1.0,1.0,0.938992428126,2.45563380282,0.79198943662,121.327068662,3108.45896237,81055.6882228,0.540316901408,0.0191901408451,29.100528169,9.43813592822e-05,Class 2
0.616847940637,5.37403169014,1013.76108536,39.5000880282,0.95146302485,1.0,148.73802651,0.406297286421,0.428761589578,0.0511415291097,0.142964548701,0.685743392068,1.0,1.0,0.954329752554,2.8443221831,0.778433098592,151.788974472,4181.79499477,117084.076551,0.447095070423,0.0136883802817,36.9553697183,8.26456238392e-05,Class 2
0.801507637374,5.54982394366,225.127454732,13.5998899648,0.952122000312,1.0,48.205789806,0.226730030713,0.245865242128,0.0515449699185,0.12444618644,0.48371609588,1.0,1.0,0.954781122633,1.09022887324,0.894366197183,48.6136443662,1152.18724967,28194.515114,0.474295774648,0.00457746478873,10.8983274648,8.53490802562e-05,Class 2
0.498267828804,8.5801056338,1593.42617387,52.1259573063,0.913364412927,1.0,193.090184004,0.537892299492,0.585241919392,0.0448879500595,0.230196333226,0.568509247135,1.0,1.0,0.917582022584,3.80774647887,0.696654929577,199.105237676,5376.65728983,147382.541722,0.730985915493,0.0144366197183,48.1033450704,0.000131950874799,Class 2
0.650581838301,4.63829225352,789.858805095,32.6698173415,0.953139809378,1.0,122.550243378,0.391524591431,0.413247757546,0.0509876192952,0.136225878817,0.682214423232,1.0,1.0,0.955352697112,2.43032570423,0.803345070423,125.003543134,3324.47182961,89970.1041525,0.403433098592,0.0170334507042,30.3911971831,7.13309073975e-05,Class 2
0.826701159864,4.37464788732,207.667785385,12.4468639965,0.96166244815,1.0,44.7503318721,0.203757272113,0.219474697083,0.0528354940658,0.105886683032,0.537325976952,1.0,1.0,0.963763542795,0.978521126761,0.908538732394,45.0327024648,1095.60201915,27415.9943077,0.374295774648,0.00739436619718,10.2829225352,6.72763996513e-05,Class 2
0.64456086652,4.98547535211,767.577486312,31.848712588,0.944522175379,1.0,118.955441796,0.396625786176,0.422961176672,0.0493258037995,0.156638786369,0.632769107424,1.0,1.0,0.946888595193,2.41941021127,0.799647887324,121.442451585,3147.66671297,82866.585452,0.444982394366,0.0179137323944,29.4127640845,7.66701322893e-05,Class 2
0.517535304255,8.60686619718,1452.25408226,49.8945862676,0.909359669251,1.0,184.124185112,0.519311563308,0.566936184988,0.0441086469853,0.237025884768,0.55932954763,1.0,1.0,0.913524004605,3.61117957746,0.712147887324,189.56584507,5149.65475077,142113.23686,0.743485915493,0.0246478873239,45.6872359155,0.000132362417488,Class 2
0.604937310925,4.82077464789,996.535370743,37.9271236796,0.949505432449,1.0,142.553717433,0.432588691203,0.456198559037,0.0504156890064,0.141628829449,0.694834594462,1.0,1.0,0.951908034747,2.82139084507,0.773151408451,145.853521127,3894.96035156,105783.487212,0.427112676056,0.0182218309859,35.6069542254,7.41372494869e-05,Class 2
0.631568141242,5.80853873239,785.613949578,32.4097601232,0.935171723095,1.0,120.598570326,0.414660383028,0.447473194099,0.0479355650851,0.177794865961,0.596738580981,1.0,1.0,0.938122186646,2.47882922535,0.791725352113,123.314326585,3180.93577382,83585.2394696,0.518221830986,0.00955105633803,29.6823943662,8.9327777507e-05,Class 2
0.510570741792,5.21778169014,1612.83351202,50.7762544014,0.940946488262,1.0,191.091380668,0.521231156314,0.550299008228,0.0487959174224,0.163102341433,0.697295057444,1.0,1.0,0.943544185788,3.7463028169,0.705809859155,196.772931338,5310.85491857,145270.693155,0.469718309859,0.0192781690141,48.3531690141,8.02427018861e-05,Class 2
0.776005148408,5.01848591549,396.03970596,21.0968089789,0.965563279388,1.0,77.1764113869,0.236868233473,0.247513728993,0.0541539725811,0.0888453779615,0.67963707249,1.0,1.0,0.967960523558,1.48089788732,0.878169014085,77.7985915493,2156.25538897,61354.7863866,0.403873239437,0.0272887323944,18.3762323944,7.71777918569e-05,Class 2
0.498402242239,9.67262323944,1528.87576848,51.2300616197,0.903114379105,1.0,188.477151597,0.544198501704,0.594114339967,0.0433744941867,0.250126088154,0.537132197956,1.0,1.0,0.907610938064,3.74423415493,0.697887323944,194.474933979,5235.27557631,143317.537644,0.822095070423,0.0134242957746,46.6647007042,0.000148752375847,Class 2
0.576911559586,4.0761443662,1175.06640733,41.6432548415,0.949080014101,1.0,157.437783474,0.453966298916,0.480620074137,0.0496651297253,0.151674459326,0.688972111698,1.0,1.0,0.951042315592,3.12275528169,0.752552816901,161.356448063,4268.08566654,114193.293999,0.371214788732,0.021610915493,39.7065140845,6.26858034017e-05,Class 2
0.743166410434,2.05008802817,693.632188564,31.105721831,0.985870893255,1.0,120.119008194,0.226515326476,0.231151475078,0.0565997831454,0.0475172472863,0.854820281132,1.0,1.0,0.986742715911,2.09115316901,0.852728873239,120.932460387,3556.45123377,105246.100182,0.159947183099,0.0246038732394,29.9780809859,3.15276897835e-05,Class 2
0.675597305222,1.68257042254,1067.97570975,42.416681338,0.984442540895,1.0,164.986816406,0.269025760216,0.27688270903,0.0560523046952,0.058145989114,0.850991042723,1.0,1.0,0.985356497962,2.84656690141,0.804313380282,166.569982394,4926.46343805,146178.86617,0.136443661972,0.0237676056338,41.5737676056,2.5875746598e-05,Class 2
0.546675696786,8.32570422535,1303.47677139,47.1175066021,0.919253755298,1.0,174.429791859,0.491659536088,0.531460652912,0.0459972435017,0.213246118564,0.590057478315,1.0,1.0,0.923228997382,3.37315140845,0.732658450704,179.150880282,4937.886727,138447.758212,0.708978873239,0.0166373239437,43.1240316901,0.000128038511732,Class 2
0.668541041584,3.38274647887,757.900349107,31.4783010563,0.95610891473,1.0,118.971734153,0.374165722875,0.39701942696,0.0508037113249,0.133826337551,0.688357795848,1.0,1.0,0.957804785443,2.33450704225,0.814876760563,121.174075704,3227.54388754,87043.8744959,0.313204225352,0.0259683098592,29.7357394366,5.20222449654e-05,Class 2
0.588279901681,2.59603873239,1331.35010055,46.698162412,0.952633984891,1.0,179.177698458,0.408913367024,0.441755183747,0.0495369919783,0.151516782072,0.692219489603,1.0,1.0,0.954312936916,3.31993838028,0.756690140845,182.796412852,5102.59708819,143191.08595,0.25801056338,0.0246038732394,45.4611795775,3.99237021514e-05,Class 2
0.611562980435,6.89656690141,822.559580086,33.5358164613,0.932405309273,1.0,123.838450376,0.423978598433,0.456129464804,0.0478436672799,0.184322933365,0.577786112862,1.0,1.0,0.935618760641,2.60268485915,0.777200704225,126.78690581,3199.94852965,82217.783067,0.588292253521,0.00963908450704,30.2940140845,0.000106060236854,Class 2
0.52563817323,7.14410211268,1435.26510379,48.3658230634,0.922653721362,1.0,180.232097679,0.521059708056,0.567320212038,0.046059994568,0.215773663377,0.590792757041,1.0,1.0,0.92656901747,3.55048415493,0.718573943662,185.601034331,4999.65314288,136668.501422,0.61610915493,0.0126320422535,45.0541373239,0.000109867006731,Class 2
0.768122752802,5.47095070423,438.979201505,22.9079225352,0.95390146377,1.0,84.4114120206,0.267081260109,0.289936529273,0.0515179822332,0.140460755335,0.566228146792,1.0,1.0,0.956645679365,1.58688380282,0.874471830986,85.2575704225,2391.33425121,68445.1586962,0.4375,0.0154929577465,20.1411091549,8.41361123295e-05,Class 2
0.607615381993,6.01637323944,897.902217503,35.5187169894,0.939629166077,1.0,132.13246574,0.419048088804,0.448712718873,0.0488790559986,0.169152108156,0.606145779034,1.0,1.0,0.942467211119,2.7201584507,0.772975352113,135.171919014,3464.09304853,90070.8007819,0.519190140845,0.0162852112676,32.625,9.25240021444e-05,Class 2
0.717432832027,3.87816901408,587.054898548,26.7166153169,0.956783132377,1.0,100.866623485,0.326050286116,0.350541007613,0.0511793023768,0.136403146725,0.637273949235,1.0,1.0,0.958715832656,1.95757042254,0.845070422535,102.35022007,2753.22461488,75059.5188428,0.336971830986,0.0118838028169,24.8588028169,5.96411997552e-05,Class 2
0.459613512944,5.23433098592,2093.54950655,58.4491307218,0.931581271441,1.0,220.786919434,0.567188257088,0.605449954094,0.0468732448609,0.18971516814,0.677877417466,1.0,1.0,0.93445746595,4.31214788732,0.665404929577,228.107966549,6185.69419014,169848.480187,0.485915492958,0.00774647887324,56.2535211268,8.04972085493e-05,Class 2
0.495462736808,8.70853873239,1611.57824549,52.2235255282,0.914140850537,1.0,193.205010523,0.553208210902,0.6011662597,0.0450148770318,0.232416577282,0.572935136067,1.0,1.0,0.918417242235,3.81659330986,0.696214788732,199.45178257,5384.43187583,147707.779108,0.728961267606,0.0130721830986,48.1589788732,0.000133926008956,Class 2
0.81362581519,5.84595070423,191.67422313,12.3651408451,0.952652929856,1.0,42.8499951503,0.213770935928,0.231408784527,0.0519666779285,0.115522520583,0.478487915571,1.0,1.0,0.955491127857,0.987588028169,0.901144366197,43.1705985915,1014.45826089,24802.579878,0.496126760563,0.00915492957746,9.45070422535,8.99031250169e-05,Class 2
0.746514750917,5.81637323944,365.345583897,19.2297425176,0.944403330981,1.0,69.9627850241,0.290627793473,0.315227242987,0.0500327354754,0.146997732318,0.536544002411,1.0,1.0,0.947299014439,1.50871478873,0.862676056338,70.8934859155,1753.93321688,44546.1943916,0.506866197183,0.00431338028169,16.4539612676,8.94482620444e-05,Class 2
0.77914814149,4.99075704225,320.925653239,17.4985915493,0.957457555886,1.0,63.5711742264,0.260616777047,0.278219992557,0.052162338163,0.120222680778,0.581321198287,1.0,1.0,0.959707052411,1.33604753521,0.881602112676,64.2436399648,1620.8669523,41885.1579583,0.418397887324,0.0142165492958,14.9763204225,7.67513578201e-05,Class 2
0.649629274326,3.99911971831,1015.77323803,40.7688160211,0.964643666557,1.0,155.128110959,0.343435307441,0.358822628647,0.0530541958286,0.108046020202,0.749070465011,1.0,1.0,0.966460521946,2.79401408451,0.795246478873,157.467033451,4546.86172425,132588.889912,0.333978873239,0.0282570422535,38.7123239437,6.15012644108e-05,Class 2
0.777716474906,1.60334507042,412.864309785,19.534121919,0.97925502814,1.0,75.1302941636,0.253671918776,0.262812083402,0.0548329353597,0.0698269238453,0.779457823786,1.0,1.0,0.980008899551,1.49154929577,0.880281690141,75.8492517606,1970.25828015,51704.7921731,0.15088028169,0.0132042253521,18.7440140845,2.46573636359e-05,Class 2
0.4629665183,9.35079225352,1841.30876017,56.0363226232,0.91003893356,1.0,206.3775369,0.584501837531,0.634871812822,0.0445247873686,0.239535404098,0.574104945789,1.0,1.0,0.91461976184,4.11333626761,0.671038732394,213.611861796,5727.44613914,156027.441593,0.775968309859,0.021698943662,51.575528169,0.000143803033503,Class 2
0.627657179875,4.72588028169,1051.00472411,41.138259243,0.942107372117,1.0,156.005425927,0.394800262014,0.431592598207,0.0486092111095,0.176475776429,0.621599678133,1.0,1.0,0.944967972902,2.87200704225,0.786707746479,158.96465669,4504.38382482,128950.730551,0.412323943662,0.0151408450704,38.9147887324,7.26778974501e-05,Class 2
0.513361203754,6.06892605634,1545.55178487,49.9167033451,0.934432573707,1.0,186.244743576,0.526217184086,0.561547565688,0.047849873227,0.184650442858,0.654435652424,1.0,1.0,0.937508980163,3.68111795775,0.708450704225,191.891175176,5145.71642413,139958.796526,0.53036971831,0.0312940140845,46.9117957746,9.33321961759e-05,Class 2
0.637406051627,6.34656690141,712.027772521,30.4092099472,0.938768841574,1.0,112.071583616,0.387548976602,0.417392491271,0.0491008834975,0.165538538419,0.58191581698,1.0,1.0,0.94197817111,2.37759683099,0.793573943662,114.433956866,2855.67593117,72527.1045637,0.548679577465,0.0165933098592,27.3151408451,9.76019515788e-05,Class 2
0.616404932677,8.4261443662,779.95973194,33.2374889965,0.928223815187,1.0,121.240883231,0.42717108168,0.460499202403,0.0478369111566,0.19226895754,0.547415154639,1.0,1.0,0.932074699801,2.54053697183,0.780809859155,124.144740317,3166.32140047,82579.2224183,0.693397887324,0.00770246478873,29.2433098592,0.000129583150576,Class 2
0.618532192273,8.96945422535,763.798661367,33.1880391725,0.924017074249,1.0,120.120477133,0.42884782444,0.465562522014,0.0472583758493,0.203045445756,0.526540176697,1.0,1.0,0.928195507178,2.51624119718,0.782482394366,123.010409331,3143.6733481,82219.3764071,0.733186619718,0.0149207746479,28.8208626761,0.000137938550178,Class 2
0.720746085226,6.16778169014,434.256970087,21.8869058099,0.943930241868,1.0,79.6263822492,0.317951759964,0.343631244368,0.050096015408,0.151179203082,0.543800276551,1.0,1.0,0.946970214718,1.70536971831,0.847183098592,80.8571302817,2009.65288567,51149.3343647,0.527288732394,0.0102112676056,18.8816021127,9.48524673609e-05,Class 2
0.75409620797,8.65167253521,314.220980713,18.6926716549,0.928167674846,1.0,65.0682607043,0.300448183314,0.335539927403,0.0480687871175,0.193648462687,0.390858771482,1.0,1.0,0.93245818662,1.41492077465,0.867693661972,65.9865977113,1648.01704033,42720.5369416,0.705017605634,0.00242077464789,14.5066901408,0.000133051480741,Class 3
0.687980807379,10.755193662,477.299213786,25.516131162,0.91158583084,1.0,89.2461177844,0.374117362596,0.418177256192,0.0457042660341,0.231604536237,0.391601315396,1.0,1.0,0.916879586816,1.89889964789,0.828345070423,91.0139744718,2323.87918271,61400.9034001,0.863644366197,0.00541373239437,20.2981514085,0.000165400902145,Class 3
0.531097515994,14.0373239437,1232.34732554,47.9210607394,0.873514345869,1.0,172.313563903,0.513837048406,0.580144560391,0.0405306341515,0.313963585711,0.406708873492,1.0,1.0,0.882184936542,3.39603873239,0.721830985915,177.347183099,4866.11501706,136820.203299,1.13908450704,0.00545774647887,41.2480633803,0.000215875800748,Class 3
0.653572641837,8.7650528169,561.601983937,26.6617957746,0.921567312768,1.0,96.1011786508,0.377136874343,0.41156192929,0.0471064846385,0.19121624845,0.489688848734,1.0,1.0,0.925888556499,2.11245598592,0.805281690141,98.1050836268,2402.39682686,60439.4863089,0.750440140845,-0.00444542253521,22.5951584507,0.000134795122136,Class 3
0.67285632811,7.7673415493,539.722885679,25.7877640845,0.925225261114,1.0,93.5119447368,0.369702135804,0.405870089609,0.0472035364697,0.194500325622,0.490260072738,1.0,1.0,0.929278511615,2.01782570423,0.818045774648,95.3659551056,2368.95276601,60369.3886182,0.670686619718,0.00074823943662,22.1479753521,0.000119451619366,Class 3
0.680613438554,7.99375,484.367618682,23.8877200704,0.928442294554,1.0,86.2419845392,0.345170334246,0.376855819904,0.0480688956029,0.17922615832,0.485076987957,1.0,1.0,0.932454180209,1.91280809859,0.822183098592,87.8230413732,2122.89965476,52675.399315,0.684242957746,-0.00514964788732,20.1925176056,0.00012293348712,Class 3
0.680731145234,7.83873239437,511.521893658,24.8454555458,0.927494943171,1.0,90.2182456124,0.358238407813,0.391378571082,0.0476697651523,0.185841013009,0.495486935241,1.0,1.0,0.931363755449,1.95220070423,0.822799295775,91.9268485915,2278.82067837,57978.7656917,0.67235915493,-0.00713028169014,21.2621478873,0.000120549517791,Class 3
0.587009366941,10.1722711268,878.136456877,36.690900088,0.900227977157,1.0,132.711709902,0.466484031063,0.516682824064,0.0433764459557,0.249621997092,0.479273994523,1.0,1.0,0.905312604795,2.74793133803,0.763116197183,136.263226232,3551.52847574,94900.1309405,0.872095070423,0.00541373239437,31.8623239437,0.000156436311061,Class 3
0.518138669163,12.9746478873,1148.45115575,43.5218639965,0.87613219404,1.0,156.572009519,0.539029274991,0.602652629464,0.0403873898098,0.294793117261,0.439993600546,1.0,1.0,0.882837836313,3.27526408451,0.715492957746,161.721302817,4207.63850957,112389.073507,1.10281690141,-0.0118838028169,37.592165493,0.00019953322395,Class 3
0.381202762349,14.9485915493,2226.06898396,62.0785101232,0.854159439327,1.0,222.976132292,0.670560620906,0.746136158731,0.0371719284678,0.336341387958,0.444474771267,1.0,1.0,0.861436568127,4.6673415493,0.604929577465,232.727376761,6053.05994993,160771.630695,1.2676056338,0.0118838028169,55.0242077465,0.000229889912331,Class 3
0.392981582275,12.4845950704,2224.06376155,60.902321743,0.865548697457,1.0,221.992790528,0.660529165149,0.733750336655,0.0382471255238,0.317924365033,0.477109469779,1.0,1.0,0.872290735599,4.60189260563,0.615757042254,231.42990757,6051.03652756,161334.133464,1.09075704225,-0.00611795774648,55.3076584507,0.000191996848449,Class 3
0.660537467764,7.59955985915,595.513476435,27.4053807218,0.928205524946,1.0,100.1393496,0.37945031097,0.41513442868,0.047585748038,0.192033818281,0.504990846785,1.0,1.0,0.932041302301,2.14308978873,0.809947183099,102.192231514,2547.33310547,64925.5186757,0.648151408451,-0.00277288732394,23.9121478873,0.000116871355004,Class 3
0.741191789823,8.01963028169,330.543859491,18.830721831,0.933545914481,1.0,66.2927260211,0.301864671963,0.330745581439,0.0490125957384,0.171630556227,0.441310355275,1.0,1.0,0.937410448267,1.47504401408,0.859683098592,67.2607614437,1635.76633885,41180.1345057,0.668221830986,0.0012764084507,14.9907570423,0.000123331492221,Class 3
0.372194520556,9.77508802817,2696.32822289,66.2113776408,0.885556731782,1.0,244.888397555,0.666103656322,0.728910933625,0.040360038892,0.280992753629,0.539478005082,1.0,1.0,0.890556270314,5.00972711268,0.59286971831,255.303455106,6704.47282543,178632.150728,0.873327464789,-0.00541373239437,62.0044014085,0.000150328151144,Class 3
0.46395595182,8.80466549296,1727.60585692,53.2433428697,0.889369514491,1.0,196.268011323,0.578369922717,0.640260998232,0.0407194055619,0.272645836675,0.530503701452,1.0,1.0,0.894217710107,3.99071302817,0.673063380282,203.186201585,5351.55810272,143282.333243,0.806778169014,0.0177376760563,49.0903169014,0.000135404313617,Class 3
0.480228284319,12.9874119718,1374.61383884,47.8850792254,0.870536511984,1.0,172.198811488,0.575412500711,0.644894552578,0.0394927696405,0.306912342324,0.440463619682,1.0,1.0,0.877605484671,3.61941021127,0.687323943662,178.404247359,4613.6627297,122238.463913,1.11698943662,0.0037411971831,41.8027288732,0.000199729518982,Class 3
0.545369315364,10.1683098592,1060.85474489,40.5636333627,0.895947126247,1.0,147.36076889,0.504653506219,0.558981684493,0.0426323057181,0.258769611816,0.482903143129,1.0,1.0,0.901221213499,3.08705985915,0.734066901408,151.809771127,3903.00906965,102599.108754,0.882042253521,0.00554577464789,35.7923415493,0.000156375391913,Class 3
0.411441523259,12.9089788732,1896.02229176,55.6497139085,0.878524454825,1.0,201.43035928,0.625691919837,0.679181366539,0.0408455101759,0.273762861152,0.518029381141,1.0,1.0,0.884576537752,4.29216549296,0.628433098592,209.650704225,5353.68250165,139927.341008,1.10862676056,-0.000176056338028,49.7180457746,0.00019852331985,Class 3
0.854587119991,4.89251760563,131.657995225,9.15147447183,0.960681496064,1.0,31.5478804911,0.169896618112,0.184355132913,0.0530652351886,0.0990375427775,0.448754499444,1.0,1.0,0.963026202084,0.740272887324,0.923943661972,31.6675836268,731.495693497,17627.3495076,0.414700704225,0.00101232394366,6.7823943662,7.52405629471e-05,Class 3
0.634911196935,10.4837147887,623.658742863,29.4412962148,0.905939298172,1.0,105.079044007,0.419752993757,0.46517554477,0.0446799999768,0.236532322728,0.435287715175,1.0,1.0,0.911118235857,2.26588908451,0.79463028169,107.589986796,2704.8361672,70071.0771443,0.878961267606,-0.00585387323944,24.5558978873,0.000161225909861,Class 3
0.859278045031,3.80334507042,151.809250219,9.54343089789,0.967172382213,1.0,34.4736085895,0.173333914682,0.187209071292,0.0537026897023,0.0942652863086,0.513387085673,1.0,1.0,0.969049787507,0.767253521127,0.926584507042,34.6075264085,828.578449604,20475.646789,0.323943661972,-0.00457746478873,7.79304577465,5.84905047354e-05,Class 3
0.56234457139,10.7488556338,952.045212055,38.192462588,0.889577111008,1.0,138.266068453,0.490537112522,0.550000657775,0.0416803267891,0.275204732858,0.443567652327,1.0,1.0,0.895283499877,2.91404049296,0.746478873239,142.301826585,3641.88451942,95435.3967044,0.926320422535,-0.00558978873239,33.2485915493,0.000165303431508,Class 3
0.554246103824,8.1326584507,1090.89216255,40.5170774648,0.916761271195,1.0,149.455162563,0.488520375053,0.529520769274,0.0456615295592,0.21108063153,0.569230279845,1.0,1.0,0.920908249981,3.08560739437,0.73926056338,153.718860035,3986.55923058,105499.397941,0.713996478873,0.00409330985915,36.7783450704,0.000125069718581,Class 3
0.445615468781,8.18908450704,2080.07708427,59.4904599472,0.904180859061,1.0,221.722116862,0.596673875586,0.652189049071,0.0428828372967,0.253426399543,0.563695841065,1.0,1.0,0.908412744093,4.36461267606,0.656954225352,229.616417254,6214.78698283,170494.348068,0.720950704225,0.00352112676056,55.8985035211,0.000125937478001,Class 3
0.522077929726,8.77992957746,1159.25924375,41.2216989437,0.912987834545,1.0,152.047600413,0.477896396912,0.514692370283,0.0453877685402,0.202255051556,0.560907761311,1.0,1.0,0.917211473972,3.27790492958,0.712147887324,156.461883803,3877.54012159,97803.5822795,0.774823943662,-0.0068661971831,37.3263204225,0.000135023907381,Class 3
0.579238757811,9.52605633803,930.911364611,37.5996478873,0.912622338112,1.0,137.189732994,0.466684108906,0.506290768998,0.045691795054,0.212129760707,0.549919729441,1.0,1.0,0.917320755462,2.82667253521,0.757042253521,140.850880282,3692.57651574,99330.523749,0.816373239437,-0.000352112676056,33.1806338028,0.000146498367367,Class 3
0.62632634274,10.0363556338,693.578533468,31.6592209507,0.908961837722,1.0,113.679499051,0.425510699582,0.467831428455,0.045228517756,0.222752949823,0.490737746872,1.0,1.0,0.913982988476,2.38191021127,0.788996478873,116.377222711,3013.89574576,80388.2321262,0.855193661972,0.00444542253521,26.8790492958,0.000154346107402,Class 3
0.552701674395,9.7826584507,1074.35254144,41.200803257,0.904936889269,1.0,150.095751021,0.497762157086,0.546610940759,0.044274174426,0.237390227468,0.523624873707,1.0,1.0,0.910080938354,3.07900528169,0.739084507042,154.454555458,4055.60720318,108929.385016,0.842693661972,0.0106073943662,36.548943662,0.000150444574405,Class 3
0.716001568389,7.35572183099,470.903895094,23.9050176056,0.932372902616,1.0,86.7719028523,0.33667241941,0.370350108626,0.0480944913816,0.1870262443,0.497619900238,1.0,1.0,0.935878540474,1.78710387324,0.844894366197,88.1873019366,2290.71832774,61055.5588496,0.613996478873,0.0018926056338,20.4273767606,0.000113121442999,Class 3
0.521746165815,9.31927816901,1178.82996301,42.0434419014,0.909679161425,1.0,154.513247817,0.497896352084,0.541716393613,0.0448091499315,0.228125627523,0.52432523288,1.0,1.0,0.914280119821,3.309375,0.712411971831,159.2171875,3974.15560492,100991.452972,0.800616197183,-0.00664612676056,37.8842429577,0.000143318387836,Class 3
0.710678622793,8.41082746479,403.798330742,21.7319542254,0.925088991693,1.0,76.7940590028,0.332272367354,0.36584699672,0.0476722816266,0.18531950094,0.463049354954,1.0,1.0,0.929381275635,1.68657570423,0.841549295775,78.0976012324,1929.93128439,49367.9658726,0.719278169014,0.00805457746479,17.6286091549,0.000129347596537,Class 3
0.676740431586,10.1646126761,416.825246768,22.4408340669,0.916557423251,1.0,78.3777515597,0.33210575269,0.363307172577,0.0470605817453,0.183582281762,0.420936086074,1.0,1.0,0.921353892586,1.82227112676,0.819454225352,79.792693662,1865.34425891,45127.9926283,0.862147887324,-0.00360915492958,17.6308978873,0.000156318534042,Class 3
0.661343607419,8.59823943662,558.651954474,26.8561619718,0.920666001537,1.0,96.3879396301,0.37976353153,0.415374968836,0.0468553912604,0.193478937687,0.503928848985,1.0,1.0,0.924988081534,2.07825704225,0.810915492958,98.3772007042,2463.46603488,63492.7328022,0.742253521127,0.00862676056338,22.7006161972,0.000132229749121,Class 3
0.299562974236,16.535915493,3163.94869282,71.8117297535,0.837036910454,1.0,258.293687439,0.714936920054,0.78673585544,0.03573066383,0.324775193885,0.483672307941,1.0,1.0,0.845024892947,5.53943661972,0.520246478873,270.869850352,6917.13673526,180350.120425,1.45052816901,-0.00413732394366,64.2720070423,0.000254300891856,Class 3
0.471207659691,4.00123239437,2110.61541674,58.8787852113,0.940155763794,1.0,224.009499344,0.559457632173,0.594407590375,0.0476003354524,0.177784071992,0.693274217459,1.0,1.0,0.942122696113,4.30079225352,0.674735915493,231.186179577,6339.54638259,175629.820616,0.374471830986,0.00510563380282,57.3299295775,6.15337546231e-05,Class 3
0.450447486858,6.13978873239,2120.33437535,58.856756162,0.921707653552,1.0,221.596006198,0.589215200112,0.634390751505,0.0453061787871,0.213920521166,0.634230428063,1.0,1.0,0.924988919898,4.3511443662,0.660563380282,229.343926056,6202.4060987,169880.054055,0.559683098592,-0.00140845070423,56.3410211268,9.44219720476e-05,Class 3
0.200020364263,20.4179577465,5615.4225831,92.7060299296,0.803403701603,1.0,330.907848521,0.817094598816,0.901664284871,0.032204694939,0.36631418923,0.464057608077,1.0,1.0,0.813154169407,7.11769366197,0.387940140845,349.960299296,8976.02457361,234918.605073,1.78133802817,0.00827464788732,83.2713908451,0.000314001657001,Class 3
0.625873075159,8.01126760563,748.645699051,32.233340669,0.927287761144,1.0,117.829951776,0.423402466552,0.459115687422,0.0475582808858,0.194383543423,0.54096937412,1.0,1.0,0.931223317469,2.46100352113,0.787852112676,120.603785211,3087.0992325,80813.1278891,0.672887323944,0.0056338028169,28.4518485915,0.000123202885131,Class 3
0.50065974633,7.67852112676,1694.36634451,54.58515625,0.902624299231,1.0,203.752401429,0.53688015501,0.597763910465,0.0422978199855,0.261799622766,0.532742544547,1.0,1.0,0.907035760234,3.90440140845,0.700088028169,209.912367958,5799.11421655,162232.996995,0.678169014085,0.0132042253521,51.0426056338,0.00011808567669,Class 3
0.547513033748,7.34031690141,1206.88635431,43.1856404049,0.922862143115,1.0,160.166680043,0.499650092106,0.540216976422,0.0462920303511,0.206384032176,0.588669098504,1.0,1.0,0.926604518941,3.23644366197,0.734595070423,164.782790493,4343.5396897,116460.887037,0.641021126761,0.0110915492958,39.7612676056,0.0001128845352,Class 3
0.474690258629,7.19771126761,1941.4270195,58.6269916373,0.899303815638,1.0,219.649106722,0.557076326607,0.621252212117,0.0415549205499,0.266755914211,0.541478181127,1.0,1.0,0.903705518367,4.19639084507,0.679929577465,226.607042254,6276.07440306,175814.801263,0.659154929577,0.0118838028169,55.3729753521,0.000110691445869,Class 3
0.494465197877,10.7596830986,1315.76487889,45.4913072183,0.896594143797,1.0,165.741939922,0.53691706793,0.586163559477,0.0430751354518,0.248756070604,0.506375201029,1.0,1.0,0.901812058247,3.52332746479,0.694542253521,171.274559859,4338.80426111,112145.875468,0.92588028169,-0.00211267605634,40.5652288732,0.000165469943846,Class 3
0.51894657558,10.8217429577,1220.89071515,44.3282240317,0.89689582954,1.0,161.306448612,0.531032580074,0.581505963636,0.0429954219153,0.255090436182,0.500684962912,1.0,1.0,0.902068706308,3.35022007042,0.714612676056,166.481272007,4322.09534964,114676.725398,0.919806338028,-0.00110035211268,39.3297535211,0.000166424343833,Class 3
0.753371463375,3.84982394366,437.490046923,21.2748679577,0.958386455946,1.0,80.1803399381,0.286459589373,0.309862939467,0.0516564522478,0.129572132358,0.611239854774,1.0,1.0,0.960460600139,1.61434859155,0.866285211268,81.1565140845,2108.18700209,55633.8744643,0.336443661972,0.00176056338028,19.5245598592,5.92052894066e-05,Class 3
0.780509246057,3.68811619718,372.522341522,18.941659331,0.961705770076,1.0,71.1842052061,0.260948634357,0.282817942876,0.0522939794079,0.120963846714,0.606713535643,1.0,1.0,0.963701544201,1.42205105634,0.882394366197,71.9050396127,1882.63163925,50117.047388,0.31875,0.00338908450704,17.2280809859,5.6718434405e-05,Class 3
0.618620251438,10.3215669014,687.276121807,31.2873239437,0.913242903898,1.0,111.774300753,0.43123992036,0.470682125015,0.04624542424,0.212485417693,0.488842924952,1.0,1.0,0.918322744963,2.39960387324,0.783538732394,114.54337588,2895.34604011,75440.3113721,0.862764084507,0.00558978873239,26.3514964789,0.000158732286065,Class 3
0.554230373438,10.2002640845,948.260497453,37.4395576585,0.906444746961,1.0,135.395041618,0.473039226151,0.516864892119,0.0447152848595,0.229703078336,0.491845078468,1.0,1.0,0.911419135808,2.93992077465,0.737852112676,139.279731514,3447.54847739,87220.4575017,0.867693661972,0.00585387323944,32.6334507042,0.000156866806375,Class 3
0.572469469103,10.1485035211,857.912850221,35.2968089789,0.903031833801,1.0,127.555029858,0.459530358594,0.502851144335,0.044194036634,0.226175138382,0.496004394896,1.0,1.0,0.908028608349,2.76043133803,0.751848591549,131.053279049,3270.67892138,83695.2592718,0.882834507042,-0.000132042253521,30.5673415493,0.000156070796173,Class 3
0.65271384026,10.8395246479,531.43568886,26.8348371479,0.902845456803,1.0,94.3413193336,0.392995488601,0.437274484492,0.0444061866523,0.233863709415,0.41142079072,1.0,1.0,0.908145942965,2.07451584507,0.805897887324,96.4263424296,2391.19434832,61335.9918258,0.919278169014,0.0012764084507,21.6521126761,0.00016669780312,Class 3
0.563737632662,10.4822183099,925.247420348,37.303102993,0.897418511065,1.0,134.836910311,0.479830855191,0.533041873489,0.0431282206609,0.253959694514,0.457413638357,1.0,1.0,0.90289510299,2.87816901408,0.746478873239,138.707350352,3502.47146237,90538.8713214,0.900704225352,0.000792253521127,32.4121478873,0.000161202895961,Class 3
0.755520915989,7.8451584507,293.792860066,17.3293023768,0.939311773423,1.0,60.6762686995,0.281146844882,0.303481132508,0.0499857767866,0.154276051227,0.447019495133,1.0,1.0,0.942717285282,1.36861795775,0.86786971831,61.4676716549,1473.10295032,36553.8262819,0.644102112676,4.40140845071e-05,13.5727992958,0.000120648342187,Class 4
0.885502333986,2.13283450704,190.510074421,10.8247689261,0.984713286365,1.0,41.6040565647,0.1279055656,0.132788867943,0.0565404377464,0.0439994184726,0.745265606352,1.0,1.0,0.985714741171,0.761311619718,0.94014084507,41.6121698944,1189.45323366,34672.0794771,0.174735915493,-0.00708626760563,9.9610915493,3.28002230995e-05,Class 4
0.762924379463,10.339084507,229.412847972,15.8878631162,0.925954521234,1.0,52.5800672768,0.277040108459,0.304984238996,0.0486585835989,0.177829313558,0.341496577122,1.0,1.0,0.930466956386,1.23653169014,0.872447183099,53.2709507042,1255.78197348,31184.1374704,0.831866197183,-0.00114436619718,10.8836267606,0.000159001684076,Class 4
0.869437518598,4.54022887324,133.650505248,9.20608494718,0.964512892717,1.0,31.9491504022,0.171779947865,0.186580998623,0.0534632313855,0.104105056152,0.460790679487,1.0,1.0,0.966680052269,0.703829225352,0.932218309859,32.0669674296,786.147404544,20072.7492793,0.369806338028,0.00409330985915,6.96575704225,6.98228200421e-05,Class 4
0.469806431016,22.614084507,870.991842983,39.6463358275,0.83287876224,1.0,130.683401224,0.530756112727,0.590400259208,0.0383749484694,0.300682541079,0.326530147982,1.0,1.0,0.843342341711,3.16602112676,0.673767605634,135.555853873,3155.04318882,77029.7653217,1.86725352113,0.00862676056338,28.6272887324,0.000347775232711,Class 4
0.785176025342,4.7775528169,299.312228086,16.2978543134,0.961935172493,1.0,59.7754239544,0.251174916407,0.26630091594,0.0530121809754,0.107976940361,0.585509272507,1.0,1.0,0.964055079677,1.2806778169,0.88485915493,60.3743177817,1490.31697706,37661.7396938,0.394278169014,0.00154049295775,14.0553697183,7.34725538931e-05,Class 4
0.21160178722,2.59031690141,11335.4001524,172.700715229,0.900736279859,1.0,657.668203324,0.753432091661,0.818558330604,0.03954583354,0.244135663955,0.559193907919,1.0,1.0,0.90212566666,12.464084507,0.366461267606,688.447491197,19182.7371314,536285.412541,0.352816901408,-0.00334507042254,173.018397887,3.98357078264e-05,Class 4
0.152811477137,23.9902288732,7564.40273793,105.924086708,0.779436220485,1.0,374.530224705,0.867036793402,0.959901601549,0.0305335748813,0.382432113688,0.469090159289,1.0,1.0,0.791104749491,8.17108274648,0.289436619718,398.047073063,10138.6409015,264073.824516,2.08107394366,0.0294454225352,94.5316901408,0.000368938544763,Class 4
0.42478995673,11.63125,1841.37322342,54.5769366197,0.899236454276,1.0,198.20940792,0.588701129299,0.630559579635,0.044415675252,0.222739909907,0.58948350965,1.0,1.0,0.904828627212,4.22275528169,0.634771126761,205.710849472,5223.2758734,135434.760631,0.992165492958,0.0190580985915,49.0438380282,0.000178873510188,Class 4
0.666549838202,10.6205105634,516.872713564,26.2784220951,0.909687798301,1.0,93.3062742794,0.376579306317,0.419078546879,0.0454229430002,0.227478167289,0.418753452492,1.0,1.0,0.9147111878,2.01993838028,0.814348591549,95.2127860915,2386.22778802,61712.7756451,0.878433098592,-0.0132482394366,21.3966549296,0.000163329651109,Class 4
0.87452373351,10.2463908451,8.3043070075,5.50435739437,0.936979694033,1.0,11.8442614977,0.142009723035,0.161404689944,0.0509512243742,0.136768019326,0.0127490313985,1.0,1.0,0.941226912759,0.434110915493,0.934771126761,11.869256162,175.910388699,2910.67345951,0.800792253521,-0.00180457746479,0.456073943662,0.00015757617601,Class 4
0.885851455564,7.07447183099,41.2374710691,5.75706426056,0.952107364279,1.0,15.7830318764,0.138513206426,0.154818426027,0.0524427700667,0.116116889567,0.143465497552,1.0,1.0,0.955277232304,0.459595070423,0.940933098592,15.8043133803,307.519060849,6599.4775425,0.568485915493,0.00316901408451,2.23600352113,0.000108796183483,Class 4
0.536132913236,13.7404049296,835.507705199,36.0346170775,0.88361111453,1.0,124.771407365,0.451762696937,0.496262951261,0.0427055517801,0.23919496947,0.420780301636,1.0,1.0,0.890126121311,2.87363556338,0.723327464789,128.338930458,3036.1305554,73951.3551703,1.17227112676,0.040536971831,29.0049295775,0.000211309572158,Class 4
0.829904641316,7.15959507042,204.394147924,13.7089568662,0.946849439354,1.0,47.5205538809,0.212746143391,0.23600380237,0.0510901147698,0.149943164008,0.39140327607,1.0,1.0,0.950395655181,0.978741197183,0.910563380282,47.8344410211,1269.95037825,35221.3740991,0.561355633803,-0.00294894366197,10.2871478873,0.000110105268288,Class 4
0.764558588326,9.55448943662,233.108719462,15.6641505282,0.924563091978,1.0,52.4417470962,0.277438676771,0.308742155934,0.048181180918,0.183732573838,0.342252281962,1.0,1.0,0.929236436246,1.23006161972,0.873503521127,53.1304357394,1254.15595978,31166.2844383,0.790933098592,-0.00145246478873,11.0438380282,0.000146935631474,Class 4
0.643038304652,13.006778169,462.238453608,25.0285871479,0.898687708245,1.0,85.8833938173,0.382967595725,0.422665473838,0.045246655162,0.217244574601,0.387087757553,1.0,1.0,0.905048633145,2.00664612676,0.798327464789,87.8229533451,2079.95779187,51518.9191406,1.08529929577,-0.0146566901408,18.9509683099,0.000200027345929,Class 4
0.879947926999,2.00413732394,154.547396438,9.01035431338,0.981483801842,1.0,33.7186165156,0.148955924404,0.15647104647,0.0557166973009,0.0574102357406,0.686106390537,1.0,1.0,0.982469399732,0.70673415493,0.937676056338,33.7797755282,840.47982917,21335.2553683,0.174911971831,0.00506161971831,8.02834507042,3.08210276654e-05,Class 4
0.900940351617,2.65809859155,106.304263053,7.02637544014,0.978294531562,1.0,25.1490645259,0.127531170557,0.136066980323,0.0554719406337,0.0638371157506,0.57466481544,1.0,1.0,0.979647214215,0.542429577465,0.948943661972,25.1539172535,624.307834507,16112.2815684,0.22411971831,0.00598591549296,5.68785211268,4.08781021384e-05,Class 4
0.995429152822,0.351584507042,-0.0668296764132,0.17792693662,0.997726159186,1.0,0.351207353322,0.00769829592986,0.00838727303261,0.0583081582585,0.00769829592986,0.000135766135803,1.0,1.0,0.997882487231,0.0141725352113,0.997711267606,0.360123239437,4.23531305018,52.1964520522,0.0283450704225,-4.33680868994e-19,0.0,5.40691283418e-06,Class 4
0.91465788348,4.43802816901,38.0244339666,4.34953785211,0.968816240404,1.0,12.6941142248,0.101862991757,0.111803976927,0.0545634769499,0.0752111053688,0.243043687781,1.0,1.0,0.970865360432,0.35360915493,0.956161971831,12.6666373239,253.996118508,5520.72796063,0.365845070423,0.00598591549296,2.0974471831,6.8251106021e-05,Class 4
0.980921661129,1.50105633803,0.169443565076,0.760574383803,0.990509461771,1.0,1.55004678876,0.0275747204349,0.0304357657281,0.057402585905,0.0275747204349,0.00580135271911,1.0,1.0,0.991152491874,0.0607394366197,0.990404929577,1.54124119718,19.7420774648,264.29305609,0.119366197183,-8.67361737988e-19,0.0137323943662,2.30842958559e-05,Class 4
0.8278184512,14.2606514085,15.0578146526,7.87637544014,0.912664751281,1.0,17.0295527576,0.188262417669,0.21562535825,0.0481110896508,0.181901160279,0.00717522289026,1.0,1.0,0.91851182415,0.614392605634,0.909154929577,17.1652068662,261.135498735,4420.64451474,1.10871478873,0.00162852112676,0.799031690141,0.000219310286943,Class 4
0.937810330292,2.49551056338,41.0364256837,3.39659991197,0.98124670929,1.0,11.5711207158,0.081912911423,0.088486130419,0.056025989232,0.0533453083423,0.403695758585,1.0,1.0,0.982444015052,0.287279929577,0.968309859155,11.5305237676,253.033397062,5869.55885783,0.20801056338,-0.00911091549296,2.29075704225,3.83777095483e-05,Class 4
0.636455347401,25.8712147887,153.483061165,19.6573723592,0.829283499633,1.0,51.0554453405,0.360205237635,0.415125396747,0.0392270830363,0.295172416801,0.0767148368827,1.0,1.0,0.840868250368,1.56509683099,0.793309859155,52.4137984155,1006.53078923,21681.054572,2.07262323944,0.00647007042254,6.82737676056,0.000397865663802,Class 4
0.82861994148,7.36892605634,157.402758793,11.5439040493,0.94453396949,1.0,38.4784320146,0.217280261139,0.240388852218,0.0508942288469,0.146710180088,0.350759403456,1.0,1.0,0.948010567411,0.883230633803,0.909947183099,38.7728653169,936.029782405,23893.350729,0.597623239437,0.000308098591549,7.95748239437,0.000113324506826,Class 4
0.887958366396,4.5963028169,109.903441026,8.15815360915,0.967757724377,1.0,27.658399369,0.151764001571,0.164651914825,0.0540869624935,0.0948086660373,0.430133101032,1.0,1.0,0.969760784257,0.599207746479,0.942165492958,27.7151408451,700.206489327,18614.8044434,0.361267605634,0.00625,5.85070422535,7.06851644275e-05,Class 4
0.835429075332,13.6157570423,20.2105675748,7.7464568662,0.917671468089,1.0,17.4993366992,0.185818818752,0.212119825531,0.0486222739164,0.178107745904,0.014964685976,1.0,1.0,0.923179868474,0.603389084507,0.913468309859,17.6272227113,284.756936345,5174.31371726,1.04797535211,-0.00506161971831,1.07438380282,0.000209392649631,Class 4
0.38045483287,32.1697183099,1261.5984677,51.3696412852,0.739325300604,1.0,166.583588238,0.661802813282,0.78749452992,0.0266425293066,0.504095429006,0.16587010387,1.0,1.0,0.756102468174,3.93072183099,0.608978873239,174.601320423,4220.73226507,107055.279309,2.60316901408,-0.0242077464789,36.095334507,0.000494728463051,Class 4
0.511196888638,28.1819542254,456.850950775,30.6358714789,0.795231571096,1.0,91.7636162161,0.464502816038,0.535758014096,0.0346637068228,0.351335899619,0.12871220655,1.0,1.0,0.808162948041,2.50814260563,0.705897887324,94.9695642606,2000.38590311,45158.5548952,2.31188380282,-0.0124559859155,17.0065140845,0.000433401833531,Class 4
0.854973204101,3.17121478873,196.254436759,11.5625,0.968544713038,1.0,42.3992721133,0.188488795685,0.204440194568,0.0535431802966,0.0991962538355,0.574840859541,1.0,1.0,0.970250074163,0.867825704225,0.924383802817,42.5997579225,1098.95265597,29078.1062899,0.274735915493,0.00919894366197,9.96170774648,4.87691624565e-05,Class 4
0.980224642308,1.59507042254,-0.0673790822432,0.787312940141,0.990115410843,1.0,1.5886656176,0.0287674039864,0.0317614910955,0.0573590435383,0.0287674039864,0.000684449458607,1.0,1.0,0.990784659882,0.0628521126761,0.990052816901,1.5792693662,19.7339568662,250.247391478,0.125704225352,-0.000528169014085,0.0,2.45301103043e-05,Class 4
0.893483358337,4.6900528169,72.8439657487,6.12417473592,0.965841021248,1.0,20.1223718801,0.13414327503,0.146206921474,0.0540398536687,0.0896434563684,0.351615637426,1.0,1.0,0.968119727983,0.498283450704,0.944982394366,20.1382262324,450.113367903,10728.2689907,0.384947183099,-0.00691021126761,3.92042253521,7.21269175994e-05,Class 4
0.895839367189,2.46373239437,120.155284517,7.43674075704,0.977426097192,1.0,27.6674280347,0.138138303505,0.148592357296,0.0550848985584,0.073177083568,0.569652791175,1.0,1.0,0.978714103531,0.58926056338,0.946302816901,27.6949383803,685.666758363,17446.1282949,0.210563380282,-0.00827464788732,6.3775528169,3.78890026046e-05,Class 4
0.89917016403,3.76575704225,82.7601262466,6.21627420775,0.971975351115,1.0,21.3413499995,0.130145063047,0.14024504478,0.0547515625775,0.0764816854302,0.441981805587,1.0,1.0,0.973727029646,0.500132042254,0.948063380282,21.3503301056,496.554782405,12138.7754649,0.311355633803,-0.00470950704225,4.45475352113,5.79124497079e-05,Class 4
0.833988187488,5.46778169014,160.537488726,10.6417473592,0.956230679029,1.0,37.208853433,0.193900439149,0.210484567394,0.0524867318457,0.110873368837,0.452912039214,1.0,1.0,0.958925274403,0.863996478873,0.912588028169,37.425,873.08131327,21217.2772427,0.461443661972,-0.0068661971831,8.09339788732,8.4087377011e-05,Class 4
0.733305023805,6.22403169014,372.156543209,19.2754951585,0.947899930883,1.0,70.4987029291,0.290510248381,0.312290772075,0.0510821827421,0.135535892558,0.537014895628,1.0,1.0,0.950975387582,1.56888204225,0.853785211268,71.4685959507,1709.03981487,41908.4967113,0.525616197183,-0.0120158450704,16.5033450704,9.5717519264e-05,Class 4
0.719354868206,18.2113556338,131.527922016,15.3301056338,0.875876612046,1.0,41.7889440857,0.297974145028,0.340686243251,0.0433866474596,0.248076517639,0.103139120257,1.0,1.0,0.883967587577,1.21412852113,0.846302816901,42.5558318662,846.502155315,18544.9334163,1.46223591549,0.0107834507042,6.23397887324,0.000280066983988,Class 4
0.953615323101,2.99216549296,14.4774197317,2.32568221831,0.981450012709,1.0,6.2544277272,0.0652328866881,0.0709728934809,0.0562363250254,0.051446331637,0.188863837986,1.0,1.0,0.982663956495,0.182526408451,0.976496478873,6.22216109155,119.14723399,2522.68767881,0.23389084507,0.00171654929577,0.826408450704,4.60156169621e-05,Class 4
0.996482422262,0.178697183099,2.00865655106,0.206316021127,0.998775012395,1.0,0.663520394623,0.00691568128637,0.00722504716408,0.0584288521623,0.00499288583388,0.467762099623,1.0,1.0,0.998852913152,0.0157570422535,0.99823943662,0.671654929577,15.711649978,409.576587946,0.0144366197183,-0.000528169014085,0.121302816901,2.74813045903e-06,Class 4
0.959449591475,0.859066901408,48.4481387379,3.23777508803,0.993117224666,1.0,11.7501739909,0.0619124312733,0.0643738364366,0.0575761519214,0.0250429053223,0.708603923861,1.0,1.0,0.99351976845,0.236223591549,0.97948943662,11.7023547535,304.837655425,8163.98455106,0.0715669014085,0.00691021126761,2.73644366197,1.32113325861e-05,Class 4
0.612388678462,8.86558098592,765.855381213,32.8051166373,0.921619700506,1.0,119.630017211,0.432282411531,0.469029051625,0.0471521734666,0.195852680488,0.541712377062,1.0,1.0,0.92609470122,2.5193221831,0.779049295775,122.555347711,3132.56765102,82122.2236301,0.752376760563,-0.00365316901408,28.7334507042,0.000136341114739,Class 4
0.830943125744,10.598415493,73.0919126845,9.05990316901,0.931370094948,1.0,25.2642383276,0.195408100348,0.217164382241,0.0500931095486,0.150698352907,0.178450450829,1.0,1.0,0.935905924328,0.711091549296,0.910915492958,25.4419454225,522.122568222,11925.1447396,0.841021126761,0.00360915492958,3.79586267606,0.000162989857639,Class 4
0.866908986932,4.07904929577,139.859378373,9.25587588028,0.966803427536,1.0,32.6270793189,0.170578267548,0.184351730013,0.0537075308641,0.0968532363443,0.486711790462,1.0,1.0,0.968713555371,0.721566901408,0.930809859155,32.7451584507,793.919677047,19951.441627,0.339084507042,0.00422535211268,7.25281690141,6.27304774437e-05,Class 4
0.8961770823,3.03661971831,108.842966599,7.29295774648,0.976342251324,1.0,25.9410261751,0.137869925965,0.147284205023,0.0551359961596,0.0733838745506,0.531689206612,1.0,1.0,0.97772874023,0.566637323944,0.946478873239,25.9668133803,633.564637434,16013.6079177,0.248415492958,0.00334507042254,5.79947183099,4.66992651797e-05,Class 4
0.957051350798,2.56892605634,24.5291696288,2.67480193662,0.98388747104,1.0,8.11950850498,0.0609605357093,0.0660191846681,0.0565040728526,0.0475501872697,0.350346530173,1.0,1.0,0.984931435569,0.193353873239,0.978257042254,8.08188820423,196.691250825,5284.79432081,0.200088028169,0.00074823943662,1.39850352113,3.95067444266e-05,Class 4
0.560982041014,23.7680457746,427.147432005,28.4636883803,0.836120538006,1.0,86.3696520912,0.444124314695,0.500706158831,0.0388294742874,0.308679812704,0.192238694195,1.0,1.0,0.846444641406,2.27433978873,0.743397887324,89.0912191901,1924.79265928,44245.5233426,1.9099471831,0.0199383802817,16.6111795775,0.000365521657434,Class 4
0.933837594227,2.58961267606,67.5307874576,4.85322403169,0.981890862099,1.0,17.4453434284,0.0939951976949,0.100264003009,0.0560307403123,0.0571310042809,0.515018548512,1.0,1.0,0.982937158206,0.360387323944,0.966285211268,17.4074383803,459.608879842,12725.4074817,0.205457746479,-0.00985915492958,3.74559859155,3.98248777556e-05,Class 4
0.820459311768,13.2654929577,30.9048539071,8.22309639085,0.913184624473,1.0,19.2755137378,0.189897799018,0.217184095174,0.0480968315671,0.173878301949,0.0325210826695,1.0,1.0,0.919004967304,0.659154929577,0.904841549296,19.4261883803,320.97137434,5976.40959713,1.06355633803,0.00422535211268,1.61866197183,0.000204006043179,Class 4
0.958918865305,2.76276408451,15.5540000235,2.27446082746,0.982838572851,1.0,6.28591538335,0.0620266651271,0.0681846915467,0.0563627870602,0.0522084074765,0.184032379436,1.0,1.0,0.984018667292,0.170554577465,0.979225352113,6.25473151408,130.38807906,3021.08780535,0.211179577465,0.00162852112676,0.890404929577,4.24877214073e-05,Class 4
0.87400052383,7.05792253521,90.225452728,8.2167693662,0.955652006479,1.0,25.9200251431,0.158213545837,0.172784417807,0.0529452028522,0.111632424973,0.336111221391,1.0,1.0,0.95854250503,0.605193661972,0.934595070423,25.9910211268,639.42993783,17106.2260928,0.54911971831,-0.00316901408451,4.80501760563,0.00010854167682,Class 4
0.664257107345,5.24542253521,727.097381771,31.283868838,0.945889785897,1.0,116.793387679,0.385873203531,0.413197779481,0.0498454547709,0.155027318519,0.631855268088,1.0,1.0,0.948556188896,2.30651408451,0.812676056338,119.066945423,3189.0578125,87011.2443875,0.457218309859,0.0150528169014,28.7397887324,8.0667782164e-05,Class 4
0.566800284542,5.10660211268,1168.95017115,41.3129181338,0.943149886691,1.0,155.940167026,0.467714869147,0.496894895167,0.049046642725,0.163890862013,0.655826757963,1.0,1.0,0.945598015174,3.13912852113,0.746566901408,160.040338908,4190.01200347,111122.445685,0.450968309859,0.00215669014085,39.1219190141,7.85329044625e-05,Class 4
0.895585309834,2.27931338028,157.07374569,9.58511223592,0.981192283491,1.0,35.2179384194,0.133214377715,0.140375745854,0.0557653220157,0.0611164098966,0.669643588958,1.0,1.0,0.982270135234,0.663248239437,0.946038732394,35.2376100352,984.336161697,28138.7618082,0.189348591549,0.0138644366197,8.31857394366,3.50528778206e-05,Class 4
0.956396145358,0.825352112676,63.1689911518,3.87594630282,0.991123688346,1.0,14.9708612584,0.063473729544,0.0674188254802,0.0570768439034,0.0355768863175,0.700196685823,1.0,1.0,0.991573015819,0.27764084507,0.977904929577,14.9141285211,417.876980634,11951.9737889,0.0723591549296,-0.00396126760563,3.55299295775,1.26928429477e-05,Class 4
0.969100361411,1.54727112676,22.3768064223,1.98776408451,0.989040825548,1.0,6.6569388527,0.0493829230622,0.0536365351255,0.0570540125657,0.0380211251968,0.375751490357,1.0,1.0,0.989762751187,0.150572183099,0.984419014085,6.6245818662,162.379955711,4265.92229451,0.121919014085,-0.00382922535211,1.28424295775,2.37950192505e-05,Class 4
0.959171899797,1.63098591549,24.8078935885,2.17000440141,0.988675524694,1.0,7.23896205561,0.0540220457182,0.0574858114343,0.0571450298955,0.0305350054469,0.434944079072,1.0,1.0,0.989446357633,0.183538732394,0.979313380282,7.19955985915,154.160984265,3494.01037151,0.135035211268,-0.00316901408451,1.41117957746,2.50824439138e-05,Class 4
0.892327105237,3.63600352113,98.3645009928,6.99581866197,0.974418885556,1.0,24.3513027536,0.131331427747,0.140029451632,0.0552572353963,0.0645728591863,0.51542133607,1.0,1.0,0.976131722224,0.55400528169,0.944278169014,24.3637103873,582.183622634,14622.1416071,0.297623239437,0.000132042253521,5.24727112676,5.59170091677e-05,Class 4
0.901002048825,7.68961267606,7.51573484014,4.18402288732,0.950976055263,1.0,9.22635876212,0.114354952341,0.129433880764,0.0525529825354,0.110537065513,0.0155255831744,1.0,1.0,0.954280156097,0.337764084507,0.948943661972,9.21452464789,136.458871589,2249.32346019,0.610915492958,-0.00334507042254,0.419542253521,0.000118256250305,Class 4
0.962052947084,2.90404929577,3.40651735659,1.71811179577,0.981618387055,1.0,3.67667197371,0.0520366027608,0.0576273899111,0.0562692726285,0.0504749163748,0.0455892981868,1.0,1.0,0.982854103789,0.129313380282,0.980809859155,3.65184859155,56.7952272227,1006.65644875,0.229401408451,0.0056338028169,0.199207746479,4.46605043564e-05,Class 4
0.998592215706,0.105809859155,-0.0667167682842,0.0437279929577,0.999300452818,1.0,0.105770592627,0.00269764008456,0.00289664250859,0.0585057721992,0.00269764008456,4.45841102785e-05,1.0,1.0,0.999348978486,0.00431338028169,0.999295774648,0.119278169014,1.2582443882,15.3408182493,0.00862676056338,-0.00105633802817,0.0,1.62721813387e-06,Class 4
0.941263142234,4.50977112676,1.85153037771,2.35757042254,0.970744762789,1.0,4.89663091418,0.0706476204526,0.0795730644231,0.0549688734022,0.0695184351036,0.00585059936684,1.0,1.0,0.972739989617,0.190008802817,0.970070422535,4.86595510563,65.2897928587,942.030398603,0.362940140845,0.00110035211268,0.10889084507,6.93544194811e-05,Class 4
0.961439539526,2.66161971831,3.30533562427,1.50599691901,0.981770276833,1.0,3.41360183572,0.0464345726494,0.0519917673793,0.0563219965424,0.0428407476653,0.0373385544296,1.0,1.0,0.983039583656,0.126056338028,0.980457746479,3.38745598592,49.6401023327,818.044588331,0.220422535211,-0.000528169014085,0.193309859155,4.09322524923e-05,Class 4
0.733108696191,5.71126760563,420.01848204,21.3207086268,0.946446735922,1.0,77.8859334148,0.31032220437,0.334067110249,0.0503790228718,0.143152056865,0.573510504903,1.0,1.0,0.949257899158,1.63943661972,0.854841549296,79.0205545775,2001.00676166,51962.5188401,0.494366197183,0.0113556338028,18.5283450704,8.78318739813e-05,Class 4
0.979876497099,1.21919014085,6.6288979034,1.00579885563,0.99161007845,1.0,2.75942599549,0.0309471399705,0.0335399277074,0.0575115788813,0.0257541774017,0.225616399936,1.0,1.0,0.992202481717,0.0780809859155,0.989876760563,2.74471830986,55.8725984815,1293.90536766,0.0992957746479,0.00114436619718,0.387235915493,1.87495600284e-05,Class 4
0.995780227137,0.294542253521,0.424133122433,0.178102992958,0.998032115558,1.0,0.408962866292,0.00748066546919,0.00803329805693,0.0583410622737,0.00708552695914,0.112274262894,1.0,1.0,0.998165015735,0.0141725352113,0.997887323944,0.41786971831,6.43777783891,117.888045362,0.0239436619718,-3.25260651746e-19,0.0286971830986,4.52967710144e-06,Class 4
0.841006465731,5.97271126761,127.704765452,9.49138424296,0.954443282128,1.0,31.5576452512,0.175448322783,0.19119292049,0.0524250394809,0.10815795445,0.381271229894,1.0,1.0,0.957254101532,0.777288732394,0.916285211268,31.6993397887,701.38321963,16266.3461151,0.500704225352,0.00598591549296,6.52491197183,9.18525377563e-05,Class 4
0.80445007191,5.76003521127,198.145852268,12.5003961268,0.956909711764,1.0,43.6372322705,0.198016368892,0.212432141009,0.0529617226632,0.0939935815793,0.497431105705,1.0,1.0,0.959707024196,1.03318661972,0.894982394366,43.9154049296,994.507078015,23292.9602835,0.485211267606,0.0068661971831,9.66408450704,8.85818563824e-05,Class 4
0.653401281368,8.85008802817,628.320636393,29.2469960387,0.918803373348,1.0,105.819375902,0.404804371729,0.447732427443,0.0464123987986,0.216127749935,0.474425713341,1.0,1.0,0.923534524454,2.21342429577,0.806514084507,108.1484375,2780.68818084,73420.3687926,0.742165492958,-0.000396126760563,25.0973591549,0.000136102853182,Class 4
0.719549801007,7.77676056338,401.952929384,21.3777618838,0.937754392995,1.0,76.3140747208,0.322274211012,0.348340579545,0.0497781008232,0.159825724258,0.506095216148,1.0,1.0,0.941477305338,1.66100352113,0.846302816901,77.5365316901,1925.18677652,49479.6014256,0.644014084507,0.00448943661972,17.6436619718,0.000119596471563,Class 4
0.42478995673,11.63125,1841.37322342,54.5769366197,0.899236454276,1.0,198.20940792,0.588701129299,0.630559579635,0.044415675252,0.222739909907,0.58948350965,1.0,1.0,0.904828627212,4.22275528169,0.634771126761,205.710849472,5223.2758734,135434.760631,0.992165492958,0.0190580985915,49.0438380282,0.000178873510188,Class 4
0.87452373351,10.2463908451,8.3043070075,5.50435739437,0.936979694033,1.0,11.8442614977,0.142009723035,0.161404689944,0.0509512243742,0.136768019326,0.0127490313985,1.0,1.0,0.941226912759,0.434110915493,0.934771126761,11.869256162,175.910388699,2910.67345951,0.800792253521,-0.00180457746479,0.456073943662,0.00015757617601,Class 4
0.885851455564,7.07447183099,41.2374710691,5.75706426056,0.952107364279,1.0,15.7830318764,0.138513206426,0.154818426027,0.0524427700667,0.116116889567,0.143465497552,1.0,1.0,0.955277232304,0.459595070423,0.940933098592,15.8043133803,307.519060849,6599.4775425,0.568485915493,0.00316901408451,2.23600352113,0.000108796183483,Class 4
0.995429152822,0.351584507042,-0.0668296764132,0.17792693662,0.997726159186,1.0,0.351207353322,0.00769829592986,0.00838727303261,0.0583081582585,0.00769829592986,0.000135766135803,1.0,1.0,0.997882487231,0.0141725352113,0.997711267606,0.360123239437,4.23531305018,52.1964520522,0.0283450704225,-4.33680868994e-19,0.0,5.40691283418e-06,Class 4
0.980921661129,1.50105633803,0.169443565076,0.760574383803,0.990509461771,1.0,1.55004678876,0.0275747204349,0.0304357657281,0.057402585905,0.0275747204349,0.00580135271911,1.0,1.0,0.991152491874,0.0607394366197,0.990404929577,1.54124119718,19.7420774648,264.29305609,0.119366197183,-8.67361737988e-19,0.0137323943662,2.30842958559e-05,Class 4
0.8278184512,14.2606514085,15.0578146526,7.87637544014,0.912664751281,1.0,17.0295527576,0.188262417669,0.21562535825,0.0481110896508,0.181901160279,0.00717522289026,1.0,1.0,0.91851182415,0.614392605634,0.909154929577,17.1652068662,261.135498735,4420.64451474,1.10871478873,0.00162852112676,0.799031690141,0.000219310286943,Class 4
0.636455347401,25.8712147887,153.483061165,19.6573723592,0.829283499633,1.0,51.0554453405,0.360205237635,0.415125396747,0.0392270830363,0.295172416801,0.0767148368827,1.0,1.0,0.840868250368,1.56509683099,0.793309859155,52.4137984155,1006.53078923,21681.054572,2.07262323944,0.00647007042254,6.82737676056,0.000397865663802,Class 4
0.511196888638,28.1819542254,456.850950775,30.6358714789,0.795231571096,1.0,91.7636162161,0.464502816038,0.535758014096,0.0346637068228,0.351335899619,0.12871220655,1.0,1.0,0.808162948041,2.50814260563,0.705897887324,94.9695642606,2000.38590311,45158.5548952,2.31188380282,-0.0124559859155,17.0065140845,0.000433401833531,Class 4
0.854973204101,3.17121478873,196.254436759,11.5625,0.968544713038,1.0,42.3992721133,0.188488795685,0.204440194568,0.0535431802966,0.0991962538355,0.574840859541,1.0,1.0,0.970250074163,0.867825704225,0.924383802817,42.5997579225,1098.95265597,29078.1062899,0.274735915493,0.00919894366197,9.96170774648,4.87691624565e-05,Class 4
0.785176025342,4.7775528169,299.312228086,16.2978543134,0.961935172493,1.0,59.7754239544,0.251174916407,0.26630091594,0.0530121809754,0.107976940361,0.585509272507,1.0,1.0,0.964055079677,1.2806778169,0.88485915493,60.3743177817,1490.31697706,37661.7396938,0.394278169014,0.00154049295775,14.0553697183,7.34725538931e-05,Class 4
0.895839367189,2.46373239437,120.155284517,7.43674075704,0.977426097192,1.0,27.6674280347,0.138138303505,0.148592357296,0.0550848985584,0.073177083568,0.569652791175,1.0,1.0,0.978714103531,0.58926056338,0.946302816901,27.6949383803,685.666758363,17446.1282949,0.210563380282,-0.00827464788732,6.3775528169,3.78890026046e-05,Class 4
0.833988187488,5.46778169014,160.537488726,10.6417473592,0.956230679029,1.0,37.208853433,0.193900439149,0.210484567394,0.0524867318457,0.110873368837,0.452912039214,1.0,1.0,0.958925274403,0.863996478873,0.912588028169,37.425,873.08131327,21217.2772427,0.461443661972,-0.0068661971831,8.09339788732,8.4087377011e-05,Class 4
0.996482422262,0.178697183099,2.00865655106,0.206316021127,0.998775012395,1.0,0.663520394623,0.00691568128637,0.00722504716408,0.0584288521623,0.00499288583388,0.467762099623,1.0,1.0,0.998852913152,0.0157570422535,0.99823943662,0.671654929577,15.711649978,409.576587946,0.0144366197183,-0.000528169014085,0.121302816901,2.74813045903e-06,Class 4
0.959449591475,0.859066901408,48.4481387379,3.23777508803,0.993117224666,1.0,11.7501739909,0.0619124312733,0.0643738364366,0.0575761519214,0.0250429053223,0.708603923861,1.0,1.0,0.99351976845,0.236223591549,0.97948943662,11.7023547535,304.837655425,8163.98455106,0.0715669014085,0.00691021126761,2.73644366197,1.32113325861e-05,Class 4
0.469806431016,22.614084507,870.991842983,39.6463358275,0.83287876224,1.0,130.683401224,0.530756112727,0.590400259208,0.0383749484694,0.300682541079,0.326530147982,1.0,1.0,0.843342341711,3.16602112676,0.673767605634,135.555853873,3155.04318882,77029.7653217,1.86725352113,0.00862676056338,28.6272887324,0.000347775232711,Class 4
0.800539451498,12.1361795775,77.3937911242,9.83626760563,0.915069853341,1.0,27.2352351505,0.206329316253,0.233814362298,0.048106992389,0.167105331114,0.123700862388,1.0,1.0,0.920663016561,0.813424295775,0.893397887324,27.472909331,526.778563765,11147.6456027,0.997623239437,-0.00541373239437,3.93195422535,0.000186638670934,Class 4
0.624885997322,5.68036971831,792.388104333,31.6502970951,0.923845091464,1.0,120.794080885,0.38793431332,0.433198775565,0.0460267805944,0.207779712915,0.556313664704,1.0,1.0,0.928075121401,2.52680457746,0.785299295775,123.316747359,3102.44480496,79125.8656676,0.534242957746,-0.0458186619718,29.7210387324,8.73567046261e-05,Class 4
0.194059260935,33.3507922535,3616.65147767,80.91484375,0.705650760972,1.0,273.275263819,0.785562076214,0.908259875176,0.0239532939273,0.473577580419,0.234671490757,1.0,1.0,0.721395419794,6.41474471831,0.384947183099,289.623129401,6961.25010041,172765.550836,2.84533450704,0.0132482394366,64.8660211268,0.000512891845498,Class 4
0.83445506224,8.13961267606,94.0593499489,8.88897447183,0.941395416107,1.0,27.0474426705,0.175845078005,0.194351522978,0.0511576285397,0.120627236794,0.259339619045,1.0,1.0,0.945235838106,0.729665492958,0.912588028169,27.1805457746,565.792971501,12671.0687892,0.67764084507,0.00457746478873,4.84753521127,0.00012517666553,Class 4
0.841006465731,5.97271126761,127.704765452,9.49138424296,0.954443282128,1.0,31.5576452512,0.175448322783,0.19119292049,0.0524250394809,0.10815795445,0.381271229894,1.0,1.0,0.957254101532,0.777288732394,0.916285211268,31.6993397887,701.38321963,16266.3461151,0.500704225352,0.00598591549296,6.52491197183,9.18525377563e-05,Class 4
0.949331063405,0.754577464789,71.0499411155,4.04952684859,0.988786447384,1.0,16.5141876535,0.0735395118649,0.0801834379417,0.0565700377994,0.0455057609909,0.70095305128,1.0,1.0,0.98944090827,0.318485915493,0.974295774648,16.458846831,438.448987676,11859.0831749,0.0720070422535,-0.018661971831,3.96197183099,1.16044208349e-05,Class 4
0.121120483907,51.7193661972,4977.2890059,95.4618287852,0.550938231038,1.0,306.862216564,0.958454425709,1.18479686135,0.012391426436,0.719402504207,0.0811076148189,1.0,1.0,0.581277262937,7.19295774648,0.310651408451,329.939216549,8177.64038842,211568.637403,4.24190140845,0.0056338028169,70.4501760563,0.000795376642786,Class 4
0.332071529086,8.75044014085,3639.85657848,76.9940801056,0.916981955118,1.0,284.861568263,0.636192414734,0.665693049652,0.0463683914944,0.181700417157,0.722239314908,1.0,1.0,0.92127137827,5.75066021127,0.536267605634,296.231227993,7885.96653967,213684.744399,0.770862676056,0.0511883802817,72.5851232394,0.000134570398168,Class 4
0.907728578779,4.52191901408,50.3566383094,4.95642605634,0.967163350737,1.0,15.375184665,0.112735160271,0.123685930688,0.0542230719816,0.0816669017046,0.291877454917,1.0,1.0,0.969250986689,0.402772887324,0.952552816901,15.358340669,328.221997414,7561.67466989,0.374383802817,-0.00110035211268,2.75554577465,6.9541238202e-05,Class 4
0.755814260563,9.74850352113,233.894398239,15.6605963908,0.923744557458,1.0,52.3745456753,0.27573156652,0.306259692757,0.048208755587,0.180895095031,0.334370183869,1.0,1.0,0.928510457779,1.26007922535,0.868133802817,53.0738776408,1215.64213661,29227.3243522,0.809066901408,-0.0037411971831,10.9849471831,0.000149919315973,Class 4
0.958527108957,0.765404929577,41.280880586,2.75401628521,0.993434223495,1.0,10.0369960022,0.054445046655,0.0567745722457,0.0576094782549,0.0224578700926,0.694726291071,1.0,1.0,0.99380368751,0.223283450704,0.978961267606,9.98664172535,232.28120461,5519.62453097,0.0661091549296,0.00541373239437,2.32931338028,1.1770933173e-05,Class 4
0.901002048825,7.68961267606,7.51573484014,4.18402288732,0.950976055263,1.0,9.22635876212,0.114354952341,0.129433880764,0.0525529825354,0.110537065513,0.0155255831744,1.0,1.0,0.954280156097,0.337764084507,0.948943661972,9.21452464789,136.458871589,2249.32346019,0.610915492958,-0.00334507042254,0.419542253521,0.000118256250305,Class 4
0.922178588698,6.14040492958,2.43539527632,3.19004181338,0.960768216871,1.0,6.61795847198,0.0906770034067,0.10261106979,0.0537618442831,0.0902833397004,0.00643849360748,1.0,1.0,0.963445436239,0.255413732394,0.960123239437,6.59029489437,89.1634421765,1295.55307824,0.489700704225,0.000572183098592,0.140492957746,9.44314483595e-05,Class 4
0.959975234329,0.596214788732,58.2892537441,3.60434639085,0.993061327793,1.0,13.6865336543,0.0605180590037,0.0631198090112,0.0573483790341,0.028985415392,0.744022941839,1.0,1.0,0.993342071661,0.255853873239,0.979753521127,13.6325044014,376.080494883,10560.9309928,0.0536091549296,0.00259683098592,3.28714788732,9.16900866947e-06,Class 4
0.15465490788,47.8396126761,3856.02728223,85.6836047535,0.582997705161,1.0,276.389992813,0.906067224406,1.1126354878,0.0144671554581,0.676579941038,0.09824508621,1.0,1.0,0.610941623297,6.54551056338,0.362147887324,296.03459507,7252.91919289,185764.323471,3.95774647887,-0.0204225352113,62.863028169,0.000735711075372,Class 4
0.852485726418,4.18125,157.795179704,10.1618067782,0.967623726091,1.0,35.8432894332,0.178980969316,0.191214206038,0.0540058531758,0.0898818294613,0.528653605656,1.0,1.0,0.969556054274,0.802068661972,0.922799295775,36.0000660211,859.482120654,21227.354792,0.34639084507,0.009375,8.05105633803,6.43021914648e-05,Class 4
0.902482828308,5.92711267606,28.0646045588,4.55829665493,0.958413672592,1.0,11.9565838587,0.109500462123,0.122577879789,0.0533430169485,0.0903591416319,0.135269186735,1.0,1.0,0.961199053294,0.369278169014,0.949647887324,11.9373239437,219.905113886,4524.36870392,0.490845070423,0.00757042253521,1.54480633803,9.11512906737e-05,Class 4
0.554100144441,23.4513204225,421.556427796,27.8042583627,0.82789954531,1.0,85.3157935916,0.417186372774,0.47577858122,0.0383779289126,0.286818891586,0.185380812677,1.0,1.0,0.838903420523,2.28226232394,0.735827464789,87.8247579225,1877.22194515,42857.644032,1.94850352113,-0.00198063380282,16.3747359155,0.000360650833103,Class 4
0.902482828308,5.92711267606,28.0646045588,4.55829665493,0.958413672592,1.0,11.9565838587,0.109500462123,0.122577879789,0.0533430169485,0.0903591416319,0.135269186735,1.0,1.0,0.961199053294,0.369278169014,0.949647887324,11.9373239437,219.905113886,4524.36870392,0.490845070423,0.00757042253521,1.54480633803,9.11512906737e-05,Class 4
0.731879308421,3.5650528169,481.879125299,22.3035321303,0.965485499297,1.0,85.013296533,0.285478678844,0.3004450513,0.0530323931651,0.103801613911,0.676252100858,1.0,1.0,0.967134239733,1.75620598592,0.851848591549,86.0747579225,2170.50092842,55438.3338647,0.308714788732,-0.0081426056338,20.8430457746,5.48258795371e-05,Class 4
0.992974747694,0.405633802817,1.67155542875,0.342594630282,0.997202525498,1.0,0.81027866235,0.0109301737016,0.0117565132534,0.0582426291906,0.00840538190825,0.233272328448,1.0,1.0,0.997399783315,0.0253521126761,0.996478873239,0.814216549296,14.2990151849,284.830833929,0.0338028169014,0.00316901408451,0.101408450704,6.23812076612e-06,Class 4
0.992974747694,0.405633802817,1.67155542875,0.342594630282,0.997202525498,1.0,0.81027866235,0.0109301737016,0.0117565132534,0.0582426291906,0.00840538190825,0.233272328448,1.0,1.0,0.997399783315,0.0253521126761,0.996478873239,0.814216549296,14.2990151849,284.830833929,0.0338028169014,0.00316901408451,0.101408450704,6.23812076612e-06,Class 4
0.553810100922,21.5313380282,484.201040478,29.2131051937,0.836760001992,1.0,91.691136053,0.425215597955,0.483228368867,0.0387045078017,0.287947865463,0.222694839141,1.0,1.0,0.846898361322,2.36575704225,0.73661971831,94.3669014085,2072.31459892,48191.4349231,1.79683098592,0.0198063380282,18.5007042254,0.000331123998895,Class 4
0.880867743875,2.74242957746,139.594913956,8.75030809859,0.974120467193,1.0,31.552379398,0.153056969354,0.163809840037,0.0545429548019,0.0781145173048,0.594398486792,1.0,1.0,0.97548965669,0.673063380282,0.938292253521,31.6201144366,785.375341109,20088.8753074,0.23926056338,0.012764084507,7.29964788732,4.21750031136e-05,Class 4
0.670872811694,15.5053697183,301.393099722,20.312522007,0.882032870578,1.0,65.739000399,0.34368385848,0.388188742963,0.0432949201315,0.253454766524,0.246254022918,1.0,1.0,0.88984008619,1.67354753521,0.816373239437,67.1004181338,1470.84835085,34037.1763809,1.27315140845,-0.0276848591549,13.1040492958,0.000238452437037,Class 4
0.829947834011,4.1826584507,203.897667067,12.3097161092,0.959185039629,1.0,43.9469235665,0.20542234474,0.223810524426,0.0522656191883,0.114511052113,0.534668648064,1.0,1.0,0.961444838905,0.958318661972,0.910475352113,44.228631162,1081.62137296,27275.9010852,0.367693661972,0.0177376760563,10.1273767606,6.43238516064e-05,Class 4
0.829947834011,4.1826584507,203.897667067,12.3097161092,0.959185039629,1.0,43.9469235665,0.20542234474,0.223810524426,0.0522656191883,0.114511052113,0.534668648064,1.0,1.0,0.961444838905,0.958318661972,0.910475352113,44.228631162,1081.62137296,27275.9010852,0.367693661972,0.0177376760563,10.1273767606,6.43238516064e-05,Class 4
0.734640184859,6.40871478873,360.12944071,19.0409441021,0.94713622068,1.0,68.903410839,0.285941667799,0.305930419794,0.0510620984102,0.130309722335,0.540215047799,1.0,1.0,0.950172364314,1.54212147887,0.854665492958,69.8300396127,1665.34111328,40790.0323132,0.543573943662,-0.000396126760563,16.0441901408,9.85577053246e-05,Class 4
0.962225113445,2.24172535211,13.5534982847,1.93854533451,0.985125334456,1.0,5.32335560428,0.0539257713402,0.058652490142,0.0566896536293,0.042670936387,0.222290049558,1.0,1.0,0.986166808544,0.15088028169,0.980897887324,5.2931778169,104.574713908,2277.90474733,0.179225352113,0.0044014084507,0.777816901408,3.4474822793e-05,Class 4
0.736468784095,13.7650528169,160.322258891,14.6002310739,0.899676181687,1.0,43.0391938573,0.253501530914,0.286068183056,0.0462647801698,0.182201145216,0.200079706009,1.0,1.0,0.906202386595,1.18965669014,0.85536971831,43.6020466549,894.739759848,19795.7378645,1.14903169014,0.0214348591549,7.60404929577,0.000211688624635,Class 4
0.869477255257,3.22852112676,143.086661704,8.98085387324,0.973182742493,1.0,32.4313042687,0.158447413028,0.169409741521,0.0547128797765,0.0755825935078,0.571548198474,1.0,1.0,0.974789981878,0.716901408451,0.932042253521,32.5177376761,779.964728213,19260.2332767,0.274647887324,0.00343309859155,7.40801056338,4.96504594658e-05,Class 4
0.629817124578,9.3764084507,682.509952624,30.4054577465,0.920927141619,1.0,110.937590704,0.420035004895,0.457814871202,0.0469002964752,0.208696815387,0.500709140031,1.0,1.0,0.925350008706,2.36866197183,0.790492957746,113.572139085,2855.73542584,73632.4074239,0.767077464789,-0.0254401408451,26.3411091549,0.000144196977327,Class 4
0.800539451498,12.1361795775,77.3937911242,9.83626760563,0.915069853341,1.0,27.2352351505,0.206329316253,0.233814362298,0.048106992389,0.167105331114,0.123700862388,1.0,1.0,0.920663016561,0.813424295775,0.893397887324,27.472909331,526.778563765,11147.6456027,0.997623239437,-0.00541373239437,3.93195422535,0.000186638670934,Class 4
0.7826607134,4.60105633803,287.917023373,15.7220950704,0.959612619171,1.0,57.4512524021,0.24111751623,0.257080309964,0.0526102851152,0.106233609507,0.584975005006,1.0,1.0,0.961861977151,1.26302816901,0.883186619718,57.9953785211,1396.2993783,34430.9368474,0.396830985915,0.00625,13.5025528169,7.07582674053e-05,Class 4
0.798852704696,5.82068661972,209.84288966,13.0180457746,0.953224724048,1.0,45.6414679756,0.208167799975,0.224343172183,0.0521384723393,0.106652934016,0.492958236519,1.0,1.0,0.956030961409,1.0707306338,0.892165492958,45.9699603873,1051.33741335,24857.7836928,0.496566901408,0.00558978873239,10.1672535211,8.95145962279e-05,Class 4
0.956773039204,2.14286971831,19.0028033704,2.1100022007,0.985222572021,1.0,6.43890288364,0.0556230026191,0.0601452508841,0.0567268738144,0.0371243159076,0.317494195344,1.0,1.0,0.986239326988,0.177332746479,0.978080985915,6.40222271127,129.28829638,2833.44224939,0.177376760563,-0.00215669014085,1.08309859155,3.2954551608e-05,Class 4
0.808783305024,4.23072183099,229.724448139,13.2250550176,0.96588660303,1.0,47.8971771776,0.202017614978,0.214042709485,0.0538178363203,0.0840521190748,0.598810157418,1.0,1.0,0.967934433524,1.07636443662,0.897799295775,48.2035871479,1133.21969768,27293.3645742,0.361003521127,0.009375,11.1238556338,6.50630039367e-05,Class 4
0.80445007191,5.76003521127,198.145852268,12.5003961268,0.956909711764,1.0,43.6372322705,0.198016368892,0.212432141009,0.0529617226632,0.0939935815793,0.497431105705,1.0,1.0,0.959707024196,1.03318661972,0.894982394366,43.9154049296,994.507078015,23292.9602835,0.485211267606,0.0068661971831,9.66408450704,8.85818563824e-05,Class 4
0.940889471955,4.19788732394,8.07752700845,2.46236795775,0.972157472178,1.0,5.9854730007,0.074125838518,0.0826542508553,0.0550715306363,0.0691360332591,0.0588293982869,1.0,1.0,0.974025720831,0.205281690141,0.969894366197,5.95382922535,96.6697568222,1784.12947499,0.339084507042,-0.00607394366197,0.46073943662,6.45580518869e-05,Class 4
0.853987180123,3.43679577465,163.947685575,10.1093089789,0.970840953984,1.0,36.2859880375,0.170886841114,0.182271222299,0.0543033957486,0.0823513922994,0.572254743689,1.0,1.0,0.972526376206,0.807834507042,0.923503521127,36.4206866197,864.336083297,21060.1491149,0.293133802817,0.0116197183099,8.34304577465,5.28534528973e-05,Class 4
0.9908705335,0.397711267606,4.84457684702,0.492121478873,0.997113711682,1.0,1.5388611077,0.0151475080905,0.0160543141421,0.058209637031,0.00983232979913,0.435771348158,1.0,1.0,0.997304016406,0.0394366197183,0.995422535211,1.5369278169,32.7229808539,752.645771209,0.0332746478873,0.000616197183099,0.285827464789,6.11628246991e-06,Class 4
0.830943125744,10.598415493,73.0919126845,9.05990316901,0.931370094948,1.0,25.2642383276,0.195408100348,0.217164382241,0.0500931095486,0.150698352907,0.178450450829,1.0,1.0,0.935905924328,0.711091549296,0.910915492958,25.4419454225,522.122568222,11925.1447396,0.841021126761,0.00360915492958,3.79586267606,0.000162989857639,Class 4
0.995605054181,0.313028169014,0.150037285109,0.171357834507,0.997901537011,1.0,0.363376410032,0.007376850771,0.00801282963508,0.0583301459284,0.00698171563341,0.0342192299227,1.0,1.0,0.998047902801,0.0139084507042,0.997799295775,0.372403169014,4.89569762324,73.2871196908,0.0257042253521,-2.16840434497e-19,0.012676056338,4.81396645927e-06,Class 4
0.713758461863,6.1576584507,447.675756045,22.021897007,0.950442320998,1.0,80.980037821,0.314029939018,0.334282941891,0.051288435803,0.136779078423,0.572113453367,1.0,1.0,0.953148131578,1.75717429577,0.842077464789,82.2256822183,2006.51730441,50031.8090476,0.506073943662,-0.00602992957746,19.2327464789,9.46967850935e-05,Class 4
0.931841927445,4.18204225352,23.9660765326,3.4042693662,0.97390112079,1.0,9.46632233596,0.089484314609,0.0976427221333,0.0553090129687,0.0681702519143,0.214002327792,1.0,1.0,0.975633440063,0.273855633803,0.965228873239,9.43503521127,181.207347601,3799.85859719,0.328169014085,0.0,1.34357394366,6.43143752944e-05,Class 4
0.914131264258,3.18697183099,74.5407073426,5.6032790493,0.976899589817,1.0,19.2496091907,0.11570560539,0.125062336398,0.0554788042737,0.06647747218,0.470624481252,1.0,1.0,0.978463489269,0.436795774648,0.955985915493,19.2356073944,460.573195423,11569.958549,0.259683098592,-8.80281690141e-05,4.06285211268,4.90114852901e-05,Class 4
0.891742833763,6.24806338028,47.2878555592,5.74063600352,0.956714399563,1.0,16.2913336337,0.133820454414,0.148310076277,0.0528620497468,0.108831990748,0.195242253955,1.0,1.0,0.959420981014,0.452552816901,0.944102112676,16.3050176056,331.240759793,7349.92338317,0.504225352113,0.00853873239437,2.56690140845,9.60870954292e-05,Class 4
0.858699120338,4.60933098592,127.643068285,9.00165052817,0.96532126056,1.0,30.5389780216,0.162306888779,0.174124183218,0.0538958547721,0.0868784072678,0.478009031544,1.0,1.0,0.96750094719,0.721126760563,0.925968309859,30.6358714789,699.709644586,16655.529607,0.384330985915,0.0159330985915,6.59286971831,7.08855207369e-05,Class 4
0.364397735444,14.5268485915,2338.9603024,62.1250550176,0.886376743958,1.0,224.644845277,0.62326274441,0.665654188664,0.0437100899577,0.228729206451,0.579915288978,1.0,1.0,0.893187365378,4.88754401408,0.568661971831,234.013138204,5863.67008555,150623.267227,1.21329225352,-0.000396126760563,55.4786091549,0.000223404053695,Class 4
0.866908986932,4.07904929577,139.859378373,9.25587588028,0.966803427536,1.0,32.6270793189,0.170578267548,0.184351730013,0.0537075308641,0.0968532363443,0.486711790462,1.0,1.0,0.968713555371,0.721566901408,0.930809859155,32.7451584507,793.919677047,19951.441627,0.339084507042,0.00422535211268,7.25281690141,6.27304774437e-05,Class 4
0.876215207176,6.24771126761,78.2854513432,7.22174295775,0.957424022814,1.0,22.5723335862,0.158296590692,0.173533717211,0.0529578830543,0.110614485379,0.287566225944,1.0,1.0,0.960140518592,0.570686619718,0.935827464789,22.6389084507,499.501834837,11824.0531835,0.49823943662,8.67361737988e-19,4.16522887324,9.60816803938e-05,Class 4
0.504411869545,5.57517605634,1591.17662887,49.6400528169,0.940485842033,1.0,186.937314596,0.526854976282,0.558862404367,0.0489898186434,0.166636417436,0.683091693089,1.0,1.0,0.943477334359,3.73794014085,0.701056338028,192.683802817,5108.17750605,137398.962531,0.492429577465,0.00457746478873,47.2404929577,8.57389628041e-05,Class 4
0.783648457647,8.08142605634,266.019131616,16.6505611796,0.942709299613,1.0,57.8497349099,0.258825915252,0.27971011221,0.0507973988296,0.146813368193,0.464624492534,1.0,1.0,0.946185574988,1.23058978873,0.884330985915,58.4571082746,1511.58552074,40947.7507317,0.645862676056,0.00180457746479,12.7438380282,0.000124281830932,Class 4
0.866425947853,5.11839788732,141.033330377,9.70743838028,0.961959903962,1.0,34.0050624331,0.177678416508,0.193964354637,0.0531261119756,0.111283054013,0.43458590261,1.0,1.0,0.964219282038,0.731029929577,0.930633802817,34.1431558099,864.106248625,22861.6814797,0.408362676056,-0.00787852112676,7.34366197183,7.8714308148e-05,Class 4
0.784549289575,10.9125,141.350724025,12.2530479754,0.920432476739,1.0,37.8698776656,0.237706703014,0.265342604257,0.0482405795911,0.173213144477,0.235848554302,1.0,1.0,0.925423172045,0.993397887324,0.884683098592,38.2768485915,823.605196413,19027.9615874,0.898063380282,-0.00343309859155,6.9613556338,0.000167820069204,Class 4
0.612388678462,8.86558098592,765.855381213,32.8051166373,0.921619700506,1.0,119.630017211,0.432282411531,0.469029051625,0.0471521734666,0.195852680488,0.541712377062,1.0,1.0,0.92609470122,2.5193221831,0.779049295775,122.555347711,3132.56765102,82122.2236301,0.752376760563,-0.00365316901408,28.7334507042,0.000136341114739,Class 4
0.897927246578,3.11558098592,95.0986041469,6.62330545775,0.97476255079,1.0,23.2226264246,0.12772762315,0.136855928046,0.054955375685,0.0705345393903,0.513206796461,1.0,1.0,0.976226017967,0.528829225352,0.94735915493,23.2277068662,547.005294069,13376.7306228,0.263820422535,0.00259683098592,5.09022887324,4.79135868653e-05,Class 4
0.974995614089,1.31549295775,15.1589291165,1.62606734155,0.991049902933,1.0,4.80120776914,0.0406604863052,0.0440933768242,0.0573687491089,0.0310945675485,0.362648439892,1.0,1.0,0.991643696312,0.115316901408,0.987411971831,4.77627640845,110.227519806,2743.48000041,0.103345070423,0.00739436619718,0.875704225352,2.02305722068e-05,Class 4
0.956396145358,0.825352112676,63.1689911518,3.87594630282,0.991123688346,1.0,14.9708612584,0.063473729544,0.0674188254802,0.0570768439034,0.0355768863175,0.700196685823,1.0,1.0,0.991573015819,0.27764084507,0.977904929577,14.9141285211,417.876980634,11951.9737889,0.0723591549296,-0.00396126760563,3.55299295775,1.26928429477e-05,Class 4
0.958918865305,2.76276408451,15.5540000235,2.27446082746,0.982838572851,1.0,6.28591538335,0.0620266651271,0.0681846915467,0.0563627870602,0.0522084074765,0.184032379436,1.0,1.0,0.984018667292,0.170554577465,0.979225352113,6.25473151408,130.38807906,3021.08780535,0.211179577465,0.00162852112676,0.890404929577,4.24877214073e-05,Class 4
0.9527254482,2.81117957746,27.0946182448,2.90183758803,0.980795987521,1.0,8.90561726135,0.0712725395384,0.078796552002,0.0559109356015,0.0621480292233,0.262142713308,1.0,1.0,0.982024809111,0.216417253521,0.976056338028,8.86965228873,205.188923581,5161.03500358,0.21786971831,-0.0012764084507,1.53776408451,4.3232288773e-05,Class 4
0.657416280252,6.91276408451,598.71690611,27.1628301056,0.936334386984,1.0,99.5496761834,0.360061409459,0.384951869842,0.049111789188,0.151507518411,0.589784988853,1.0,1.0,0.939658818294,2.14907570423,0.807042253521,101.456316021,2504.87576612,63202.1875468,0.603257042254,0.00558978873239,23.9006161972,0.000106309328481,Class 4
0.975898615726,1.26373239437,8.5108873706,1.12470290493,0.991344956147,1.0,3.23014104302,0.032294527777,0.0349177393763,0.0575135267758,0.0223589553339,0.269316779913,1.0,1.0,0.991953644947,0.093661971831,0.987852112676,3.20999119718,61.4748294454,1291.44577671,0.104929577465,0.000528169014085,0.494366197183,1.94345620049e-05,Class 4
0.968598259894,1.02253521127,27.1040496424,2.13833626761,0.992516538829,1.0,7.19354478887,0.0483337788367,0.0506540111072,0.0575436082328,0.0253574594587,0.585903991258,1.0,1.0,0.992967097457,0.160211267606,0.984154929577,7.15770246479,172.694712808,4375.5601198,0.0838028169014,0.00730633802817,1.54991197183,1.57252627646e-05,Class 4
0.996834503943,0.232570422535,-0.0667794527599,0.118992077465,0.998426242036,1.0,0.232393311287,0.00536443084221,0.00584141499027,0.0583959694567,0.00536443084221,9.34003649992e-05,1.0,1.0,0.998536410772,0.00959507042254,0.998415492958,0.243397887324,2.73233109595,32.8455772722,0.0191901408451,-1.08420217249e-19,0.0,3.57663087328e-06,Class 4
0.901748506001,3.2423415493,79.9876911799,5.97648547535,0.974636426287,1.0,20.2533662886,0.117306720153,0.126124072689,0.0550301473232,0.0690249816522,0.462823959957,1.0,1.0,0.976160972244,0.485343309859,0.949295774648,20.2402948944,453.319791208,10571.6963771,0.272975352113,0.00867077464789,4.30625,4.98629996047e-05,Class 4
