0.69872452334,3.0641025641,49.0414560977,5.13485576923,0.917196119196,1.0,17.9045506671,0.309629557518,0.338014140015,0.087200443787,0.179168669779,0.369328663043,1.0,1.0,0.925503663004,0.839743589744,0.833333333333,18.071474359,214.011458333,2661.25951522,0.494871794872,-0.024358974359,3.94615384615,0.000772008708517,Class 1
0.519894806049,5.05641025641,104.550773704,8.50600961538,0.860817740818,1.0,28.9740396575,0.450477253267,0.497888553168,0.0740643491124,0.259270923994,0.312356948639,1.0,1.0,0.874954212454,1.43333333333,0.710256410256,29.9830128205,344.703926282,4147.54653446,0.825641025641,-0.0410256410256,6.57435897436,0.00127397587715,Class 1
0.795055884287,2.44102564103,17.4776960668,2.64639423077,0.931270963271,1.0,8.57452670528,0.196397980788,0.217620267848,0.0919982741617,0.130449315055,0.278276437219,1.0,1.0,0.938965201465,0.466666666667,0.889743589744,8.4983974359,87.1388621795,962.930188301,0.410256410256,-0.0153846153846,1.61538461538,0.000615022837245,Class 1
0.789480604865,2.40512820513,22.7721028851,3.01947115385,0.934783090783,1.0,10.2493041531,0.221574558396,0.243261933692,0.0917435075608,0.148000257867,0.329201749048,1.0,1.0,0.941391941392,0.520512820513,0.887179487179,10.203525641,110.393669872,1267.09589343,0.389743589744,-0.0230769230769,2.0641025641,0.000605978383756,Class 1
0.69872452334,3.0641025641,49.0414560977,5.13485576923,0.917196119196,1.0,17.9045506671,0.309629557518,0.338014140015,0.087200443787,0.179168669779,0.369328663043,1.0,1.0,0.925503663004,0.839743589744,0.833333333333,18.071474359,214.011458333,2661.25951522,0.494871794872,-0.024358974359,3.94615384615,0.000772008708517,Class 1
0.795055884287,2.44102564103,17.4776960668,2.64639423077,0.931270963271,1.0,8.57452670528,0.196397980788,0.217620267848,0.0919982741617,0.130449315055,0.278276437219,1.0,1.0,0.938965201465,0.466666666667,0.889743589744,8.4983974359,87.1388621795,962.930188301,0.410256410256,-0.0153846153846,1.61538461538,0.000615022837245,Class 1
0.476896778435,4.02051282051,182.710063654,11.4425480769,0.877793485793,1.0,40.6487892379,0.492842264172,0.539606545844,0.074378287311,0.262039220555,0.408330371772,1.0,1.0,0.887957875458,1.81794871795,0.676923076923,42.2342948718,524.232772436,6688.01127804,0.666666666667,-0.0179487179487,9.99230769231,0.00101297879076,Class 1
0.665706771861,3.51025641026,57.0035227911,5.82908653846,0.902052668053,1.0,19.990009201,0.338490455119,0.372733364889,0.0827790105194,0.209014283319,0.336238406055,1.0,1.0,0.911492673993,0.942307692308,0.812820512821,20.271474359,240.328125,2991.33066907,0.571794871795,-0.0217948717949,4.41025641026,0.000884418344736,Class 1
0.519894806049,5.05641025641,104.550773704,8.50600961538,0.860817740818,1.0,28.9740396575,0.450477253267,0.497888553168,0.0740643491124,0.259270923994,0.312356948639,1.0,1.0,0.874954212454,1.43333333333,0.710256410256,29.9830128205,344.703926282,4147.54653446,0.825641025641,-0.0410256410256,6.57435897436,0.00127397587715,Class 1
0.666732412886,2.50256410256,75.5698329323,6.25793269231,0.919362439362,1.0,23.8553061681,0.335116202903,0.365333712682,0.0849617850099,0.194853728358,0.463682097689,1.0,1.0,0.925915750916,1.04102564103,0.812820512821,24.1599358974,300.618349359,3857.24941907,0.425641025641,-0.0615384615385,5.65897435897,0.000630527614655,Class 1
0.453307034845,4.44358974359,173.845366941,10.5694711538,0.863477477477,1.0,38.5666749375,0.48629917308,0.531266135116,0.0746429158448,0.237616882066,0.449276763375,1.0,1.0,0.877380952381,1.8141025641,0.653846153846,40.1073717949,482.052483974,6004.39733574,0.766666666667,-0.0910256410256,9.35384615385,0.00111957413545,Class 1
0.346114398422,6.12820512821,261.068417158,13.7079326923,0.809244629245,1.0,47.3712412293,0.581298571592,0.650052063708,0.0612882149901,0.327246721994,0.305773277877,1.0,1.0,0.827380952381,2.31025641026,0.553846153846,50.1573717949,591.582772436,7228.44397035,1.05128205128,-0.0538461538462,11.5692307692,0.00154401741703,Class 1
0.656305062459,3.81025641026,47.376761139,5.30600961538,0.891179487179,1.0,17.5470457128,0.323378072629,0.356585807366,0.0822349605523,0.193689230079,0.325093345267,1.0,1.0,0.902976190476,0.894871794872,0.805128205128,17.7676282051,198.267387821,2353.60038061,0.641025641026,-0.0153846153846,3.69743589744,0.000960004134607,Class 1
0.607876397107,6.13076923077,33.182529352,5.40793269231,0.84125987526,1.0,15.2810917853,0.343120262576,0.393102733099,0.0733608645628,0.243136065356,0.124239005334,1.0,1.0,0.859340659341,0.914102564103,0.771794871795,15.5663461538,152.103445513,1623.08227163,0.992307692308,-0.00128205128205,2.57179487179,0.00154466344943,Class 1
0.643773833005,4.37435897436,46.5922444058,5.28293269231,0.883656271656,1.0,17.6708873798,0.340478240563,0.377476909785,0.0810318047337,0.20697574191,0.280645222934,1.0,1.0,0.896474358974,0.917948717949,0.797435897436,17.9496794872,198.060657051,2336.06416266,0.712820512821,-0.0487179487179,3.60769230769,0.00110213126086,Class 1
0.817133464826,1.95128205128,18.4721915614,2.41370192308,0.947485793486,1.0,8.55772402166,0.18856347408,0.205059138561,0.0959183925049,0.111108061666,0.364624597719,1.0,1.0,0.953342490842,0.439743589744,0.902564102564,8.4766025641,90.3268429487,1023.92041266,0.320512820513,-0.0320512820513,1.72564102564,0.000491630650361,Class 1
0.519894806049,5.05641025641,104.550773704,8.50600961538,0.860817740818,1.0,28.9740396575,0.450477253267,0.497888553168,0.0740643491124,0.259270923994,0.312356948639,1.0,1.0,0.874954212454,1.43333333333,0.710256410256,29.9830128205,344.703926282,4147.54653446,0.825641025641,-0.0410256410256,6.57435897436,0.00127397587715,Class 1
0.656305062459,3.81025641026,47.376761139,5.30600961538,0.891179487179,1.0,17.5470457128,0.323378072629,0.356585807366,0.0822349605523,0.193689230079,0.325093345267,1.0,1.0,0.902976190476,0.894871794872,0.805128205128,17.7676282051,198.267387821,2353.60038061,0.641025641026,-0.0153846153846,3.69743589744,0.000960004134607,Class 1
0.663300460224,3.60256410256,53.5057493829,5.590625,0.905844767845,1.0,18.9602333741,0.33431828234,0.365996978131,0.0844160913872,0.198138168913,0.354878109771,1.0,1.0,0.915201465201,0.932051282051,0.810256410256,19.2253205128,216.865304487,2563.33066907,0.571794871795,-0.0217948717949,4.12307692308,0.00090767551085,Class 1
0.759671268902,2.24615384615,32.8155143929,3.63870192308,0.937313929314,1.0,13.0252462766,0.245654100363,0.264024856496,0.0923401545036,0.142715280719,0.421363382163,1.0,1.0,0.943681318681,0.635897435897,0.869230769231,13.0163461538,145.086939103,1693.03082933,0.369230769231,-0.0307692307692,2.8358974359,0.000565924375448,Class 1
0.620920447074,3.49743589744,70.2385266089,6.35408653846,0.895889119889,1.0,22.3762333587,0.364748997864,0.400590696175,0.0813227317554,0.212720240337,0.363337620186,1.0,1.0,0.90608974359,1.08461538462,0.782051282051,22.803525641,262.198798077,3147.22858574,0.589743589744,-0.0384615384615,5.08205128205,0.000881188182775,Class 1
0.807955292571,2.97179487179,9.79111869161,2.23677884615,0.923765765766,1.0,6.46381056813,0.188998003409,0.212061251251,0.0907967619987,0.142159775378,0.155792151001,1.0,1.0,0.932509157509,0.39358974359,0.897435897436,6.39455128205,59.1672275641,606.846053686,0.479487179487,-0.0166666666667,0.938461538462,0.000748751542402,Class 1
0.808060486522,2.78461538462,11.6541876899,2.32524038462,0.930037422037,1.0,6.94537076809,0.187023076371,0.208534112267,0.0924979454306,0.128360224941,0.218848943772,1.0,1.0,0.938186813187,0.407692307692,0.897435897436,6.87019230769,65.3564903846,680.104867788,0.446153846154,-0.0153846153846,1.10769230769,0.000701591177782,Class 1
0.561025641026,2.6641025641,143.344511236,9.50985576923,0.91554954955,1.0,35.8478329084,0.417742025852,0.44995994784,0.0838638231427,0.202113335038,0.51044660841,1.0,1.0,0.922344322344,1.53205128205,0.738461538462,36.7637820513,466.947996795,6065.25759215,0.448717948718,-0.0525641025641,8.89230769231,0.000671227655355,Class 1
0.489138724523,2.11282051282,246.901754132,12.8694711538,0.933311157311,1.0,49.6551284819,0.452557976772,0.475391674818,0.0894341715976,0.164960077303,0.638740218593,1.0,1.0,0.939056776557,2.04871794872,0.669230769231,51.1727564103,668.21161859,8854.92858574,0.358974358974,-0.0692307692308,12.7615384615,0.000532330691061,Class 1
0.724036817883,2.91538461538,37.6456305672,4.33293269231,0.914598752599,1.0,14.759914331,0.281846593226,0.312208157929,0.0855304898093,0.190401808364,0.326153985124,1.0,1.0,0.922664835165,0.726923076923,0.848717948718,14.8355769231,166.670432692,1971.24861779,0.484615384615,-0.0166666666667,3.14615384615,0.000734538829777,Class 1
0.564549638396,2.62820512821,127.362730218,8.85600961538,0.900200970201,1.0,32.3669005711,0.415863502087,0.457078639017,0.0776376561473,0.23678764455,0.469438032265,1.0,1.0,0.907051282051,1.44487179487,0.74358974359,33.2150641026,404.221714744,5034.08964343,0.474358974359,-0.0166666666667,7.99230769231,0.000662183201866,Class 1
0.481591058514,3.18717948718,196.335581527,11.4887019231,0.895241857242,1.0,41.8396227469,0.485628078545,0.527569020346,0.0775324621959,0.240416077117,0.475735939443,1.0,1.0,0.903113553114,1.85,0.679487179487,43.4099358974,538.326201923,6824.03451522,0.541025641026,-0.0294871794872,10.5025641026,0.000803018263336,Class 1
0.529125575279,2.79230769231,157.427447112,10.0021634615,0.922116424116,1.0,36.7508817517,0.439736764054,0.46652748414,0.0877297008547,0.177106034771,0.553903852389,1.0,1.0,0.929532967033,1.63205128205,0.712820512821,37.8586538462,465.443189103,5861.59573317,0.453846153846,-0.0294871794872,9.15897435897,0.000703529274958,Class 1
0.399500328731,5.62564102564,205.356522765,12.1021634615,0.829657657658,1.0,42.2354235558,0.530429374553,0.58890340394,0.0676540927022,0.2786839131,0.381335538963,1.0,1.0,0.84706959707,2.02051282051,0.607692307692,44.2830128205,531.963862179,6649.64557292,0.964102564103,-0.0589743589744,10.1538461538,0.00141739506819,Class 1
0.619000657462,1.27948717949,141.939806605,9.30600961538,0.957046431046,1.0,36.6700452912,0.342792402169,0.356621370482,0.0952379191321,0.123099102466,0.694426951089,1.0,1.0,0.960119047619,1.45769230769,0.771794871795,37.1560897436,491.117548077,6568.46816907,0.217948717949,-0.0448717948718,9.31794871795,0.00032237016364,Class 1
0.724326101249,3.77435897436,25.3362568855,3.88100961538,0.894691614692,1.0,11.8874503836,0.268859318502,0.305116665851,0.0818256903353,0.210929466496,0.20704805876,1.0,1.0,0.905402930403,0.648717948718,0.848717948718,11.9266025641,124.094310897,1393.0151242,0.620512820513,-0.00769230769231,2.18461538462,0.000950959681118,Class 1
0.424549638396,4.52051282051,206.028903878,11.7194711538,0.868674982675,1.0,42.1734384845,0.499210632024,0.541861123093,0.0773154996713,0.217600420895,0.481674235411,1.0,1.0,0.882875457875,1.98846153846,0.623076923077,43.9689102564,526.378125,6517.06848958,0.766666666667,-0.0653846153846,10.3435897436,0.00113895510721,Class 1
0.649559500329,1.31282051282,113.214756356,7.93100961538,0.957028413028,1.0,31.1909410042,0.331892806267,0.348291309147,0.0952444937541,0.122247416788,0.672655134846,1.0,1.0,0.960073260073,1.2641025641,0.797435897436,31.5573717949,409.725080128,5397.79204728,0.220512820513,-0.0435897435897,7.86153846154,0.000330768584737,Class 1
0.727968441815,3.9358974359,24.9457690123,3.92331730769,0.897165627166,1.0,11.9461505327,0.276068208786,0.310382549415,0.0828283201841,0.206585182513,0.19012075089,1.0,1.0,0.907738095238,0.644871794872,0.851282051282,11.9996794872,126.648637821,1447.30310497,0.628205128205,-0.00897435897436,2.16153846154,0.000991659721818,Class 1
0.690887573964,3.47435897436,41.0880783964,4.59831730769,0.897065835066,1.0,15.8995748758,0.30497593608,0.341097640184,0.0812405489809,0.216143059405,0.295010138818,1.0,1.0,0.906913919414,0.803846153846,0.828205128205,16.0458333333,177.718509615,2080.8088742,0.582051282051,-0.0474358974359,3.32820512821,0.000875373891247,Class 1
0.588257725181,1.91538461538,164.897133381,10.8117788462,0.946923076923,1.0,41.5280705784,0.33871870197,0.359222903884,0.0929696745562,0.129942430805,0.652132531667,1.0,1.0,0.950961538462,1.64230769231,0.74358974359,42.0586538462,559.679086538,7540.85534856,0.3,-0.0269230769231,10.4307692308,0.000482586196872,Class 1
0.675713346483,5.00256410256,25.5412360325,4.26754807692,0.864805266805,1.0,12.7086487097,0.305171872334,0.347610347762,0.0763621794872,0.237861009856,0.138605008027,1.0,1.0,0.87934981685,0.737179487179,0.817948717949,12.8407051282,129.275560897,1430.88259215,0.817948717949,-0.0320512820513,2.12820512821,0.00126040919692,Class 1
0.453307034845,4.44358974359,173.845366941,10.5694711538,0.863477477477,1.0,38.5666749375,0.48629917308,0.531266135116,0.0746429158448,0.237616882066,0.449276763375,1.0,1.0,0.877380952381,1.8141025641,0.653846153846,40.1073717949,482.052483974,6004.39733574,0.766666666667,-0.0910256410256,9.35384615385,0.00111957413545,Class 1
0.686285338593,4.41025641026,32.7219349849,4.43100961538,0.878281358281,1.0,14.3564126126,0.309704585108,0.350709319315,0.0775275312295,0.240655723807,0.200593331369,1.0,1.0,0.890338827839,0.766666666667,0.825641025641,14.5060897436,155.659054487,1800.11961138,0.717948717949,-0.0487179487179,2.7,0.00111117571435,Class 1
0.419815910585,4.29230769231,225.639185476,12.2887019231,0.868449064449,1.0,44.5244546046,0.515365733571,0.558813657542,0.0755140532544,0.236298445472,0.480065325817,1.0,1.0,0.881730769231,2.04615384615,0.623076923077,46.4932692308,569.686298077,7198.89621394,0.738461538462,-0.0615384615385,11.0461538462,0.00108145822432,Class 1
0.458921761999,3.87692307692,183.825189523,10.7040865385,0.884856548857,1.0,39.6377216304,0.476345940191,0.512776538959,0.0801557363577,0.205445947139,0.506975342403,1.0,1.0,0.896978021978,1.84871794872,0.653846153846,41.1471153846,493.298157051,6100.84717548,0.661538461538,-0.0897435897436,9.7641025641,0.000976800976801,Class 1
0.449283366206,7.52307692308,104.726000818,9.60985576923,0.785555093555,1.0,29.5453034694,0.497494711332,0.571791774331,0.0581455456936,0.349710198482,0.163120339861,1.0,1.0,0.807005494505,1.57179487179,0.65641025641,30.9163461538,342.982772436,4049.94140625,1.24615384615,5.89805981832e-17,6.22564102564,0.00189545903832,Class 1
0.391637080868,6.05641025641,192.089828961,11.5560096154,0.81591961192,1.0,40.5430748772,0.526982031221,0.587960408578,0.0651935404339,0.288027982951,0.341164931174,1.0,1.0,0.834844322344,2.00769230769,0.597435897436,42.5522435897,496.010336538,6032.25999599,1.04102564103,-0.0974358974359,9.61025641026,0.00152592851006,Class 1
0.346114398422,6.12820512821,261.068417158,13.7079326923,0.809244629245,1.0,47.3712412293,0.581298571592,0.650052063708,0.0612882149901,0.327246721994,0.305773277877,1.0,1.0,0.827380952381,2.31025641026,0.553846153846,50.1573717949,591.582772436,7228.44397035,1.05128205128,-0.0538461538462,11.5692307692,0.00154401741703,Class 1
0.683313609467,3.7641025641,51.9724743663,5.70408653846,0.902031878032,1.0,19.3462564576,0.313190913601,0.345550265836,0.0833197731755,0.205471901907,0.320764186404,1.0,1.0,0.91163003663,0.894871794872,0.823076923077,19.5368589744,236.755849359,3024.03307292,0.594871794872,-0.0179487179487,4.15128205128,0.00094837555155,Class 1
0.844549638396,1.9641025641,18.0952664949,2.03293269231,0.953649341649,1.0,8.69072235072,0.165557549877,0.172442402692,0.0976261505588,0.102823361803,0.509480690429,1.0,1.0,0.958745421245,0.4,0.917948717949,8.59070512821,103.438221154,1332.38403446,0.302564102564,-0.0897435897436,1.74102564103,0.000494860812321,Class 1
0.780854700855,3.6641025641,10.6740362285,2.63293269231,0.906160776161,1.0,7.32937975613,0.21807567739,0.247903737197,0.0862701347798,0.176645456537,0.0996116043592,1.0,1.0,0.916575091575,0.45,0.882051282051,7.28685897436,68.1127403846,714.292207532,0.587179487179,-0.0166666666667,1.00256410256,0.00092318028826,Class 1
0.782195923734,3.39487179487,10.4928986079,2.50216346154,0.907586971587,1.0,7.03022411172,0.20192052065,0.228164161298,0.0871593523997,0.156045579574,0.144780058979,1.0,1.0,0.918223443223,0.438461538462,0.882051282051,6.96762820513,64.5487980769,675.246534455,0.564102564103,-0.0153846153846,0.987179487179,0.000855346887093,Class 1
0.717527942143,1.66923076923,61.5284931449,5.09254807692,0.953459459459,1.0,20.1512872387,0.288551833774,0.303548272799,0.0958033366206,0.121095146186,0.610510967631,1.0,1.0,0.957692307692,0.880769230769,0.84358974359,20.2663461538,246.724278846,3084.32361779,0.269230769231,-0.0602564102564,4.85384615385,0.000420567087234,Class 1
0.611216305062,4.23076923077,59.9095210798,6.30216346154,0.878494802495,1.0,20.4145445441,0.357406012372,0.398956587776,0.0783608645628,0.226326419725,0.278228189233,1.0,1.0,0.891071428571,1.05128205128,0.774358974359,20.8009615385,227.954246795,2630.83852163,0.707692307692,0.00769230769231,4.38974358974,0.00106595344691,Class 2
0.76060486522,2.9641025641,20.8389313024,3.35408653846,0.921325017325,1.0,9.97023049682,0.221870235871,0.245289810167,0.0903562623274,0.139162268103,0.267168728123,1.0,1.0,0.930448717949,0.551282051282,0.869230769231,9.92147435897,100.347516026,1090.83884215,0.487179487179,0.0230769230769,1.86153846154,0.000746813445226,Class 2
0.374621959237,7.29230769231,210.335039608,13.6502403846,0.805471933472,1.0,43.3858656472,0.575055069214,0.641641343611,0.0620640203813,0.333027436597,0.270817460588,1.0,1.0,0.824862637363,2.10512820513,0.589743589744,45.8548076923,549.245592949,6872.89717548,1.16923076923,0.0538461538462,10.1512820513,0.00183731612303,Class 2
0.657159763314,2.41025641026,69.3719923491,6.43293269231,0.919645183645,1.0,21.8081334094,0.328929155396,0.355314538286,0.086224112426,0.177294374722,0.480329575719,1.0,1.0,0.927014652015,1.01538461538,0.805128205128,22.0830128205,258.626682692,3131.58211138,0.425641025641,0.0538461538462,5.15641025641,0.00060727044854,Class 2
0.744812623274,1.85897435897,57.1675515656,5.690625,0.952192654193,1.0,19.994863428,0.251722658518,0.268130349625,0.0958197731755,0.119651595917,0.549787378365,1.0,1.0,0.956639194139,0.824358974359,0.858974358974,19.9996794872,257.940304487,3418.12233574,0.289743589744,0.0346153846154,4.72564102564,0.000468373484247,Class 2
0.62899408284,2.97692307692,70.5777817336,6.58100961538,0.914914760915,1.0,22.1072697093,0.327165257109,0.354435475047,0.0874634286654,0.165461614345,0.435197036272,1.0,1.0,0.924038461538,1.08333333333,0.782051282051,22.3971153846,250.05536859,2889.7938101,0.5,0.0397435897436,5.11025641026,0.000750043607186,Class 2
0.625509533202,3.87435897436,57.5979010702,6.25985576923,0.892425502426,1.0,19.742932476,0.334784179466,0.369014994018,0.082683678501,0.19418706005,0.326199173588,1.0,1.0,0.904166666667,1.01666666667,0.782051282051,20.0381410256,217.608573718,2480.18483574,0.64358974359,0.0474358974359,4.27948717949,0.000976154944409,Class 2
0.726482577252,2.61794871795,54.0425580447,5.77908653846,0.934551628552,1.0,19.5358492311,0.270682173323,0.292613806658,0.0911945266272,0.150279730469,0.447963959889,1.0,1.0,0.940613553114,0.839743589744,0.848717948718,19.5945512821,246.63838141,3218.96913061,0.402564102564,0.0346153846154,4.43846153846,0.000659599072297,Class 2
0.442287968442,6.00769230769,175.643050894,12.2021634615,0.853201663202,1.0,40.1184836221,0.513946072409,0.560017559751,0.0735318047337,0.262131260494,0.371086715978,1.0,1.0,0.868406593407,1.87564102564,0.646153846154,41.8971153846,510.425560897,6470.21207933,0.930769230769,0.0346153846154,9.42564102564,0.00151365389461,Class 2
0.378093359632,7.91538461538,160.495484753,11.7098557692,0.778474012474,1.0,36.9960557231,0.543224516692,0.61554880175,0.0596264792899,0.326535770513,0.22474571372,1.0,1.0,0.802197802198,1.93717948718,0.587179487179,39.0355769231,440.794791667,5263.3390024,1.31538461538,-0.00641025641026,8.24871794872,0.0019943019943,Class 2
0.50735042735,2.92307692308,176.462858517,11.2790865385,0.910752598753,1.0,39.5581707172,0.460492727306,0.491978714117,0.0838786160421,0.201269228459,0.52731265336,1.0,1.0,0.918818681319,1.7358974359,0.697435897436,40.8701923077,510.784054487,6537.08948317,0.492307692308,0.0512820512821,9.90512820513,0.000736476926953,Class 2
0.964589086128,0.646153846154,-0.145821579044,0.369471153846,0.982536382536,1.0,0.639266261751,0.0390625128981,0.0443858014894,0.104968359632,0.0390625128981,0.00176500689938,1.0,1.0,0.984615384615,0.0538461538462,0.982051282051,0.654807692308,3.396875,19.6240985577,0.107692307692,0.00769230769231,0.0,0.0001628001628,Class 2
0.681512163051,2.21282051282,61.8029373439,5.86947115385,0.931045045045,1.0,20.1285801733,0.308646149679,0.329910348982,0.0901360124918,0.151969808811,0.505913983797,1.0,1.0,0.937820512821,0.934615384615,0.820512820513,20.3150641026,237.744471154,2878.82714343,0.382051282051,0.0397435897436,4.74358974359,0.000557525954351,Class 2
0.540092044707,2.16923076923,170.883135359,10.7060096154,0.94469022869,1.0,38.8470892674,0.418715939632,0.437176138647,0.0940511998685,0.132675724304,0.66221031385,1.0,1.0,0.95,1.67179487179,0.717948717949,39.8625,498.558733974,6355.55198317,0.338461538462,0.0282051282051,9.82564102564,0.000546543403686,Class 2
0.756607495069,3.17435897436,18.6879455632,3.23293269231,0.913876645877,1.0,9.45916293241,0.217212206069,0.242667099993,0.0888424556213,0.141213259974,0.22219168637,1.0,1.0,0.923946886447,0.541025641026,0.866666666667,9.40352564103,92.8885416667,996.457431891,0.528205128205,0.0153846153846,1.67692307692,0.000799788101375,Class 2
0.508875739645,3.16153846154,173.584972977,11.3310096154,0.90585031185,1.0,39.6762499451,0.455175956412,0.487905874204,0.0833871630506,0.202484981676,0.518093992426,1.0,1.0,0.914835164835,1.72948717949,0.697435897436,40.9509615385,517.20536859,6700.80534856,0.530769230769,0.0448717948718,9.8641025641,0.000796557939415,Class 2
0.606548323471,1.39743589744,128.384077683,8.99639423077,0.952092862093,1.0,32.6432979326,0.372700144257,0.387951115068,0.0940544871795,0.13232963165,0.673857565355,1.0,1.0,0.955815018315,1.38333333333,0.769230769231,33.2458333333,417.160176282,5322.37810497,0.24358974359,0.0474358974359,8.29230769231,0.000352087653675,Class 2
0.772504930966,2.82051282051,20.4789644836,3.18677884615,0.92245045045,1.0,9.78927197411,0.225814091852,0.249919580526,0.0896560650888,0.152429906259,0.254058084982,1.0,1.0,0.930952380952,0.528205128205,0.876923076923,9.74967948718,101.485016026,1138.31223958,0.466666666667,0.00769230769231,1.84871794872,0.000710635631271,Class 2
0.705943458251,2.39487179487,47.5056733386,5.08677884615,0.927337491337,1.0,16.8489604186,0.282328077848,0.306037607627,0.0896067554241,0.154015701212,0.440960955937,1.0,1.0,0.934706959707,0.812820512821,0.835897435897,16.9368589744,191.75713141,2260.65807292,0.410256410256,0.0410256410256,3.82307692308,0.000603394254188,Class 2
0.526535174227,3.55128205128,157.14126409,11.1502403846,0.898188496188,1.0,38.3551354807,0.440071858627,0.476174426802,0.0811419296515,0.220243047861,0.467002224545,1.0,1.0,0.907600732601,1.65769230769,0.710256410256,39.4842948718,503.204086538,6588.28868189,0.582051282051,0.0602564102564,9.38205128205,0.000894754863009,Class 2
0.557199211045,1.75641025641,155.859465,10.0483173077,0.947241857242,1.0,36.348322651,0.405006484383,0.422762265966,0.0940544871795,0.13232963165,0.666574826312,1.0,1.0,0.952152014652,1.57820512821,0.730769230769,37.2253205128,460.246073718,5795.67297676,0.294871794872,0.0448717948718,9.24615384615,0.000442532188564,Class 2
0.660341880342,1.94102564103,80.3303396128,6.70408653846,0.935965349965,1.0,24.1527971408,0.332436587287,0.356189939082,0.0906619822485,0.150215397643,0.546875346486,1.0,1.0,0.94184981685,1.06538461538,0.807692307692,24.4560897436,299.435817308,3769.74605369,0.341025641026,0.0166666666667,5.87948717949,0.000489046520793,Class 2
0.482761341223,2.8,205.793122132,12.1598557692,0.905696465696,1.0,43.214678333,0.474792460194,0.509708190401,0.0818141847469,0.209739499737,0.533721686302,1.0,1.0,0.913873626374,1.87692307692,0.676923076923,44.7394230769,565.018990385,7292.99621394,0.492307692308,0.0384615384615,10.9384615385,0.000705467372134,Class 2
0.751387245233,1.92051282051,44.8156544344,5.04639423077,0.952508662509,1.0,16.3475206992,0.24929638544,0.259457308242,0.097673816568,0.0967611121846,0.647278211629,1.0,1.0,0.958012820513,0.724358974359,0.864102564103,16.3458333333,199.795112179,2540.38868189,0.305128205128,0.075641025641,3.77179487179,0.000483878261656,Class 2
0.52741617357,3.11282051282,159.387274284,10.9117788462,0.909485793486,1.0,37.8825398156,0.445224388304,0.476474446989,0.0838473865878,0.202839153519,0.510065404225,1.0,1.0,0.917765567766,1.64871794872,0.712820512821,39.0342948718,491.927003205,6357.55358574,0.512820512821,0.0589743589744,9.37692307692,0.000784283323966,Class 2
0.52650887574,2.97948717949,150.979136862,10.3233173077,0.909557865558,1.0,35.8263963949,0.445303765576,0.477010256541,0.0839065581854,0.199958336931,0.510838376745,1.0,1.0,0.917948717949,1.60512820513,0.712820512821,36.9445512821,453.131169872,5705.8051883,0.502564102564,0.0564102564103,8.87692307692,0.000750689639579,Class 2
0.699868507561,1.44102564103,90.3101286546,7.72716346154,0.963595287595,1.0,27.7949366007,0.260865319586,0.270441448038,0.0994062294543,0.0929365640277,0.722684717987,1.0,1.0,0.967261904762,1.09230769231,0.825641025641,27.8368589744,370.990144231,5023.31288061,0.225641025641,0.0615384615385,6.85641025641,0.00036307020434,Class 2
0.706127547666,1.19487179487,93.8545963187,7.82524038462,0.972343728344,1.0,28.6684473117,0.245882036478,0.250891658023,0.101860207101,0.0712678372392,0.766975394071,1.0,1.0,0.975091575092,1.10769230769,0.828205128205,28.6522435897,384.511298077,5224.62249599,0.179487179487,0.0538461538462,7.12564102564,0.000301051094702,Class 2
0.571045364892,2.28461538462,146.830148588,10.2463942308,0.92437006237,1.0,36.6510270476,0.40283505576,0.432060017722,0.086076183432,0.187125990337,0.547502793282,1.0,1.0,0.930357142857,1.53461538462,0.74358974359,37.4894230769,482.623317308,6335.94573317,0.392307692308,0.0448717948718,9.16923076923,0.000575614861329,Class 2
0.609493754109,1.97179487179,123.218947306,9.365625,0.933154539155,1.0,32.7951335508,0.373638277697,0.396886259118,0.0883181295201,0.171901999606,0.590753703499,1.0,1.0,0.938278388278,1.36794871795,0.771794871795,33.3945512821,428.885176282,5615.6864383,0.341025641026,0.0833333333333,8.18205128205,0.000496798909497,Class 2
0.563944773176,1.28461538462,195.748950516,12.1810096154,0.954482328482,1.0,44.9242655067,0.376261665605,0.392609922221,0.0940774983563,0.130534826843,0.702345243983,1.0,1.0,0.957554945055,1.77820512821,0.725641025641,45.7432692308,608.397996795,8170.43515625,0.223076923077,0.0628205128205,11.5435897436,0.000323662228424,Class 2
0.579921104536,3.51794871795,87.7117489903,7.63870192308,0.889707553708,1.0,25.5865968921,0.380208827636,0.417727567413,0.0799913708087,0.210480166683,0.393903613162,1.0,1.0,0.900641025641,1.24358974359,0.751282051282,26.1522435897,299.40713141,3562.31384215,0.610256410256,0.0384615384615,5.95384615385,0.000886356441912,Class 2
0.46358974359,4.97435897436,173.433280226,11.6521634615,0.870758142758,1.0,39.5270203002,0.499165583316,0.543062786777,0.0764821663379,0.247104723179,0.39937182069,1.0,1.0,0.883836996337,1.81538461538,0.664102564103,41.1496794872,505.272836538,6426.19877804,0.789743589744,0.0179487179487,9.48205128205,0.0012533028406,Class 2
0.734135437212,2.70256410256,47.4723360717,5.38293269231,0.929616077616,1.0,17.8154410797,0.267040217401,0.289658479701,0.0899995890861,0.161421950786,0.418357128803,1.0,1.0,0.936355311355,0.782051282051,0.853846153846,17.8599358974,222.553285256,2893.18114984,0.425641025641,0.0358974358974,3.96923076923,0.000680918141236,Class 2
0.582813938199,3.55897435897,90.3748833368,7.83485576923,0.898417186417,1.0,26.1382817357,0.39301526082,0.428064679372,0.0823483727811,0.207964829043,0.40207091928,1.0,1.0,0.908562271062,1.25641025641,0.753846153846,26.7650641026,308.752964744,3694.90070112,0.589743589744,0.0410256410256,6.1,0.000896692960185,Class 2
0.745430637738,2.64358974359,40.4228775674,4.70216346154,0.925805959806,1.0,15.7052898022,0.267333131396,0.290530771322,0.0882819690993,0.173919133241,0.385200639716,1.0,1.0,0.932600732601,0.714102564103,0.861538461538,15.7458333333,190.382291667,2413.1713742,0.428205128205,0.0166666666667,3.43846153846,0.000666059396218,Class 2
0.441814595661,1.90769230769,295.446111336,14.0790865385,0.925621621622,1.0,52.3211966243,0.496174048571,0.526190472717,0.0856291091387,0.183660237286,0.617574626146,1.0,1.0,0.931181318681,2.22051282051,0.635897435897,54.3240384615,693.896554487,8992.9327524,0.353846153846,-0.0025641025641,13.6435897436,0.000480648099696,Class 2
0.427034845496,5.31282051282,210.847616511,13.0175480769,0.85544005544,1.0,44.2246515577,0.53132482861,0.582534616605,0.0713605358317,0.280713392728,0.365419261939,1.0,1.0,0.869001831502,2.01538461538,0.633333333333,46.2727564103,573.324759615,7338.38531651,0.851282051282,0.0179487179487,10.7282051282,0.00133857911636,Class 2
0.73452991453,3.98974358974,16.9642191208,3.50793269231,0.895040887041,1.0,9.52187495801,0.244056731891,0.277103868755,0.0843700690335,0.178737230621,0.143726519429,1.0,1.0,0.907051282051,0.571794871795,0.853846153846,9.51121794872,90.6423878205,949.813201122,0.651282051282,0.0230769230769,1.50769230769,0.00100522640205,Class 2
0.648441814596,4.55897435897,40.2129485302,5.240625,0.878666666667,1.0,16.1715534722,0.329498684143,0.368674989642,0.0800324621959,0.211976929878,0.221779706326,1.0,1.0,0.892078754579,0.874358974359,0.8,16.403525641,174.026362179,1981.15550881,0.74358974359,-6.93889390391e-18,3.1641025641,0.00114864559309,Class 2
0.848520710059,1.31282051282,19.2986799179,2.57716346154,0.961103257103,1.0,8.42521680114,0.17148387731,0.184852037749,0.0982129355687,0.100889767483,0.459046321428,1.0,1.0,0.964880952381,0.394871794872,0.920512820513,8.33429487179,95.3914262821,1146.51223958,0.220512820513,0.025641025641,1.83846153846,0.000330768584737,Class 2
0.5936226167,2.89743589744,127.088281706,9.91177884615,0.92986001386,1.0,34.5439075604,0.361596708888,0.382195814797,0.0917829552926,0.143747418007,0.590732204769,1.0,1.0,0.937545787546,1.44102564103,0.753846153846,35.1189102564,456.44911859,6082.74108574,0.451282051282,0.0615384615385,8.4,0.000730016603032,Class 2
0.747850098619,0.941025641026,56.1781376174,5.05024038462,0.966077616078,1.0,18.4844539708,0.250899584841,0.263025309216,0.0988375246548,0.0906464517836,0.692280893103,1.0,1.0,0.969047619048,0.79358974359,0.861538461538,18.4868589744,226.040304487,2824.06528446,0.171794871795,0.0320512820513,4.56923076923,0.000237093887888,Class 2
0.390611439842,6.04615384615,236.300393406,14.2098557692,0.833970893971,1.0,46.6631932208,0.563182950076,0.622718179809,0.0660613905325,0.312244067084,0.329139472953,1.0,1.0,0.849175824176,2.16153846154,0.602564102564,49.1163461538,603.475721154,7669.92409856,0.969230769231,0.0666666666667,11.2923076923,0.00152334438049,Class 2
0.523576594346,3.78461538462,163.989267191,11.5329326923,0.898062370062,1.0,40.0604206934,0.434962995709,0.468091361752,0.0811649408284,0.219282357542,0.461577721204,1.0,1.0,0.90728021978,1.71282051282,0.705128205128,41.2009615385,528.667708333,6960.34621394,0.6,0.0435897435897,9.76666666667,0.000953543810687,Class 2
0.499197896121,4.42051282051,145.342897567,10.8598557692,0.873153153153,1.0,35.5501239372,0.474654119244,0.518539796554,0.0754368014464,0.254477714408,0.393027356164,1.0,1.0,0.885210622711,1.6358974359,0.694871794872,36.8573717949,450.108092949,5694.40070112,0.728205128205,0.0846153846154,8.50256410256,0.00111375984392,Class 2
0.662905982906,2.66666666667,61.4576099759,6.05024038462,0.928704088704,1.0,20.1101180579,0.305399478781,0.32659684763,0.0913095825115,0.143043035129,0.482165433318,1.0,1.0,0.936584249084,0.976923076923,0.805128205128,20.2958333333,226.950721154,2625.36897035,0.435897435897,0.0538461538462,4.6358974359,0.000671873687747,Class 2
0.521854043393,4.67948717949,112.339218646,9.10600961538,0.88093000693,1.0,30.005394958,0.434039892589,0.471763863839,0.0796823635766,0.224301540078,0.395903413709,1.0,1.0,0.893498168498,1.48333333333,0.705128205128,30.971474359,350.320753205,4113.23739984,0.741025641026,0.0320512820513,6.92820512821,0.00117900911552,Class 2
0.50261669954,5.42051282051,108.811592983,9.19447115385,0.85968953569,1.0,29.587062032,0.450513278167,0.49656295961,0.0751409434583,0.250040226701,0.322460092464,1.0,1.0,0.874633699634,1.5,0.692307692308,30.6496794872,342.896875,4007.92089343,0.866666666667,0.0307692307692,6.66666666667,0.00136571247682,Class 2
0.596975673899,3.66666666667,74.8970830635,7.08870192308,0.892304920305,1.0,23.1946448496,0.357220744572,0.39367795151,0.0815446252465,0.203589090575,0.361673915134,1.0,1.0,0.90347985348,1.15897435897,0.761538461538,23.6266025641,262.548477564,3036.35070112,0.620512820513,0.0461538461538,5.2641025641,0.000923826320652,Class 2
0.737541091387,3.6641025641,22.3432999399,3.75985576923,0.906160776161,1.0,10.9383030911,0.259281479838,0.289109539644,0.0862701347798,0.176645456537,0.21090812529,1.0,1.0,0.916575091575,0.60641025641,0.85641025641,10.9560897436,112.214983974,1245.82009215,0.587179487179,0.0166666666667,1.95897435897,0.00092318028826,Class 3
0.649572649573,3.91538461538,56.632174628,6.20600961538,0.890773388773,1.0,19.9809634875,0.351374273592,0.388809206688,0.0801130013149,0.225552740098,0.303154116992,1.0,1.0,0.901373626374,0.967948717949,0.802564102564,20.3125,236.215945513,2895.6140024,0.638461538462,0.024358974359,4.32564102564,0.000986491462682,Class 3
0.500407626561,5.92564102564,124.400642057,10.2137019231,0.844281358281,1.0,33.8023586008,0.462894357563,0.516884129451,0.069938773833,0.287968309464,0.281243256196,1.0,1.0,0.85956959707,1.57820512821,0.694871794872,34.9945512821,428.549919872,5495.11336138,0.941025641026,-0.00128205128205,7.64615384615,0.00149298085806,Class 3
0.673846153846,3.87179487179,37.64231959,4.77908653846,0.893707553708,1.0,15.1226698551,0.295037100916,0.329531196633,0.083240877712,0.189578275242,0.255215503393,1.0,1.0,0.905448717949,0.812820512821,0.815384615385,15.2445512821,159.872516026,1783.14653446,0.641025641026,1.04083408559e-17,3.03076923077,0.000975508912017,Class 3
0.636305062459,5.15384615385,36.863779053,5.240625,0.859833679834,1.0,15.6834300399,0.337668122178,0.38370315757,0.0754565253123,0.241036939713,0.163016381006,1.0,1.0,0.875,0.876923076923,0.792307692308,15.9394230769,165.732451923,1867.74621394,0.846153846154,-0.0025641025641,2.9,0.00129852510805,Class 3
0.647705456936,4.26153846154,41.0241557037,5.01177884615,0.883833679834,1.0,16.1462031218,0.30747148817,0.34408989548,0.0819637573964,0.186766848062,0.245913015309,1.0,1.0,0.897115384615,0.879487179487,0.797435897436,16.3163461538,170.223157051,1894.87794471,0.707692307692,-0.0230769230769,3.21794871795,0.00107370583561,Class 3
0.635055884287,3.91538461538,56.7541115185,5.81370192308,0.8781995842,1.0,19.7358628286,0.348494389994,0.392836203575,0.0760991946088,0.245497697763,0.29108682874,1.0,1.0,0.88956043956,0.988461538462,0.792307692308,20.0663461538,225.572355769,2669.38323317,0.669230769231,-0.0269230769231,4.26923076923,0.000986491462682,Class 3
0.630611439842,2.56666666667,86.6158866189,7.34254807692,0.908034650035,1.0,25.624003672,0.363835346398,0.400401847956,0.0812602728468,0.214341800821,0.446157593039,1.0,1.0,0.915293040293,1.14743589744,0.789743589744,26.0766025641,317.73838141,3989.88195112,0.458974358974,0.0269230769231,6.14871794872,0.000646678424456,Class 3
0.489572649573,5.09487179487,136.194526741,9.98870192308,0.847873873874,1.0,34.2932415842,0.483695804225,0.539722327313,0.0684792077581,0.296980429916,0.308996100141,1.0,1.0,0.86163003663,1.61666666667,0.689743589744,35.6330128205,428.995112179,5374.91624599,0.848717948718,-0.0320512820513,8.02307692308,0.00128366636303,Class 3
0.317869822485,8.41538461538,252.655746844,14.6598557692,0.763767151767,1.0,46.84034368,0.621722078349,0.706507696188,0.0521889381986,0.391702430034,0.203132182516,1.0,1.0,0.785989010989,2.34358974359,0.535897435897,50.0009615385,586.323477564,7183.32698317,1.36923076923,0.0128205128205,10.9666666667,0.00212027831075,Class 3
0.365009861933,4.8358974359,289.062403282,14.4444711538,0.850458766459,1.0,49.9910357075,0.573644236022,0.629088312553,0.0690840729783,0.290367501562,0.384783245882,1.0,1.0,0.864056776557,2.34871794872,0.569230769231,52.7650641026,634.181810897,7833.84685497,0.820512820513,0.00769230769231,12.5538461538,0.00121841709143,Class 3
0.610046022354,4.13333333333,63.9724669483,6.34447115385,0.883553707554,1.0,21.2975459056,0.367622019782,0.406829763232,0.0799338428665,0.215977560595,0.310588841658,1.0,1.0,0.895833333333,1.07179487179,0.774358974359,21.7291666667,244.352964744,2895.80711138,0.687179487179,-0.0179487179487,4.65128205128,0.00104140421601,Class 3
0.694082840237,2.05128205128,59.9382718558,5.515625,0.941144837145,1.0,19.6862756872,0.298178078566,0.317945437441,0.0935581032216,0.130136344139,0.523253116873,1.0,1.0,0.947298534799,0.905128205128,0.828205128205,19.8342948718,233.303285256,2836.88050881,0.34358974359,0.00769230769231,4.65641025641,0.000516825913651,Class 3
0.364615384615,4.53333333333,300.862749065,14.5098557692,0.854115038115,1.0,51.0451794496,0.574148350219,0.629177921443,0.0690857166338,0.290020444741,0.397477290873,1.0,1.0,0.86684981685,2.37692307692,0.569230769231,53.8599358974,650.868028846,8068.97730369,0.779487179487,-0.0153846153846,12.9102564103,0.00114218526917,Class 3
0.437593688363,2.64615384615,260.986739156,13.5002403846,0.901588357588,1.0,48.1757043546,0.513380784585,0.551633570423,0.078643573307,0.230874727461,0.527785902671,1.0,1.0,0.908791208791,2.12051282051,0.638461538462,50.2086538462,624.666746795,7914.0875601,0.476923076923,0.0435897435897,12.4051282051,0.00066670542861,Class 3
0.361328073636,7.53076923077,198.604039312,12.865625,0.781708939709,1.0,41.3171764733,0.576852170135,0.653655903135,0.0568289776463,0.357985138364,0.221772689839,1.0,1.0,0.803159340659,2.0858974359,0.576923076923,43.7740384615,507.974919872,6177.83515625,1.25384615385,0.0115384615385,9.56666666667,0.00189739713549,Class 3
0.517251808021,4.82564102564,118.01081592,9.47139423077,0.861873873874,1.0,31.4669951476,0.460769918553,0.509971432774,0.0729318704799,0.269312299134,0.323902870191,1.0,1.0,0.875091575092,1.49230769231,0.710256410256,32.5753205128,389.363221154,4853.26672676,0.794871794872,0.0179487179487,7.29487179487,0.00121583296186,Class 3
0.408494411571,4.42307692308,244.470413764,13.1598557692,0.875945945946,1.0,46.3177182036,0.531968872117,0.573884283452,0.0777362754767,0.233588676069,0.467222740301,1.0,1.0,0.888736263736,2.13461538462,0.610256410256,48.5048076923,591.644471154,7431.44188702,0.730769230769,-0.0141025641026,11.5384615385,0.00111440587631,Class 3
0.808704799474,2.80512820513,9.78231894032,2.25985576923,0.923855855856,1.0,6.31598530409,0.177163222292,0.199528300634,0.09098578238,0.130324994261,0.153972195258,1.0,1.0,0.932738095238,0.387179487179,0.897435897436,6.23429487179,57.6616185897,594.245893429,0.466666666667,1.84314369323e-17,0.938461538462,0.000706759436918,Class 3
0.638895463511,4.32820512821,50.0684964829,5.61370192308,0.879722799723,1.0,18.4691964663,0.350156598261,0.390689517562,0.0787684911243,0.227161436233,0.25902669843,1.0,1.0,0.892216117216,0.946153846154,0.794871794872,18.7881410256,209.462259615,2485.18050881,0.712820512821,-0.025641025641,3.8358974359,0.0010905026778,Class 3
0.858001314924,1.22051282051,17.4495046348,2.21370192308,0.963598059598,1.0,7.72973195778,0.159706104987,0.172464624569,0.0988095825115,0.0968036053972,0.442775224257,1.0,1.0,0.967078754579,0.366666666667,0.925641025641,7.63429487179,85.7321314103,1009.27858574,0.205128205128,1.73472347598e-18,1.67948717949,0.000307511418623,Class 3
0.53379355687,5.32051282051,95.3641510858,8.47908653846,0.849381843382,1.0,27.9075500446,0.445244128021,0.497445257595,0.0705107659435,0.282934003599,0.270169463286,1.0,1.0,0.864056776557,1.36538461538,0.723076923077,28.8381410256,337.975240385,4167.16175881,0.874358974359,-0.00897435897436,6.20512820513,0.00134051721353,Class 3
0.508849441157,4.59230769231,126.017106417,9.39639423077,0.868286902287,1.0,32.430030674,0.463303399865,0.509426499086,0.0750702662722,0.253084853144,0.358718022752,1.0,1.0,0.881318681319,1.53717948718,0.702564102564,33.5894230769,400.844791667,4979.22746394,0.761538461538,-0.024358974359,7.61794871795,0.00115704401419,Class 3
0.408915187377,4.53333333333,254.530770592,13.8790865385,0.856327096327,1.0,48.6045895929,0.545536609761,0.601532264389,0.068492357002,0.296736938996,0.384369428376,1.0,1.0,0.867948717949,2.17179487179,0.617948717949,50.9368589744,637.496233974,8187.05038061,0.764102564103,0.00512820512821,12.1282051282,0.00114218526917,Class 3
0.474056541749,5.47435897436,118.347854206,9.12331730769,0.844990990991,1.0,31.0909181587,0.433721699076,0.484222606261,0.0731932117028,0.237750209875,0.29621783938,1.0,1.0,0.862133699634,1.60641025641,0.661538461538,32.1458333333,353.732291667,4066.29829728,0.920512820513,-0.0474358974359,7.05384615385,0.00137927915706,Class 3
0.539079552926,5.11282051282,96.1601970705,8.62331730769,0.86590990991,1.0,27.9544437841,0.438153781171,0.482757936395,0.0761057692308,0.245709588195,0.321409669357,1.0,1.0,0.879990842491,1.36153846154,0.725641025641,28.8496794872,338.283413462,4168.79589343,0.820512820513,0.0230769230769,6.25897435897,0.00128818858978,Class 3
0.518816568047,4.67692307692,114.629490395,9.15408653846,0.863351351351,1.0,30.7218195254,0.4510643106,0.498762584892,0.0742287146614,0.253967302207,0.344616292352,1.0,1.0,0.87706043956,1.46923076923,0.710256410256,31.7625,377.612259615,4690.1202524,0.784615384615,0.00769230769231,7.12307692308,0.00117836308312,Class 3
0.501380670611,5.12564102564,114.338387786,9.35793269231,0.853212751213,1.0,30.4043560724,0.461573678272,0.50868159181,0.0715791420118,0.274493507274,0.313988889405,1.0,1.0,0.867673992674,1.51153846154,0.694871794872,31.5330128205,360.283894231,4296.63451522,0.848717948718,0.0320512820513,6.9641025641,0.00129141875174,Class 3
0.657698882314,5.06666666667,40.1147875331,5.53100961538,0.87455024255,1.0,16.8000394534,0.338784425856,0.378520022054,0.078079799474,0.235338745801,0.201823900327,1.0,1.0,0.887545787546,0.871794871795,0.807692307692,17.0573717949,189.577964744,2271.21031651,0.789743589744,0.0,3.2,0.00127656000672,Class 3
0.451439842209,6.41538461538,124.773129563,9.81370192308,0.825854469854,1.0,32.0897675594,0.48845992269,0.546998103352,0.067519312952,0.293829568576,0.251188662579,1.0,1.0,0.844093406593,1.6641025641,0.651282051282,33.5009615385,372.025080128,4332.25679087,1.04615384615,-0.025641025641,7.17179487179,0.00161637304494,Class 3
0.667915844839,3.75384615385,44.8097705248,5.42716346154,0.898661122661,1.0,16.9142885151,0.320003167431,0.352839826823,0.0841810486522,0.188149026096,0.310802173587,1.0,1.0,0.909752747253,0.864102564103,0.812820512821,17.1163461538,189.521233974,2228.65102163,0.615384615385,0.0333333333333,3.54102564103,0.000945791421982,Class 3
0.656160420776,5.67179487179,19.1982372504,4.27139423077,0.85023977824,1.0,11.3381319331,0.28163366638,0.327945973405,0.0764624424721,0.202817505392,0.0957795815716,1.0,1.0,0.867948717949,0.730769230769,0.802564102564,11.4137820513,103.658413462,1051.90999599,0.933333333333,6.93889390391e-18,1.60256410256,0.00142902365125,Class 3
0.632636423406,3.8,59.191020985,6.25600961538,0.892232848233,1.0,20.1663226451,0.35208688754,0.38883889349,0.0813736850756,0.211127976748,0.319004171535,1.0,1.0,0.903296703297,1.00769230769,0.789743589744,20.5163461538,230.527644231,2722.6952524,0.630769230769,0.0307692307692,4.41538461538,0.000957420005039,Class 3
0.302103879027,7.04615384615,310.560606337,15.515625,0.776498960499,1.0,51.558161875,0.619119515401,0.70065490716,0.0542385765943,0.367185389282,0.262152860632,1.0,1.0,0.797252747253,2.52820512821,0.510256410256,54.9701923077,651.61963141,8014.6827524,1.21538461538,0.00512820512821,12.5974358974,0.00177529701339,Class 3
0.479737015122,2.07692307692,243.780801499,12.9329326923,0.940898128898,1.0,47.4154552336,0.464454394494,0.485718593798,0.0922859138725,0.14637520266,0.659961316239,1.0,1.0,0.946291208791,2.01794871795,0.666666666667,48.9932692308,621.903926282,8023.81640625,0.338461538462,0.025641025641,12.2179487179,0.000523286237572,Class 3
0.46,2.81025641026,226.735557186,12.2848557692,0.900568260568,1.0,45.0644680469,0.494198436671,0.53244228676,0.0797103057199,0.222161970695,0.518883500736,1.0,1.0,0.908745421245,1.97692307692,0.658974358974,46.8137820513,586.225721154,7496.77345753,0.502564102564,-0.0179487179487,11.4794871795,0.000708051501702,Class 3
0.221354372124,5.34615384615,738.869133621,23.0521634615,0.811413721414,1.0,80.6336297891,0.677592909882,0.750708360344,0.0592845989481,0.331774236244,0.376201789954,1.0,1.0,0.82760989011,3.73205128205,0.34358974359,86.6201923077,1065.96145833,13398.2832332,0.961538461538,0.00897435897436,21.2358974359,0.00134697753745,Class 3
0.570295857988,5.02051282051,72.5733588911,7.35985576923,0.868404712405,1.0,23.309067169,0.40068204199,0.444566005275,0.0766005095332,0.243085231347,0.284394044721,1.0,1.0,0.882188644689,1.2,0.746153846154,23.9342948718,263.568990385,3053.86608574,0.805128205128,0.0179487179487,5.01282051282,0.00126493142366,Class 3
0.474648257725,3.3,222.201360095,12.990625,0.899139293139,1.0,46.630743239,0.479936164773,0.519167480558,0.0795738823143,0.229170239629,0.481395888976,1.0,1.0,0.90728021978,1.9858974359,0.666666666667,48.2894230769,620.148958333,8128.21111779,0.546153846154,0.0115384615385,11.7282051282,0.000831443688587,Class 3
0.522287968442,3.92051282051,132.701211777,9.92331730769,0.875635481635,1.0,33.5955124858,0.451282741695,0.495756708264,0.0750768408941,0.251748869196,0.403346777445,1.0,1.0,0.886996336996,1.53717948718,0.712820512821,34.6919871795,424.494791667,5377.28195112,0.674358974359,0.0423076923077,8.06153846154,0.000987783527466,Class 3
0.463300460224,4.1,211.94351788,12.9810096154,0.887995841996,1.0,45.1827721123,0.493381505197,0.533349108225,0.0785055062459,0.236428710271,0.450978977943,1.0,1.0,0.898076923077,1.97051282051,0.658974358974,46.9201923077,595.135496795,7742.17073317,0.653846153846,0.0346153846154,11.1820512821,0.00103300579491,Class 3
0.477856673241,4.79230769231,141.447064718,10.0848557692,0.855604989605,1.0,34.2815385766,0.483518168915,0.535563633273,0.071072896121,0.277503703487,0.329586966893,1.0,1.0,0.869230769231,1.65769230769,0.676923076923,35.6586538462,416.965625,5061.36688702,0.807692307692,-0.00641025641026,8.11538461538,0.00120743454077,Class 3
0.421446416831,5.6641025641,193.524472038,12.4252403846,0.835574497574,1.0,41.6744580403,0.533521723078,0.592003615008,0.0672267422748,0.301013442716,0.330745775599,1.0,1.0,0.851465201465,1.95,0.630769230769,43.6637820513,533.836778846,6780.40086138,0.941025641026,0.0115384615385,9.97179487179,0.00142708555407,Class 3
0.764852071006,1.87179487179,34.4171929526,3.71754807692,0.94357033957,1.0,13.2145933814,0.230959808662,0.250759465724,0.0935219428008,0.132464931603,0.452493413387,1.0,1.0,0.94913003663,0.635897435897,0.871794871795,13.1753205128,147.183092949,1708.14172676,0.317948717949,-0.00769230769231,2.96923076923,0.000471603646207,Class 3
0.728573307035,2.18974358974,47.2538206114,4.78485576923,0.928146916147,1.0,16.8765700838,0.278230641819,0.305464616161,0.0871856508876,0.179973312701,0.441660966576,1.0,1.0,0.933836996337,0.779487179487,0.851282051282,16.9496794872,197.662580128,2385.3776242,0.374358974359,-1.04083408559e-17,3.86923076923,0.000551711662823,Class 3
0.603997370151,4.63076923077,58.4920621892,6.51177884615,0.876066528067,1.0,20.2900453694,0.365291759004,0.405927112787,0.0788556048652,0.223821878917,0.271629667777,1.0,1.0,0.889423076923,1.06153846154,0.769230769231,20.7086538462,224.347836538,2567.68852163,0.753846153846,0.0307692307692,4.26923076923,0.00116673450007,Class 3
0.490979618672,5.99230769231,97.1179861223,8.81177884615,0.833534303534,1.0,27.8054381666,0.439499288899,0.494377539003,0.0698007067719,0.272312754019,0.236034779058,1.0,1.0,0.851373626374,1.47051282051,0.682051282051,28.7894230769,312.505689103,3568.60054087,0.992307692308,0.0217948717949,6.05128205128,0.00150977770025,Class 3
0.502380013149,6.05641025641,85.2802630989,8.18293269231,0.832568260568,1.0,25.8624923875,0.41576608113,0.469797105993,0.0715314760026,0.243848669711,0.231992927833,1.0,1.0,0.851465201465,1.39230769231,0.689743589744,26.6753205128,286.441105769,3259.7676883,1.01025641026,6.93889390391e-18,5.48717948718,0.00152592851006,Class 3
0.650900723208,2.69487179487,73.0378487802,6.64831730769,0.914601524602,1.0,22.9566021923,0.346466480788,0.375472010357,0.0850538297173,0.189731233929,0.449040250543,1.0,1.0,0.922481684982,1.04487179487,0.802564102564,23.3022435897,281.406330128,3523.65182292,0.464102564103,0.024358974359,5.39743589744,0.000678980044059,Class 3
0.60097304405,4.14102564103,66.061207525,6.53485576923,0.879707553708,1.0,21.6361526652,0.362447124664,0.404032476703,0.078321416831,0.227581940391,0.298737657151,1.0,1.0,0.891987179487,1.10384615385,0.766666666667,22.0637820513,242.754086538,2799.64316907,0.694871794872,-0.00128205128205,4.74102564103,0.00104334231318,Class 3
0.725009861933,3.50256410256,28.1739663671,4.05793269231,0.909973665974,1.0,12.5080720914,0.270682173323,0.299220802834,0.0874371301775,0.165838780048,0.269635708742,1.0,1.0,0.920146520147,0.664102564103,0.848717948718,12.5522435897,134.127003205,1542.92538061,0.564102564103,0.00769230769231,2.41282051282,0.00088248024756,Class 4
0.868428665352,0.9,23.2899121928,2.42908653846,0.976228690229,1.0,9.67609578178,0.138035163891,0.143358452482,0.103091305062,0.0607171378321,0.698234632877,1.0,1.0,0.978846153846,0.39358974359,0.930769230769,9.54326923077,123.605689103,1656.12938702,0.146153846154,-0.0269230769231,2.24358974359,0.000226757369615,Class 4
0.729572649573,3.28717948718,28.0029179693,3.99254807692,0.907412335412,1.0,12.2994976636,0.264189321004,0.289683205818,0.085831278764,0.176155374637,0.285556364877,1.0,1.0,0.917399267399,0.651282051282,0.851282051282,12.3291666667,132.042708333,1520.02826522,0.548717948718,0.0153846153846,2.40769230769,0.000828213526626,Class 4
0.793780407627,3.30512820513,13.1643356141,2.940625,0.917298683299,1.0,7.90648453189,0.2160653663,0.238469254247,0.0883641518738,0.168460827612,0.187931894157,1.0,1.0,0.926144688645,0.45,0.889743589744,7.86121794872,78.5588942308,867.251181891,0.520512820513,0.024358974359,1.2358974359,0.000832735753371,Class 4
0.447573964497,5.78205128205,133.623589195,10.0829326923,0.832483714484,1.0,33.3445440064,0.456951999276,0.511745767845,0.0706225345168,0.245739109358,0.310819684654,1.0,1.0,0.85086996337,1.71153846154,0.641025641026,34.6150641026,386.558894231,4519.63002804,0.982051282051,-0.00128205128205,7.62051282051,0.0014568030441,Class 4
0.711190006575,2.17179487179,50.3006613093,4.94254807692,0.941196119196,1.0,17.4514649785,0.279461194848,0.29573571125,0.0941498191979,0.125240493314,0.508905624042,1.0,1.0,0.947619047619,0.824358974359,0.838461538462,17.5330128205,200.959535256,2388.94605369,0.35641025641,0.00128205128205,4.03076923077,0.000547189436078,Class 4
0.353136094675,2.89487179487,833.4674301,37.6560096154,0.873046431046,1.0,141.38154152,0.56701229842,0.625081181734,0.0675949211045,0.279887173524,0.37018766846,1.0,1.0,0.87934981685,5.78333333333,0.558974358974,148.456089744,1965.01017628,26195.4922075,0.541025641026,-0.0269230769231,37.8205128205,0.00072937057064,Class 4
0.2263773833,7.51538461538,693.179538278,25.4579326923,0.774615384615,1.0,85.5401979721,0.660720904668,0.73689036776,0.0579335141354,0.328113907497,0.34535217431,1.0,1.0,0.79793956044,4.10641025641,0.35641025641,91.9125,1101.72363782,13559.2947716,1.28461538462,0.0935897435897,22.1102564103,0.00189352094114,Class 4
0.423050624589,4.0358974359,223.031805905,12.8175480769,0.882325710326,1.0,43.9349517599,0.499602556309,0.538795088352,0.0795459401709,0.213593167717,0.480041517777,1.0,1.0,0.894688644689,2.07435897436,0.612820512821,45.8189102564,541.745592949,6585.14781651,0.682051282051,0.0615384615385,10.9487179487,0.00101685498511,Class 4
0.653635765943,3.72307692308,55.8723068488,5.56754807692,0.88296049896,1.0,19.6244049202,0.340233210241,0.384011933624,0.0759315417488,0.251700128626,0.317979728721,1.0,1.0,0.892994505495,0.95641025641,0.805128205128,19.9163461538,228.094310897,2740.21640625,0.630769230769,-0.0564102564103,4.27179487179,0.000938039033277,Class 4
0.826666666667,3.46666666667,0.939623340562,1.73870192308,0.911273735274,1.0,3.7357931828,0.158287002117,0.185143091764,0.0880485700197,0.158287002117,0.023486077115,1.0,1.0,0.921474358974,0.294871794872,0.907692307692,3.66506410256,24.4693108974,183.505508814,0.558974358974,-0.00769230769231,0.107692307692,0.000873435794071,Class 4
0.849506903353,2.81025641026,1.70357253438,1.67331730769,0.927578655579,1.0,3.42198221617,0.141737152634,0.163920506899,0.0920032051282,0.127944504283,0.0214249355348,1.0,1.0,0.936080586081,0.258974358974,0.920512820513,3.35224358974,23.6455929487,189.117688301,0.45641025641,0.0230769230769,0.184615384615,0.000708051501702,Class 4
0.457317554241,7.0641025641,94.8113784605,9.64447115385,0.802684684685,1.0,27.9247909226,0.415808278703,0.476690514667,0.0669900558843,0.253187368722,0.201682896608,1.0,1.0,0.825228937729,1.54743589744,0.646153846154,28.8407051282,302.161458333,3359.10566907,1.18717948718,0.111538461538,5.81538461538,0.00177981924014,Class 4
0.839381985536,1.57692307692,23.9920935814,2.84831730769,0.955954261954,1.0,10.3379468747,0.175520910147,0.191369034851,0.096398339908,0.116597830639,0.453693848379,1.0,1.0,0.95989010989,0.45,0.915384615385,10.2355769231,126.408894231,1633.56207933,0.253846153846,-0.0166666666667,2.26153846154,0.000397309921119,Class 4
0.720762656147,4.34615384615,19.0106062994,3.72716346154,0.887397089397,1.0,10.4165278453,0.267761699538,0.303919342493,0.0820163543721,0.202258858352,0.130853708942,1.0,1.0,0.899862637363,0.614102564103,0.846153846154,10.4509615385,102.098637821,1097.44284856,0.7,0.00641025641026,1.6641025641,0.00109502490455,Class 4
0.578606180145,5.35897435897,57.521903537,6.42331730769,0.854949410949,1.0,20.3813727152,0.378240242884,0.424367937095,0.0752280571992,0.235578255368,0.228018643624,1.0,1.0,0.871062271062,1.1,0.751282051282,20.8650641026,223.369951923,2554.27473958,0.882051282051,-0.0230769230769,4.1358974359,0.00135020769941,Class 4
0.82188034188,1.48974358974,21.7227874479,2.76754807692,0.953672903673,1.0,9.26184459423,0.177241118646,0.193198752296,0.0965068211703,0.103901789445,0.462797325173,1.0,1.0,0.958424908425,0.452564102564,0.905128205128,9.16121794872,100.911137821,1165.65214343,0.258974358974,0.0166666666667,2.01538461538,0.000375344819789,Class 4
0.853385930309,1.67692307692,14.3538905945,2.24639423077,0.959975051975,1.0,7.04447636457,0.160745399131,0.172871123506,0.0994407462196,0.0861341282437,0.420984686064,1.0,1.0,0.96456043956,0.353846153846,0.923076923077,6.95480769231,75.3439903846,872.55390625,0.261538461538,0.0153846153846,1.39230769231,0.00042250518441,Class 4
1.0,0.0,-0.142857142857,0.015625,1.0,1.0,0.0,-0.0,-0.0,0.109375,-0.0,nan,1.0,1.0,1.0,0.0,1.0,0.0625,-0.015625,0.00390625,0.0,0.0,0.0,0.0,Class 4
0.905759368836,1.29230769231,4.37516440538,1.165625,0.965072765073,1.0,3.07636989153,0.0967611121846,0.107407689367,0.100722797502,0.067176344995,0.212352606902,1.0,1.0,0.969230769231,0.184615384615,0.951282051282,3.01634615385,27.6074519231,283.619290865,0.215384615385,0.0153846153846,0.461538461538,0.0003256003256,Class 4
0.989783037475,0.184615384615,-0.143697164603,0.104086538462,0.99501039501,1.0,0.183951014571,0.013965197996,0.0155089415635,0.10809952334,0.013965197996,0.000369095084973,1.0,1.0,0.995604395604,0.0153846153846,0.994871794872,0.231730769231,0.959375,5.60967548077,0.0307692307692,0.0,0.0,4.65143322286e-05,Class 4
0.795292570677,4.08717948718,1.92779850251,2.21370192308,0.896268884269,1.0,4.65544135918,0.185302274607,0.216887024502,0.0848105687048,0.177673430656,0.0114107017749,1.0,1.0,0.908195970696,0.358974358974,0.889743589744,4.59070512821,32.1561698718,254.237880609,0.65641025641,0.00769230769231,0.2,0.00102977563295,Class 4
0.929980276134,0.923076923077,3.40863367796,0.634855769231,0.975051975052,1.0,2.36348165525,0.0765034027749,0.0833058385589,0.103129109139,0.0517882821178,0.295431754298,1.0,1.0,0.978021978022,0.138461538462,0.964102564103,2.32403846154,21.4978365385,223.532752404,0.153846153846,-0.0307692307692,0.369230769231,0.000232571661143,Class 4
0.664602235371,5.42051282051,18.6525153217,4.20600961538,0.855265419265,1.0,11.0101760727,0.266997823409,0.311726607851,0.0775406804734,0.192299393454,0.0878574207379,1.0,1.0,0.872435897436,0.710256410256,0.807692307692,11.0496794872,99.5750801282,998.486278045,0.897435897436,0.0153846153846,1.56923076923,0.00136571247682,Class 4
0.741314924392,4.42051282051,14.740436188,3.32716346154,0.889801801802,1.0,9.23258730068,0.255497367632,0.290917725346,0.0824059007232,0.203783655797,0.101753635821,1.0,1.0,0.901831501832,0.553846153846,0.858974358974,9.24198717949,88.984375,954.518008814,0.697435897436,-0.0153846153846,1.32820512821,0.00111375984392,Class 4
0.798514135437,3.70256410256,7.00234705801,2.48870192308,0.909865557866,1.0,6.13189197729,0.200349518321,0.227178879228,0.0873089250493,0.171118636047,0.0944883442035,1.0,1.0,0.919871794872,0.397435897436,0.892307692308,6.07532051282,52.6898237179,513.28114984,0.579487179487,0.00769230769231,0.676923076923,0.000932870774141,Class 4
0.862984878369,2.76153846154,0.917446509253,1.38485576923,0.931214137214,1.0,3.08368334128,0.135235015111,0.155764866248,0.0924206936226,0.135235015111,0.0283765010389,1.0,1.0,0.939010989011,0.234615384615,0.928205128205,3.02019230769,20.8704326923,163.602463942,0.438461538462,-0.00897435897436,0.107692307692,0.000695776886253,Class 4
0.357304404997,10.1,146.332981566,11.6040865385,0.726182952183,1.0,35.8555143843,0.573353972848,0.669039591483,0.0465035338593,0.423083582139,0.120059671423,1.0,1.0,0.75260989011,1.94487179487,0.576923076923,38.1048076923,419.782291667,4920.14573317,1.62307692308,-0.0730769230769,7.47179487179,0.00254472159234,Class 4
0.520920447074,6.75128205128,59.6929271323,6.98100961538,0.817756063756,1.0,21.4136508275,0.373028362345,0.429885031528,0.0703628369494,0.235128378504,0.155837256792,1.0,1.0,0.839056776557,1.23717948718,0.702564102564,21.9458333333,221.320753205,2397.64252804,1.12051282051,-0.0320512820513,4.09230769231,0.0017010032883,Class 4
0.807297830375,2.74615384615,14.0125765733,2.84254807692,0.922257796258,1.0,7.73881788841,0.198552628479,0.225039878686,0.0883674391847,0.169290064914,0.218844922845,1.0,1.0,0.930082417582,0.426923076923,0.897435897436,7.67403846154,78.5694711538,879.780348558,0.453846153846,0.0397435897436,1.32307692308,0.000691900691901,Class 4
0.989783037475,0.184615384615,-0.143697164603,0.104086538462,0.99501039501,1.0,0.183951014571,0.013965197996,0.0155089415635,0.10809952334,0.013965197996,0.000369095084973,1.0,1.0,0.995604395604,0.0153846153846,0.994871794872,0.231730769231,0.959375,5.60967548077,0.0307692307692,0.0,0.0,4.65143322286e-05,Class 4
0.85879026956,2.46666666667,2.62572591233,1.37524038462,0.935099099099,1.0,3.45930686388,0.133581034092,0.153556794799,0.0937405489809,0.11422349564,0.04527616288,1.0,1.0,0.942765567766,0.248717948718,0.925641025641,3.38814102564,25.7404647436,224.543970353,0.405128205128,-0.0153846153846,0.276923076923,0.000621483161166,Class 4
0.895844838922,1.42564102564,6.59454301961,1.26370192308,0.965000693001,1.0,4.05190979747,0.118475179898,0.129057160705,0.100657051282,0.0765034027749,0.30006620527,1.0,1.0,0.969047619048,0.223076923077,0.946153846154,3.98301282051,39.6372596154,434.227303686,0.225641025641,-0.0153846153846,0.679487179487,0.000359194009988,Class 4
0.886522024984,1.51282051282,6.45226768027,1.37524038462,0.958783090783,1.0,4.06106793274,0.120442243004,0.131983173029,0.0989016272189,0.0862216245894,0.237674491073,1.0,1.0,0.963507326007,0.233333333333,0.941025641026,3.98814102564,38.3577724359,408.380508814,0.251282051282,-8.67361737988e-18,0.661538461538,0.000381159111318,Class 4
0.783142669297,1.94871794872,27.1722486135,3.17716346154,0.948767844768,1.0,11.1906876705,0.20677332526,0.221725246173,0.0965216140697,0.104957621026,0.449863220278,1.0,1.0,0.954624542125,0.558974358974,0.882051282051,11.1137820513,119.942708333,1353.25711138,0.317948717949,-0.0153846153846,2.41538461538,0.000490984617969,Class 4
0.666666666667,3.56666666667,45.9258503025,5.07716346154,0.904932778933,1.0,16.9924414732,0.307101667776,0.337877521845,0.0857934746877,0.177840802649,0.324638302564,1.0,1.0,0.91543040293,0.878205128205,0.810256410256,17.1612179487,184.833573718,2094.11752804,0.582051282051,-0.0166666666667,3.60256410256,0.000898631057361,Class 4
0.715463510848,5.06153846154,9.3813383981,3.38677884615,0.866403326403,1.0,7.97077422606,0.240742119721,0.281353400836,0.0790709237344,0.198643000312,0.0450473032773,1.0,1.0,0.882005494505,0.553846153846,0.841025641026,7.95480769231,65.9189903846,619.917367788,0.830769230769,0.0230769230769,0.846153846154,0.00127526794193,Class 4
0.94959894806,0.553846153846,3.3686891028,0.634855769231,0.985031185031,1.0,2.00874648255,0.0592827757906,0.0639140064931,0.105588017751,0.0345207668741,0.363801974034,1.0,1.0,0.986813186813,0.107692307692,0.974358974359,1.98557692308,19.5478365385,212.321213942,0.0923076923077,0.0,0.369230769231,0.000139542996686,Class 4
1.0,0.0,-0.142857142857,0.015625,1.0,1.0,0.0,-0.0,-0.0,0.109375,-0.0,nan,1.0,1.0,1.0,0.0,1.0,0.0625,-0.015625,0.00390625,0.0,0.0,0.0,0.0,Class 4
0.969520052597,0.402564102564,1.89387774478,0.523317307692,0.990002772003,1.0,1.26499306971,0.0428221610745,0.0449485810048,0.106832264957,0.0273362394176,0.474488369852,1.0,1.0,0.991163003663,0.0653846153846,0.984615384615,1.27147435897,13.0608173077,154.263361378,0.0641025641026,0.0166666666667,0.217948717949,0.000101427085554,Class 4
0.546232741617,4.73333333333,93.8379044522,8.315625,0.862156618157,1.0,27.3581924892,0.426234860056,0.474035208646,0.0743191157133,0.251168369114,0.323640914012,1.0,1.0,0.87619047619,1.32820512821,0.730769230769,28.1753205128,331.688862179,4103.30903446,0.794871794872,0.0153846153846,6.17692307692,0.00119257579575,Class 4
0.816936226167,3.09487179487,6.94055088196,2.30216346154,0.922534996535,1.0,5.58707144637,0.180570552853,0.204325858583,0.0908066239316,0.138962906717,0.119115807505,1.0,1.0,0.931547619048,0.357692307692,0.902564102564,5.51762820513,48.828125,489.436438301,0.494871794872,0.024358974359,0.679487179487,0.000779761097221,Class 4
0.816870479947,2.85128205128,9.57136726365,2.32524038462,0.930001386001,1.0,6.3007227224,0.181761177915,0.202643770671,0.0924519230769,0.130813780508,0.196225423839,1.0,1.0,0.938095238095,0.379487179487,0.902564102564,6.2266025641,57.6395032051,587.394931891,0.451282051282,0.0128205128205,0.923076923077,0.000718388019975,Class 4
0.877015121631,1.51794871795,9.20248513269,1.67331730769,0.962505890506,1.0,5.08295835774,0.131832671056,0.143360060787,0.100057117028,0.0804869534369,0.348808835012,1.0,1.0,0.96684981685,0.274358974359,0.935897435897,4.9983974359,50.0975160256,540.877303686,0.241025641026,0.00769230769231,0.923076923077,0.000382451176102,Class 4
0.969585798817,0.553846153846,-0.145393853883,0.281009615385,0.985031185031,1.0,0.548664772538,0.0345207668741,0.0391519975766,0.105588017751,0.0345207668741,0.00132203969949,1.0,1.0,0.986813186813,0.0461538461538,0.984615384615,0.570192307692,2.909375,16.8212139423,0.0923076923077,0.0,0.0,0.000139542996686,Class 4
0.505180802104,7.78461538462,54.7354792885,7.67524038462,0.8001995842,1.0,20.866083591,0.395986358274,0.45721084981,0.067271120973,0.258031514449,0.150291390515,1.0,1.0,0.823626373626,1.24871794872,0.692307692308,21.5009615385,211.488541667,2252.25294471,1.26153846154,0.0615384615385,3.72564102564,0.00196135434231,Class 4
0.934687705457,1.12307692308,3.46296252415,0.798317307692,0.974943866944,1.0,2.59334169375,0.0787846063615,0.0861249333572,0.103089661407,0.0592827757906,0.242152652127,1.0,1.0,0.977747252747,0.138461538462,0.966666666667,2.55480769231,26.6632211538,318.111598558,0.169230769231,-0.0179487179487,0.376923076923,0.000282962187724,Class 4
0.778882314267,4.19487179487,2.77089390954,2.38100961538,0.890156618157,1.0,5.04583078801,0.187146949187,0.22105360567,0.0840890039448,0.167959556255,0.0114369179484,1.0,1.0,0.903113553114,0.389743589744,0.879487179487,4.97532051282,35.1177083333,280.035957532,0.687179487179,0.0153846153846,0.276923076923,0.00105690899342,Class 4
0.984707429323,0.376923076923,-0.144119326181,0.257932692308,0.992461538462,1.0,0.375197224828,0.0195889474714,0.0217153674018,0.107466715976,0.0195889474714,0.000739141448036,1.0,1.0,0.993269230769,0.0269230769231,0.992307692308,0.4125,2.35024038462,15.97265625,0.0538461538462,0.00897435897436,0.0,9.49667616334e-05,Class 4
0.839460880999,2.23333333333,13.7175388037,2.35408653846,0.943724185724,1.0,7.33222155772,0.170999060971,0.187462287645,0.0953069526627,0.116276728039,0.310930771124,1.0,1.0,0.950091575092,0.370512820513,0.915384615385,7.2483974359,81.981650641,1018.2989383,0.35641025641,-0.00128205128205,1.33076923077,0.000562694213488,Class 4
0.607705456936,3.42564102564,86.9203394919,7.79447115385,0.900701316701,1.0,25.988134082,0.38806908713,0.423656100867,0.0816826923077,0.216641955594,0.400703989087,1.0,1.0,0.909844322344,1.19487179487,0.774358974359,26.5599358974,319.883733974,3998.29557292,0.564102564103,0.0487179487179,6.06666666667,0.000863099275798,Class 4
0.489204470743,4.26666666667,151.33919809,10.4252403846,0.879406791407,1.0,35.7102154558,0.478785423752,0.520791862533,0.076948964497,0.245966583536,0.40256124357,1.0,1.0,0.890842490842,1.67948717949,0.684615384615,37.0804487179,440.657772436,5409.56704728,0.697435897436,0.0153846153846,8.60769230769,0.00107499790039,Class 4
0.872097304405,1.46666666667,15.2458577232,2.36370192308,0.967423423423,1.0,7.29433612784,0.145021283652,0.153778152033,0.101253698225,0.0731152251157,0.485090884778,1.0,1.0,0.971062271062,0.333333333333,0.933333333333,7.19583333333,85.3606570513,1076.9776242,0.220512820513,0.0282051282051,1.5,0.000369530528261,Class 4
0.959500328731,0.725641025641,1.88092704749,0.556009615385,0.982376992377,1.0,1.57214606966,0.0514617489617,0.0567527393656,0.10432404668,0.0514617489617,0.287329518938,1.0,1.0,0.98402014652,0.0858974358974,0.979487179487,1.56378205128,15.044150641,164.942207532,0.110256410256,-0.00128205128205,0.215384615385,0.000182827166954,Class 4
0.949546351085,1.08974358974,-0.147127974142,0.434855769231,0.974961884962,1.0,1.07344900614,0.0595069999554,0.0670014936281,0.103088017751,0.0595069999554,0.00248647653452,1.0,1.0,0.977793040293,0.0833333333333,0.974358974359,1.06891025641,6.36498397436,40.6329126603,0.166666666667,-0.0166666666667,0.0,0.000274563766627,Class 4
0.929940828402,0.923076923077,3.4086180835,0.723317307692,0.975051975052,1.0,2.36348165525,0.0765034027749,0.0839978964477,0.103129109139,0.0517882821178,0.25855579279,1.0,1.0,0.978021978022,0.138461538462,0.964102564103,2.32403846154,21.4978365385,223.532752404,0.153846153846,-0.0153846153846,0.369230769231,0.000232571661143,Class 4
0.862748191979,2.45128205128,3.70992801659,1.440625,0.938716562717,1.0,3.86309383566,0.143584647435,0.161996985212,0.0941416009204,0.124217905821,0.081494279119,1.0,1.0,0.94565018315,0.25641025641,0.928205128205,3.79583333333,31.5856570513,299.298778045,0.389743589744,-0.0179487179487,0.384615384615,0.000617606966813,Class 4
0.910887573964,1.66153846154,-0.150618516274,0.811778846154,0.955093555094,1.0,1.62314923827,0.0812264564421,0.0951201485496,0.0983690828402,0.0812264564421,0.00496589974562,1.0,1.0,0.96043956044,0.138461538462,0.953846153846,1.58557692308,8.759375,50.4558293269,0.276923076923,0.0,0.0,0.000418628990058,Class 4
0.974582511506,0.528205128205,-0.144972702662,0.434855769231,0.98748995149,1.0,0.523826360305,0.0335369028822,0.0356633228126,0.106201101249,0.0335369028822,0.00148210771139,1.0,1.0,0.988919413919,0.0410256410256,0.987179487179,0.549679487179,3.02411858974,19.0583934295,0.0820512820513,0.025641025641,0.0,0.000133082672765,Class 4
1.0,0.0,-0.142857142857,0.015625,1.0,1.0,0.0,-0.0,-0.0,0.109375,-0.0,nan,1.0,1.0,1.0,0.0,1.0,0.0625,-0.015625,0.00390625,0.0,0.0,0.0,0.0,Class 4
0.935003287311,1.2,-0.148416949974,0.546394230769,0.967567567568,1.0,1.17864048002,0.0634698567507,0.0734613177701,0.101319444444,0.0634698567507,0.00353300384394,1.0,1.0,0.971428571429,0.1,0.966666666667,1.1625,6.321875,36.44140625,0.2,-0.00769230769231,0.0,0.000302343159486,Class 4
0.939815910585,1.01538461538,0.728384723719,0.634855769231,0.972557172557,1.0,1.36324555087,0.0635076329875,0.0719475355843,0.102522600263,0.0557836323736,0.0473843525505,1.0,1.0,0.975824175824,0.1,0.969230769231,1.34711538462,9.50649038462,79.7106370192,0.169230769231,0.00769230769231,0.0923076923077,0.000255828827257,Class 4
0.652044707429,3.20256410256,59.900820211,6.11177884615,0.906060984061,1.0,20.1408512686,0.336039370211,0.367913595605,0.0846725016437,0.186255526558,0.386011431886,1.0,1.0,0.915750915751,0.973076923077,0.802564102564,20.4253205128,235.755048077,2850.82682292,0.541025641026,0.0371794871795,4.53333333333,0.000806894457688,Class 4
0.974582511506,0.369230769231,0.71354829829,0.281009615385,0.990020790021,1.0,0.733508723099,0.0325758356776,0.0356633228126,0.106837195924,0.0248314286454,0.179416078143,1.0,1.0,0.991208791209,0.0461538461538,0.987179487179,0.754807692308,6.09399038462,60.0904447115,0.0615384615385,0.0,0.0923076923077,9.30286644572e-05,Class 4
1.0,0.0,-0.142857142857,0.015625,1.0,1.0,0.0,-0.0,-0.0,0.109375,-0.0,nan,1.0,1.0,1.0,0.0,1.0,0.0625,-0.015625,0.00390625,0.0,0.0,0.0,0.0,Class 4
0.813464825773,1.91282051282,18.8687755682,2.70216346154,0.950067914068,1.0,8.63966759022,0.178510552204,0.193824001402,0.0971527777778,0.0950861378266,0.391558147307,1.0,1.0,0.955952380952,0.448717948718,0.9,8.54198717949,89.3693108974,989.72666266,0.312820512821,0.0153846153846,1.75384615385,0.00048194016448,Class 4
0.712938856016,2.86153846154,35.5564989983,4.35024038462,0.922661122661,1.0,14.031349644,0.240669409757,0.264435533721,0.0910827580539,0.120523274851,0.363676287347,1.0,1.0,0.931868131868,0.730769230769,0.838461538462,14.0086538462,148.204567308,1650.89332933,0.476923076923,0.0230769230769,2.95384615385,0.000720972149544,Class 4
0.581801446417,4.74358974359,75.8856851583,7.24447115385,0.875889119889,1.0,24.1317124138,0.404300110158,0.445567166524,0.0781044543064,0.234971693363,0.308819884487,1.0,1.0,0.888782051282,1.18974358974,0.75641025641,24.7650641026,285.513862179,3467.13916266,0.758974358974,-0.0230769230769,5.28717948718,0.00119515992532,Class 4
0.638987508218,3.19230769231,67.3359213373,6.40985576923,0.917476091476,1.0,21.7052240107,0.340151855397,0.366293404695,0.0890873602893,0.155725002497,0.457555439239,1.0,1.0,0.926785714286,1.04230769231,0.792307692308,22.0278846154,253.896394231,3053.31688702,0.515384615385,0.0166666666667,4.95384615385,0.00080431032812,Class 4
0.423050624589,4.0358974359,223.031805905,12.8175480769,0.882325710326,1.0,43.9349517599,0.499602556309,0.538795088352,0.0795459401709,0.213593167717,0.480041517777,1.0,1.0,0.894688644689,2.07435897436,0.612820512821,45.8189102564,541.745592949,6585.14781651,0.682051282051,0.0615384615385,10.9487179487,0.00101685498511,Class 4
0.826666666667,3.46666666667,0.939623340562,1.73870192308,0.911273735274,1.0,3.7357931828,0.158287002117,0.185143091764,0.0880485700197,0.158287002117,0.023486077115,1.0,1.0,0.921474358974,0.294871794872,0.907692307692,3.66506410256,24.4693108974,183.505508814,0.558974358974,-0.00769230769231,0.107692307692,0.000873435794071,Class 4
0.849506903353,2.81025641026,1.70357253438,1.67331730769,0.927578655579,1.0,3.42198221617,0.141737152634,0.163920506899,0.0920032051282,0.127944504283,0.0214249355348,1.0,1.0,0.936080586081,0.258974358974,0.920512820513,3.35224358974,23.6455929487,189.117688301,0.45641025641,0.0230769230769,0.184615384615,0.000708051501702,Class 4
1.0,0.0,-0.142857142857,0.015625,1.0,1.0,0.0,-0.0,-0.0,0.109375,-0.0,nan,1.0,1.0,1.0,0.0,1.0,0.0625,-0.015625,0.00390625,0.0,0.0,0.0,0.0,Class 4
0.989783037475,0.184615384615,-0.143697164603,0.104086538462,0.99501039501,1.0,0.183951014571,0.013965197996,0.0155089415635,0.10809952334,0.013965197996,0.000369095084973,1.0,1.0,0.995604395604,0.0153846153846,0.994871794872,0.231730769231,0.959375,5.60967548077,0.0307692307692,0.0,0.0,4.65143322286e-05,Class 4
0.795292570677,4.08717948718,1.92779850251,2.21370192308,0.896268884269,1.0,4.65544135918,0.185302274607,0.216887024502,0.0848105687048,0.177673430656,0.0114107017749,1.0,1.0,0.908195970696,0.358974358974,0.889743589744,4.59070512821,32.1561698718,254.237880609,0.65641025641,0.00769230769231,0.2,0.00102977563295,Class 4
0.664602235371,5.42051282051,18.6525153217,4.20600961538,0.855265419265,1.0,11.0101760727,0.266997823409,0.311726607851,0.0775406804734,0.192299393454,0.0878574207379,1.0,1.0,0.872435897436,0.710256410256,0.807692307692,11.0496794872,99.5750801282,998.486278045,0.897435897436,0.0153846153846,1.56923076923,0.00136571247682,Class 4
0.520920447074,6.75128205128,59.6929271323,6.98100961538,0.817756063756,1.0,21.4136508275,0.373028362345,0.429885031528,0.0703628369494,0.235128378504,0.155837256792,1.0,1.0,0.839056776557,1.23717948718,0.702564102564,21.9458333333,221.320753205,2397.64252804,1.12051282051,-0.0320512820513,4.09230769231,0.0017010032883,Class 4
0.807297830375,2.74615384615,14.0125765733,2.84254807692,0.922257796258,1.0,7.73881788841,0.198552628479,0.225039878686,0.0883674391847,0.169290064914,0.218844922845,1.0,1.0,0.930082417582,0.426923076923,0.897435897436,7.67403846154,78.5694711538,879.780348558,0.453846153846,0.0397435897436,1.32307692308,0.000691900691901,Class 4
0.711190006575,2.17179487179,50.3006613093,4.94254807692,0.941196119196,1.0,17.4514649785,0.279461194848,0.29573571125,0.0941498191979,0.125240493314,0.508905624042,1.0,1.0,0.947619047619,0.824358974359,0.838461538462,17.5330128205,200.959535256,2388.94605369,0.35641025641,0.00128205128205,4.03076923077,0.000547189436078,Class 4
0.895844838922,1.42564102564,6.59454301961,1.26370192308,0.965000693001,1.0,4.05190979747,0.118475179898,0.129057160705,0.100657051282,0.0765034027749,0.30006620527,1.0,1.0,0.969047619048,0.223076923077,0.946153846154,3.98301282051,39.6372596154,434.227303686,0.225641025641,-0.0153846153846,0.679487179487,0.000359194009988,Class 4
0.783142669297,1.94871794872,27.1722486135,3.17716346154,0.948767844768,1.0,11.1906876705,0.20677332526,0.221725246173,0.0965216140697,0.104957621026,0.449863220278,1.0,1.0,0.954624542125,0.558974358974,0.882051282051,11.1137820513,119.942708333,1353.25711138,0.317948717949,-0.0153846153846,2.41538461538,0.000490984617969,Class 4
1.0,0.0,-0.142857142857,0.015625,1.0,1.0,0.0,-0.0,-0.0,0.109375,-0.0,nan,1.0,1.0,1.0,0.0,1.0,0.0625,-0.015625,0.00390625,0.0,0.0,0.0,0.0,Class 4
0.969520052597,0.402564102564,1.89387774478,0.523317307692,0.990002772003,1.0,1.26499306971,0.0428221610745,0.0449485810048,0.106832264957,0.0273362394176,0.474488369852,1.0,1.0,0.991163003663,0.0653846153846,0.984615384615,1.27147435897,13.0608173077,154.263361378,0.0641025641026,0.0166666666667,0.217948717949,0.000101427085554,Class 4
0.447573964497,5.78205128205,133.623589195,10.0829326923,0.832483714484,1.0,33.3445440064,0.456951999276,0.511745767845,0.0706225345168,0.245739109358,0.310819684654,1.0,1.0,0.85086996337,1.71153846154,0.641025641026,34.6150641026,386.558894231,4519.63002804,0.982051282051,-0.00128205128205,7.62051282051,0.0014568030441,Class 4
0.770282708744,4.0358974359,5.79067079452,2.43677884615,0.892687456687,1.0,5.95932588725,0.193463712525,0.226640617689,0.0847152366864,0.15972992531,0.0383503762125,1.0,1.0,0.905402930403,0.425641025641,0.874358974359,5.88814102564,46.5068108974,418.818008814,0.666666666667,-0.00769230769231,0.553846153846,0.00101685498511,Class 4
0.623142669297,2.04102564103,91.6951551725,6.41370192308,0.929624393624,1.0,25.9097997819,0.334891872857,0.354766744736,0.0884068869165,0.164717847428,0.584198115361,1.0,1.0,0.935805860806,1.2,0.776923076923,26.2676282051,304.034375,3596.82826522,0.364102564103,-0.115384615385,6.34102564103,0.000514241784083,Class 4
0.230808678501,10.7,357.087206631,18.8463942308,0.677076923077,1.0,59.9377623744,0.607964617065,0.718581968379,0.0449815088757,0.38351104703,0.139224991839,1.0,1.0,0.710851648352,3.17307692308,0.335897435897,64.1740384615,716.810817308,8365.5313101,1.83846153846,0.0269230769231,14.1461538462,0.00269589317208,Class 4
0.801078238001,1.66153846154,24.4387422953,3.02331730769,0.955093555094,1.0,10.1894002994,0.180322166549,0.194091872179,0.0983690828402,0.0812264564421,0.468019763622,1.0,1.0,0.96043956044,0.507692307692,0.892307692308,10.0778846154,108.590144231,1223.45582933,0.276923076923,0.0153846153846,2.21538461538,0.000418628990058,Class 4
0.813464825773,1.91282051282,18.8687755682,2.70216346154,0.950067914068,1.0,8.63966759022,0.178510552204,0.193824001402,0.0971527777778,0.0950861378266,0.391558147307,1.0,1.0,0.955952380952,0.448717948718,0.9,8.54198717949,89.3693108974,989.72666266,0.312820512821,0.0153846153846,1.75384615385,0.00048194016448,Class 4
0.954503616042,0.533333333333,4.2851244174,0.467548076923,0.984925848926,1.0,2.376691608,0.0613980442815,0.062941787849,0.104942061144,0.0474732886245,0.69350292076,1.0,1.0,0.986355311355,0.110256410256,0.976923076923,2.35224358974,26.9846955128,337.884995994,0.0871794871795,-0.0410256410256,0.466666666667,0.000134374737549,Class 4
0.153740959895,15.158974359,458.315572508,20.840625,0.573144837145,1.0,61.8106201021,0.737959735827,0.888879418016,0.0267057034845,0.53217649559,0.0436581728008,1.0,1.0,0.614468864469,3.34102564103,0.294871794872,67.8496794872,773.51161859,9330.99781651,2.48205128205,0.0153846153846,13.9923076923,0.00381934350188,Class 4
0.30516765286,4.83846153846,443.444945667,18.4598557692,0.85103950104,1.0,62.1111656864,0.584955978057,0.627059751958,0.072522600263,0.238895485314,0.53964323346,1.0,1.0,0.866483516484,2.86794871795,0.482051282051,65.6740384615,804.436137821,10113.0688101,0.838461538462,0.124358974359,15.9102564103,0.00121906312383,Class 4
0.896028928337,1.54358974359,4.40192193021,1.19831730769,0.960047124047,1.0,3.31235288335,0.110614782347,0.122964730887,0.0994933431953,0.0810599103244,0.175481741031,1.0,1.0,0.964743589744,0.202564102564,0.946153846154,3.24967948718,29.1846955128,294.265124199,0.251282051282,-3.46944695195e-18,0.461538461538,0.000388911500023,Class 4
0.730282708744,3.27692307692,26.2304929768,3.71754807692,0.906253638254,1.0,11.7672377979,0.251446769322,0.281437656806,0.0860202991453,0.165451917991,0.261227212978,1.0,1.0,0.916620879121,0.635897435897,0.851282051282,11.7701923077,123.806169872,1404.7327524,0.553846153846,-0.00769230769231,2.26666666667,0.000825629397058,Class 4
0.939776462853,0.553846153846,5.18823649827,0.900240384615,0.985031185031,1.0,2.73580253207,0.0689371317878,0.0731899716485,0.105588017751,0.0345207668741,0.507347136649,1.0,1.0,0.986813186813,0.138461538462,0.969230769231,2.69326923077,27.8670673077,310.071213942,0.0923076923077,0.0153846153846,0.553846153846,0.000139542996686,Class 4
0.910887573964,1.66153846154,-0.150618516274,0.811778846154,0.955093555094,1.0,1.62314923827,0.0812264564421,0.0951201485496,0.0983690828402,0.0812264564421,0.00496589974562,1.0,1.0,0.96043956044,0.138461538462,0.953846153846,1.58557692308,8.759375,50.4558293269,0.276923076923,0.0,0.0,0.000418628990058,Class 4
0.929980276134,1.35897435897,-0.148868365521,0.667548076923,0.965036729037,1.0,1.33194062327,0.073570082317,0.0843762872896,0.10068334977,0.073570082317,0.00337146033342,1.0,1.0,0.969139194139,0.110256410256,0.964102564103,1.31121794872,7.41161858974,44.2843549679,0.220512820513,3.46944695195e-18,0.0,0.000342397167794,Class 4
0.944510190664,0.661538461538,5.35559575601,1.00793269231,0.981130977131,1.0,2.92477970183,0.0726020125093,0.0789812723003,0.103694526627,0.0586889479883,0.438479104169,1.0,1.0,0.98282967033,0.135897435897,0.971794871795,2.88557692308,33.087900641,410.968329327,0.107692307692,0.0179487179487,0.574358974359,0.000166676357153,Class 4
0.178593030901,13.1974358974,416.525738556,19.1348557692,0.609714483714,1.0,59.1366007909,0.711041454235,0.850384501514,0.0311452169625,0.500547664713,0.07907621867,1.0,1.0,0.647435897436,3.15256410256,0.338461538462,64.5073717949,739.512099359,8947.51272035,2.21282051282,-0.0397435897436,13.6,0.00332512872195,Class 4
0.778080210388,2.41025641026,22.7869519074,3.265625,0.936293832294,1.0,10.1875896452,0.210712937523,0.229413339026,0.0936698717949,0.121306744487,0.351344787901,1.0,1.0,0.943635531136,0.535897435897,0.879487179487,10.121474359,105.741746795,1171.77153446,0.394871794872,0.0230769230769,2.04615384615,0.00060727044854,Class 4
0.868494411571,2.30769230769,1.68275174038,1.51947115385,0.93762993763,1.0,2.95529345906,0.117227004216,0.135963238398,0.0943766436555,0.103409746146,0.0256789484726,1.0,1.0,0.945054945055,0.223076923077,0.930769230769,2.88557692308,20.4911057692,167.826021635,0.384615384615,0.0384615384615,0.184615384615,0.000581429152858,Class 4
0.54681130835,7.08461538462,41.324477889,6.30600961538,0.809076923077,1.0,17.7025117634,0.349502828978,0.406591240673,0.0693930802104,0.232011825223,0.121604663444,1.0,1.0,0.831593406593,1.08333333333,0.723076923077,18.0740384615,174.40536859,1843.7265024,1.17692307692,0.00128205128205,3.00256410256,0.00178498749927,Class 4
0.868494411571,2.30769230769,1.68275174038,1.51947115385,0.93762993763,1.0,2.95529345906,0.117227004216,0.135963238398,0.0943766436555,0.103409746146,0.0256789484726,1.0,1.0,0.945054945055,0.223076923077,0.930769230769,2.88557692308,20.4911057692,167.826021635,0.384615384615,0.0384615384615,0.184615384615,0.000581429152858,Class 4
0.683576594346,1.67692307692,66.713783056,5.57524038462,0.947401247401,1.0,20.8748557518,0.28088598241,0.299286918743,0.0947596153846,0.11542899203,0.577128906223,1.0,1.0,0.952747252747,0.966666666667,0.817948717949,20.9778846154,241.160977564,2839.69909856,0.292307692308,-0.0153846153846,5.05128205128,0.00042250518441,Class 4
0.979658119658,0.369230769231,-0.144543019734,0.281009615385,0.990020790021,1.0,0.366791193246,0.0248314286454,0.0273362394176,0.106837195924,0.0248314286454,0.00111014400538,1.0,1.0,0.991208791209,0.0307692307692,0.989743589744,0.400961538462,1.934375,11.2154447115,0.0615384615385,0.0153846153846,0.0,9.30286644572e-05,Class 4
0.979658119658,0.369230769231,-0.144543019734,0.281009615385,0.990020790021,1.0,0.366791193246,0.0248314286454,0.0273362394176,0.106837195924,0.0248314286454,0.00111014400538,1.0,1.0,0.991208791209,0.0307692307692,0.989743589744,0.400961538462,1.934375,11.2154447115,0.0615384615385,0.0153846153846,0.0,9.30286644572e-05,Class 4
0.524273504274,6.99487179487,53.4825614205,7.06947115385,0.81028967429,1.0,20.2712087631,0.365231385882,0.424596848825,0.0692747370151,0.236367000812,0.129818951626,1.0,1.0,0.832509157509,1.19743589744,0.705128205128,20.7522435897,205.843669872,2208.03114984,1.1641025641,0.0230769230769,3.72307692308,0.00176237636555,Class 4
0.839408284024,1.24871794872,21.6740222563,2.68870192308,0.959857241857,1.0,9.13456069649,0.176171481622,0.189500318023,0.0976409434583,0.101688189278,0.490147446118,1.0,1.0,0.96369047619,0.424358974359,0.915384615385,9.04070512821,104.26338141,1258.10759215,0.217948717949,0.0217948717949,2.03846153846,0.000314617774935,Class 4
0.682669296515,3.06153846154,44.8297512316,4.56947115385,0.909979209979,1.0,16.4878044793,0.284809574947,0.31370112384,0.086549556213,0.159827003442,0.385803189559,1.0,1.0,0.91978021978,0.835897435897,0.820512820513,16.5855769231,181.91963141,2099.74236779,0.523076923077,-0.0564102564103,3.57435897436,0.000771362676125,Class 4
0.807337278107,2.08974358974,20.8738664114,2.98677884615,0.938562716563,1.0,9.45553487304,0.205763495686,0.225882376138,0.092361522025,0.141079836663,0.33554806624,1.0,1.0,0.944688644689,0.473076923077,0.897435897436,9.39198717949,103.556009615,1215.32329728,0.351282051282,0.0217948717949,1.92820512821,0.000526516399532,Class 4
0.807337278107,2.08974358974,20.8738664114,2.98677884615,0.938562716563,1.0,9.45553487304,0.205763495686,0.225882376138,0.092361522025,0.141079836663,0.33554806624,1.0,1.0,0.944688644689,0.473076923077,0.897435897436,9.39198717949,103.556009615,1215.32329728,0.351282051282,0.0217948717949,1.92820512821,0.000526516399532,Class 4
0.649533201841,3.40769230769,54.2251762557,5.63100961538,0.907463617464,1.0,18.8080051301,0.310173303773,0.340089897794,0.086398339908,0.171527362134,0.359095459589,1.0,1.0,0.91771978022,0.957692307692,0.797435897436,19.0048076923,206.195432692,2336.74669471,0.561538461538,0.00641025641026,4.12307692308,0.000858577049053,Class 4
0.905601577909,1.70256410256,1.64392122499,1.14254807692,0.957516285516,1.0,2.38342262683,0.102015160863,0.114748016363,0.0988671104536,0.0881494844369,0.0742580298096,1.0,1.0,0.962454212454,0.166666666667,0.951282051282,2.33685897436,17.7955929487,155.483072917,0.271794871795,0.0230769230769,0.184615384615,0.000428965508331,Class 4
0.668704799474,4.8,24.4571796938,4.52716346154,0.87027027027,1.0,12.219878663,0.261150271246,0.300901275609,0.0804861111111,0.170536354301,0.147144134501,1.0,1.0,0.885714285714,0.738461538462,0.810256410256,12.2471153846,116.845913462,1221.00390625,0.8,0.0461538461538,2.03076923077,0.00120937263794,Class 4
0.794582511506,2.88205128205,13.6272403184,2.62331730769,0.918691614692,1.0,7.67614301976,0.200572086343,0.227265664784,0.088572896121,0.157977169199,0.18110550169,1.0,1.0,0.927518315018,0.441025641026,0.889743589744,7.61121794872,75.3625801282,821.452624199,0.482051282051,1.60461921528e-17,1.27692307692,0.00072614040868,Class 4
0.616673241289,4.40512820513,62.1070067624,6.18677884615,0.887132363132,1.0,21.1394874052,0.371661539159,0.408467837749,0.0806915680473,0.219760482789,0.323528482914,1.0,1.0,0.89880952381,1.06153846154,0.779487179487,21.5804487179,241.863221154,2852.96416266,0.697435897436,-0.0538461538462,4.54358974359,0.00110988364957,Class 4
0.770282708744,4.0358974359,5.79067079452,2.43677884615,0.892687456687,1.0,5.95932588725,0.193463712525,0.226640617689,0.0847152366864,0.15972992531,0.0383503762125,1.0,1.0,0.905402930403,0.425641025641,0.874358974359,5.88814102564,46.5068108974,418.818008814,0.666666666667,-0.00769230769231,0.553846153846,0.00101685498511,Class 4
0.730072320842,3.43333333333,24.9072031436,3.80600961538,0.905004851005,1.0,11.4910011449,0.255586691003,0.285672815629,0.0859644148586,0.169591839673,0.232102172299,1.0,1.0,0.915613553114,0.629487179487,0.851282051282,11.5022435897,119.581330128,1344.81528446,0.571794871795,0.0141025641026,2.15897435897,0.000865037372974,Class 4
0.724036817883,3.32307692308,25.7729482534,3.81947115385,0.910187110187,1.0,11.6400397969,0.231419581415,0.259145068456,0.0884282544379,0.133695261425,0.257443801372,1.0,1.0,0.920879120879,0.646153846154,0.846153846154,11.6009615385,117.365144231,1273.9077524,0.553846153846,0.0153846153846,2.21538461538,0.000837257980115,Class 4
0.974608809993,0.461538461538,-0.144967666312,0.192548076923,0.987525987526,1.0,0.457842861139,0.0297896560459,0.0335369028822,0.106210963182,0.0297896560459,0.00123468247469,1.0,1.0,0.989010989011,0.0384615384615,0.987179487179,0.485576923077,2.421875,14.0183293269,0.0769230769231,-0.00769230769231,0.0,0.000116285830572,Class 4
0.728494411571,2.8358974359,31.5761141696,4.11754807692,0.92511988912,1.0,12.9527865581,0.238256676904,0.261093574837,0.0915314760026,0.12595849127,0.36113120519,1.0,1.0,0.933974358974,0.679487179487,0.848717948718,12.9266025641,135.840464744,1506.50550881,0.466666666667,0.0307692307692,2.67692307692,0.000714511825623,Class 4
0.712938856016,2.86153846154,35.5564989983,4.35024038462,0.922661122661,1.0,14.031349644,0.240669409757,0.264435533721,0.0910827580539,0.120523274851,0.363676287347,1.0,1.0,0.931868131868,0.730769230769,0.838461538462,14.0086538462,148.204567308,1650.89332933,0.476923076923,0.0230769230769,2.95384615385,0.000720972149544,Class 4
0.934937541091,1.10769230769,0.730532713814,0.546394230769,0.970062370062,1.0,1.45243325605,0.0673957250261,0.0764717215666,0.101919378698,0.0596746703828,0.0431846990476,1.0,1.0,0.973626373626,0.107692307692,0.966666666667,1.43173076923,9.99399038462,82.5135216346,0.184615384615,-0.0153846153846,0.0923076923077,0.000279085993372,Class 4
0.831518737673,1.75384615385,15.5296005743,2.49254807692,0.952598752599,1.0,7.43855791618,0.158004854526,0.17192910372,0.0977888724523,0.0845670714232,0.385979126814,1.0,1.0,0.958241758242,0.392307692308,0.910256410256,7.33173076923,75.8007211538,835.258713942,0.292307692308,0.0384615384615,1.47692307692,0.000441886156172,Class 4
0.964549638396,0.553846153846,0.717752760588,0.369471153846,0.985031185031,1.0,0.9144604691,0.0422593815591,0.0468906122616,0.105588017751,0.0345207668741,0.111642590882,1.0,1.0,0.986813186813,0.0615384615385,0.982051282051,0.924038461538,7.06899038462,65.6962139423,0.0923076923077,0.0,0.0923076923077,0.000139542996686,Class 4
0.816936226167,3.09487179487,6.94055088196,2.30216346154,0.922534996535,1.0,5.58707144637,0.180570552853,0.204325858583,0.0908066239316,0.138962906717,0.119115807505,1.0,1.0,0.931547619048,0.357692307692,0.902564102564,5.51762820513,48.828125,489.436438301,0.494871794872,0.024358974359,0.679487179487,0.000779761097221,Class 4
0.984694280079,0.184615384615,0.709371234382,0.192548076923,0.99501039501,1.0,0.551645050424,0.0217153674018,0.0232591109693,0.10809952334,0.013965197996,0.334494722103,1.0,1.0,0.995604395604,0.0307692307692,0.992307692308,0.585576923077,5.11899038462,54.4846754808,0.0307692307692,0.0,0.0923076923077,4.65143322286e-05,Class 4
0.694569362262,3.22307692308,39.3834478684,4.60216346154,0.912453222453,1.0,15.2176975433,0.280270844926,0.308638379953,0.0874601413544,0.165967207369,0.325082598313,1.0,1.0,0.922115384615,0.788461538462,0.828205128205,15.2971153846,163.624278846,1842.39092548,0.530769230769,-0.00641025641026,3.2,0.000812062716825,Class 4
0.901012491782,1.47692307692,3.46946551036,1.07716346154,0.960083160083,1.0,2.89054445168,0.0989907670455,0.111340715586,0.099539365549,0.0743469174227,0.134204766087,1.0,1.0,0.964835164835,0.184615384615,0.948717948718,2.83173076923,24.4228365385,240.350060096,0.246153846154,0.0,0.369230769231,0.000372114657829,Class 4
0.896028928337,1.54358974359,4.40192193021,1.19831730769,0.960047124047,1.0,3.31235288335,0.110614782347,0.122964730887,0.0994933431953,0.0810599103244,0.175481741031,1.0,1.0,0.964743589744,0.202564102564,0.946153846154,3.24967948718,29.1846955128,294.265124199,0.251282051282,-3.46944695195e-18,0.461538461538,0.000388911500023,Class 4
0.920249835634,1.2,2.52624082897,0.900240384615,0.967567567568,1.0,2.26608121451,0.0829451030082,0.0929365640277,0.101319444444,0.0634698567507,0.136962811468,1.0,1.0,0.971428571429,0.146153846154,0.958974358974,2.22403846154,18.8007211538,183.06640625,0.2,0.00769230769231,0.276923076923,0.000302343159486,Class 4
0.840184089415,2.28205128205,8.43791748697,2.17139423077,0.940088704089,1.0,5.42715626319,0.155100261625,0.172702432328,0.094864809336,0.108066052607,0.208751270469,1.0,1.0,0.947161172161,0.325641025641,0.915384615385,5.34198717949,49.7231570513,512.188201122,0.374358974359,0.0461538461538,0.830769230769,0.000574968828937,Class 4
0.340894148586,7.0,255.68204519,14.2752403846,0.816224532225,1.0,47.2278849166,0.561125852015,0.619594716556,0.068327991453,0.272370128249,0.353210688906,1.0,1.0,0.836950549451,2.36923076923,0.528205128205,49.9240384615,574.468990385,6875.74044471,1.13846153846,0.00769230769231,11.3076923077,0.00176366843034,Class 4
0.816870479947,2.85128205128,9.57136726365,2.32524038462,0.930001386001,1.0,6.3007227224,0.181761177915,0.202643770671,0.0924519230769,0.130813780508,0.196225423839,1.0,1.0,0.938095238095,0.379487179487,0.902564102564,6.2266025641,57.6395032051,587.394931891,0.451282051282,0.0128205128205,0.923076923077,0.000718388019975,Class 4
0.87191321499,1.70769230769,9.59852759295,1.83677884615,0.954952182952,1.0,5.40893998496,0.146008014938,0.159086963093,0.0976475180802,0.102015160863,0.278009965812,1.0,1.0,0.95989010989,0.284615384615,0.933333333333,5.33173076923,56.7411057692,663.712560096,0.276923076923,0.0102564102564,0.961538461538,0.000430257573115,Class 4
0.465917159763,4.42307692308,176.459998239,11.5021634615,0.882232848233,1.0,39.2943609078,0.490449433144,0.528308829549,0.0797513971072,0.222456097261,0.458035849416,1.0,1.0,0.894642857143,1.81153846154,0.664102564103,40.8586538462,497.884855769,6273.70919471,0.715384615385,0.0269230769231,9.54615384615,0.00111440587631,Class 4
0.702892833662,4.17179487179,31.2325625227,4.52908653846,0.893545391545,1.0,13.8962668803,0.298174684525,0.332551430583,0.0829302268245,0.20163502403,0.218614108078,1.0,1.0,0.905036630037,0.726923076923,0.835897435897,14.0099358974,154.366586538,1842.60566907,0.664102564103,-0.00128205128205,2.62564102564,0.00105109470189,Class 4
0.807061143984,3.07435897436,15.8301373068,2.75024038462,0.924641718642,1.0,8.71492180574,0.204707524486,0.229882974009,0.0894654010519,0.163143857494,0.192897981576,1.0,1.0,0.932188644689,0.452564102564,0.897435897436,8.65352564103,94.3072916667,1123.87714343,0.474358974359,-0.0269230769231,1.49230769231,0.000774592838085,Class 4
0.76090729783,3.54615384615,13.4316483,2.70216346154,0.902615384615,1.0,8.09336966031,0.212042707002,0.242010122913,0.0861780900723,0.157604762656,0.143925833217,1.0,1.0,0.913873626374,0.496153846154,0.869230769231,8.03557692308,75.1954326923,782.179387019,0.592307692308,-0.0320512820513,1.23076923077,0.000893462798225,Class 4
0.546232741617,4.73333333333,93.8379044522,8.315625,0.862156618157,1.0,27.3581924892,0.426234860056,0.474035208646,0.0743191157133,0.251168369114,0.323640914012,1.0,1.0,0.87619047619,1.32820512821,0.730769230769,28.1753205128,331.688862179,4103.30903446,0.794871794872,0.0153846153846,6.17692307692,0.00119257579575,Class 4
0.863076923077,1.66666666667,9.59726626303,1.81754807692,0.952529452529,1.0,5.3382773835,0.138053869816,0.153367319014,0.0971527777778,0.0950861378266,0.285606611405,1.0,1.0,0.957875457875,0.294871794872,0.928205128205,5.24967948718,52.6654647436,576.97666266,0.282051282051,0.0153846153846,0.953846153846,0.000419921054842,Class 4
0.959605522682,0.738461538462,-0.146250562502,0.369471153846,0.980041580042,1.0,0.72965537446,0.0434417236208,0.0496166978909,0.104351988823,0.0434417236208,0.00185891036281,1.0,1.0,0.982417582418,0.0615384615385,0.979487179487,0.739423076923,3.884375,22.4269831731,0.123076923077,0.0,0.0,0.000186057328914,Class 4
0.959500328731,0.725641025641,1.88092704749,0.556009615385,0.982376992377,1.0,1.57214606966,0.0514617489617,0.0567527393656,0.10432404668,0.0514617489617,0.287329518938,1.0,1.0,0.98402014652,0.0858974358974,0.979487179487,1.56378205128,15.044150641,164.942207532,0.110256410256,-0.00128205128205,0.215384615385,0.000182827166954,Class 4
0.984707429323,0.376923076923,-0.144119326181,0.257932692308,0.992461538462,1.0,0.375197224828,0.0195889474714,0.0217153674018,0.107466715976,0.0195889474714,0.000739141448036,1.0,1.0,0.993269230769,0.0269230769231,0.992307692308,0.4125,2.35024038462,15.97265625,0.0538461538462,0.00897435897436,0.0,9.49667616334e-05,Class 4
0.890992767916,1.89743589744,4.63198500018,1.39447115385,0.953685377685,1.0,3.74458216335,0.12174571766,0.135508908848,0.0976327251808,0.102324283221,0.155370568325,1.0,1.0,0.958836996337,0.217948717949,0.94358974359,3.68044871795,36.1789262821,410.815124199,0.297435897436,-6.93889390391e-18,0.484615384615,0.000478063970127,Class 4
0.621117685733,2.71282051282,78.963687954,6.74447115385,0.909702009702,1.0,23.7330577039,0.340529572424,0.373700855739,0.0841826923077,0.180937268075,0.451638507922,1.0,1.0,0.918315018315,1.12820512821,0.779487179487,24.0881410256,277.413862179,3302.66993189,0.482051282051,0.00769230769231,5.61025641026,0.000683502270804,Class 4
0.97963182117,0.276923076923,0.711456700825,0.281009615385,0.992515592516,1.0,0.642695540844,0.0273362394176,0.029462659348,0.107466715976,0.0195889474714,0.292977308353,1.0,1.0,0.993406593407,0.0384615384615,0.989743589744,0.670192307692,5.60649038462,57.2875600962,0.0461538461538,0.00769230769231,0.0923076923077,6.97714983429e-05,Class 4
0.944615384615,0.464102564103,5.64220664954,0.965625,0.986243936244,1.0,2.84155865066,0.0700201183986,0.0728062980303,0.105579799474,0.0375311706706,0.634503485872,1.0,1.0,0.987728937729,0.134615384615,0.971794871795,2.80224358974,31.040625,368.931630609,0.0794871794872,0.024358974359,0.602564102564,0.000116931862964,Class 4
1.0,0.0,-0.142857142857,0.015625,1.0,1.0,0.0,-0.0,-0.0,0.109375,-0.0,nan,1.0,1.0,1.0,0.0,1.0,0.0625,-0.015625,0.00390625,0.0,0.0,0.0,0.0,Class 4
0.835923734385,1.6358974359,16.5176475641,2.43677884615,0.957552321552,1.0,7.6836450516,0.161635735696,0.174421219773,0.0989032708744,0.0846778810219,0.425202682794,1.0,1.0,0.962545787546,0.394871794872,0.912820512821,7.58044871795,79.5875801282,883.568008814,0.266666666667,0.0230769230769,1.56923076923,0.000412168666137,Class 4
