0.69335673778,5053.86024845,1094581.60122,5632.11497062,0.840150662443,1.0,18302.7811006,0.452315127043,0.475705297945,0.00271486651957,0.435238349814,0.489994748305,1.0,1.0,0.845528368719,26.0450310559,0.832298136646,18348.8849116,7161866.46953,2996546221.52,23.3633540373,-1.00776397516,3323.95962733,1.17672944524e-06,Class 1
0.502430461788,5834.22360248,3775013.71469,11450.1624037,0.725744383117,1.0,40261.5516093,0.780969128392,0.823304241116,0.00197169797379,0.705405346165,0.613384877702,1.0,1.0,0.740829296949,51.7639751553,0.708074534161,40421.0283995,16838940.5387,7297832098.88,27.6273291925,-0.599378881988,8647.10559006,1.35842749219e-06,Class 1
0.862466725821,1259.01552795,543834.959131,2305.34245509,0.934669901283,1.0,8767.48288872,0.201539333577,0.20901833968,0.00335488209574,0.189980036051,0.746221255162,1.0,1.0,0.938731582252,11.998447205,0.928571428571,8776.74001639,3397957.62306,1361161578.74,6.18322981366,-0.973602484472,1879.52484472,2.93146341791e-07,Class 1
0.817040237645,1502.5310559,913103.770411,3698.70952128,0.912307140037,1.0,13529.9297911,0.274854991105,0.279300220186,0.0032209113288,0.246790094499,0.750112246686,1.0,1.0,0.916595690643,17.2251552795,0.903726708075,13548.2537004,5649460.10557,2434809666.46,7.78571428571,-0.315217391304,3011.56521739,3.49845949225e-07,Class 1
0.69335673778,5053.86024845,1094581.60122,5632.11497062,0.840150662443,1.0,18302.7811006,0.452315127043,0.475705297945,0.00271486651957,0.435238349814,0.489994748305,1.0,1.0,0.845528368719,26.0450310559,0.832298136646,18348.8849116,7161866.46953,2996546221.52,23.3633540373,-1.00776397516,3323.95962733,1.17672944524e-06,Class 1
0.862466725821,1259.01552795,543834.959131,2305.34245509,0.934669901283,1.0,8767.48288872,0.201539333577,0.20901833968,0.00335488209574,0.189980036051,0.746221255162,1.0,1.0,0.938731582252,11.998447205,0.928571428571,8776.74001639,3397957.62306,1361161578.74,6.18322981366,-0.973602484472,1879.52484472,2.93146341791e-07,Class 1
0.410670884611,4773.63975155,7629224.55076,16571.5378889,0.682712720278,1.0,60627.8900612,0.94200545378,1.00628273169,0.00172575838813,0.793876155301,0.660678211538,1.0,1.0,0.703921608454,71.5807453416,0.639751552795,60894.4836596,26977455.1444,12234160542.1,23.4720496894,0.689440993789,14030.7701863,1.11148353545e-06,Class 1
0.556460013117,4979.89130435,2985175.96209,9579.60652729,0.759960325597,1.0,34462.9051072,0.675940594774,0.721861145794,0.00218139462419,0.632455926999,0.611045364938,1.0,1.0,0.772403538194,44.5947204969,0.745341614907,34581.6282152,14339307.2128,6184329334.41,24.5062111801,-1.38354037267,7400.7826087,1.15950668278e-06,Class 1
0.502430461788,5834.22360248,3775013.71469,11450.1624037,0.725744383117,1.0,40261.5516093,0.780969128392,0.823304241116,0.00197169797379,0.705405346165,0.613384877702,1.0,1.0,0.740829296949,51.7639751553,0.708074534161,40421.0283995,16838940.5387,7297832098.88,27.6273291925,-0.599378881988,8647.10559006,1.35842749219e-06,Class 1
0.667759731492,2819.8757764,2313966.6709,7578.08267733,0.828866439179,1.0,28537.401044,0.502556165161,0.524993183471,0.00263597597233,0.453948495172,0.738682591304,1.0,1.0,0.838679631848,34.6832298137,0.816770186335,28605.7857753,12430031.092,5562709160.63,14.1366459627,-1.1397515528,6446.7484472,6.56573528924e-07,Class 1
0.40673585124,4809.87888199,6652079.89101,14185.3870252,0.690008350857,1.0,54306.2029146,0.93464982299,1.01153291282,0.00171438066833,0.770901681462,0.671242133695,1.0,1.0,0.709596438478,67.399068323,0.636645962733,54555.2012936,23252497.8937,10197947794.4,24.9161490683,-2.84937888199,12436.8571429,1.11992137302e-06,Class 1
0.270900042437,6324.42546584,11515847.988,18570.4455946,0.559289752785,1.0,68835.8640085,1.1851316387,1.31627407644,0.00110849825156,1.02270203415,0.585354324971,1.0,1.0,0.590096174372,87.8804347826,0.518633540373,69248.3128037,28567752.771,12094113918.8,32.7608695652,-1.41149068323,15731.6583851,1.47256499073e-06,Class 1
0.657883569307,4109.23913043,1609196.08599,6353.02798983,0.823090529755,1.0,22445.0614131,0.499001151967,0.528458876914,0.00257840923108,0.459182197282,0.630305252711,1.0,1.0,0.832520319944,30.7779503106,0.810559006211,22505.2835917,8942280.7727,3737286910.86,20.1770186335,-1.3649068323,4599.2515528,9.56785990235e-07,Class 1
0.623201265383,7566.22981366,644267.089379,5676.22502496,0.80089134893,1.0,15145.780166,0.537707502017,0.583287264668,0.0024609399253,0.511877841008,0.240754970134,1.0,1.0,0.804557919013,26.8881987578,0.788819875776,15202.4827862,4821724.16644,1694329857.76,35.801242236,-0.0372670807453,1909.27329193,1.76170392008e-06,Class 1
0.533833571236,7837.36645963,2135869.00613,8852.78834989,0.743400822459,1.0,29477.3459897,0.707896551298,0.752064861889,0.00209293473646,0.667419753631,0.502050109785,1.0,1.0,0.75328780069,42.1552795031,0.729813664596,29594.8938887,11440057.1741,4729082337.38,36.2298136646,-2.34161490683,5439.71118012,1.82483476646e-06,Class 1
0.851047413294,2498.39440994,324212.252649,2359.46852263,0.922760359615,1.0,7045.69544072,0.207680377466,0.221474364177,0.0033098986605,0.207680377466,0.410473801849,1.0,1.0,0.924917774101,10.852484472,0.922360248447,7054.32862276,2635345.42728,1088600354.72,12.0155279503,-0.0636645962733,1139.06832298,5.81720531133e-07,Class 1
0.502430461788,5834.22360248,3775013.71469,11450.1624037,0.725744383117,1.0,40261.5516093,0.780969128392,0.823304241116,0.00197169797379,0.705405346165,0.613384877702,1.0,1.0,0.740829296949,51.7639751553,0.708074534161,40421.0283995,16838940.5387,7297832098.88,27.6273291925,-0.599378881988,8647.10559006,1.35842749219e-06,Class 1
0.657883569307,4109.23913043,1609196.08599,6353.02798983,0.823090529755,1.0,22445.0614131,0.499001151967,0.528458876914,0.00257840923108,0.459182197282,0.630305252711,1.0,1.0,0.832520319944,30.7779503106,0.810559006211,22505.2835917,8942280.7727,3737286910.86,20.1770186335,-1.3649068323,4599.2515528,9.56785990235e-07,Class 1
0.515855869758,6451.87267081,2814556.46383,9715.92907194,0.736976322259,1.0,33374.2346151,0.747813997094,0.786502968574,0.00200831765475,0.686462164766,0.536258669351,1.0,1.0,0.750344766921,46.1630434783,0.717391304348,33510.3183355,13130382.8614,5402874103.15,30.7732919255,-1.30590062112,6764.97204969,1.50223951108e-06,Class 1
0.783804637167,2856.54347826,696077.812806,3483.30336833,0.888276415789,1.0,11956.1989905,0.314980491017,0.329480203757,0.0030475329628,0.310535261935,0.587993036576,1.0,1.0,0.89307656192,17.448757764,0.885093167702,11977.5386383,4519203.78247,1812977819.91,14.0527950311,-1.02329192547,2280.38509317,6.65111154095e-07,Class 1
0.603545387909,4211.17391304,2477007.04524,8315.14119829,0.799841840441,1.0,30029.9439632,0.619924685216,0.640491952,0.00240374992974,0.538726366659,0.638708010355,1.0,1.0,0.81206315774,39.2701863354,0.776397515528,30125.7107559,12253312.4671,5162478829.98,19.9689440994,-1.29192546584,6478.94099379,9.80520255588e-07,Class 1
0.851066702674,2631.45652174,232403.769351,1923.0963856,0.92260756757,1.0,5899.8110294,0.207680377466,0.219604612651,0.00330997400963,0.20581062594,0.385166409604,1.0,1.0,0.924266118976,10.1226708075,0.922360248447,5907.86074621,1936024.12398,698740875.545,12.7049689441,-0.992236024845,819.180124224,6.12702413755e-07,Class 1
0.708942556229,3884.64906832,1019150.50499,4910.19292578,0.85677239509,1.0,16272.2648845,0.421791103714,0.448308413446,0.00279722312714,0.389472369809,0.472402347355,1.0,1.0,0.863703990102,24.0636645963,0.841614906832,16311.9344069,6017619.93178,2347717698.28,18.7608695652,-0.656832298137,3107.00931677,9.04492945671e-07,Class 1
0.542745264457,3931.07453416,4239504.31672,11452.1419747,0.789298524315,1.0,43431.5476034,0.70658253195,0.742448599311,0.00227701268002,0.568066054181,0.688906040096,1.0,1.0,0.802667859455,51.6180124224,0.73602484472,43575.3248863,19262780.5478,8741521976.76,18.3540372671,-1.81366459627,9911.46583851,9.15302546644e-07,Class 1
0.463735966977,2269.72360248,7623717.34338,15270.6060178,0.731435118114,1.0,60849.4611583,0.819164439861,0.900399396969,0.00184722119821,0.635094045008,0.773610518445,1.0,1.0,0.756064320595,68.4083850932,0.680124223602,61070.8032928,27902875.8174,12913187582.5,11.5248447205,-2.47360248447,14700.8043478,5.28477335008e-07,Class 1
0.623162686625,5407.39130435,1692000.92363,7189.03694267,0.796119526628,1.0,24189.148925,0.570904730016,0.588438219778,0.00242130627884,0.549290948832,0.544994193116,1.0,1.0,0.803987015132,33.6708074534,0.788819875776,24264.662134,9592683.35297,4027034779.37,26.1055900621,-1.03105590062,4714.58074534,1.25904482059e-06,Class 1
0.556421434358,3494.56832298,3895898.19779,10449.8449784,0.772728534547,1.0,40218.5621755,0.670083913634,0.72443662335,0.00222148036548,0.591507733013,0.726908825552,1.0,1.0,0.788978222897,49.051242236,0.745341614907,40348.0541662,17270561.3214,7567392463.16,16.8602484472,-2.17546583851,9213.75465839,8.13667422902e-07,Class 1
0.489313683886,4412.19254658,5202810.34571,12833.2124813,0.734605475606,1.0,48499.3040526,0.799725370407,0.85419559122,0.00197682171516,0.680622741964,0.707998554286,1.0,1.0,0.751549814169,58.7080745342,0.698757763975,48684.6312722,20990217.038,9267016192.29,20.5714285714,-2.02795031056,11068.568323,1.02732498178e-06,Class 1
0.598742332472,3023.47515528,3453214.16474,9900.67839259,0.810517958888,1.0,37546.0272432,0.626142265863,0.649285010203,0.00244308217965,0.515039606908,0.754762820478,1.0,1.0,0.824503516251,44.6692546584,0.773291925466,37656.1165692,16531825.7383,7431768111.57,14.3757763975,-1.11645962733,8658.50931677,7.0397915005e-07,Class 1
0.342752980209,5988.35093168,8257209.80453,16289.3344485,0.621582708858,1.0,60737.3065281,1.05279870376,1.13355377738,0.00140009941471,0.883912886828,0.653346918076,1.0,1.0,0.646799775619,75.9829192547,0.583850931677,61053.8026134,25998586.9522,11438215586.9,30.8664596273,-1.92080745342,13766.9565217,1.39431415261e-06,Class 1
0.561012306624,1914.58695652,5217111.95899,12434.4118456,0.803081587729,1.0,49401.4229884,0.661681195017,0.719432619415,0.00233736733937,0.5057666522,0.767601707456,1.0,1.0,0.821255945842,54.852484472,0.748447204969,49544.4505172,22832825.8657,10647639947.3,9.08385093168,-1.82763975155,11907.8944099,4.45788117688e-07,Class 1
0.714189267389,4636.91925466,784272.140531,4564.31828972,0.845820831152,1.0,14396.8019344,0.414388886306,0.437531630646,0.00277620071771,0.406204154173,0.453743337443,1.0,1.0,0.850781214293,22.2453416149,0.844720496894,14432.8079997,5221429.46205,2042418827.25,22.397515528,-0.972049689441,2449.14596273,1.07964984268e-06,Class 1
0.353863662667,6031.66459627,7765567.57686,15791.8320708,0.648510573363,1.0,59067.0572394,1.04529189481,1.10365568343,0.00146813968611,0.832706156913,0.628768381085,1.0,1.0,0.670700214404,74.0434782609,0.593167701863,59373.2389974,25251079.9095,11098745686.2,30.4347826087,-2.45962732919,13335.9720497,1.40439920879e-06,Class 1
0.598703753713,2076.02173913,3850092.72814,10136.2335653,0.814226258781,1.0,39853.2937183,0.598306865879,0.653024513254,0.00244519195551,0.499966648869,0.749010315028,1.0,1.0,0.828666455496,46.3649068323,0.773291925466,39962.4486732,17719764.0246,7975383052.79,10.6739130435,-1.52639751553,9471.9689441,4.8337622912e-07,Class 1
0.72998726901,5282.14906832,550657.348633,4194.0779219,0.854932719483,1.0,12321.2412432,0.38472184738,0.410780857646,0.0028378363124,0.382852095854,0.397331273177,1.0,1.0,0.85848804571,20.0434782609,0.854037267081,12351.3115905,4273263.00569,1626246474.83,24.3850931677,-0.996894409938,1767.44720497,1.22988370024e-06,Class 1
0.677963813124,4352.67391304,1418725.5442,5810.66575187,0.830229076458,1.0,20926.2844901,0.478161903201,0.503515187437,0.00263514713181,0.466237668016,0.649221209074,1.0,1.0,0.838088907371,28.8680124224,0.82298136646,20980.368122,8256903.29,3418694807.4,20.6552795031,-2.38043478261,4157.14906832,1.01346679711e-06,Class 1
0.547509741137,3073.13354037,5006137.21327,12654.1223949,0.796311018146,1.0,48832.1427253,0.671772795454,0.727407041763,0.00231604353338,0.533058471011,0.732646027224,1.0,1.0,0.813002668757,54.9953416149,0.739130434783,48977.7504007,22503848.9055,10520193026.7,14.0465838509,-1.49223602484,11476.5838509,7.15541496666e-07,Class 1
0.688245052274,5404.50621118,942748.069863,5239.72056068,0.83351596978,1.0,16851.619071,0.453723133409,0.48201683286,0.00267493147655,0.449983630358,0.446041387648,1.0,1.0,0.839244152242,25.2841614907,0.829192546584,16896.5111732,6274186.55951,2512439891.48,25.1397515528,-1.43944099379,2873.19875776,1.25837306199e-06,Class 1
0.40673585124,4809.87888199,6652079.89101,14185.3870252,0.690008350857,1.0,54306.2029146,0.93464982299,1.01153291282,0.00171438066833,0.770901681462,0.671242133695,1.0,1.0,0.709596438478,67.399068323,0.636645962733,54555.2012936,23252497.8937,10197947794.4,24.9161490683,-2.84937888199,12436.8571429,1.11992137302e-06,Class 1
0.70890397747,5401.31987578,722196.355592,4626.59005311,0.84325978523,1.0,14414.8455832,0.425871395136,0.452047916498,0.00275525365741,0.422131892084,0.414663304748,1.0,1.0,0.847582218091,22.5170807453,0.841614906832,14452.3181414,5194729.25002,2035066062.74,25.152173913,-1.44565217391,2262.92546584,1.25763116282e-06,Class 1
0.332124532233,5150.29192547,9623368.46456,16996.5780432,0.626378178786,1.0,65482.5129553,1.05367192104,1.154557546,0.00139377008714,0.855552746443,0.677821813318,1.0,1.0,0.654813887541,80.2888198758,0.574534161491,65817.2860665,28294490.2972,12481136707.4,26.850931677,-3.22049689441,15167.3757764,1.19918237987e-06,Class 1
0.403032290421,5269.06521739,6567651.88931,14271.2612973,0.671035254823,1.0,54138.0779766,0.936036410727,1.00687609581,0.00166902048739,0.775547566594,0.676567506837,1.0,1.0,0.693838912494,67.5605590062,0.633540372671,54388.0471787,23091326.4821,10103189985.8,26.5,-2.81832298137,12280.2732919,1.22683728584e-06,Class 1
0.447397862737,10118.3509317,2512107.87663,10769.5089681,0.671970050059,1.0,33343.4941821,0.849750805648,0.906524928165,0.00173706075879,0.83105329039,0.415741419878,1.0,1.0,0.681757487276,49.5947204969,0.667701863354,33509.7949465,12584679.1147,5095014381.91,47.748447205,-0.653726708075,5848.2484472,2.35593405699e-06,Class 1
0.447552177771,4955.22981366,4812240.76941,11943.7886168,0.711937444624,1.0,44423.2457601,0.834452005071,0.903949450609,0.00184684445252,0.686979645631,0.615510612058,1.0,1.0,0.731194761457,58.1211180124,0.667701863354,44614.7303599,18139728.4141,7618069977.92,25.2919254658,-2.04347826087,9915.32919255,1.1537645568e-06,Class 1
0.270900042437,6324.42546584,11515847.988,18570.4455946,0.559289752785,1.0,68835.8640085,1.1851316387,1.31627407644,0.00110849825156,1.02270203415,0.585354324971,1.0,1.0,0.590096174372,87.8804347826,0.518633540373,69248.3128037,28567752.771,12094113918.8,32.7608695652,-1.41149068323,15731.6583851,1.47256499073e-06,Class 1
0.724624821573,3691.08695652,1600117.64297,6297.64381864,0.857350379848,1.0,23089.7354894,0.412929430337,0.426017691019,0.00283715817016,0.39441139338,0.626740175982,1.0,1.0,0.863597526091,27.8913043478,0.850931677019,23134.7619981,10284513.5204,4764868858.01,16.5962732919,-1.77639751553,4861.13664596,8.5942437922e-07,Class 1
0.850989545156,2675.74534161,390351.799422,2247.67138075,0.923012980639,1.0,8132.64130934,0.217734861125,0.227083618754,0.00330952191481,0.213289632044,0.545192307724,1.0,1.0,0.925807955867,11.748447205,0.922360248447,8142.45900902,3181924.54812,1354694932.39,12.0621118012,-1.88198757764,1366.77018634,6.23014522891e-07,Class 1
0.724740557849,5287.69254658,419388.90901,3841.95986095,0.853842003219,1.0,10662.3225175,0.386412120605,0.41596320736,0.00281764274348,0.384542369079,0.281311760837,1.0,1.0,0.857375985528,18.9456521739,0.850931677019,10690.8645311,3381905.73959,1184127484.08,25.1459627329,-0.687888198758,1350.94099379,1.23117443124e-06,Class 1
0.767447243548,4194.16149068,422247.709964,3087.05758999,0.883917805002,1.0,9761.50941352,0.33767876476,0.354506528493,0.00302590776026,0.321622553468,0.387180340879,1.0,1.0,0.886114430234,16.4409937888,0.875776397516,9783.08876445,3277581.80222,1210106505.19,20.0683229814,-1.94720496894,1397.36024845,9.76559121456e-07,Class 1
0.724566953435,2727.93167702,1586459.98702,5721.77211833,0.868011319901,1.0,21683.4311326,0.417832958886,0.431626945596,0.00283874050205,0.37678454181,0.713129804808,1.0,1.0,0.87614004581,27.3322981366,0.850931677019,21728.0838149,9102615.65728,3935807722.91,12.5962732919,-1.73913043478,4750.2515528,6.35165471768e-07,Class 1
0.632903823155,5235.30434783,1501413.03934,6926.41715909,0.80220809863,1.0,22148.7934057,0.547650546562,0.578024870442,0.00247834557612,0.528765685337,0.496074215034,1.0,1.0,0.80984817902,31.7577639752,0.795031055901,22217.0697427,8530525.43729,3479310056.25,25.5900621118,0.313664596273,4245.68944099,1.21897648095e-06,Class 2
0.72998726901,4445.79192547,597750.317641,4330.8908101,0.861749148111,1.0,12039.6096396,0.382028858728,0.410780857646,0.00285855732528,0.371232349915,0.359894403382,1.0,1.0,0.865757374873,19.7655279503,0.854037267081,12069.0500902,4123304.52502,1534167092.47,21.6055900621,0.97049689441,1905.9689441,1.03514818553e-06,Class 2
0.339319470699,8823.86645963,6734538.22921,16803.862326,0.603487697325,1.0,56431.6295526,1.05486988832,1.13377679444,0.00133567590192,0.978050481245,0.58263869872,1.0,1.0,0.622248645049,72.6816770186,0.580745341615,56734.9244108,23982452.5871,10627109268.9,43.2639751553,1.78726708075,11978.3322981,2.05452920609e-06,Class 2
0.662763782261,4004.11180124,1665759.17259,7068.42074992,0.82431427472,1.0,22988.323672,0.497282953829,0.528245492642,0.00259566418362,0.475791428866,0.607117781942,1.0,1.0,0.831931246899,31.0310559006,0.813664596273,23048.8315828,9238049.17916,3878657394.05,19.7701863354,1.37577639752,4761.42236025,9.32308379522e-07,Class 2
0.730295899078,2119.25465839,2072078.80311,7521.58243471,0.88454235228,1.0,26658.1035355,0.39427891265,0.401757918753,0.00298378759225,0.332986109116,0.786610566894,1.0,1.0,0.890177716291,30.1925465839,0.854037267081,26704.6217613,12301437.0683,5804618054.36,10.0186335404,1.39440993789,6146.57763975,4.93442484733e-07,Class 2
0.538655916053,5041.73291925,2720118.28525,9524.01435435,0.764424892518,1.0,31450.9593405,0.650703040932,0.725722839303,0.00216956480956,0.581732477146,0.505337172614,1.0,1.0,0.778639184164,43.7670807453,0.732919254658,31563.0857559,12145487.9695,4859490795.04,24.7577639752,1.70186335404,6630.68012422,1.17390574521e-06,Class 2
0.575267157903,4304.7515528,2475565.86087,8873.66960959,0.787447764686,1.0,29356.6544248,0.619047723403,0.674929396275,0.00231400910666,0.537078059485,0.56464443259,1.0,1.0,0.801497507254,40.2826086957,0.757763975155,29454.7598631,11469509.6331,4635340205.37,21.3664596273,2.00931677019,6287.81677019,1.00230866261e-06,Class 2
0.627946452683,5079.30745342,2249605.88043,8974.79339647,0.805132288767,1.0,29703.5765461,0.550278186086,0.588261431536,0.0024790990675,0.520605102493,0.601860478271,1.0,1.0,0.814694956767,37.2748447205,0.791925465839,29784.1550979,12826951.6066,5778644098.3,23.0962732919,1.09782608696,6176.50310559,1.18265451517e-06,Class 2
0.398942942016,8594.47204969,5453969.98472,15538.4630636,0.664718259574,1.0,51535.8759148,0.953197636297,1.02296665769,0.0016612595262,0.835790132066,0.562063518584,1.0,1.0,0.682534416941,65.6832298137,0.630434782609,51783.3511868,21937989.0179,9717837640.22,39.3105590062,1.85403726708,10797.7329193,2.00111752799e-06,Class 2
0.332548898576,10644.6304348,4886634.57845,14610.3538584,0.608727824005,1.0,46983.065036,1.02941088452,1.1276994479,0.00136679509582,0.94215750541,0.449876746616,1.0,1.0,0.622888155078,66.5046583851,0.574534161491,47253.7696165,18516971.1331,7732337915.28,52.1086956522,0.302795031056,9152.80434783,2.47847179197e-06,Class 2
0.560993017245,3225.42546584,3870923.3748,11198.2746416,0.778923611869,1.0,39857.2057247,0.675475181728,0.721302370941,0.00225704515851,0.58032939054,0.725294826517,1.0,1.0,0.795694297242,48.5667701863,0.748447204969,39986.4543992,17107785.9581,7481811750.12,15.7298136646,1.74689440994,9190.63664596,7.5100080582e-07,Class 2
0.95100497666,1092.0,-0.00402108443781,545.979683349,0.975155848005,1.0,1091.32261677,0.065482736726,0.0729617428294,0.00369990579757,0.065482736726,0.00185850526036,1.0,1.0,0.975273474864,2.60248447205,0.975155279503,1091.9187334,229400.23329,48262072.9049,5.2049689441,-1.11022302463e-16,0.0,2.54258822174e-07,Class 2
0.533621388064,4044.40993789,3673487.44245,11025.8282373,0.75445339602,1.0,38250.0876637,0.724817676838,0.763624159414,0.00212940371914,0.634781975847,0.66107437655,1.0,1.0,0.770198718119,48.8074534161,0.729813664596,38389.5431511,15912883.8048,6795824864.38,20.4534161491,1.80124223602,8586.66459627,9.41691306957e-07,Class 2
0.56243972069,2780.68322981,4537379.99598,12528.8157664,0.832367547546,1.0,45320.3037369,0.63209098934,0.669160201121,0.00250735499416,0.46394262069,0.707945946927,1.0,1.0,0.843137082007,51.8819875776,0.748447204969,45449.4594943,20654982.3494,9603184800.23,13.0745341615,1.91304347826,10667.5993789,6.4744802459e-07,Class 2
0.735446163342,4818.1863354,421533.432563,3910.46534426,0.864573572204,1.0,10260.7355178,0.361868622652,0.391799616699,0.00288055927351,0.354806730138,0.321967593077,1.0,1.0,0.867151265547,18.102484472,0.857142857143,10286.2418118,3303062.43132,1177507648.58,23.4596273292,0.645962732919,1367.1552795,1.12185566177e-06,Class 2
0.438756220825,4089.08695652,6963175.69775,15906.7524658,0.693411796124,1.0,57571.8148726,0.893805144187,0.955730221814,0.00176350830615,0.750782493732,0.695018940358,1.0,1.0,0.717206170057,67.6211180124,0.66149068323,57810.6632986,25688809.9695,11659337849.1,20.2795031056,1.82919254658,13430.9223602,9.52093803419e-07,Class 2
0.593977855793,1722.29813665,3994336.92549,10972.4644465,0.81080568575,1.0,40294.2938043,0.618560443156,0.656202900236,0.00242673141676,0.49514911202,0.81922568992,1.0,1.0,0.826554965836,47.0093167702,0.770186335404,40408.7546224,17877144.766,8048473261.65,9.21118012422,1.66770186335,9671.98136646,4.01016021664e-07,Class 2
0.794915319625,3048.69875776,556384.878343,3526.46095276,0.895394320116,1.0,10445.9037042,0.285008486384,0.303341063983,0.0030912354627,0.281268983332,0.538728490735,1.0,1.0,0.899952950272,15.849378882,0.891304347826,10463.3960723,3830474.23351,1505736428.72,14.6739130435,0.678571428571,1853.79813665,7.0985215688e-07,Class 2
0.622950503453,2454.84782609,3046000.78883,9626.85383416,0.812951266955,1.0,33980.1886952,0.576972284061,0.605265983511,0.0024818869856,0.491946465383,0.77779844658,1.0,1.0,0.827947299795,40.8152173913,0.788819875776,34072.7773805,14867399.1776,6646613294.34,12.6180124224,2.14440993789,7904.80124224,5.71581242562e-07,Class 2
0.467902472898,4787.92546584,5371062.51364,14300.2582402,0.717351425138,1.0,49722.9022265,0.845246206475,0.897388376295,0.00190584282739,0.721967520155,0.663623968974,1.0,1.0,0.73560313404,60.1459627329,0.683229813665,49923.6608724,21850765.8425,9848013550.04,23.7267080745,2.60248447205,11284.4037267,1.11480978901e-06,Class 2
0.570406234327,1917.9068323,4227138.22124,11110.2615399,0.80455293877,1.0,41324.4141429,0.664992108166,0.695613858609,0.00233646314971,0.522817693206,0.77269054371,1.0,1.0,0.819908571959,49.2826086957,0.754658385093,41453.5220913,17912602.5827,7867252922.11,9.94409937888,1.11801242236,9884.28881988,4.46561110092e-07,Class 2
0.529030515798,3436.03416149,4481163.90858,12184.1140729,0.754663808493,1.0,43990.6752221,0.738430637063,0.778648571698,0.00207959793907,0.636701108215,0.733762140711,1.0,1.0,0.772525729428,52.8369565217,0.726708074534,44144.5445583,19304225.0975,8662386609.68,17.3322981366,1.33385093168,10177.5403727,8.00038460487e-07,Class 2
0.459453724779,2951.36024845,6651880.75971,14965.010812,0.719533538103,1.0,54924.6896206,0.855707318249,0.915328494173,0.00185031051285,0.690658445736,0.751913654657,1.0,1.0,0.742777657346,64.7422360248,0.67701863354,55143.5358724,24316885.6118,10940086874.6,15.5031055901,1.85093167702,13048.5496894,6.87188077456e-07,Class 2
0.706512094441,3748.99068323,1806595.8846,8042.52185144,0.902680683223,1.0,25302.9239723,0.373210575161,0.383970784849,0.00313441051864,0.265623828753,0.58291607223,1.0,1.0,0.904769846809,30.1195652174,0.83850931677,25346.8072718,11541124.5598,5499074092.31,16.7111801242,3.25931677019,5399.68944099,8.72906552619e-07,Class 2
0.463735966977,4508.38509317,5838400.06273,14445.7184741,0.708604060283,1.0,52337.4675389,0.83473481629,0.900399396969,0.00185754403008,0.73081250633,0.685464768505,1.0,1.0,0.728411123088,62.3136645963,0.680124223602,52542.8850572,23201995.5095,10508278673.1,22.3540372671,0.754658385093,12009.1118012,1.04972223782e-06,Class 2
0.575209289765,2873.3136646,3613077.25699,10629.7996319,0.784919347006,1.0,37767.2982729,0.632135984084,0.675635122304,0.00229517182222,0.540730891473,0.75548358191,1.0,1.0,0.801433395699,46.2810559006,0.757763975155,37882.4761383,16145681.4138,7042440056.28,14.4813664596,2.02639751553,8752.65217391,6.69015886536e-07,Class 2
0.71469079125,1745.09937888,2650242.42163,9225.79817617,0.926113676096,1.0,32440.6053787,0.339066972458,0.343512201539,0.00328751996658,0.217164512255,0.74122844732,1.0,1.0,0.929576922818,34.6770186335,0.841614906832,32486.4381433,15772161.4932,7798746490.91,8.15527950311,2.68633540373,7685.60559006,4.06325011586e-07,Class 2
0.506249758883,2725.53726708,7221699.53378,17331.9845358,0.8022760704,1.0,63766.4191777,0.680050844574,0.732440440956,0.00233653849885,0.513603981571,0.64590945798,1.0,1.0,0.818796395928,66.8804347826,0.708074534161,63945.7951406,31273376.9136,15474937375.5,12.3136645963,2.67857142857,15305.5869565,6.34607962747e-07,Class 2
0.538173681571,3620.63043478,4643751.42194,12948.6808188,0.769617752381,1.0,46371.6928253,0.705707233793,0.753039236873,0.00220166354225,0.601502262181,0.714657406153,1.0,1.0,0.784742699211,53.5543478261,0.732919254658,46520.6960529,21147767.4746,9851150456.2,17.8416149068,1.61335403727,10725.4347826,8.43019441279e-07,Class 2
0.589194089734,2825.88819876,3509875.57893,10743.0613749,0.789624808584,1.0,37362.9146969,0.646745887518,0.666854854835,0.00234633388676,0.575285670788,0.789426576885,1.0,1.0,0.802001065849,45.152173913,0.767080745342,37477.8934034,16203240.3593,7173029119.01,14.7204968944,3.04347826087,8663.35403727,6.57973447814e-07,Class 2
0.575016395972,1592.8447205,4988883.51598,12953.8074444,0.792178025632,1.0,47953.3327387,0.639156690721,0.693168612067,0.00233420267558,0.517799218826,0.753096940197,1.0,1.0,0.81235493821,53.0279503106,0.757763975155,48086.839832,22212027.8273,10360006421.9,8.26086956522,2.2298136646,11623.9130435,3.70874379615e-07,Class 2
0.556479302496,5021.07142857,2823059.91073,9593.29412434,0.759877490044,1.0,32918.0785756,0.670177275441,0.719991394269,0.0021819974173,0.630377867833,0.573298302356,1.0,1.0,0.773318075722,43.7127329193,0.745341614907,33033.4445971,13329845.0701,5602578003.5,24.4565217391,0.52950310559,7003.43478261,1.16909497022e-06,Class 2
0.346167200339,7174.85403727,8344638.64342,17901.6057266,0.659570329306,1.0,63079.1046627,1.06799979383,1.1410500188,0.0015325631989,0.850463044963,0.61761454315,1.0,1.0,0.67889616364,77.600931677,0.586956521739,63407.0501872,27340900.816,12178008010.6,33.1894409938,1.09161490683,14058.6552795,1.67057686519e-06,Class 2
0.72998726901,4514.14906832,1166507.92866,6250.48946111,0.868369777747,1.0,19101.1598223,0.394658819943,0.413356335201,0.0029200422217,0.362662043771,0.503100994962,1.0,1.0,0.873462179444,24.5527950311,0.854037267081,19138.9967613,8329210.59469,3876918943.84,20.1428571429,1.44409937888,3656.40372671,1.05106430882e-06,Class 2
0.556440723738,3344.22981366,3838826.0634,11082.7708567,0.781096724192,1.0,39391.8165384,0.679315160166,0.722566871824,0.00225915493437,0.569920424649,0.718692453413,1.0,1.0,0.796965870038,48.7173913043,0.745341614907,39522.2105618,16617025.3698,7134201222.86,15.8944099379,1.68322981366,9044.8757764,7.78662942768e-07,Class 2
0.618128158636,3618.50621118,2812137.79481,9468.43312376,0.804147338474,1.0,32954.1478268,0.579013513813,0.60847123876,0.00245988503737,0.5228489236,0.695840627771,1.0,1.0,0.815977361028,40.5854037267,0.785714285714,33046.5423262,14084375.0686,6165670054.2,17.0217391304,1.36801242236,7357.32608696,8.42524841836e-07,Class 2
0.39620385016,3466.0,8686507.58557,16933.3608703,0.708274113514,1.0,63637.8698371,0.936968266184,1.00131475661,0.00183056903876,0.700394634259,0.702782828823,1.0,1.0,0.73198390413,74.6863354037,0.627329192547,63914.5729454,28414776.5463,12921134579.6,18.1304347826,0.366459627329,15112.7267081,8.07015638879e-07,Class 2
0.422630299757,7844.67391304,5093002.34929,14612.2503792,0.672204995628,1.0,49340.6100586,0.93037700159,0.981107719351,0.00170609226317,0.838590078422,0.565503666874,1.0,1.0,0.688848085895,62.6568322981,0.649068322981,49570.9643953,21030055.7321,9309691985.8,36.4751552795,1.09782608696,10432.0621118,1.82653621747e-06,Class 2
0.77292542726,4120.77950311,361887.188989,3401.13095955,0.88525776019,1.0,8924.66194748,0.31492417958,0.341806426971,0.00300548814393,0.313054428054,0.303607602216,1.0,1.0,0.88790108098,15.5854037267,0.878881987578,8943.70866934,2876258.29227,1019019812.06,19.6677018634,0.64751552795,1205.85403727,9.59473024633e-07,Class 2
0.688167894757,4911.52173913,1008139.40236,5691.56285493,0.838595683904,1.0,17024.0030531,0.45887408852,0.488331813467,0.00269474829978,0.441096617888,0.508042256317,1.0,1.0,0.845007347873,25.5838509317,0.829192546584,17069.9521185,6225805.61549,2417731515.58,22.9130434783,0.95652173913,3039.80745342,1.1435876671e-06,Class 2
0.729890822113,2900.51863354,1210085.37342,5535.61475225,0.8660384757,1.0,17663.3834062,0.40026807452,0.418965589779,0.00287965508386,0.361136680378,0.668846167868,1.0,1.0,0.874224589314,24.1319875776,0.854037267081,17701.1061849,6972357.74571,2867482526.29,14.2142857143,1.72826086957,3700.33540373,6.75350230273e-07,Class 2
0.571486439566,3273.02795031,4274740.8308,12718.2400434,0.814849907724,1.0,44723.5702053,0.623101601047,0.657004555075,0.00250072427004,0.492707023977,0.704749388261,1.0,1.0,0.827594556449,50.2375776398,0.754658385093,44846.8245467,20996284.496,10076828870.3,15.9596273292,2.91459627329,10393.8416149,7.62084461163e-07,Class 2
0.719551714826,2082.22981366,1688800.86537,6358.10196596,0.861764374557,1.0,22053.9372984,0.402443119393,0.423716112207,0.00281899902796,0.37448788542,0.766079687561,1.0,1.0,0.8696678056,27.6925465839,0.847826086957,22097.4887062,9307518.58307,4036171861.24,11.0807453416,1.39440993789,5004.0310559,4.84821703222e-07,Class 2
0.44730141584,6669.90062112,5210730.63327,14651.3679549,0.686024756967,1.0,49724.0403988,0.865260479129,0.920225553068,0.0017558226941,0.809945370189,0.644248374601,1.0,1.0,0.700824700665,61.6552795031,0.667701863354,49934.7565634,21418467.3893,9511207587.56,31.5341614907,2.15527950311,10816.6956522,1.5530046483e-06,Class 2
0.603641834806,4251.26397516,3293375.42035,10742.262753,0.793658140592,1.0,38236.3936447,0.58834978218,0.632307219867,0.00240269504181,0.546274585281,0.610685544723,1.0,1.0,0.806108058777,44.2965838509,0.776397515528,38338.9108238,17510955.7168,8240371438.37,19.5372670807,0.383540372671,8522.25776398,9.89854735417e-07,Class 2
0.447359283978,5324.89751553,5655376.05465,14891.4835896,0.714981609254,1.0,51088.5910402,0.864437242003,0.91774343732,0.00192000846529,0.7381274647,0.677816322659,1.0,1.0,0.730897058113,62.5108695652,0.667701863354,51302.0372796,22236708.3527,9956458450.19,25.9968944099,3.19409937888,11494.7732919,1.23983715247e-06,Class 2
0.570579838741,4362.40993789,2622313.47461,9096.93882543,0.789020742936,1.0,30684.627148,0.643013389322,0.681114145869,0.00231242677477,0.551560237327,0.588061911659,1.0,1.0,0.802222305815,41.4285714286,0.754658385093,30789.4756045,12187401.6049,5006421775.13,21.4720496894,1.3850931677,6607.09006211,1.01573371122e-06,Class 2
0.511303576251,5292.10248447,3699822.98038,11233.7939302,0.741166793324,1.0,39172.6090157,0.757911676082,0.801504176109,0.00204297825812,0.656153147945,0.631908110777,1.0,1.0,0.757139023826,50.6723602484,0.714285714286,39324.0718293,16195156.7055,6916361124.27,25.0714285714,0.35248447205,8508.38819876,1.23220123125e-06,Class 2
0.468249681725,6984.8136646,3546044.95613,11825.478543,0.718157696977,1.0,38540.3649202,0.817163379929,0.874152270148,0.0019224196377,0.715614773808,0.533688221416,1.0,1.0,0.732035049079,52.4875776398,0.683229813665,38709.6206938,15397506.5626,6421289169.61,33.3354037267,1.93788819876,7931.61180124,1.62632829255e-06,Class 2
0.683249103044,3985.23913043,1272549.7422,5965.18656902,0.835571504839,1.0,18965.2758913,0.457360777486,0.481550036226,0.00265669698521,0.43305400765,0.581478267617,1.0,1.0,0.843629925918,27.1940993789,0.826086956522,19013.9670156,7220569.49615,2889857755.96,19.5248447205,1.00155279503,3757.39440994,9.27914109329e-07,Class 2
0.647660198295,4708.38509317,1829289.92751,7662.68118277,0.817867292324,1.0,25246.631904,0.531409046674,0.559244446657,0.00257599805867,0.487321831977,0.612312386747,1.0,1.0,0.825606165999,33.3571428571,0.804347826087,25316.2123087,10373319.2167,4461579370.03,21.9813664596,0.695652173913,5152.2173913,1.09628978767e-06,Class 3
0.891555109757,1689.74534161,300340.156451,1828.22446693,0.94415866514,1.0,6002.38776369,0.155591731435,0.158167208991,0.00346760440584,0.153721979909,0.570524592178,1.0,1.0,0.945274640986,8.62732919255,0.944099378882,6007.46337625,2308304.84288,948466760.932,8.04347826087,-0.388198757764,1079.49689441,3.93436502137e-07,Class 3
0.520331005748,4927.77329193,4508325.10517,12940.0075366,0.749416067651,1.0,46356.370807,0.730726326406,0.778881566611,0.00212804743466,0.658956110625,0.606348768362,1.0,1.0,0.764124793808,54.3400621118,0.72049689441,46512.969636,21109748.1398,9902685460.66,23.7360248447,0.349378881988,10396.7236025,1.14737164208e-06,Class 3
0.603738281702,4340.1242236,2116434.26163,7796.8245009,0.797880303008,1.0,26747.2439578,0.580623349514,0.624122487734,0.00238619358064,0.529118115644,0.554392023725,1.0,1.0,0.808794928232,36.7670807453,0.776397515528,26831.1492264,10514510.8333,4301577093.01,21.5403726708,0.00931677018634,5623.04347826,1.01054475566e-06,Class 3
0.64779522395,5607.51242236,1291039.47566,6660.19379923,0.811390657597,1.0,20518.6463473,0.526505518126,0.551059714524,0.00251745177862,0.512005805386,0.51433654168,1.0,1.0,0.818011678305,29.852484472,0.804347826087,20580.3063013,7834876.34932,3191391064.5,26.450310559,0.597826086957,3743.43167702,1.30564057128e-06,Class 3
0.603815439219,5633.55590062,1552758.09305,7147.05164569,0.786092829481,1.0,22624.6883923,0.564679525855,0.616643481631,0.00236592466258,0.550730117565,0.422132618845,1.0,1.0,0.795871338931,33.6226708075,0.776397515528,22699.2630172,8392284.14452,3295791970.03,27.5372670807,0.315217391304,4266.68944099,1.31170447614e-06,Class 3
0.59403572393,4203.05590062,2407070.52112,8170.50821596,0.781017633037,1.0,29105.3441944,0.60770687166,0.651757671154,0.00231024164977,0.576744332846,0.621072670361,1.0,1.0,0.792059296847,39.0559006211,0.770186335404,29198.6926076,11624467.4861,4803456793.59,21.1242236025,-0.751552795031,6249.21428571,9.78630075847e-07,Class 3
0.767485822306,3191.98447205,786981.61273,4214.13061988,0.877976843524,1.0,13341.5669658,0.334762498834,0.351931050937,0.00298423968708,0.327283492731,0.50734494408,1.0,1.0,0.883352050773,19.1164596273,0.875776397516,13366.4554667,5156987.81297,2119765949.26,15.5745341615,0.340062111801,2543.76708075,7.43214480093e-07,Class 3
0.511168550596,5545.76708075,3646857.66078,11307.4381218,0.739101795392,1.0,39199.6885106,0.770882425666,0.813428411294,0.0020233874823,0.694419648804,0.614561454527,1.0,1.0,0.752451746815,50.4953416149,0.714285714286,39353.2202183,16366901.364,7078985460.86,26.7173913043,0.358695652174,8452.25776398,1.29126392491e-06,Class 3
0.274314262567,12267.7515528,6739654.82746,17508.2032858,0.554168887447,1.0,56205.3753194,1.18540154228,1.29422447281,0.00112062946274,1.09098655081,0.477268893528,1.0,1.0,0.572538197347,77.5621118012,0.521739130435,56569.3153755,22526056.8053,9489849574.85,58.0186335404,1.36335403727,11075.9968944,2.85639565984e-06,Class 3
0.277419852629,7299.28571429,10782616.0214,19128.4415186,0.566372249774,1.0,68584.6205832,1.19734022622,1.29672103732,0.00116779802298,1.02023661196,0.57300225899,1.0,1.0,0.594269703497,86.6956521739,0.524844720497,68995.6945486,28995381.0556,12581355684.1,36.6459627329,0.295031055901,15424.7795031,1.6995492568e-06,Class 3
0.628042899579,4004.49689441,2000908.53379,7220.29832174,0.809270980258,1.0,25748.6134959,0.549322468229,0.582652176958,0.00248060605026,0.502574194341,0.606534541132,1.0,1.0,0.819941608111,34.8136645963,0.791925465839,25823.7195874,10265132.3215,4252332639.53,19.8198757764,-1.04658385093,5455.07763975,9.32398043748e-07,Class 3
0.627888584545,4525.29503106,1884178.56427,7326.17235124,0.803431104737,1.0,25142.3287526,0.562543209641,0.592706660617,0.00244127380034,0.531674032635,0.585548590028,1.0,1.0,0.814768486673,34.4114906832,0.791925465839,25218.3688013,9943145.58716,4106793486.6,21.7236024845,-0.420807453416,5173.53726708,1.0536595097e-06,Class 3
0.328150920103,6140.74534161,9227834.99409,17580.8334052,0.612642066761,1.0,63968.868537,1.09019755052,1.18795603665,0.00131623582438,0.941302579931,0.62116895655,1.0,1.0,0.637886879596,80.0093167702,0.571428571429,64314.0836208,27064303.8081,11700560067.4,30.3726708075,-0.248447204969,14543.9596273,1.42979732402e-06,Class 3
0.434782608696,4285.64906832,6232992.30126,14721.7082839,0.696474005161,1.0,52375.3736842,0.882731038496,0.953088274819,0.00179078469402,0.763475180318,0.674536284555,1.0,1.0,0.716078812935,64.6071428571,0.658385093168,52600.6984791,22387724.0947,9778621567.93,22.0838509317,2.15062111801,12079.2670807,9.97860883117e-07,Class 3
0.391227190309,8035.77639752,5138017.364,14188.1975114,0.652142323508,1.0,47955.1218156,0.969508333109,1.03320980045,0.00159691136255,0.877164110228,0.559616860465,1.0,1.0,0.669081093026,63.9254658385,0.624223602484,48200.0893467,19509560.5044,8248175782.46,38.5838509317,0.633540372671,10041.5776398,1.87103208982e-06,Class 3
0.430808996566,7245.48757764,4421354.37831,12897.1484042,0.673204572763,1.0,43892.1281451,0.900074185715,0.956049220394,0.00170661970714,0.825200148293,0.561971143271,1.0,1.0,0.690167438272,58.6102484472,0.655279503106,44100.5007889,17796840.9414,7498015077.9,35.0279503106,0.30900621118,9214.21118012,1.68702301975e-06,Class 3
0.410709463369,5249.93478261,6168902.9916,14305.1627676,0.680506377747,1.0,51582.1797109,0.919685946567,0.999967751082,0.00171166809937,0.781879224117,0.642213826198,1.0,1.0,0.702531148026,65.7406832298,0.639751552795,51821.1226833,21438426.9246,9128456562.23,25.9658385093,0.0854037267081,11643.310559,1.22238299846e-06,Class 3
0.783881794684,3801.18012422,361649.834252,3245.5525434,0.889896066466,1.0,8635.67947945,0.30483264555,0.32316522315,0.0030696856093,0.291412570592,0.33075945599,1.0,1.0,0.893078582628,14.897515528,0.885093167702,8653.28606647,2823589.74216,1014616894.41,18.3416149068,0.639751552795,1213.14285714,8.85058224595e-07,Class 3
0.570483391844,5797.03416149,2228950.74481,8552.53873808,0.772417563506,1.0,28841.6950749,0.644084053011,0.689298878002,0.00229019877913,0.596286745608,0.547112340977,1.0,1.0,0.781628525618,39.8090062112,0.754658385093,28942.5976445,11440680.8327,4771030621.67,28.1086956522,-0.641304347826,5786.70186335,1.34976838645e-06,Class 3
0.817020948266,2645.48136646,507642.242541,2981.04029088,0.907481862731,1.0,9509.89171224,0.268081711031,0.281169971712,0.00319868333316,0.259078814049,0.487211858137,1.0,1.0,0.910542195698,14.2344720497,0.903726708075,9524.63908472,3527555.7269,1400060142.7,12.9099378882,-0.30900621118,1719.90062112,6.15967927033e-07,Class 3
0.472261872613,7973.96273292,3250134.18213,11458.7746659,0.698194329857,1.0,37466.4626217,0.823989839349,0.878707486725,0.00185144074992,0.779949562623,0.512639140086,1.0,1.0,0.711880860551,51.602484472,0.686335403727,37634.2508374,14816065.1147,6130378547.81,37.0683229814,0.298136645963,7415.47515528,1.85663953529e-06,Class 3
0.520253848231,5693.72670807,3412686.50478,11061.8826579,0.738750535461,1.0,37829.6990881,0.747554090139,0.782256132004,0.00207500164167,0.675863348795,0.621155358852,1.0,1.0,0.752391741448,48.9347826087,0.72049689441,37973.9366876,15785676.7692,6839497895.31,27.4844720497,0.670807453416,8070.43478261,1.32571451152e-06,Class 3
0.40673585124,7017.20186335,6114138.97159,15300.5792078,0.665574621295,1.0,53956.632377,0.950289411937,1.01153291282,0.00164498411245,0.844811761234,0.587136035052,1.0,1.0,0.684023521342,67.2189440994,0.636645962733,54209.1385995,23130251.9363,10211604914.4,32.5372670807,0.159937888199,11798.5093168,1.63386948785e-06,Class 3
0.426873963196,6931.53416149,4143880.90281,11730.5899561,0.681672177358,1.0,41306.8795116,0.865983676638,0.957498959943,0.00172636118123,0.782675181044,0.512051170907,1.0,1.0,0.699347043375,56.9813664596,0.652173913043,41501.7287101,16256010.1022,6651833064.81,34.3850931677,-1.71118012422,8642.99378882,1.61392281297e-06,Class 3
0.502758381235,6018.19254658,3514962.80533,11109.0315079,0.732339572612,1.0,38478.5882701,0.751876341104,0.798750044717,0.00200937254268,0.654220654624,0.595057882853,1.0,1.0,0.747785882332,50.3198757764,0.708074534161,38627.7878134,15954886.6304,6891282061.14,28.5776397516,-0.288819875776,8152.79192547,1.40126240706e-06,Class 3
0.447262837082,5524.16770186,5019393.12169,13362.2061488,0.69218950068,1.0,46995.0081404,0.859060444355,0.921024640905,0.00179070934488,0.759481844403,0.61780225682,1.0,1.0,0.710834160289,59.5217391304,0.667701863354,47196.9412489,19943224.2968,8738403796.8,27.8633540373,0.751552795031,10418.6583851,1.28623477415e-06,Class 3
0.368079935188,5590.02795031,8543357.75971,17696.6549066,0.647250885644,1.0,63832.5449288,1.04200925195,1.10981516001,0.0015251789834,0.881141772659,0.674638277436,1.0,1.0,0.668217289784,76.4611801242,0.605590062112,64147.7628231,28208076.6982,12738242904.0,27.9285714286,1.10403726708,14640.0310559,1.30156952616e-06,Class 3
0.594209328344,7775.65838509,1153465.92147,7214.45255796,0.779966393622,1.0,20743.2459456,0.592043133423,0.636093932918,0.00232764730059,0.576940511257,0.375424046059,1.0,1.0,0.7851160821,32.3881987578,0.770186335404,20818.5842031,7566700.99046,3016299969.26,36.4658385093,0.319875776398,3260.98447205,1.81046679727e-06,Class 3
0.368581459049,9744.18012422,4260364.62059,13157.2018544,0.628630190529,1.0,43166.5142813,0.978672722265,1.07076125087,0.00149451188433,0.895075993401,0.409429340963,1.0,1.0,0.646233542348,61.8571428571,0.605590062112,43405.7750999,16574421.8533,6684352792.27,46.6149068323,-0.636645962733,8415.88198758,2.26881296835e-06,Class 3
0.66332317426,4725.66459627,1269627.0656,6212.22012395,0.825707520157,1.0,19516.6580799,0.476809048852,0.502759727676,0.00263936668353,0.438284756936,0.507751809238,1.0,1.0,0.833272813259,28.4130434783,0.813664596273,19569.7332714,7406785.77118,2982809001.21,22.9689440994,0.655279503106,3711.23913043,1.10031310828e-06,Class 3
0.638246981212,6236.35714286,801712.702403,5546.88624876,0.807749246706,1.0,15659.0391591,0.489735925487,0.535997264877,0.00252061644241,0.468778243017,0.285600280788,1.0,1.0,0.813961836952,26.5791925466,0.798136645963,15710.0359209,5195606.44158,1877625322.77,30.5248447205,0.305900621118,2368.62732919,1.45205936062e-06,Class 3
0.632980980672,5047.09937888,1572852.44548,7226.00295101,0.800078226251,1.0,22700.3730993,0.540955658662,0.571957316398,0.00246003573565,0.530195448973,0.560909485738,1.0,1.0,0.807721710175,32.1149068323,0.795031055901,22768.5678988,8853772.54248,3651936769.29,24.7763975155,1.29813664596,4430.61801242,1.17515525959e-06,Class 3
0.21970602986,9440.58695652,12345642.3925,20782.690354,0.513132346347,1.0,72012.786104,1.30071631041,1.4184296991,0.000930071493334,1.10427412829,0.530996000665,1.0,1.0,0.543930378297,93.7065217391,0.465838509317,72495.7083782,29864788.3786,12758516110.4,46.5372670807,1.1847826087,15764.5124224,2.1981250185e-06,Class 3
0.411461749161,3969.48447205,8516926.97925,17491.4461769,0.708842162837,1.0,64907.5882185,0.928142254551,0.97896633412,0.00184217280598,0.723934065908,0.717895535048,1.0,1.0,0.729211516955,74.4658385093,0.639751552795,65180.859339,29526509.1224,13655842898.8,19.2546583851,0.798136645963,15303.4254658,9.24245830131e-07,Class 3
0.410555148335,3436.63354037,8409985.07181,16798.9107538,0.704173907094,1.0,62990.2680308,0.938018524166,1.01376173779,0.00178242093973,0.718970252699,0.726712291487,1.0,1.0,0.728089701399,73.3913043478,0.639751552795,63262.4643467,28156622.7871,12762303037.2,17.3105590062,0.444099378882,14957.0310559,8.00178018516e-07,Class 3
0.135218548667,7206.18322981,28306943.2914,26418.9469291,0.460881703393,1.0,96783.4373277,1.46633420052,1.66897631605,0.000704852920555,1.13610162222,0.582983734828,1.0,1.0,0.501356029869,120.209627329,0.363354037267,97482.600653,41208220.869,17830425870.0,37.2391304348,1.0698757764,22570.0434783,1.67787148387e-06,Class 3
0.552197060299,7520.76086957,1748448.13268,8438.60892927,0.763572088828,1.0,25853.8712174,0.659325197756,0.700435582036,0.00221808965428,0.610546036642,0.448364082344,1.0,1.0,0.770777072456,38.3773291925,0.742236024845,25953.4498378,9766947.51874,3961935558.08,35.5434782609,0.153726708075,4608.47204969,1.75111703347e-06,Class 3
0.451082134177,4450.3136646,6594852.63885,15350.1049017,0.690611133137,1.0,56425.2028858,0.874786713742,0.934407889665,0.00180495033192,0.777782479729,0.68600771553,1.0,1.0,0.71155172335,66.1350931677,0.670807453416,56653.7873766,25210712.4849,11463894716.7,21.8788819876,0.340062111801,13051.3850932,1.03620101709e-06,Class 3
0.54268739632,4349.01552795,3568860.41937,10852.0846426,0.751464152793,1.0,38228.875255,0.719670792631,0.748057853889,0.00212812278379,0.651253827247,0.686399361195,1.0,1.0,0.76742600466,48.0636645963,0.73602484472,38365.2154628,16218758.4343,7087025124.16,21.6739130435,0.731366459627,8504.42546584,1.01261498695e-06,Class 3
0.476409089156,4167.18944099,6045040.4943,14638.7081383,0.723953505046,1.0,54147.6386029,0.816427994207,0.878965436056,0.0019088567929,0.70142440266,0.67636604669,1.0,1.0,0.74467199392,62.7810559006,0.689440993789,54350.0350474,24486958.0269,11279089779.6,19.8291925466,0.0201863354037,12546.2018634,9.70279010114e-07,Class 3
0.472435477026,7006.13354037,3275120.3414,10694.880353,0.716527933378,1.0,36623.0014754,0.807527013276,0.865619226044,0.00193703737042,0.723514805803,0.521087559653,1.0,1.0,0.728133942854,50.7593167702,0.686335403727,36784.7212858,14454077.6998,5971458473.16,34.2826086957,-1.25621118012,7445.04347826,1.63129236444e-06,Class 3
0.480980672042,6866.30434783,3346252.00915,11105.4947018,0.721279366613,1.0,37367.9621873,0.794909456906,0.849512158449,0.00193861970232,0.718020497058,0.559068838806,1.0,1.0,0.734893690121,50.751552795,0.692546583851,37527.1159384,15031471.7937,6324063047.33,33.1242236025,0.0155279503106,7665.59937888,1.59873484997e-06,Class 3
0.622931214074,2854.32608696,2734651.77118,8725.66310726,0.816294580654,1.0,31391.7146387,0.572527054979,0.607135735037,0.0025006489209,0.490954783548,0.667099810291,1.0,1.0,0.828615437229,39.2810559006,0.788819875776,31480.1172485,13187581.4406,5661918233.28,14.3260869565,0.663043478261,7156.75465839,6.64594861695e-07,Class 3
0.756645191158,2509.02795031,1267084.20986,5304.77857213,0.884710747317,1.0,18249.6348528,0.364228627944,0.371707634048,0.00300450860514,0.329882191786,0.694438441329,1.0,1.0,0.891006250855,23.3866459627,0.869565217391,18282.8437625,7561320.11772,3233649825.64,11.7670807453,0.585403726708,3943.63664596,5.8419642074e-07,Class 3
0.493788819876,7097.36335404,3176624.58026,11283.7896843,0.737849858983,1.0,36540.6406957,0.779850213202,0.833614707985,0.00204064243485,0.678411797883,0.527042892916,1.0,1.0,0.750363238457,49.7313664596,0.701863354037,36693.6105521,14565276.5995,6058381626.29,32.8229813665,1.43944099379,7399.45031056,1.65253410892e-06,Class 3
0.489564445816,7569.36024845,2680321.22858,10223.9308431,0.71208573832,1.0,32896.2201132,0.766280715846,0.832216872377,0.00190358235325,0.729329015162,0.47108355918,1.0,1.0,0.72640206287,47.0776397516,0.698757763975,33038.4605618,12670287.0165,5149558522.18,36.1801242236,0.335403726708,6367.64285714,1.76243280346e-06,Class 3
0.507098491571,6128.38819876,2934366.31065,10092.8089972,0.730854470134,1.0,33883.7145148,0.726986468489,0.797096278249,0.00200711206854,0.681076187462,0.510471222671,1.0,1.0,0.744170305751,46.8059006211,0.711180124224,34017.8324077,13404612.6868,5550489247.92,30.5621118012,0.302795031056,6972.72670807,1.42692011469e-06,Class 3
0.52029242699,5156.16149068,3315177.96055,10590.2078472,0.750348315498,1.0,36263.668989,0.731184625873,0.778516628952,0.00211003899073,0.657133350782,0.601611071411,1.0,1.0,0.762921665692,47.9596273292,0.72049689441,36401.9050494,14759769.3532,6219846310.78,25.8571428571,0.965838509317,7811.81055901,1.20054903623e-06,Class 3
0.498090351452,5438.90062112,3726402.89648,11216.5460411,0.729979466432,1.0,39156.9225023,0.774221374275,0.829397321117,0.002004625547,0.706182045135,0.598004513006,1.0,1.0,0.744795947149,51.2857142857,0.704968944099,39313.5464508,16072886.452,6828392789.6,26.8881987578,0.0652173913043,8469.0621118,1.26638137898e-06,Class 3
0.767408664789,2668.20807453,942606.164034,4291.72281708,0.881608318968,1.0,14660.9745284,0.335561586672,0.358246031545,0.00298461643277,0.317687308539,0.628491852308,1.0,1.0,0.889243981082,20.2531055901,0.875776397516,14687.4137353,5737882.57309,2345674580.77,12.8850931677,-0.274844720497,3004.95962733,6.21259562589e-07,Class 4
0.833937733884,1698.6863354,897269.839501,3647.53839841,0.922570682059,1.0,13803.8714852,0.24035345287,0.252277688055,0.00326574406577,0.218706784909,0.660224894243,1.0,1.0,0.926983348125,16.2189440994,0.913043478261,13818.9000513,6373833.09185,3062551186.71,8.19565217391,-0.858695652174,3030.18012422,3.95518303007e-07,Class 4
0.724798425987,4404.52795031,700545.824038,4458.81712512,0.856676587631,1.0,13245.5003575,0.387078727712,0.414093455834,0.00283881585119,0.374417371895,0.42986620601,1.0,1.0,0.861066346512,20.7701863354,0.850931677019,13276.8603095,4798013.35014,1892418455.82,21.6459627329,0.254658385093,2218.24534161,1.02554037443e-06,Class 4
0.82271131515,3208.0,342923.777044,2915.97599546,0.907016638414,1.0,7920.2706249,0.253927858938,0.264688068627,0.00319898472971,0.253927858938,0.374494183599,1.0,1.0,0.908681650707,12.7732919255,0.906832298137,7932.78101989,2780865.96518,1072509362.23,15.298136646,0.636645962733,1181.29503106,7.46943499574e-07,Class 4
0.415203888739,7759.09937888,4002163.34953,12371.47272,0.681026901184,1.0,40746.3176392,0.876843569191,0.958844955276,0.00168303542702,0.782518857143,0.45110732158,1.0,1.0,0.697218037302,57.397515528,0.642857142857,40945.0697427,15748051.5339,6355715934.15,37.4782608696,0.953416149068,8296.94099379,1.80661123554e-06,Class 4
0.756548744261,1781.10559006,1317542.99717,4873.2085993,0.88593889748,1.0,17979.478654,0.3668041055,0.379892366181,0.00298521922587,0.313396144213,0.713700199431,1.0,1.0,0.895336565238,23.3322981366,0.869565217391,18012.8485665,7286216.14451,3026771280.28,8.89440993789,-0.341614906832,4058.11801242,4.14708616756e-07,Class 4
0.0157401334825,2814.51863354,302557805.441,46142.7661012,0.301821880603,1.0,181128.336994,1.79731628456,2.23536087386,0.000356212460118,1.1995702491,0.542681776949,1.0,1.0,0.372924527148,200.467391304,0.105590062112,182560.055331,83911970.8803,38804850756.0,16.201863354,-0.787267080745,44937.9503106,6.55326183838e-07,Class 4
0.064330079858,8434.86956522,52905429.0712,31325.3356859,0.392283042668,1.0,113515.866434,1.64753895838,1.91351114354,0.000511808429602,1.18356823776,0.517882158706,1.0,1.0,0.441317145055,141.698757764,0.245341614907,114442.540919,48266822.7197,20876098972.8,43.1366459627,2.5652173913,26503.0248447,1.96395604473e-06,Class 4
0.399463755256,5105.62732919,6515351.55998,15058.4933916,0.687593596441,1.0,53222.9612337,0.929452983163,0.996449347955,0.00169079638821,0.742327637061,0.653670723917,1.0,1.0,0.707765792083,67.2577639752,0.630434782609,53470.0473242,22433940.5848,9708310886.89,26.1801242236,1.96273291925,12091.6304348,1.18878277581e-06,Class 4
0.652810462559,4232.77018634,1737114.30926,6728.91929418,0.824038249725,1.0,23885.4108724,0.500738331792,0.53776842465,0.00259679442069,0.461539142689,0.63086775393,1.0,1.0,0.832545400319,32.0062111801,0.807453416149,23948.2669477,9722275.51444,4143729377.71,20.5900621118,-1.40062111801,4929.1242236,9.85548683253e-07,Class 4
0.856930673971,3107.00931677,-0.00423138700714,1679.53507446,0.925467629649,1.0,3101.60844508,0.178541033603,0.199814026417,0.00333378433717,0.178541033603,0.00675938674685,1.0,1.0,0.925829358112,7.60714285714,0.925465838509,3106.77165459,634717.259894,129732748.286,15.2142857143,0.625776397516,0.0,7.23429056196e-07,Class 4
0.856834227075,2611.3136646,181570.72598,2012.57350614,0.926637683262,1.0,5181.11001009,0.19420477184,0.209162784047,0.00333280479838,0.19420477184,0.279325178419,1.0,1.0,0.928711017523,9.36180124224,0.925465838509,5188.05222524,1601568.35501,544909050.477,12.4937888199,0.312111801242,644.257763975,6.08012396234e-07,Class 4
0.423305428031,7133.26086957,3997357.56626,12845.6213759,0.678741392916,1.0,40170.9703409,0.847124842593,0.940796422908,0.00171159275023,0.776725858071,0.518804383936,1.0,1.0,0.695106154111,56.5931677019,0.649068322981,40360.2501581,15443602.7067,6170655074.81,35.2670807453,4.59316770186,8307.18944099,1.66089240564e-06,Class 4
0.822653447012,2924.98136646,609023.324892,3420.65357213,0.907830294098,1.0,11189.9969166,0.263982342597,0.270297323204,0.00319868333316,0.260242839545,0.555846042611,1.0,1.0,0.911533675211,15.1273291925,0.906832298137,11205.4279531,4607414.55358,2030292948.17,13.1677018634,-0.596273291925,2070.22981366,6.81046077947e-07,Class 4
0.633193163844,6109.49689441,1020860.57746,6042.76345664,0.801923267159,1.0,17897.9586187,0.520792448459,0.562174408591,0.00246229620978,0.508620786712,0.38505064122,1.0,1.0,0.808603290245,28.6273291925,0.795031055901,17956.4284384,6243078.32206,2341382225.74,29.347826087,0.0621118012422,2961.95652174,1.42252150591e-06,Class 4
0.561533119864,7234.14285714,1433398.89624,7177.47058494,0.76376760848,1.0,22554.6191699,0.626940034229,0.678756385313,0.00221846639997,0.608977954564,0.379472113628,1.0,1.0,0.7708062644,35.4937888199,0.748447204969,22642.126905,8044305.43638,3090448106.56,35.2173913043,-1.51552795031,3852.27329193,1.68438154057e-06,Class 4
0.845299178272,1186.9378882,717169.433802,3234.173346,0.925206216428,1.0,10893.0387774,0.230500199499,0.234239702551,0.00330959726394,0.211419880518,0.772944986841,1.0,1.0,0.93063302152,14.1894409938,0.919254658385,10905.624964,4427210.80416,1852857980.62,6.19254658385,0.990683229814,2429.7826087,2.7636394638e-07,Class 4
0.851047413294,1735.98757764,560295.959031,2990.67387978,0.930615467671,1.0,9419.76071917,0.212583906014,0.221474364177,0.00331035075532,0.201365396859,0.714026004698,1.0,1.0,0.934502064959,12.9565217391,0.922360248447,9430.32808899,3657277.78561,1480612093.44,7.83850931677,0.962732919255,1923.6863354,4.04203440293e-07,Class 4
1.0,0.0,-0.00392156862745,1.52587890625e-05,1.0,1.0,0.0,-0.0,-0.0,0.00389099121094,-0.0,nan,1.0,1.0,1.0,0.0,1.0,6.103515625e-05,-4.76837158203e-07,3.72529029846e-09,0.0,0.0,0.0,0.0,Class 4
0.897438370433,1686.73291925,141965.838775,1430.01995897,0.949100040494,1.0,3750.8923271,0.132736000676,0.147235713416,0.00349118868596,0.132736000676,0.335116483056,1.0,1.0,0.950789660078,6.65838509317,0.947204968944,3754.20192439,1188813.95877,414982076.139,8.29813664596,0.329192546584,516.919254658,3.92735096495e-07,Class 4
0.987635507889,281.795031056,-0.00394609825558,140.892362891,0.993788956776,1.0,281.751916472,0.0163960796036,0.0182658311295,0.00384276776277,0.0163960796036,0.000459954400064,1.0,1.0,0.993817844082,0.66149068323,0.993788819876,281.774420507,60015.7372856,12782883.169,1.32298136646,0.0,0.0,6.56125207792e-08,Class 4
0.851047413294,3466.56521739,40374.69826,1732.07093432,0.922371438426,1.0,4038.15644851,0.202071122888,0.221474364177,0.00331012470791,0.202071122888,0.0908098115733,1.0,1.0,0.922870292891,8.68633540373,0.922360248447,4044.86525902,1003430.02138,272705705.25,16.0869565217,-0.670807453416,144.642857143,8.07147242824e-07,Class 4
0.938968403997,895.02484472,102451.643518,634.941324459,0.971156414035,1.0,2424.3634089,0.0848445142758,0.0892897433571,0.00365281258646,0.0848445142758,0.482602037789,1.0,1.0,0.971949309125,4.09316770186,0.968944099379,2425.61749116,802314.992813,288602007.184,4.44720496894,-0.953416149068,382.680124224,2.08395570362e-07,Class 4
0.566355464681,8192.22360248,978286.447838,6953.24115947,0.761850912066,1.0,18986.4185403,0.608058054959,0.660658524246,0.00222087757238,0.591025284258,0.296353548613,1.0,1.0,0.767819016104,32.4782608696,0.751552795031,19064.0285936,6293169.77121,2287906297.95,39.5714285714,0.655279503106,2718.20496894,1.9074589049e-06,Class 4
0.839705258285,3183.05279503,249944.495923,2579.97124003,0.916745367795,1.0,6674.29720182,0.222352926153,0.235076249175,0.00326566871663,0.222352926153,0.346017348569,1.0,1.0,0.918761405713,11.2127329193,0.916149068323,6683.87016003,2234332.8489,824715648.039,14.5869565217,0.420807453416,875.291925466,7.41134848519e-07,Class 4
0.833995602022,3345.66770186,246470.315766,2683.97601972,0.914090596352,1.0,6776.26043129,0.226101166692,0.246668433477,0.00324351607013,0.229840669744,0.368025795229,1.0,1.0,0.916107180503,11.5295031056,0.913043478261,6786.27641003,2230260.28715,806837355.548,15.251552795,0.684782608696,860.242236025,7.7899773742e-07,Class 4
0.885652559701,2893.15838509,-0.00416423616832,1369.31207854,0.940995019853,1.0,2889.11784595,0.15600600723,0.172833770962,0.00344499966451,0.15600600723,0.00473414804454,1.0,1.0,0.941261337881,6.51397515528,0.94099378882,2892.9548844,646203.060445,145194421.881,13.0279503106,-0.346273291925,0.0,6.73636486591e-07,Class 4
0.350063654952,10123.068323,5201837.8597,14409.286603,0.602988700435,1.0,49085.3179491,1.02168785058,1.11616513313,0.00137523419925,0.979223257553,0.519056981955,1.0,1.0,0.618499216087,67.149068323,0.590062111801,49356.5973048,19734917.6771,8320092963.67,48.8633540373,-2.06832298137,9808.9068323,2.35703244376e-06,Class 4
0.503105590062,7557.04347826,1970902.88732,8310.06088968,0.726603594756,1.0,26956.4895948,0.684930223833,0.773737548851,0.00197554077982,0.666318778166,0.341685944485,1.0,1.0,0.737946264681,41.9472049689,0.708074534161,27069.6333103,9609478.62085,3642002190.72,37.149068323,-1.6397515528,4878.47515528,1.75956499442e-06,Class 4
0.80031634582,2513.70496894,772223.794808,3897.23439026,0.896952965609,1.0,12681.1367047,0.296932280321,0.306281037951,0.00311142903162,0.295062528795,0.621729041022,1.0,1.0,0.900581051364,17.3183229814,0.894409937888,12701.0768759,5051536.91776,2114296718.93,12.4316770186,0.383540372671,2546.97826087,5.85285407232e-07,Class 4
0.975348173296,557.621118012,-0.00397085881981,278.80031126,0.987577920377,1.0,557.449969229,0.0327752998396,0.0365148028913,0.00379484571115,0.0327752998396,0.000923000299356,1.0,1.0,0.987636300897,1.31366459627,0.987577639752,557.580127029,118744.838068,25374364.6532,2.62732919255,5.55111512313e-17,0.0,1.29835246049e-07,Class 4
0.862505304579,2478.78571429,187225.859333,1645.33648653,0.930640791509,1.0,5137.5783305,0.190779123888,0.205278836629,0.00335458069919,0.190779123888,0.321411187974,1.0,1.0,0.932191180285,9.08540372671,0.928571428571,5144.19129745,1634078.9918,573929315.834,11.9285714286,-1.27173913043,666.422360248,5.77154886572e-07,Class 4
0.874021064002,1003.47826087,584894.91415,2322.61499488,0.938370736446,1.0,9133.51981396,0.187195514067,0.190935017119,0.00339918738875,0.183456011016,0.830686807632,1.0,1.0,0.94129042227,11.7204968944,0.934782608696,9141.89466507,3752119.39715,1585818306.45,5.19254658385,-0.996894409938,2034.69565217,2.33647619676e-07,Class 4
0.897380502295,1981.03726708,120856.637751,1277.84471149,0.947596874665,1.0,3742.9955443,0.142790484335,0.152844967994,0.00349058589286,0.142790484335,0.32085330152,1.0,1.0,0.948795134815,6.65527950311,0.947204968944,3746.56848107,1199746.52277,433258078.108,9.33540372671,-0.689440993789,441.434782609,4.61260258435e-07,Class 4
0.794915319625,2655.19565217,617563.679504,3365.84279476,0.908020730871,1.0,10813.9808986,0.285008486384,0.30450508948,0.00315641246687,0.255007892504,0.494728968992,1.0,1.0,0.910714960017,16.1630434783,0.891304347826,10831.8210529,3983122.92141,1556281214.48,13.102484472,-0.0139751552795,2044.2826087,6.18229779454e-07,Class 4
0.72998726901,2462.96583851,1301232.93279,5169.79485222,0.867350284425,1.0,18181.3873202,0.38542757341,0.410780857646,0.00285991360976,0.357555874301,0.633076805633,1.0,1.0,0.876848866302,24.6723602484,0.854037267081,18218.5054473,7127920.12207,2886517937.73,12.1708074534,-0.00155279503106,3939.07763975,5.73471422303e-07,Class 4
0.709116160642,5959.61490683,384631.817802,4477.14925342,0.846515863504,1.0,10850.6714566,0.402481224233,0.43264467521,0.0027771802565,0.395443944485,0.2434772055,1.0,1.0,0.848811916068,19.7608695652,0.841614906832,10881.7055152,3354724.38757,1149619079.55,28.049689441,1.28571428571,1230.67701863,1.38762332127e-06,Class 4
0.944967400949,690.611801242,145461.505388,965.815184125,0.973887721235,1.0,2862.59662577,0.0783232703458,0.0820627733976,0.00367617081917,0.0783232703458,0.620324789508,1.0,1.0,0.974962598009,4.23136645963,0.972049689441,2863.7839799,1057426.91889,413784042.475,3.34472049689,0.346273291925,543.326086957,1.60800497402e-07,Class 4
0.981482195903,366.937888199,47453.1373319,365.80501817,0.990691914899,1.0,1096.16490775,0.0273924310274,0.0273924310274,0.00381865603868,0.0273924310274,0.500345763999,1.0,1.0,0.990864056129,1.50621118012,0.990683229814,1096.28218448,443255.268069,193498117.319,1.5652173913,0.0,182.347826087,8.54369920005e-08,Class 4
0.969233440068,312.319875776,121558.613365,773.935671315,0.98520318196,1.0,2156.90976236,0.0456329334256,0.0456329334256,0.0037708093362,0.0456329334256,1.0,1.0,1.0,0.986268142687,2.76863354037,0.984472049689,2157.32658472,891639.96149,381645941.483,1.44409937888,0.697204968944,461.273291925,7.27198569199e-08,Class 4
0.598954515644,4629.7515528,2266593.99753,8233.0403394,0.78943601956,1.0,28522.9505572,0.606739024575,0.633373845404,0.00234746412383,0.558340395959,0.599039011479,1.0,1.0,0.800403126542,38.1180124224,0.773291925466,28613.9020408,11570216.8819,4889179214.65,22.8447204969,-0.347826086957,5996.33540373,1.07798093111e-06,Class 4
0.789475714672,4211.59006211,261939.432805,3032.62957659,0.888793578648,1.0,7757.77948612,0.28131896801,0.308581122695,0.00307051444982,0.28131896801,0.281962787558,1.0,1.0,0.891138593962,13.9440993789,0.888198757764,7772.95561228,2470519.98395,888352143.006,19.9192546584,0.0807453416149,890.450310559,9.806171508e-07,Class 4
0.778307164075,4025.01552795,418593.039788,3541.91412628,0.883119696524,1.0,9583.21360184,0.316013298891,0.340320068727,0.00302613380767,0.316013298891,0.40653852302,1.0,1.0,0.886362977421,15.9114906832,0.88198757764,9602.72953503,3239579.92709,1195859025.41,19.0093167702,0.64751552795,1394.55279503,9.371755562e-07,Class 4
0.915068863084,1000.3757764,300490.542363,1665.92565093,0.957645533752,1.0,5372.90262259,0.123763509383,0.127503012435,0.00355937965563,0.123763509383,0.701061101805,1.0,1.0,0.959742929186,7.19720496894,0.95652173913,5376.22545894,2188016.85233,938244192.259,4.89751552795,0.333850931677,1094.01863354,2.32925244174e-07,Class 4
0.95100497666,1246.37267081,-0.00402108443781,623.164660057,0.975155783633,1.0,1245.64973437,0.065482736726,0.0729617428294,0.00369990579757,0.065482736726,0.00185850526036,1.0,1.0,0.975266436165,2.77639751553,0.975155279503,1246.28596942,280875.323318,63546918.2022,5.55279503106,-2.22044604925e-16,0.0,2.9020260739e-07,Class 4
0.547914818101,7502.67391304,1431995.75813,7967.76076351,0.765692908193,1.0,22635.0333223,0.64314876306,0.699478279972,0.00225734655506,0.580035611255,0.369835543601,1.0,1.0,0.772401717643,36.2220496894,0.739130434783,22726.6724698,7948498.58811,3008797568.84,36.6055900621,1.9549689441,3806.2826087,1.74690570722e-06,Class 4
0.921009991898,1088.98447205,281476.703892,1301.09230951,0.959945622133,1.0,5211.39103639,0.114684163233,0.118423666285,0.0035826625392,0.112814411707,0.750941080817,1.0,1.0,0.961625750639,6.80590062112,0.959627329193,5214.28737664,2192659.52367,976358932.353,5.07142857143,-1.12888198758,1031.37888199,2.53556693434e-07,Class 4
0.862871802785,2885.92236025,35484.9654008,1430.61006961,0.931678652991,1.0,3392.78797862,0.166038203874,0.185441445163,0.00338019940603,0.156998790499,0.0676089760942,1.0,1.0,0.932009169351,7.64130434783,0.928571428571,3397.596674,803619.903298,207816278.836,14.0217391304,-0.659937888199,127.97826087,6.71951666853e-07,Class 4
0.921048570657,1692.05590062,40404.427943,1159.65388754,0.959630109088,1.0,2291.82932518,0.10720515713,0.114684163233,0.00358303928489,0.10720515713,0.175593843424,1.0,1.0,0.959878783602,4.6397515528,0.959627329193,2293.66252222,630349.079096,196819585.9,8.03105590062,0.708074534161,150.437888199,3.93974487495e-07,Class 4
0.822672736391,3213.95652174,463882.114495,3169.26636813,0.917423540885,1.0,9592.98497882,0.245990553368,0.268427571678,0.00324336537185,0.229840669744,0.325001012436,1.0,1.0,0.91933586708,13.6863354037,0.906832298137,9605.9636674,3946652.40801,1800306103.74,14.8322981366,-0.0776397515528,1598.10869565,7.48330402689e-07,Class 4
0.613305813819,3597.44409938,2740535.40674,9301.28133805,0.80283875807,1.0,32171.1580638,0.595666636397,0.615868965522,0.00245988503737,0.527565728533,0.722101789031,1.0,1.0,0.814186941052,40.0698757764,0.782608695652,32265.0242749,13740572.3794,6049181936.62,17.5745341615,1.43633540373,7167.20807453,8.3762078713e-07,Class 4
0.472223293854,4791.28571429,4954627.61588,12871.2198328,0.735108166496,1.0,46246.7146516,0.820250336298,0.880118938784,0.0019485657885,0.667769493685,0.664908976008,1.0,1.0,0.754182581511,58.2049689441,0.686335403727,46435.1935781,19394601.0638,8326181225.2,22.8074534161,0.316770186335,10411.431677,1.1155921817e-06,Class 4
0.868234250222,1740.01863354,557620.990742,2993.28395839,0.936346245826,1.0,9541.08933184,0.194369671727,0.199978926305,0.00337688404397,0.18876041715,0.650710836541,1.0,1.0,0.940094195678,11.9968944099,0.931677018634,9550.00404007,4141771.83198,1888959257.34,7.85714285714,0.552795031056,1952.59006211,4.05142022276e-07,Class 4
0.944986690328,1267.01552795,96477.5362616,881.803441113,0.97527510166,1.0,2716.35214922,0.0783232703458,0.0801930218717,0.00369975509929,0.0692222397777,0.37582317004,1.0,1.0,0.975762856819,4.11956521739,0.972049689441,2717.50797058,1011291.48392,417653377.174,5.25776397516,-0.423913043478,362.655279503,2.95009043785e-07,Class 4
0.981482195903,447.307453416,-0.00395845917776,155.820667433,0.990683424694,1.0,447.203953268,0.0255226795015,0.0273924310274,0.00381873138782,0.0255226795015,0.0009213461623,1.0,1.0,0.990725623583,1.0201863354,0.990683229814,447.275633628,98151.5569774,21559950.3423,2.04037267081,-0.324534161491,0.0,1.04150060673e-07,Class 4
0.921029281278,1205.85093168,139097.084192,1056.25816743,0.961619363007,1.0,3255.422374,0.110238934152,0.116553914759,0.00358281323748,0.110238934152,0.426009579694,1.0,1.0,0.962763894333,5.42236024845,0.959627329193,3257.63185451,1086011.13174,392114885.928,5.88198757764,-0.304347826087,512.98757764,2.80767616855e-07,Class 4
0.868330697118,1944.48447205,267282.662568,1953.56528117,0.936668285134,1.0,5731.21482305,0.179869958987,0.190630168676,0.0033773361388,0.179869958987,0.444426557822,1.0,1.0,0.938109981175,9.28571428571,0.931677018634,5737.5732365,1993074.12471,755322725.103,9.66459627329,0.248447204969,948.344720497,4.52749387912e-07,Class 4
0.868311407739,3089.72670807,-0.0042044169654,1544.80678933,0.931678563571,1.0,3084.77556149,0.171932653417,0.192499920201,0.00337771288448,0.171932653417,0.00543827213664,1.0,1.0,0.931999563028,7.24223602484,0.931677018634,3089.50044923,663490.717617,143544855.678,14.4844720497,-7.21644966006e-16,0.0,7.19405012487e-07,Class 4
0.975348173296,596.052795031,-0.0039708978149,461.676378807,0.98757790144,1.0,595.865706988,0.0346450513655,0.0365148028913,0.00379477036201,0.0346450513655,0.00138418429843,1.0,1.0,0.987634320219,1.35869565217,0.987577639752,596.010396827,131088.896969,28911987.0829,2.71739130435,0.712732919255,0.0,1.38783591226e-07,Class 4
1.0,0.0,-0.00392156862745,1.52587890625e-05,1.0,1.0,0.0,-0.0,-0.0,0.00389099121094,-0.0,nan,1.0,1.0,1.0,0.0,1.0,6.103515625e-05,-4.76837158203e-07,3.72529029846e-09,0.0,0.0,0.0,0.0,Class 4
0.921009991898,1797.04347826,-0.00408522859294,964.380450041,0.959628247894,1.0,1795.23181766,0.10720515713,0.118423666285,0.00358288858662,0.10720515713,0.00327982341827,1.0,1.0,0.959818719203,4.25155279503,0.959627329193,1796.91067827,381136.976518,81156113.0226,8.50310559006,0.319875776398,0.0,4.18419558772e-07,Class 4
0.975348173296,519.881987578,-0.00397085881981,259.931085717,0.987577937432,1.0,519.716538846,0.0327752998396,0.0365148028913,0.00379484571115,0.0327752998396,0.000923000299356,1.0,1.0,0.987638132525,1.2701863354,0.987577639752,519.84235529,106457.374737,21816854.3893,2.54037267081,-5.55111512313e-17,0.0,1.2104815186e-07,Class 4
0.688148605378,3232.42857143,1671893.20999,6786.9561488,0.843822273084,1.0,22637.1548881,0.471256623172,0.490201564993,0.00271471582129,0.441553330421,0.675290192302,1.0,1.0,0.851180457676,29.5062111801,0.829192546584,22691.630787,9372089.19137,4039241759.65,16.3105590062,1.54968944099,4865.0310559,7.52631393163e-07,Class 4
0.969233440068,647.661490683,-0.00398333642026,385.308196548,0.984472422391,1.0,647.39757374,0.0418934303738,0.0456329334256,0.00377096003448,0.0418934303738,0.0013866728049,1.0,1.0,0.984547743166,1.58540372671,0.984472049689,647.612007852,132311.768219,27039808.9797,3.17080745342,0.30900621118,0.0,1.50800043763e-07,Class 4
1.0,0.0,-0.00392156862745,1.52587890625e-05,1.0,1.0,0.0,-0.0,-0.0,0.00389099121094,-0.0,nan,1.0,1.0,1.0,0.0,1.0,6.103515625e-05,-4.76837158203e-07,3.72529029846e-09,0.0,0.0,0.0,0.0,Class 4
0.794992477142,3202.9068323,400054.362329,3135.55453292,0.894935901325,1.0,8573.86084824,0.274954002725,0.298190108872,0.00309198895408,0.274954002725,0.398866237839,1.0,1.0,0.897688092865,14.347826087,0.891304347826,8589.11690886,2895819.02272,1068251959.8,15.9875776398,0.934782608696,1346.66459627,7.4575761787e-07,Class 4
0.693954708537,3922.55279503,1011652.48708,5186.97570431,0.854347874935,1.0,16099.8398043,0.402926648822,0.44329218815,0.00278147515735,0.355063435523,0.451888760707,1.0,1.0,0.861218796518,24.4751552795,0.832298136646,16138.359436,5853639.60538,2259783314.36,19.6583850932,0.89751552795,3054.14285714,9.13318364085e-07,Class 4
0.594112881447,6049.55590062,1857852.96001,8122.73099352,0.781221866072,1.0,26061.6791758,0.619018742622,0.645442690547,0.00232681846008,0.593403337331,0.533536066766,1.0,1.0,0.789954867061,36.4829192547,0.770186335404,26150.4904046,10278835.9696,4288166809.01,28.9534161491,0.336956521739,5025.51863354,1.40856497983e-06,Class 4
0.632942401914,4687.67391304,1732444.73876,7205.77997935,0.813460131791,1.0,23937.5187522,0.534562285881,0.571957316398,0.00249989542952,0.491202210111,0.51514138981,1.0,1.0,0.822604092628,33.0885093168,0.795031055901,24006.9505172,9495601.3343,3972901366.28,22.6552795031,0.243788819876,4830.07763975,1.0914674431e-06,Class 4
0.399463755256,5105.62732919,6515351.55998,15058.4933916,0.687593596441,1.0,53222.9612337,0.929452983163,0.996449347955,0.00169079638821,0.742327637061,0.653670723917,1.0,1.0,0.707765792083,67.2577639752,0.630434782609,53470.0473242,22433940.5848,9708310886.89,26.1801242236,1.96273291925,12091.6304348,1.18878277581e-06,Class 4
0.856930673971,3107.00931677,-0.00423138700714,1679.53507446,0.925467629649,1.0,3101.60844508,0.178541033603,0.199814026417,0.00333378433717,0.178541033603,0.00675938674685,1.0,1.0,0.925829358112,7.60714285714,0.925465838509,3106.77165459,634717.259894,129732748.286,15.2142857143,0.625776397516,0.0,7.23429056196e-07,Class 4
0.856834227075,2611.3136646,181570.72598,2012.57350614,0.926637683262,1.0,5181.11001009,0.19420477184,0.209162784047,0.00333280479838,0.19420477184,0.279325178419,1.0,1.0,0.928711017523,9.36180124224,0.925465838509,5188.05222524,1601568.35501,544909050.477,12.4937888199,0.312111801242,644.257763975,6.08012396234e-07,Class 4
1.0,0.0,-0.00392156862745,1.52587890625e-05,1.0,1.0,0.0,-0.0,-0.0,0.00389099121094,-0.0,nan,1.0,1.0,1.0,0.0,1.0,6.103515625e-05,-4.76837158203e-07,3.72529029846e-09,0.0,0.0,0.0,0.0,Class 4
0.987635507889,281.795031056,-0.00394609825558,140.892362891,0.993788956776,1.0,281.751916472,0.0163960796036,0.0182658311295,0.00384276776277,0.0163960796036,0.000459954400064,1.0,1.0,0.993817844082,0.66149068323,0.993788819876,281.774420507,60015.7372856,12782883.169,1.32298136646,0.0,0.0,6.56125207792e-08,Class 4
0.851047413294,3466.56521739,40374.69826,1732.07093432,0.922371438426,1.0,4038.15644851,0.202071122888,0.221474364177,0.00331012470791,0.202071122888,0.0908098115733,1.0,1.0,0.922870292891,8.68633540373,0.922360248447,4044.86525902,1003430.02138,272705705.25,16.0869565217,-0.670807453416,144.642857143,8.07147242824e-07,Class 4
0.566355464681,8192.22360248,978286.447838,6953.24115947,0.761850912066,1.0,18986.4185403,0.608058054959,0.660658524246,0.00222087757238,0.591025284258,0.296353548613,1.0,1.0,0.767819016104,32.4782608696,0.751552795031,19064.0285936,6293169.77121,2287906297.95,39.5714285714,0.655279503106,2718.20496894,1.9074589049e-06,Class 4
0.503105590062,7557.04347826,1970902.88732,8310.06088968,0.726603594756,1.0,26956.4895948,0.684930223833,0.773737548851,0.00197554077982,0.666318778166,0.341685944485,1.0,1.0,0.737946264681,41.9472049689,0.708074534161,27069.6333103,9609478.62085,3642002190.72,37.149068323,-1.6397515528,4878.47515528,1.75956499442e-06,Class 4
0.80031634582,2513.70496894,772223.794808,3897.23439026,0.896952965609,1.0,12681.1367047,0.296932280321,0.306281037951,0.00311142903162,0.295062528795,0.621729041022,1.0,1.0,0.900581051364,17.3183229814,0.894409937888,12701.0768759,5051536.91776,2114296718.93,12.4316770186,0.383540372671,2546.97826087,5.85285407232e-07,Class 4
0.756548744261,1781.10559006,1317542.99717,4873.2085993,0.88593889748,1.0,17979.478654,0.3668041055,0.379892366181,0.00298521922587,0.313396144213,0.713700199431,1.0,1.0,0.895336565238,23.3322981366,0.869565217391,18012.8485665,7286216.14451,3026771280.28,8.89440993789,-0.341614906832,4058.11801242,4.14708616756e-07,Class 4
0.874021064002,1003.47826087,584894.91415,2322.61499488,0.938370736446,1.0,9133.51981396,0.187195514067,0.190935017119,0.00339918738875,0.183456011016,0.830686807632,1.0,1.0,0.94129042227,11.7204968944,0.934782608696,9141.89466507,3752119.39715,1585818306.45,5.19254658385,-0.996894409938,2034.69565217,2.33647619676e-07,Class 4
0.794915319625,2655.19565217,617563.679504,3365.84279476,0.908020730871,1.0,10813.9808986,0.285008486384,0.30450508948,0.00315641246687,0.255007892504,0.494728968992,1.0,1.0,0.910714960017,16.1630434783,0.891304347826,10831.8210529,3983122.92141,1556281214.48,13.102484472,-0.0139751552795,2044.2826087,6.18229779454e-07,Class 4
0.981482195903,366.937888199,47453.1373319,365.80501817,0.990691914899,1.0,1096.16490775,0.0273924310274,0.0273924310274,0.00381865603868,0.0273924310274,0.500345763999,1.0,1.0,0.990864056129,1.50621118012,0.990683229814,1096.28218448,443255.268069,193498117.319,1.5652173913,0.0,182.347826087,8.54369920005e-08,Class 4
0.969233440068,312.319875776,121558.613365,773.935671315,0.98520318196,1.0,2156.90976236,0.0456329334256,0.0456329334256,0.0037708093362,0.0456329334256,1.0,1.0,1.0,0.986268142687,2.76863354037,0.984472049689,2157.32658472,891639.96149,381645941.483,1.44409937888,0.697204968944,461.273291925,7.27198569199e-08,Class 4
0.415203888739,7759.09937888,4002163.34953,12371.47272,0.681026901184,1.0,40746.3176392,0.876843569191,0.958844955276,0.00168303542702,0.782518857143,0.45110732158,1.0,1.0,0.697218037302,57.397515528,0.642857142857,40945.0697427,15748051.5339,6355715934.15,37.4782608696,0.953416149068,8296.94099379,1.80661123554e-06,Class 4
0.699027815285,5585.89130435,453932.69885,4101.32323925,0.851277453264,1.0,11286.6117654,0.39841912986,0.434439261977,0.00282073205813,0.358329294059,0.248404566677,1.0,1.0,0.853659601727,20.4673913043,0.835403726708,11318.4318836,3513407.10496,1207597061.4,27.1149068323,-0.622670807453,1433.29503106,1.30060635883e-06,Class 4
0.632865244396,2407.49689441,2604690.11812,7044.52447178,0.821703585004,1.0,29774.7123269,0.548567145495,0.579436322501,0.00252069179155,0.473525141546,0.768390733272,1.0,1.0,0.835540763944,37.751552795,0.795031055901,29856.0687722,12309069.9488,5192234376.0,12.4720496894,-4.70807453416,6862.4378882,5.60556158206e-07,Class 4
0.0978550210254,12756.9285714,21647190.0718,24519.8261265,0.357509160736,1.0,84511.5060735,1.47344284215,1.71553374375,0.000481744123634,1.28580533696,0.427357639866,1.0,1.0,0.393521742331,115.591614907,0.304347826087,85186.9934131,33625912.3658,13816793431.6,64.5745341615,0.082298136646,18108.4192547,2.97029453584e-06,Class 4
0.75685737433,3074.81987578,731202.272339,4008.21303933,0.87257322745,1.0,12411.2401265,0.331263856875,0.358984311026,0.00294362650182,0.323784850771,0.453702842879,1.0,1.0,0.879221070536,19.0031055901,0.869565217391,12435.716773,4457283.27006,1696216238.3,15.5031055901,0.636645962733,2340.37267081,7.15934139206e-07,Class 4
0.794992477142,3202.9068323,400054.362329,3135.55453292,0.894935901325,1.0,8573.86084824,0.274954002725,0.298190108872,0.00309198895408,0.274954002725,0.398866237839,1.0,1.0,0.897688092865,14.347826087,0.891304347826,8589.11690886,2895819.02272,1068251959.8,15.9875776398,0.934782608696,1346.66459627,7.4575761787e-07,Class 4
0.932969407044,1051.00931677,181628.891212,776.308342122,0.967826727093,1.0,3745.32890709,0.0965123904225,0.0983821419484,0.00362922830634,0.0965123904225,0.703336457766,1.0,1.0,0.968903779958,5.27795031056,0.965838509317,3747.19226795,1489701.41238,638094296.667,4.87267080745,-1.81211180124,674.086956522,2.44714643751e-07,Class 4
0.05453107519,19423.5341615,26010621.5398,28674.2276696,0.251082462609,1.0,93659.1898222,1.73241242232,1.94725034889,0.000237612917276,1.63003045381,0.422041938223,1.0,1.0,0.277509062891,127.742236025,0.223602484472,94537.4056317,38132978.1272,16244609391.5,93.602484472,0.931677018634,18779.4658385,4.52253197652e-06,Class 4
0.261043169631,5170.97826087,15122759.2859,23469.8420669,0.653786388913,1.0,82923.7128169,1.07336037061,1.16801776237,0.00154823581956,0.808716150465,0.608976225467,1.0,1.0,0.67546989625,98.3027950311,0.496894409938,83341.5461111,37061735.2024,16947352532.4,27.6614906832,5.39285714286,19543.4099379,1.20399893965e-06,Class 4
0.862601751476,2706.62111801,72440.3918735,1675.74322178,0.928740226766,1.0,3742.51024889,0.179560614733,0.197094104496,0.00335533419057,0.179560614733,0.122883434819,1.0,1.0,0.929752871969,7.91304347826,0.928571428571,3747.91426911,978404.925549,287388249.896,13.3229813665,0.310559006211,260.385093168,6.30203569174e-07,Class 4
0.72472126847,3465.8447205,1047676.34342,4885.27359833,0.860760231339,1.0,16336.3612958,0.402534158308,0.417832958886,0.00283806235981,0.379818318832,0.5551453746,1.0,1.0,0.867128166309,23.3571428571,0.850931677019,16373.0776037,6237034.12322,2505205482.0,16.9068322981,-0.33850931677,3226.99068323,8.06979483949e-07,Class 4
0.938949114617,518.881987578,207721.084051,1159.77231242,0.97421434511,1.0,3591.08512374,0.0911594948829,0.0911594948829,0.00367609547003,0.0801930218717,0.786478983783,1.0,1.0,0.975862835811,5.05279503106,0.968944099379,3592.76141585,1354967.42635,529147589.89,2.60248447205,0.639751552795,768.50931677,1.20815314111e-07,Class 4
0.868311407739,3089.72670807,-0.0042044169654,1544.80678933,0.931678563571,1.0,3084.77556149,0.171932653417,0.192499920201,0.00337771288448,0.171932653417,0.00543827213664,1.0,1.0,0.931999563028,7.24223602484,0.931677018634,3089.50044923,663490.717617,143544855.678,14.4844720497,-7.21644966006e-16,0.0,7.19405012487e-07,Class 4
0.987635507889,266.142857143,-0.00394609825558,133.066421509,0.993788964827,1.0,266.100964627,0.0163960796036,0.0182658311295,0.00384276776277,0.0163960796036,0.000459954400064,1.0,1.0,0.993818681319,0.642857142857,0.993788819876,266.122828892,55085.3339403,11402233.7716,1.28571428571,0.0,0.0,6.19681038345e-08,Class 4
0.945005979708,1048.06521739,148423.864361,1133.47347217,0.975173081961,1.0,3271.40077655,0.0783232703458,0.0783232703458,0.00369975509929,0.0692222397777,0.461658657117,1.0,1.0,0.975540878101,4.4798136646,0.972049689441,3272.6582035,1339637.54078,594272963.218,4.53105590062,0.110248447205,556.183229814,2.44029146278e-07,Class 4
0.118070290498,17596.6863354,13763749.1129,22982.5293971,0.355289034143,1.0,75931.7149414,1.53540072988,1.70665210073,0.000470893847796,1.47033192298,0.424856404803,1.0,1.0,0.377830921073,105.861801242,0.33850931677,76576.2105133,30414247.5821,12834194727.0,84.549689441,-2.29347826087,14745.7080745,4.09717284049e-06,Class 4
0.845299178272,1620.71118012,590394.109851,3021.00285396,0.920888485606,1.0,9663.29124801,0.224185218892,0.234239702551,0.00328729391917,0.221609741336,0.711936707448,1.0,1.0,0.925886418891,13.3866459627,0.919254658385,9674.82706996,3710401.4432,1476335835.57,7.78571428571,0.958074534161,2013.63354037,3.77362743354e-07,Class 4
0.903263762972,2055.63975155,-0.00412443782565,1158.31581495,0.950311761055,1.0,2053.02950109,0.129984815126,0.143778801837,0.00351371807815,0.129984815126,0.00423821050349,1.0,1.0,0.950553736468,5.05279503106,0.950310559006,2055.48191274,418186.468756,85096923.9387,10.1055900621,0.636645962733,0.0,4.78630533008e-07,Class 4
0.461614135257,9719.34161491,1553558.212,8907.50295101,0.686981643055,1.0,24883.9758378,0.704350002078,0.788957104248,0.00181670479741,0.683811650297,0.244074052816,1.0,1.0,0.696748358597,42.3229813665,0.67701863354,25001.3979648,8291766.46144,3009759737.85,48.149068323,1.02795031056,3820.8447205,2.26302962575e-06,Class 4
0.903263762972,2055.63975155,-0.00412443782565,1158.31581495,0.950311761055,1.0,2053.02950109,0.129984815126,0.143778801837,0.00351371807815,0.129984815126,0.00423821050349,1.0,1.0,0.950553736468,5.05279503106,0.950310559006,2055.48191274,418186.468756,85096923.9387,10.1055900621,0.636645962733,0.0,4.78630533008e-07,Class 4
0.627946452683,3380.03416149,2244269.21743,7506.17281223,0.823752959111,1.0,27419.3520902,0.535660962249,0.588261431536,0.00252197272689,0.458853674824,0.635873535704,1.0,1.0,0.835554441922,36.1195652174,0.791925465839,27495.3278464,11091667.475,4623802446.37,16.6863354037,-0.995341614907,6029.10559006,7.86999546529e-07,Class 4
1.0,0.0,-0.00392156862745,1.52587890625e-05,1.0,1.0,0.0,-0.0,-0.0,0.00389099121094,-0.0,nan,1.0,1.0,1.0,0.0,1.0,6.103515625e-05,-4.76837158203e-07,3.72529029846e-09,0.0,0.0,0.0,0.0,Class 4
1.0,0.0,-0.00392156862745,1.52587890625e-05,1.0,1.0,0.0,-0.0,-0.0,0.00389099121094,-0.0,nan,1.0,1.0,1.0,0.0,1.0,6.103515625e-05,-4.76837158203e-07,3.72529029846e-09,0.0,0.0,0.0,0.0,Class 4
0.498919794761,7600.93478261,2007589.90455,9000.49807427,0.730551842061,1.0,27277.4171907,0.699627216511,0.775539464527,0.00199400131857,0.653820674448,0.378090223132,1.0,1.0,0.740736072675,42.3276397516,0.704968944099,27394.0593099,9788639.54804,3742347429.62,37.5745341615,1.25,4948.61180124,1.76978454693e-06,Class 4
0.845318467652,2067.29192547,472166.262388,2880.40823052,0.922902986029,1.0,8583.61866351,0.22115144187,0.232369951025,0.00328744461744,0.219281690344,0.59363064703,1.0,1.0,0.925231613122,12.3385093168,0.919254658385,8594.09895467,3313066.58992,1364486882.75,10.2236024845,1.0,1631.79813665,4.81343598955e-07,Class 4
0.638092666178,4887.18944099,1311978.21704,5841.92848964,0.814771049374,1.0,19779.8222753,0.520659345378,0.554143118862,0.00251986295103,0.482074811338,0.469930022132,1.0,1.0,0.82202104689,29.8586956522,0.798136645963,19840.8030016,7220964.91745,2790509525.44,24.3695652174,-1.62267080745,3738.63664596,1.13792218957e-06,Class 4
0.833995602022,1904.66149068,621146.2835,3316.81178739,0.914469981972,1.0,10336.2375378,0.241059178899,0.246668433477,0.00324298862616,0.239189427373,0.722055324484,1.0,1.0,0.918334417464,14.0916149068,0.913043478261,10349.3267788,4154620.72753,1761422205.89,9.67391304348,1.25621118012,2111.27639752,4.43477094562e-07,Class 4
0.833995602022,1904.66149068,621146.2835,3316.81178739,0.914469981972,1.0,10336.2375378,0.241059178899,0.246668433477,0.00324298862616,0.239189427373,0.722055324484,1.0,1.0,0.918334417464,14.0916149068,0.913043478261,10349.3267788,4154620.72753,1761422205.89,9.67391304348,1.25621118012,2111.27639752,4.43477094562e-07,Class 4
0.719397399792,4721.99689441,632816.702592,4456.74936017,0.855728419565,1.0,12676.3437878,0.40219569283,0.432359143807,0.00281681390296,0.393278762487,0.365277902802,1.0,1.0,0.860113365274,20.7872670807,0.847826086957,12708.9746825,4313973.28418,1586607789.07,22.6118012422,0.563664596273,1996.9068323,1.09945912883e-06,Class 4
0.951024266039,843.223602484,67195.8001202,805.556765065,0.976733952282,1.0,1855.89836757,0.0673524882518,0.0710919913035,0.00369983044843,0.0673524882518,0.474241403575,1.0,1.0,0.977054885534,3.2298136646,0.975155279503,1856.66310451,590733.005016,204742222.758,3.98757763975,0.636645962733,253.385093168,1.96334285712e-07,Class 4
0.663149569847,5798.80124224,695464.531802,5523.02337997,0.819676248449,1.0,14176.4787027,0.456359293164,0.499246067162,0.00257893667504,0.447010535535,0.313467710377,1.0,1.0,0.82537265687,24.2857142857,0.813664596273,14219.8436169,4667283.63899,1677450463.51,28.3664596273,2.53726708075,2105.45031056,1.35017982955e-06,Class 4
0.767466532927,3337.76397516,644799.734199,3852.2888594,0.881919921244,1.0,11706.6893629,0.335103287205,0.352636776967,0.00300511139824,0.322403185683,0.49022744923,1.0,1.0,0.885897677092,17.9192546584,0.875776397516,11730.0363576,4266852.79742,1668685452.67,16.5279503106,0.363354037267,2098.20807453,7.77157451482e-07,Class 4
0.603622545426,5439.88198758,1965557.87996,7625.78546266,0.79894839663,1.0,26477.5556763,0.583105465262,0.634176971393,0.00238506334357,0.545394218103,0.550514173813,1.0,1.0,0.807970740645,36.7204968944,0.776397515528,26561.7158995,10319135.5706,4201766109.02,24.9627329193,-1.7049689441,5280.74534161,1.26660987814e-06,Class 4
0.699027815285,5585.89130435,453932.69885,4101.32323925,0.851277453264,1.0,11286.6117654,0.39841912986,0.434439261977,0.00282073205813,0.358329294059,0.248404566677,1.0,1.0,0.853659601727,20.4673913043,0.835403726708,11318.4318836,3513407.10496,1207597061.4,27.1149068323,-0.622670807453,1433.29503106,1.30060635883e-06,Class 4
0.688572971722,4451.01552795,951087.434336,5104.51030253,0.837168109573,1.0,15927.2853534,0.430851964921,0.466353094624,0.00269806366185,0.414485946348,0.445686540467,1.0,1.0,0.84349729024,24.5232919255,0.829192546584,15968.5970622,5767546.58728,2235052333.27,22.2391304348,-0.00155279503106,2879.58695652,1.03636443738e-06,Class 4
0.751359901238,2969.1552795,840914.528449,4219.18169228,0.884568963161,1.0,13595.268271,0.349691294186,0.37130507537,0.00298529457501,0.311278966124,0.511140374472,1.0,1.0,0.889022135416,20.1397515528,0.866459627329,13622.687464,5020203.53076,1953322893.4,14.8260869565,0.332298136646,2663.54037267,6.91331432435e-07,Class 4
0.938987693376,1386.41304348,-0.0040465150844,567.084933737,0.968944809228,1.0,1385.37324983,0.0799409857278,0.0874199918312,0.00365311398301,0.0799409857278,0.00294752799651,1.0,1.0,0.969091533562,3.27173913043,0.968944099379,1386.31086267,295506.845651,63404304.4344,6.54347826087,-0.625776397516,0.0,3.22809292566e-07,Class 4
0.789456425292,2714.12111801,596068.182309,3528.75384872,0.896937573816,1.0,10562.9309552,0.292079177699,0.310450874221,0.00307089119551,0.275709713433,0.452368707479,1.0,1.0,0.901638138654,16.2220496894,0.888198757764,10581.2912586,3788475.32734,1443344245.55,13.4689440994,0.976708074534,1966.91925466,6.31949852293e-07,Class 4
0.693954708537,3922.55279503,1011652.48708,5186.97570431,0.854347874935,1.0,16099.8398043,0.402926648822,0.44329218815,0.00278147515735,0.355063435523,0.451888760707,1.0,1.0,0.861218796518,24.4751552795,0.832298136646,16138.359436,5853639.60538,2259783314.36,19.6583850932,0.89751552795,3054.14285714,9.13318364085e-07,Class 4
0.95100497666,880.968944099,33004.1613665,372.662476439,0.976708611406,1.0,1379.57440505,0.0692222397777,0.0729617428294,0.00369975509929,0.0692222397777,0.266779750773,1.0,1.0,0.976815563792,2.81055900621,0.975155279503,1380.26005715,377620.816828,116020561.937,4.37888198758,-0.947204968944,124.844720497,2.05122826098e-07,Class 4
0.822653447012,1928.65217391,646282.793742,3409.23635551,0.916335563255,1.0,10585.1096179,0.25837308802,0.270297323204,0.00322106202707,0.244214616944,0.64274268929,1.0,1.0,0.921273444794,14.9472049689,0.906832298137,10600.0236441,4035633.37635,1605794602.12,9.39751552795,1.31055900621,2167.95962733,4.49063031248e-07,Class 4
0.975386752054,491.937888199,-0.00397078095906,245.959302914,0.987577953432,1.0,491.795175411,0.0290357967879,0.0327752998396,0.0037951471077,0.0290357967879,0.00102825602266,1.0,1.0,0.987639751553,1.23602484472,0.987577639752,491.899323458,97884.1104095,19478173.252,2.47204968944,0.0,0.0,1.14541710656e-07,Class 4
0.789475714672,4211.59006211,261939.432805,3032.62957659,0.888793578648,1.0,7757.77948612,0.28131896801,0.308581122695,0.00307051444982,0.28131896801,0.281962787558,1.0,1.0,0.891138593962,13.9440993789,0.888198757764,7772.95561228,2470519.98395,888352143.006,19.9192546584,0.0807453416149,890.450310559,9.806171508e-07,Class 4
1.0,0.0,-0.00392156862745,1.52587890625e-05,1.0,1.0,0.0,-0.0,-0.0,0.00389099121094,-0.0,nan,1.0,1.0,1.0,0.0,1.0,6.103515625e-05,-4.76837158203e-07,3.72529029846e-09,0.0,0.0,0.0,0.0,Class 4
0.657690675514,3907.60248447,1678754.74598,6643.54601681,0.833317887945,1.0,22833.0798298,0.511841986085,0.539677386069,0.00261887171806,0.439608339244,0.582563648523,1.0,1.0,0.843879370124,31.3819875776,0.810559006211,22896.0876969,8946212.80866,3652547255.01,18.5217391304,-0.301242236025,4747.36645963,9.09837367424e-07,Class 4
0.944967400949,779.627329193,102299.668092,773.100801361,0.974271826609,1.0,2311.7115875,0.0783232703458,0.0820627733976,0.00367617081917,0.0783232703458,0.501049202298,1.0,1.0,0.975073438625,3.7950310559,0.972049689441,2312.77587625,781694.07243,285177130.878,3.84472049689,1.11022302463e-16,383.316770186,1.81526672578e-07,Class 4
0.915068863084,1941.82919255,39036.8520282,1032.90092753,0.956705269975,1.0,2518.96471942,0.118154254805,0.127503012435,0.00355960570305,0.118154254805,0.145876448265,1.0,1.0,0.957326891906,5.09161490683,0.95652173913,2521.19809093,677945.687059,202569002.308,8.85403726708,-0.358695652174,144.881987578,4.52131138609e-07,Class 4
0.84537633579,2836.14285714,196458.647591,2319.95090812,0.919596505111,1.0,5597.54711038,0.213331647396,0.227924721943,0.00328797206141,0.21146189587,0.312931443582,1.0,1.0,0.921428210878,10.0683229814,0.919254658385,5605.77859364,1765001.18852,620107344.262,13.7204968944,0.987577639752,692.48757764,6.60361119391e-07,Class 4
0.800528528992,2935.14596273,457101.656958,3381.9611226,0.89890018715,1.0,9054.51703726,0.264899077819,0.289205847655,0.00311361415662,0.263029326293,0.411989320205,1.0,1.0,0.903530750059,14.6226708075,0.894409937888,9069.48409636,3102674.93482,1139235125.79,14.2826086957,1.88354037267,1533.69875776,6.83412779665e-07,Class 4
0.259538598048,7886.56521739,10521850.3476,18695.9139564,0.59571455397,1.0,66292.1306729,1.14329453738,1.28749852125,0.00123305037629,0.887162219819,0.532568242694,1.0,1.0,0.622248133087,86.652173913,0.506211180124,66684.3915595,27248583.5125,11550117307.1,38.7701863354,0.288819875776,14700.1335404,1.83629009448e-06,Class 4
0.778307164075,4025.01552795,418593.039788,3541.91412628,0.883119696524,1.0,9583.21360184,0.316013298891,0.340320068727,0.00302613380767,0.316013298891,0.40653852302,1.0,1.0,0.886362977421,15.9114906832,0.88198757764,9602.72953503,3239579.92709,1195859025.41,19.0093167702,0.64751552795,1394.55279503,9.371755562e-07,Class 4
0.800354924579,2590.21428571,626264.469797,3435.08376914,0.900363637232,1.0,10891.2590391,0.290617299714,0.302541534899,0.00311255926869,0.276823313004,0.502417952353,1.0,1.0,0.904265853531,16.0046583851,0.894409937888,10909.2794186,4074742.74579,1616991692.5,12.698757764,0.305900621118,2079.89130435,6.03099664345e-07,Class 4
0.368446433394,6178.82919255,7497262.16246,16566.0650628,0.655686235178,1.0,58728.1085692,1.01408049016,1.08587332783,0.00153037807391,0.858609763745,0.656544222857,1.0,1.0,0.676597529296,72.849378882,0.605590062112,59020.3042633,25334505.9738,11249724536.4,30.5248447205,1.1102484472,13210.9378882,1.43866468215e-06,Class 4
0.735542610239,4504.24534161,902990.467281,5162.71519868,0.876425246484,1.0,15917.0944311,0.365647244626,0.387719325277,0.00296366937247,0.329924327816,0.452703013898,1.0,1.0,0.879288728323,22.2562111801,0.857142857143,15948.8169768,6416518.85915,2794556521.51,20.5559006211,0.287267080745,2861.31677019,1.04875834738e-06,Class 4
0.756548744261,4190.21118012,816467.860382,4547.37625264,0.876288073972,1.0,14678.336938,0.363064602448,0.379892366181,0.00296171029488,0.355983338081,0.525139825744,1.0,1.0,0.878862915381,20.5590062112,0.869565217391,14707.4197039,5837313.89602,2487848095.93,19.2546583851,-0.742236024845,2629.46273292,9.75639340037e-07,Class 4
0.730103005285,5196.80434783,330248.919293,3472.00285396,0.857587972896,1.0,9469.67373275,0.370104623544,0.402137826046,0.00283919259688,0.363789642937,0.237517972077,1.0,1.0,0.861016864953,17.6972049689,0.854037267081,9495.18304822,2869588.73278,970499880.269,25.152173913,-0.967391304348,1074.73291925,1.21001222761e-06,Class 4
0.598954515644,4629.7515528,2266593.99753,8233.0403394,0.78943601956,1.0,28522.9505572,0.606739024575,0.633373845404,0.00234746412383,0.558340395959,0.599039011479,1.0,1.0,0.800403126542,38.1180124224,0.773291925466,28613.9020408,11570216.8819,4889179214.65,22.8447204969,-0.347826086957,5996.33540373,1.07798093111e-06,Class 4
0.851221017708,1910.42546584,406746.926078,2450.27202128,0.92298872357,1.0,7562.07313054,0.200907097392,0.212125606547,0.00331185773808,0.191923277422,0.577296747279,1.0,1.0,0.925887464717,11.3400621118,0.922360248447,7570.79164683,2808054.22933,1114751574.27,9.74223602484,0.35248447205,1415.18012422,4.44819165564e-07,Class 4
0.944967400949,1450.17701863,-0.00403379983866,818.267217316,0.972050230224,1.0,1449.23337554,0.0745837672941,0.0820627733976,0.00367632151745,0.0745837672941,0.00232680755712,1.0,1.0,0.972172038269,3.18167701863,0.972049689441,1450.07765226,330798.065436,75544478.4921,6.36335403727,0.380434782609,0.0,3.37655953024e-07,Class 4
0.944986690328,1267.01552795,96477.5362616,881.803441113,0.97527510166,1.0,2716.35214922,0.0783232703458,0.0801930218717,0.00369975509929,0.0692222397777,0.37582317004,1.0,1.0,0.975762856819,4.11956521739,0.972049689441,2717.50797058,1011291.48392,417653377.174,5.25776397516,-0.423913043478,362.655279503,2.95009043785e-07,Class 4
0.921048570657,1692.05590062,40404.427943,1159.65388754,0.959630109088,1.0,2291.82932518,0.10720515713,0.114684163233,0.00358303928489,0.10720515713,0.175593843424,1.0,1.0,0.959878783602,4.6397515528,0.959627329193,2293.66252222,630349.079096,196819585.9,8.03105590062,0.708074534161,150.437888199,3.93974487495e-07,Class 4
0.944967400949,1002.84782609,92785.3236502,753.898792433,0.975167839813,1.0,2396.79631304,0.07645351882,0.0820627733976,0.00369983044843,0.0673524882518,0.333098865163,1.0,1.0,0.975439120199,3.80279503106,0.972049689441,2397.83463984,877923.243458,360698524.483,4.71118012422,-0.386645962733,348.776397516,2.3350083066e-07,Class 4
0.642741406582,2537.67701863,2432795.13678,7884.48380796,0.820140691749,1.0,28598.1924108,0.51922433371,0.563640070864,0.00253930302858,0.469410855319,0.702700271024,1.0,1.0,0.832771941286,36.301242236,0.801242236025,28672.1824174,11857965.5849,5029069507.14,13.2298136646,0.357142857143,6533.90993789,5.90867005327e-07,Class 4
1.0,0.0,-0.00392156862745,1.52587890625e-05,1.0,1.0,0.0,-0.0,-0.0,0.00389099121094,-0.0,nan,1.0,1.0,1.0,0.0,1.0,6.103515625e-05,-4.76837158203e-07,3.72529029846e-09,0.0,0.0,0.0,0.0,Class 4
0.963137996219,401.624223602,125776.597756,777.544415492,0.981444926419,1.0,2304.13430881,0.0528770577246,0.0547468092504,0.00374707435781,0.0528770577246,0.682966919723,1.0,1.0,0.98207764008,3.06366459627,0.981366459627,2304.68382462,952313.662976,416141686.866,2.10248447205,0.395962732919,475.788819876,9.35132802654e-08,Class 4
1.0,0.0,-0.00392156862745,1.52587890625e-05,1.0,1.0,0.0,-0.0,-0.0,0.00389099121094,-0.0,nan,1.0,1.0,1.0,0.0,1.0,6.103515625e-05,-4.76837158203e-07,3.72529029846e-09,0.0,0.0,0.0,0.0,Class 4
0.874117510898,1139.52173913,448338.569323,2340.1342835,0.940214398244,1.0,7412.92402401,0.173401527357,0.182750284986,0.00339986553099,0.171531775831,0.722666143674,1.0,1.0,0.944102944719,10.4689440994,0.934782608696,7419.82818604,2809862.32376,1106423483.03,5.80745341615,0.965838509317,1570.15838509,2.65323676954e-07,Class 4
