0.657257373114,232.354166667,30134.7045352,436.425084997,0.856311243836,1.0,1550.38302003,0.486804202593,0.532253772006,0.0107026695388,0.393005271895,0.48143354058,1.0,1.0,0.86430105149,8.20486111111,0.810185185185,1565.09805411,159618.744876,16947928.2737,4.53935185185,-0.244212962963,333.44212963,1.38561524398e-05,Class 1
0.510180898491,351.282407407,53349.9299251,651.918863932,0.77880966555,1.0,2277.92623091,0.673228204798,0.766050114339,0.0085276746292,0.545225094114,0.375033735806,1.0,1.0,0.79206428405,12.2592592593,0.712962962963,2308.95468027,232393.662802,24340572.7185,6.86111111111,-0.247685185185,489.800925926,2.09482905182e-05,Class 1
0.840663580247,159.668981481,5457.31074651,148.380163122,0.929690283879,1.0,456.321070026,0.214107951281,0.234567531865,0.0130961853781,0.192173442109,0.293844344433,1.0,1.0,0.932315399232,2.92476851852,0.916666666667,458.41547309,39688.5226768,3699763.47246,3.01157407407,-0.119212962963,74.7777777778,9.52166160415e-06,Class 1
0.836334019204,102.243055556,10660.371352,187.079164858,0.932323867004,1.0,668.794392057,0.229909469694,0.25047272766,0.0130305453747,0.196833298274,0.54488573655,1.0,1.0,0.936102799175,3.59606481481,0.914351851852,671.600079572,67458.9447236,7079717.05004,2.05324074074,-0.121527777778,142.451388889,6.09713776177e-06,Class 1
0.657257373114,232.354166667,30134.7045352,436.425084997,0.856311243836,1.0,1550.38302003,0.486804202593,0.532253772006,0.0107026695388,0.393005271895,0.48143354058,1.0,1.0,0.86430105149,8.20486111111,0.810185185185,1565.09805411,159618.744876,16947928.2737,4.53935185185,-0.244212962963,333.44212963,1.38561524398e-05,Class 1
0.840663580247,159.668981481,5457.31074651,148.380163122,0.929690283879,1.0,456.321070026,0.214107951281,0.234567531865,0.0130961853781,0.192173442109,0.293844344433,1.0,1.0,0.932315399232,2.92476851852,0.916666666667,458.41547309,39688.5226768,3699763.47246,3.01157407407,-0.119212962963,74.7777777778,9.52166160415e-06,Class 1
0.50654792524,267.078703704,76746.7190455,797.996916594,0.804012147069,1.0,2894.66545922,0.687994519086,0.787202522818,0.00896990740741,0.508408757057,0.473251532411,1.0,1.0,0.817017731232,14.0462962963,0.710648148148,2931.09241175,319781.387104,35790902.7183,5.12962962963,-0.0138888888889,666.44212963,1.59269071221e-05,Class 1
0.588080847051,289.395833333,41976.8171684,561.582420067,0.80158258149,1.0,1973.71794765,0.583740376359,0.654698128633,0.00931769895619,0.503792065058,0.438586882144,1.0,1.0,0.816114160647,10.2627314815,0.766203703704,1996.05841291,207904.376581,22548464.845,5.71990740741,-0.15162037037,426.986111111,1.7257761458e-05,Class 1
0.510180898491,351.282407407,53349.9299251,651.918863932,0.77880966555,1.0,2277.92623091,0.673228204798,0.766050114339,0.0085276746292,0.545225094114,0.375033735806,1.0,1.0,0.79206428405,12.2592592593,0.712962962963,2308.95468027,232393.662802,24340572.7185,6.86111111111,-0.247685185185,489.800925926,2.09482905182e-05,Class 1
0.679741083676,163.472222222,34911.9914175,446.768545645,0.866892405214,1.0,1702.68581343,0.440810571565,0.505710010129,0.0108888728138,0.365646094308,0.536938227216,1.0,1.0,0.876454049703,8.33333333333,0.824074074074,1716.14449508,185807.215464,20671554.7535,3.30092592593,-0.400462962963,388.428240741,9.74846314692e-06,Class 1
0.408875600137,300.444444444,101704.367584,868.254367405,0.749380782866,1.0,3271.41605289,0.792738807236,0.931710283016,0.00745466151192,0.548300541513,0.455867787605,1.0,1.0,0.76576716526,16.5972222222,0.636574074074,3321.34299045,351148.374129,38263397.0437,6.28240740741,-0.655092592593,755.743055556,1.79166316732e-05,Class 1
0.261531207133,500.766203704,161172.224963,1120.07149703,0.634749020485,1.0,4029.6618848,1.00096670259,1.22193471768,0.00513532557442,0.772498571602,0.29349735729,1.0,1.0,0.658412636624,21.4918981481,0.506944444444,4112.02513744,417634.563905,43891704.5966,10.1643518519,-0.586805555556,903.486111111,2.98625712409e-05,Class 1
0.687478566529,215.293981481,24446.6715224,379.614682798,0.863751383491,1.0,1329.97755302,0.439369693328,0.482993510153,0.0109424564901,0.365240776877,0.454002329943,1.0,1.0,0.871839612336,7.18634259259,0.828703703704,1341.51703559,134772.980083,14147845.5963,4.2662037037,-0.181712962963,281.780092593,1.28387894634e-05,Class 1
0.606599365569,415.988425926,19435.7260489,419.039234303,0.804631130591,1.0,1262.9044363,0.524057637898,0.582188351125,0.00965611336163,0.465238037558,0.250028616922,1.0,1.0,0.81385687371,7.93634259259,0.777777777778,1278.27513744,114534.571283,11088217.5641,7.95601851852,-0.0729166666667,215.819444444,2.48069536497e-05,Class 1
0.620595421811,295.791666667,31105.8844925,455.224130136,0.825025048611,1.0,1617.24685302,0.526178792489,0.576834142594,0.00962680978867,0.448370070461,0.446557406731,1.0,1.0,0.834378318846,8.81944444444,0.787037037037,1634.43095341,164309.276038,17387079.8496,5.68518518519,-0.502314814815,334.935185185,1.76391690433e-05,Class 1
0.832293810014,150.986111111,7085.49898509,157.104917173,0.921058617652,1.0,532.566001473,0.226826944244,0.242429189223,0.0128321183235,0.216498923092,0.466297941519,1.0,1.0,0.924762044863,3.2037037037,0.912037037037,535.021809896,50112.9804021,5075057.49641,2.98148148148,-0.256944444444,96.1087962963,9.00386940273e-06,Class 1
0.510180898491,351.282407407,53349.9299251,651.918863932,0.77880966555,1.0,2277.92623091,0.673228204798,0.766050114339,0.0085276746292,0.545225094114,0.375033735806,1.0,1.0,0.79206428405,12.2592592593,0.712962962963,2308.95468027,232393.662802,24340572.7185,6.86111111111,-0.247685185185,489.800925926,2.09482905182e-05,Class 1
0.687478566529,215.293981481,24446.6715224,379.614682798,0.863751383491,1.0,1329.97755302,0.439369693328,0.482993510153,0.0109424564901,0.365240776877,0.454002329943,1.0,1.0,0.871839612336,7.18634259259,0.828703703704,1341.51703559,134772.980083,14147845.5963,4.2662037037,-0.181712962963,281.780092593,1.28387894634e-05,Class 1
0.578296467764,372.259259259,31477.6850266,498.387975622,0.799929737457,1.0,1659.61849819,0.567138684734,0.638187004324,0.00912546751758,0.490097872729,0.33556646332,1.0,1.0,0.809842026449,9.51388888889,0.759259259259,1679.69137008,161318.764916,16361558.0509,7.10648148148,-0.291666666667,327.155092593,2.21992190517e-05,Class 1
0.758144718793,190.537037037,14283.4484093,264.787932219,0.897055078186,1.0,900.166499649,0.333964540361,0.364595729764,0.0118726356203,0.284988363868,0.465001689532,1.0,1.0,0.901694063181,5.12268518519,0.87037037037,906.258789063,87171.4342098,8840802.96307,3.66666666667,-0.180555555556,179.090277778,1.13624397982e-05,Class 1
0.623949759945,218.703703704,38166.502663,489.100432219,0.840561189151,1.0,1798.30557353,0.528778186626,0.594070816994,0.0100181380744,0.429876482996,0.449994203264,1.0,1.0,0.8508026638,9.38657407407,0.789351851852,1816.70728443,185496.471346,19543091.4792,4.30555555556,-0.37037037037,399.793981481,1.30421240176e-05,Class 1
0.840727880658,142.946759259,6047.40730886,144.279468678,0.929736852251,1.0,471.109599942,0.211887094817,0.230316970578,0.01309752497,0.188558928258,0.376343477315,1.0,1.0,0.932590980591,2.9525462963,0.916666666667,473.199037905,42159.2198882,4044828.89128,2.8125,-0.184027777778,82.6550925926,8.52445262973e-06,Class 1
0.746399176955,239.305555556,9451.35040948,235.964870877,0.883544681478,1.0,712.704201369,0.322361013588,0.364595988165,0.0117462116341,0.287466178922,0.204955661667,1.0,1.0,0.888531175145,4.67592592593,0.863425925926,718.046115451,61118.5076916,5608524.71884,4.72222222222,-0.0625,119.831018519,1.42706898914e-05,Class 1
0.524648491084,173.99537037,82299.5485136,783.113597729,0.858225331586,1.0,3003.10804763,0.628315368558,0.694096573186,0.0101403758359,0.381757503863,0.570617608352,1.0,1.0,0.865904460616,14.1157407407,0.722222222222,3036.42632378,337391.983865,38156259.6746,3.40277777778,-0.335648148148,716.048611111,1.03759980303e-05,Class 1
0.453221450617,148.226851852,123684.441942,965.24778465,0.829817429222,1.0,3791.33595776,0.73718782912,0.841354442234,0.00910453639403,0.422755704068,0.611379864648,1.0,1.0,0.841155334959,17.3611111111,0.671296296296,3839.81694878,435558.512719,50084627.4189,3.05092592593,-0.541666666667,923.439814815,8.83932440031e-06,Class 1
0.668531378601,306.398148148,21016.2840661,386.325692636,0.839347720959,1.0,1267.05289935,0.468401704523,0.512767043207,0.010454845036,0.42505510499,0.368058163067,1.0,1.0,0.847598352869,7.18055555556,0.81712962963,1279.39044416,125815.098467,13194703.2349,5.91203703704,-0.1875,243.472222222,1.82716734067e-05,Class 1
0.563732424554,250.759259259,54979.8617038,633.678557219,0.825265548393,1.0,2324.28844842,0.605395272715,0.683136887498,0.00957071437757,0.459832523439,0.50741177816,1.0,1.0,0.836272495799,11.6828703704,0.75,2350.75358073,247908.622533,26876335.6639,4.77314814815,-0.277777777778,525.363425926,1.49537173008e-05,Class 1
0.513235168038,149.451388889,89702.5698028,813.563322844,0.828572332078,1.0,3115.70338342,0.674225145051,0.771454794293,0.00938953457219,0.459629390413,0.559336567246,1.0,1.0,0.841232954483,14.6631944444,0.715277777778,3152.96205874,347835.386451,38958927.976,3.11805555556,-0.237268518519,751.335648148,8.91234814719e-06,Class 1
0.546564214678,172.215277778,69735.1607393,698.017749928,0.84484902641,1.0,2651.10814666,0.637298554881,0.717523294535,0.00974452642747,0.414644107104,0.549125195888,1.0,1.0,0.854619910661,12.8923611111,0.738425925926,2681.95656105,288256.83137,31578224.5788,3.37268518519,-0.267361111111,627.837962963,1.02698444172e-05,Class 1
0.366201560357,410.173611111,107578.923084,934.934633608,0.711299904305,1.0,3405.9481499,0.856330603546,1.00632856157,0.00679055882416,0.618650097947,0.419657922074,1.0,1.0,0.729132049986,17.5775462963,0.601851851852,3463.22739439,365556.110703,40091169.0298,8.38194444444,-0.58912037037,763.8125,2.44601943829e-05,Class 1
0.613993912894,95.2152777778,66559.1725611,679.266737196,0.907878555185,1.0,2665.7156556,0.505408397997,0.556344016674,0.0115117830504,0.259260321043,0.665442628341,1.0,1.0,0.912505411817,11.8969907407,0.782407407407,2688.02542679,309508.902505,36020826.2846,1.77083333333,-0.27662037037,648.574074074,5.67804495358e-06,Class 1
0.750235768176,256.212962963,10414.8747469,256.673782914,0.876622876247,1.0,780.231370021,0.339489596641,0.371098436324,0.0115536452975,0.318932250206,0.348566561114,1.0,1.0,0.882570815436,4.81018518519,0.865740740741,786.047851562,72185.4002606,7203526.75508,4.91666666667,-0.0671296296296,132.608796296,1.52789421545e-05,Class 1
0.376393175583,355.981481481,113549.756833,939.803629557,0.740478332487,1.0,3488.96941977,0.854480630846,0.990234643764,0.00711607965749,0.593662985521,0.443292768839,1.0,1.0,0.754782970356,17.75,0.611111111111,3546.68963397,374594.852237,40804895.6818,7.13888888889,-0.643518518519,798.231481481,2.12285139703e-05,Class 1
0.63933899177,88.7453703704,54565.8890533,578.426459418,0.897866303908,1.0,2289.67906655,0.467955032714,0.529831529844,0.0114148300862,0.288929687026,0.626447680819,1.0,1.0,0.905370629414,10.5601851852,0.798611111111,2307.90780527,257936.331087,29164665.3267,1.81944444444,-0.347222222222,555.12037037,5.29222005277e-06,Class 1
0.738093707133,289.342592593,11499.3210595,281.746120877,0.875149199741,1.0,859.847329658,0.368706422214,0.401909431806,0.0114849912123,0.337414645639,0.339771512735,1.0,1.0,0.88085297608,5.22453703704,0.858796296296,866.7645761,79712.9232325,7917011.02685,5.26851851852,-0.12962962963,144.518518519,1.72545865125e-05,Class 1
0.649884259259,294.453703704,24017.7087069,397.305003979,0.838911482481,1.0,1361.37159087,0.47460947138,0.537831965886,0.0102338123714,0.416865654309,0.310499341467,1.0,1.0,0.847105781371,7.73148148148,0.805555555556,1374.85861545,132945.121949,13556349.8206,5.67592592593,-0.372685185185,270.342592593,1.75593812821e-05,Class 1
0.557891803841,126.534722222,83155.9621819,792.924433955,0.875953743834,1.0,3082.32568386,0.581228347649,0.644805670096,0.0105595006537,0.333247789978,0.622596753537,1.0,1.0,0.883639843085,13.8159722222,0.74537037037,3112.38277633,358208.681834,41720285.6725,2.39583333333,-0.278935185185,746.893518519,7.54574116397e-06,Class 1
0.703028549383,299.835648148,14245.6753377,306.365550854,0.857216028913,1.0,983.168676191,0.395861261646,0.445731640754,0.0110590009859,0.360659440282,0.298925303499,1.0,1.0,0.863809058288,5.9525462963,0.837962962963,991.694408275,92029.2600358,9204456.19006,5.74768518519,-0.309027777778,173.150462963,1.78803268615e-05,Class 1
0.408875600137,300.444444444,101704.367584,868.254367405,0.749380782866,1.0,3271.41605289,0.792738807236,0.931710283016,0.00745466151192,0.548300541513,0.455867787605,1.0,1.0,0.76576716526,16.5972222222,0.636574074074,3321.34299045,351148.374129,38263397.0437,6.28240740741,-0.655092592593,755.743055556,1.79166316732e-05,Class 1
0.669378000686,383.395833333,12075.1593832,321.876184534,0.83371545096,1.0,952.373971319,0.430544856286,0.476564087248,0.0105365601423,0.394601077286,0.255552929593,1.0,1.0,0.840336269706,6.22800925926,0.81712962963,962.136827257,84055.3859264,8075982.29652,7.30324074074,-0.258101851852,144.87962963,2.28633348291e-05,Class 1
0.328467935528,410.215277778,131030.305971,1016.67284252,0.720218191187,1.0,3728.85301742,0.918835126923,1.06324106027,0.00669343841092,0.604325413984,0.426715083189,1.0,1.0,0.733854206642,19.2280092593,0.569444444444,3796.27571615,398831.109234,43369866.5966,8.29398148148,-0.603009259259,847.115740741,2.44626791228e-05,Class 1
0.438175154321,322.178240741,83944.6986786,794.586470992,0.771451604965,1.0,2953.38963253,0.760969292675,0.863320234942,0.00796437623242,0.5266440827,0.467683634316,1.0,1.0,0.783604059325,15.2118055556,0.659722222222,2997.21292679,313870.818051,34023515.029,6.52083333333,-0.637731481481,669.233796296,1.92126996495e-05,Class 1
0.471879286694,513.06712963,45979.5863041,669.923782914,0.740143868155,1.0,2155.64094684,0.7219234453,0.817753333,0.00788517286094,0.620210916534,0.293761359105,1.0,1.0,0.753307238415,12.4131944444,0.685185185185,2189.41460503,210751.634986,21501352.2904,9.75231481481,-0.114583333333,419.474537037,3.05961216964e-05,Class 1
0.456768689986,293.953703704,75453.7450133,729.563756872,0.778312542112,1.0,2732.96570383,0.708253387417,0.816773664781,0.00824033216521,0.508378256743,0.460153262288,1.0,1.0,0.790939650064,14.3541666667,0.673611111111,2771.33633536,283460.005951,29936746.6093,6.10185185185,-0.68287037037,619.793981481,1.75295644024e-05,Class 1
0.261531207133,500.766203704,161172.224963,1120.07149703,0.634749020485,1.0,4029.6618848,1.00096670259,1.22193471768,0.00513532557442,0.772498571602,0.29349735729,1.0,1.0,0.658412636624,21.4918981481,0.506944444444,4112.02513744,417634.563905,43891704.5966,10.1643518519,-0.586805555556,903.486111111,2.98625712409e-05,Class 1
0.668574245542,298.668981481,25801.8711543,440.253644025,0.845692172515,1.0,1467.63032222,0.460480110253,0.509112098317,0.0106358573924,0.405162371776,0.402536611056,1.0,1.0,0.854056671414,7.74189814815,0.81712962963,1480.71148003,154786.774571,17094356.2368,5.59027777778,-0.0729166666667,295.752314815,1.78107541423e-05,Class 1
0.778442215364,219.793981481,12559.6017896,235.619674117,0.901652413827,1.0,863.953849685,0.298786850141,0.327538785925,0.0122463817623,0.264451253874,0.430636539292,1.0,1.0,0.906360284426,4.72106481481,0.881944444444,868.917787905,89251.4395967,9824626.45675,4.04398148148,-0.616898148148,162.428240741,1.31071413801e-05,Class 1
0.778463648834,252.12037037,6351.16402962,210.00914171,0.88980221605,1.0,581.91005453,0.298613583634,0.325023484868,0.0119288984804,0.289997625756,0.261391564759,1.0,1.0,0.893818898858,3.93287037037,0.881944444444,586.027886285,48968.9859766,4497859.23833,4.77777777778,0.00462962962963,83.599537037,1.50348854731e-05,Class 1
0.782686042524,249.231481481,5352.6120679,180.564769604,0.894580213299,1.0,529.170851068,0.279465365425,0.308558904051,0.0121253161437,0.26270817675,0.196666654034,1.0,1.0,0.897693465527,3.71064814815,0.884259259259,532.777886285,43202.8405773,3885037.87413,4.80092592593,-0.293981481481,71.0023148148,1.48626101685e-05,Class 1
0.672603737997,155.641203704,40214.2348579,474.00487377,0.896700167622,1.0,1890.98804332,0.450604010505,0.489480396857,0.0116361976487,0.289823816068,0.650846008668,1.0,1.0,0.903380603185,8.98726851852,0.819444444444,1905.86136429,210238.025213,23741463.4502,2.83564814815,-0.690972222222,437.835648148,9.28147007376e-06,Class 1
0.653538665981,311.303240741,22532.0165312,414.444471571,0.8395617945,1.0,1318.96887722,0.48684367113,0.537227007517,0.0103451659486,0.414643587475,0.348467174177,1.0,1.0,0.848453841713,7.57291666667,0.80787037037,1332.53352865,127730.134837,12957286.8749,5.8587962963,0.0636574074074,255.543981481,1.85641825175e-05,Class 2
0.762334962277,234.416666667,9410.43781593,247.77585178,0.885313139841,1.0,713.105282756,0.319190051453,0.34622472717,0.0118677795996,0.292100644194,0.339765862873,1.0,1.0,0.890698688884,4.47916666667,0.872685185185,718.163302951,64719.7432285,6341733.71191,4.58796296296,0.18287037037,121.076388889,1.39791470683e-05,Class 2
0.351573216735,482.703703704,110003.234181,1028.38153754,0.688963838569,1.0,3491.96388538,0.908526848871,1.0548359171,0.00636607563872,0.7066569383,0.351430535406,1.0,1.0,0.70725869282,18.0925925926,0.590277777778,3554.62829138,374745.721722,41181114.6747,9.53240740741,0.298611111111,768.546296296,2.87854364642e-05,Class 2
0.664801954733,206.006944444,29108.1994267,432.755380136,0.859782034064,1.0,1486.81167596,0.470625375808,0.515829186521,0.0107661327053,0.374675879356,0.483629887276,1.0,1.0,0.86878978448,7.93865740741,0.814814814815,1500.54336661,151320.65492,15849810.1031,4.13194444444,0.119212962963,323.881944444,1.22849685324e-05,Class 2
0.718792866941,163.800925926,30009.7287658,451.012179905,0.889168839439,1.0,1559.75728773,0.386002737451,0.418425706217,0.0118018046982,0.300424764053,0.570325459285,1.0,1.0,0.896983743931,7.375,0.847222222222,1570.07447193,177268.929033,20661709.4,3.18981481481,0.31712962963,351.798611111,9.76806498445e-06,Class 2
0.592828360768,234.462962963,37931.8433917,522.155553747,0.848883455741,1.0,1757.67204038,0.51235573906,0.587382754322,0.0103170345186,0.383525481868,0.425423406268,1.0,1.0,0.856817584852,9.69907407407,0.768518518519,1776.07562934,172384.0704,17308843.397,4.71296296296,0.368055555556,385.706018519,1.39819078905e-05,Class 2
0.603748713992,284.634259259,30885.9428377,487.012469256,0.827947863055,1.0,1571.18602939,0.491063717595,0.569271829422,0.00972024632416,0.407449428936,0.386699307029,1.0,1.0,0.836094362779,8.94907407407,0.775462962963,1587.40549045,151884.76262,15214447.8744,5.6712962963,0.363425925926,325.972222222,1.69738108959e-05,Class 2
0.718417781207,293.490740741,17428.1568832,371.239682798,0.874037681439,1.0,1135.55566543,0.393865900517,0.432616293644,0.0113639255937,0.341784490902,0.344496947333,1.0,1.0,0.878952139357,6.21064814815,0.847222222222,1144.40983073,116515.082656,12666413.8428,5.29166666667,0.201388888889,212.923611111,1.75019561806e-05,Class 2
0.443029835391,372.935185185,86851.8577959,902.337917752,0.754637161495,1.0,3120.06770415,0.801190768175,0.911716367342,0.00773111979167,0.599842768704,0.404892226639,1.0,1.0,0.770753593864,15.5787037037,0.664351851852,3167.40549045,341443.219144,38084594.1366,7.08333333333,0.282407407407,699.104166667,2.22395270557e-05,Class 2
0.380186899863,538.583333333,73307.5947985,845.358172381,0.697814122191,1.0,2764.11712888,0.854256053722,0.97120289301,0.0068848326046,0.679590384872,0.295277875301,1.0,1.0,0.714308116123,15.5625,0.613425925926,2814.62047888,277188.496538,28804973.8959,10.6018518519,0.0949074074074,569.49537037,3.21177488455e-05,Class 2
0.519750943073,171.053240741,80867.1188911,795.366274233,0.814036274225,1.0,2921.3423213,0.657762918145,0.765300730089,0.00893089179312,0.467248831475,0.510492950963,1.0,1.0,0.82811889656,13.994212963,0.719907407407,2955.98086661,322342.436061,35766947.2399,3.54398148148,0.21875,696.668981481,1.02005477803e-05,Class 2
0.936342592593,81.0115740741,445.980677002,49.8753164786,0.967835306913,1.0,107.184067129,0.0875777063193,0.095072020528,0.0143875519762,0.0875777063193,0.123901285637,1.0,1.0,0.968741418894,0.903935185185,0.967592592593,107.38104022,7035.23566239,521612.903639,1.56712962963,0.056712962963,6.62037037037,4.83102470621e-06,Class 2
0.726219564472,151.574074074,24008.2591417,375.978832104,0.882409717776,1.0,1278.36120211,0.38390878501,0.423965246235,0.0114948707026,0.318715619154,0.550210464147,1.0,1.0,0.891687324973,6.60185185185,0.851851851852,1287.52759693,133047.070481,14215918.3668,3.06944444444,0.305555555556,284.194444444,9.03893184452e-06,Class 2
0.573999056927,156.958333333,67842.3986189,728.102385344,0.886996984068,1.0,2671.96676273,0.550020745757,0.593646474655,0.0111653310935,0.320770861695,0.629914214883,1.0,1.0,0.892744542857,12.5069444444,0.75462962963,2697.61816406,301565.288964,34485259.8211,2.94907407407,0.224537037037,635.555555556,9.36001546502e-06,Class 2
0.74618484225,234.6875,10951.9550085,263.837483724,0.883884187802,1.0,780.430902625,0.343576292052,0.378584150999,0.0116171084641,0.310233845809,0.288914907212,1.0,1.0,0.888594613966,4.88773148148,0.863425925926,786.42010272,69945.1588892,6675646.49833,4.56712962963,0.172453703704,138.085648148,1.39952978781e-05,Class 2
0.471107681756,219.50462963,96134.5808647,903.414089627,0.787315303883,1.0,3256.62800277,0.724854753464,0.853583575885,0.00833711768047,0.520584570856,0.481202606734,1.0,1.0,0.804460642341,15.6111111111,0.685185185185,3299.41532841,361687.032847,40437537.2059,4.43981481481,0.405092592593,770.465277778,1.30898862414e-05,Class 2
0.584940843621,151.611111111,59319.4757078,662.491635923,0.866068215478,1.0,2393.88166746,0.57974028836,0.635097707728,0.010512949835,0.368002741399,0.589447941938,1.0,1.0,0.874910678992,11.599537037,0.763888888889,2418.99547888,261671.947565,28941196.3577,3.00925925926,0.305555555556,567.208333333,9.04114050227e-06,Class 2
0.798911179698,160.4375,9866.9577938,215.987223307,0.91570380117,1.0,673.213373676,0.270553822767,0.297060559141,0.0125112860618,0.231615096741,0.379926492554,1.0,1.0,0.918727168953,3.99652777778,0.893518518519,676.966688368,62992.2679613,6226618.54754,3.17824074074,0.123842592593,129.256944444,9.56749125247e-06,Class 2
0.730238340192,128.93287037,23452.6108144,358.962845414,0.890244703055,1.0,1230.38936562,0.368641133205,0.413022559981,0.0115680459105,0.295062731063,0.547616221952,1.0,1.0,0.898367555375,6.43865740741,0.854166666667,1238.94382957,125785.285888,13163272.7982,2.6875,0.313657407407,277.703703704,7.68875175333e-06,Class 2
0.516214420439,206.122685185,80943.3523691,838.713713469,0.811117110526,1.0,2971.19289042,0.683645196514,0.784091591291,0.00900959281764,0.474313352788,0.494539134584,1.0,1.0,0.826401826562,14.119212963,0.717592592593,3007.57172309,332502.209797,37524959.1279,4.07175925926,0.605324074074,700.803240741,1.22918705879e-05,Class 2
0.574502743484,131.388888889,66315.9203653,709.723117405,0.86293966695,1.0,2577.36583402,0.587648804353,0.649603749728,0.0103043083955,0.364843350997,0.65041843168,1.0,1.0,0.871697820908,12.2222222222,0.756944444444,2604.22319878,287043.282522,32271638.6331,2.74074074074,0.423611111111,618.590277778,7.83521337042e-06,Class 2
0.609610768176,132.083333333,52137.3723182,595.698088469,0.860389757416,1.0,2173.1095493,0.536155864532,0.610186130325,0.0104432910558,0.374949014903,0.585759183802,1.0,1.0,0.87126437609,10.6736111111,0.780092592593,2194.37973814,233509.283864,25354031.1366,2.77777777778,0.25462962963,515.907407407,7.87662570324e-06,Class 2
0.516953875171,178.805555556,77429.3375078,777.541042752,0.824438842865,1.0,2811.14999113,0.657258070511,0.735250835853,0.00916364588692,0.435645998305,0.577270088242,1.0,1.0,0.836700755136,13.7476851852,0.717592592593,2845.14362703,305387.22433,33475997.8673,3.64814814815,0.354166666667,667.013888889,1.06628474557e-05,Class 2
0.753086419753,169.865740741,22862.1431219,399.612802011,0.936377476832,1.0,1288.01607339,0.287897027295,0.303649608446,0.013298296307,0.1671749282,0.528366304919,1.0,1.0,0.937522826718,6.21296296296,0.865740740741,1294.31231916,145566.145025,17103429.4289,3.09259259259,0.555555555556,281.305555556,1.01297326911e-05,Class 2
0.467903377915,251.032407407,90166.8725935,880.163149233,0.772285416952,1.0,3131.80884996,0.729785255919,0.859440139658,0.0081988048161,0.548115613144,0.461420165261,1.0,1.0,0.791244744119,15.2685185185,0.68287037037,3173.93963397,345044.918571,38428526.1869,5.16203703704,0.407407407407,731.203703704,1.49700061517e-05,Class 2
0.474772805213,199.384259259,97703.9643454,906.194616247,0.815745335653,1.0,3259.97840457,0.721667272834,0.818659235242,0.00885754913623,0.456328600459,0.553212922633,1.0,1.0,0.82804873476,15.6597222222,0.6875,3302.70554832,359285.918549,39809753.3722,3.86574074074,0.564814814815,776.319444444,1.18900329184e-05,Class 2
0.713273748285,103.199074074,44183.7899877,590.345151548,0.948033432028,1.0,2101.6982806,0.300001494261,0.308021835742,0.0136303476509,0.156002671758,0.722576222337,1.0,1.0,0.950670574673,8.97222222222,0.837962962963,2111.25444878,256367.836829,31611780.6059,1.90277777778,0.583333333333,502.293981481,6.15414873996e-06,Class 2
0.677254801097,82.2731481481,56499.2905359,672.553918909,0.925063472762,1.0,2484.79849506,0.372110168312,0.405470356318,0.0124014395255,0.220554734516,0.676328379923,1.0,1.0,0.930308742303,10.4398148148,0.819444444444,2498.89507378,304624.588773,37478061.4532,1.52314814815,0.435185185185,604.481481481,4.90625711084e-06,Class 2
0.536629801097,180.87962963,77784.3072956,804.274839048,0.812028038584,1.0,2931.98339244,0.631208207549,0.723292658002,0.00910118741427,0.471955605664,0.550040692657,1.0,1.0,0.826606452815,13.5902777778,0.731481481481,2964.20033999,336995.88776,39155587.9016,3.875,0.289351851852,696.25462963,1.07865322897e-05,Class 2
0.602516289438,156.256944444,55918.1098393,660.451416016,0.844152814077,1.0,2338.21999818,0.5504761159,0.615137629003,0.00993257164138,0.409032174244,0.595099359684,1.0,1.0,0.85590354158,11.1423611111,0.775462962963,2361.05957031,259808.564606,29180137.3771,3.21064814815,0.568287037037,551.548611111,9.31818900887e-06,Class 2
0.568083419067,74.4976851852,83475.0481955,811.332492405,0.864855621306,1.0,3049.74453972,0.549442830742,0.639119022276,0.0100794244041,0.362751458724,0.617331313986,1.0,1.0,0.874216375844,13.6331018519,0.752314814815,3077.70193142,352243.221272,40607708.9935,1.65972222222,0.40162037037,751.226851852,4.44257702432e-06,Class 2
0.578017832647,279.796296296,40714.0770892,559.017822266,0.824976876505,1.0,1890.91853122,0.575692846652,0.640913024901,0.00968139815886,0.445935261267,0.381436960194,1.0,1.0,0.83524053581,10.2476851852,0.759259259259,1912.9052011,190126.76719,19629854.0728,5.4537037037,0.226851851852,408.597222222,1.66853049773e-05,Class 2
0.425122170782,342.645833333,97083.4372234,935.645788122,0.753667758472,1.0,3272.21932253,0.810541357702,0.935995003384,0.00765710733882,0.594125138104,0.419808427253,1.0,1.0,0.77004606709,16.3414351852,0.650462962963,3322.50227865,356092.741481,39348643.3129,6.68287037037,0.334490740741,745.474537037,2.0433259139e-05,Class 2
0.742112482853,254.384259259,17761.5563822,368.328079789,0.885993273106,1.0,1127.49938368,0.367511186449,0.396690402294,0.0118589048032,0.315435128843,0.402471533904,1.0,1.0,0.892238385835,5.90277777778,0.861111111111,1135.30479601,119871.127872,13425588.5248,4.56481481481,0.347222222222,220.414351852,1.51698896781e-05,Class 2
0.617809070645,202.222222222,40153.8743674,534.772813585,0.86705301742,1.0,1849.6739001,0.49302000777,0.549714828527,0.0107304660708,0.3547915622,0.470409673052,1.0,1.0,0.874000226604,9.62731481481,0.784722222222,1867.21422888,190547.48028,20013060.3164,3.97222222222,0.31712962963,416.548611111,1.20592713185e-05,Class 2
0.757930384088,155.268518519,21130.8158261,347.822148076,0.900618417417,1.0,1185.08226158,0.34713223133,0.382967289353,0.0119926965449,0.288678851771,0.526137907425,1.0,1.0,0.907338310496,5.94907407407,0.87037037037,1192.47956453,126641.526725,13912962.515,2.9212962963,0.194444444444,259.488425926,9.25924545515e-06,Class 2
0.40268132716,104.597222222,165081.821044,1136.44722041,0.817589426008,1.0,4344.48434922,0.801320129373,0.91278776292,0.00889991373028,0.465438288536,0.601677492118,1.0,1.0,0.832537002294,19.8819444444,0.62962962963,4405.08517795,497712.03183,56961874.0829,2.4212962963,0.111111111111,1075.74305556,6.23752557004e-06,Class 2
0.413473079561,406.680555556,98619.1990972,965.632694951,0.743295324602,1.0,3372.81614435,0.833431141687,0.954942478756,0.00753001355667,0.619933509794,0.390115158907,1.0,1.0,0.759998413686,16.7407407407,0.641203703704,3425.83893953,372064.280496,41838217.1237,7.68055555556,0.131944444444,755.3125,2.42518903488e-05,Class 2
0.77470207476,229.62037037,7180.80543333,217.43174009,0.889739345633,1.0,600.450317121,0.286591526719,0.318719312804,0.0119394477666,0.27239087202,0.297514370783,1.0,1.0,0.894224739158,4.0162037037,0.87962962963,604.471173322,51044.5897635,4707799.74459,4.50925925926,0.175925925926,93.837962963,1.36931258896e-05,Class 2
0.664984139232,286.664351852,20360.1378995,382.684344256,0.844193836446,1.0,1210.64876217,0.451624111565,0.509034166092,0.0104684084041,0.401945320704,0.340765812794,1.0,1.0,0.852050460918,7.10763888889,0.814814814815,1222.39724392,114848.198951,11432777.2901,5.59490740741,0.112268518519,234.155092593,1.70948729489e-05,Class 2
0.778356481481,111.31712963,18011.6928397,298.77049877,0.916604432174,1.0,1003.95069702,0.302882145085,0.333385429192,0.0122631266611,0.241383852772,0.596026842393,1.0,1.0,0.921332339258,5.24652777778,0.881944444444,1009.56043837,102162.399417,10640166.9987,2.21527777778,0.327546296296,224.724537037,6.63825891068e-06,Class 2
0.591595936214,192.444444444,63602.660041,753.80211046,0.877463029139,1.0,2663.56762145,0.522817097323,0.575950797232,0.0111504281336,0.31619573658,0.597212426376,1.0,1.0,0.885192080002,12.0439814815,0.766203703704,2686.97696036,313419.613364,37416828.5051,3.63425925926,0.592592592593,624.009259259,1.14761856724e-05,Class 2
0.757962534294,53.8402777778,27208.3785072,366.474202474,0.911330871825,1.0,1340.15122322,0.338457842248,0.380521577422,0.0119580346043,0.249681995594,0.689410775379,1.0,1.0,0.919077456286,6.45486111111,0.87037037037,1347.96958189,144490.222036,15706366.4868,1.24768518519,0.304398148148,323.733796296,3.21069816389e-06,Class 2
0.419013631687,362.083333333,102726.773353,992.462339048,0.747450014072,1.0,3412.85202846,0.815817371887,0.944668373615,0.00750791029021,0.609747735094,0.43432890863,1.0,1.0,0.764561399033,16.8680555556,0.645833333333,3465.1239511,373496.212521,41410749.6473,6.86111111111,0.641203703704,776.287037037,2.15923903348e-05,Class 2
0.55723808299,274.06712963,64322.4275191,767.845006872,0.822371263843,1.0,2686.16780866,0.61087913881,0.682984789772,0.00978103030693,0.452792071835,0.468423569576,1.0,1.0,0.835998905893,12.6238425926,0.74537037037,2715.06419994,306991.372621,35704434.2802,5.07175925926,0.34375,610.643518519,1.63436532315e-05,Class 2
0.459758659122,272.74537037,92536.7572149,918.147596571,0.793074682596,1.0,3195.72599883,0.754775226849,0.848675839684,0.00861826453189,0.52162369854,0.4933114173,1.0,1.0,0.80571346697,15.5694444444,0.675925925926,3240.21683304,354044.985728,39785897.1327,5.42592592593,0.678240740741,742.354166667,1.6264831758e-05,Class 2
0.527692043896,223.282407407,57930.1317672,667.905553747,0.81658214518,1.0,2300.24574208,0.602620305793,0.689122948024,0.00918223272462,0.441628143505,0.45457975682,1.0,1.0,0.828049418325,12.1736111111,0.724537037037,2327.70612703,233507.595171,24051426.9967,4.65277777778,0.560185185185,526.486111111,1.3315169332e-05,Class 2
0.606063528807,301.532407407,34316.0057232,520.65085178,0.838894594813,1.0,1723.6646364,0.543010677936,0.610801108658,0.0101793914502,0.420806470629,0.384148211132,1.0,1.0,0.846991845395,9.36805555556,0.777777777778,1742.54756221,173866.720225,18132814.1928,5.68055555556,0.18287037037,360.546296296,1.79815109947e-05,Class 2
0.536887002743,384.277777778,41819.5255185,620.338207104,0.800510916628,1.0,1984.99273075,0.626372196791,0.710906919931,0.0090748979231,0.492051647879,0.364825536682,1.0,1.0,0.809768779041,11.0208333333,0.731481481481,2010.83633536,198078.766802,20476665.7488,7.25,0.386574074074,406.983796296,2.29159284918e-05,Class 2
0.699181241427,209.75,20975.4317215,360.66647678,0.880514079018,1.0,1182.79552006,0.399915127628,0.44881912941,0.0113764842678,0.320024011018,0.420317013082,1.0,1.0,0.886086060544,6.6412037037,0.835648148148,1192.43008536,115353.25879,11681385.6134,4.13425925926,0.1875,245.877314815,1.25081810063e-05,Class 2
0.691218707133,249.108796296,21719.9529484,377.853398076,0.851714497221,1.0,1251.73039481,0.438603458783,0.485830631538,0.0107513971944,0.404321953181,0.414946712174,1.0,1.0,0.860681006482,6.9224537037,0.831018518519,1262.81854022,124699.40128,12949259.6067,4.85416666667,-0.00115740740741,253.643518519,1.48552939897e-05,Class 3
0.703082133059,244.053240741,19332.7052479,355.296251085,0.861494618719,1.0,1154.59308949,0.39541155071,0.444014380687,0.0111229664995,0.351461473298,0.383611447195,1.0,1.0,0.869584811838,6.46643518519,0.837962962963,1163.85702402,114520.158446,11912954.7957,4.79398148148,0.0613425925926,230.152777778,1.45538122068e-05,Class 3
0.505144032922,359.6875,72959.4962267,838.513120298,0.778551838062,1.0,2952.66903545,0.665485171127,0.749245245301,0.00881702648105,0.552628423577,0.379169120971,1.0,1.0,0.793774080571,14.0590277778,0.708333333333,2987.89406105,337428.726227,39415133.2157,6.8125,0.0474537037037,657.490740741,2.14495177865e-05,Class 3
0.657761059671,272.136574074,23036.592919,395.093270761,0.84212288238,1.0,1304.42756828,0.456418771889,0.507325117448,0.0103064852323,0.393214974242,0.393852426081,1.0,1.0,0.850003148363,7.44560185185,0.810185185185,1316.88277633,127394.209322,13041754.5684,5.40046296296,-0.0520833333333,261.418981481,1.62285269462e-05,Class 3
0.635802469136,373.793981481,17286.0974721,390.414017289,0.82354875239,1.0,1151.54538481,0.477184642464,0.532825348503,0.0100683727709,0.424125620492,0.25492946534,1.0,1.0,0.831026245796,7.2349537037,0.796296296296,1164.22392216,104583.378806,10164637.9649,7.21527777778,0.116898148148,197.833333333,2.22907403073e-05,Class 3
0.687960819616,244.925925926,18519.1509525,329.926604094,0.866970321759,1.0,1103.71815637,0.406106455492,0.458705718171,0.0110754109868,0.340926359418,0.31423021436,1.0,1.0,0.873194935718,6.53935185185,0.828703703704,1113.35948351,102992.274108,10051248.672,4.83333333333,-0.18287037037,217.3125,1.4605853705e-05,Class 3
0.55762388546,366.599537037,33424.0117681,498.45836046,0.788908673094,1.0,1702.40393261,0.580751784431,0.664970921119,0.00901428138932,0.493360239573,0.323410814084,1.0,1.0,0.800369494118,9.85532407407,0.74537037037,1723.7297092,165205.872747,16766938.9853,7.33564814815,-0.440972222222,339.590277778,2.18617085392e-05,Class 3
0.549907836077,254.886574074,55021.6284891,661.619095414,0.80227731003,1.0,2309.10649894,0.632156598669,0.721117061675,0.00906518588177,0.502618350348,0.450488974056,1.0,1.0,0.815860491217,11.755787037,0.740740740741,2336.96437355,246121.102344,26784230.5991,5.19675925926,0.21875,520.886574074,1.51998445988e-05,Class 3
0.434059927984,460.891203704,72851.279105,819.367865668,0.709275718298,1.0,2820.57157158,0.793852965754,0.9268401827,0.00709816261574,0.670758501093,0.326177137036,1.0,1.0,0.729249098854,14.84375,0.657407407407,2865.2218967,297762.847144,32339143.2618,8.94675925926,-0.237268518519,601.546296296,2.74846750902e-05,Class 3
0.311889146091,612.969907407,107989.107145,1046.09319842,0.639255551975,1.0,3432.23298,0.965954274267,1.13676723563,0.00536757732124,0.79943518148,0.267400445646,1.0,1.0,0.65989103491,18.7071759259,0.555555555556,3501.24359809,353186.85488,37303269.4545,11.7939814815,0.318287037037,722.652777778,3.65536998965e-05,Class 3
0.332336676955,365.99537037,142590.41239,1076.32959889,0.675031440739,1.0,3900.52108715,0.931760556079,1.11453668579,0.00596051418896,0.716132989326,0.348151096761,1.0,1.0,0.700910087581,19.7430555556,0.574074074074,3970.76920573,419967.902544,45716109.7273,7.58796296296,-0.134259259259,901.810185185,2.18256798097e-05,Class 3
0.638813871742,275.99537037,26607.6501946,437.127558955,0.833303674373,1.0,1432.85803014,0.489930334962,0.551244417761,0.00995300041795,0.435703471667,0.344758393173,1.0,1.0,0.84200862364,8.10185185185,0.798611111111,1447.48361545,139446.871371,14075032.3753,5.41666666667,0.12037037037,293.125,1.64586414756e-05,Class 3
0.610018004115,246.298611111,37127.4683295,505.210530599,0.837129424881,1.0,1779.67127587,0.518671001177,0.585730002007,0.0101308312436,0.412481425364,0.438603262909,1.0,1.0,0.846026959237,9.42939814815,0.780092592593,1797.78757957,183917.816577,19612663.9798,5.01157407407,-0.0844907407407,388.166666667,1.46877120829e-05,Class 3
0.321930727023,398.055555556,151245.511674,1130.49604854,0.68878002711,1.0,4038.99060571,0.957117811937,1.12170175272,0.00596084908693,0.704845333472,0.381519110896,1.0,1.0,0.710943951855,20.4074074074,0.564814814815,4113.65375434,433905.915262,46991444.4948,7.7037037037,0.0231481481481,929.537037037,2.37375491751e-05,Class 3
0.480452674897,190.277777778,92125.9870112,859.202501085,0.787542431729,1.0,3108.1503967,0.721011102995,0.848448879456,0.00842402370542,0.512349305685,0.499028384679,1.0,1.0,0.806593021799,15.1597222222,0.69212962963,3149.45786314,338164.996782,37042096.4364,3.93055555556,0.44212962963,740.268518519,1.13469791939e-05,Class 3
0.401856138546,535.268518519,71500.9243182,844.416404442,0.692867756186,1.0,2775.4636662,0.825438061315,0.962163941221,0.00671838831019,0.710168495932,0.303579026279,1.0,1.0,0.711178213078,15.2430555556,0.631944444444,2823.20670573,283400.58234,29899317.2702,10.337962963,0.106481481481,572.460648148,3.19200739768e-05,Class 3
0.440522119342,402.446759259,72599.6810243,802.605061849,0.72113824758,1.0,2750.16971604,0.774910402423,0.897933797942,0.0073170184435,0.634622045696,0.369223326311,1.0,1.0,0.741853635258,14.5798611111,0.662037037037,2792.940068,286909.15289,30713903.0268,8.03009259259,0.0659722222222,598.078703704,2.39994131596e-05,Class 3
0.346214849108,376.1875,132391.200306,1049.5975387,0.716557099787,1.0,3772.99468225,0.915059742913,1.05302979946,0.00653787830075,0.645948954158,0.415958148738,1.0,1.0,0.733581913996,19.1377314815,0.585648148148,3839.81477865,405981.875198,44275082.1347,7.43287037037,-0.103009259259,866.50462963,2.24334748144e-05,Class 3
0.794999571331,213.118055556,5615.08254924,184.096887659,0.910910556841,1.0,508.968797719,0.262973745983,0.28801135475,0.0125139652456,0.221790971859,0.234533998604,1.0,1.0,0.912431666654,3.51736111111,0.891203703704,512.160843461,42077.2629835,3808942.0232,4.16898148148,0.056712962963,74.8703703704,1.27090308205e-05,Class 3
0.567665466392,386.49537037,34222.5560029,544.741997613,0.790326080844,1.0,1772.68828656,0.588293423763,0.664632135309,0.00910520618999,0.510447813466,0.353751101111,1.0,1.0,0.802053594539,9.89814814815,0.752314814815,1794.3979673,178825.90244,18917147.1578,7.47685185185,-0.00462962962963,352.284722222,2.30481718747e-05,Class 3
0.879147376543,101.435185185,5005.58209916,120.937454789,0.947038917533,1.0,381.073778701,0.168783733643,0.18123906084,0.0136308499979,0.152776919001,0.383296930319,1.0,1.0,0.949616116036,2.30555555556,0.9375,382.31463397,34866.7001105,3389306.85699,1.99074074074,-3.29597460436e-17,70.2916666667,6.04896141458e-06,Class 3
0.487118484225,456.342592593,48453.7875903,657.509358724,0.740636703282,1.0,2203.70076967,0.704460777791,0.822560025603,0.00778269408008,0.622803111551,0.291146784746,1.0,1.0,0.755296965961,12.3055555556,0.696759259259,2236.34241175,220935.895857,23002050.0361,8.82407407407,-0.300925925926,445.384259259,2.72134243102e-05,Class 3
0.483978480796,309.939814815,69747.7493016,759.295744719,0.772940616832,1.0,2665.93651095,0.719078187822,0.818904623255,0.00814589093579,0.552565457749,0.411851681432,1.0,1.0,0.787401590287,13.7592592593,0.694444444444,2703.27643953,280961.616904,30183949.3393,6.15277777778,0.118055555556,598.763888889,1.84828763041e-05,Class 3
0.344939557613,342.578703704,154087.95805,1147.80970595,0.695437259013,1.0,4160.85073624,0.932744521525,1.12544155239,0.0063002681863,0.705417848428,0.376027452868,1.0,1.0,0.719550559564,20.2523148148,0.585648148148,4233.01110388,460780.499567,51332601.1437,6.82407407407,0.0671296296296,973.240740741,2.04292559468e-05,Class 3
0.450477966392,340.636574074,67358.4550299,717.484474465,0.747343014996,1.0,2543.20784426,0.698171762231,0.828284157349,0.00757036876286,0.56666701449,0.335719186608,1.0,1.0,0.763431669147,13.931712963,0.668981481481,2579.88682726,254214.598021,25954923.8771,7.00694444444,-0.241898148148,560.247685185,2.0313439456e-05,Class 3
0.520297496571,379.05787037,48949.7581709,660.642605252,0.786778499151,1.0,2208.91838791,0.659392614714,0.731587781318,0.00889773689343,0.51248938115,0.38848280044,1.0,1.0,0.79870460226,11.7673611111,0.719907407407,2238.05088976,231973.551341,25306968.6271,7.38657407407,0.121527777778,465.115740741,2.26046457901e-05,Class 3
0.650152177641,224.703703704,31713.9730194,471.005018446,0.857558402777,1.0,1602.85277407,0.472721807802,0.524509008574,0.0106065538194,0.365442501104,0.463224950057,1.0,1.0,0.865368128136,8.39814814815,0.805555555556,1617.4604673,167463.568564,18088353.8894,4.44907407407,0.189814814815,348.451388889,1.33999265732e-05,Class 3
0.563668124143,310.331018519,44039.7785396,599.185212312,0.79571390238,1.0,2026.41609623,0.616479757828,0.694927009172,0.00910101996528,0.518706933528,0.39995752915,1.0,1.0,0.809518613936,10.7534722222,0.75,2051.21003328,209867.684723,22391545.599,6.13194444444,0.142361111111,435.555555556,1.85062052516e-05,Class 3
0.635213048697,397.462962963,20102.505791,426.269630715,0.825679547183,1.0,1296.35614719,0.503437365284,0.556151578298,0.0101087279771,0.439827605928,0.300759164283,1.0,1.0,0.833193882667,7.68287037037,0.796296296296,1310.61469184,124293.617324,12705230.0795,7.31944444444,-0.00694444444444,228.527777778,2.37022106511e-05,Class 3
0.447391546639,410.710648148,63415.8088112,726.101661965,0.758346449905,1.0,2510.24757394,0.724139070983,0.831661547204,0.00788969398362,0.56642166217,0.324723390651,1.0,1.0,0.771494802896,13.8946759259,0.666666666667,2548.23404948,249778.672168,25503712.257,7.94212962963,-0.251157407407,534.814814815,2.44922199202e-05,Class 3
0.639296124829,271.166666667,25551.7103953,432.219500506,0.837512522988,1.0,1389.56057986,0.47344808789,0.529276344486,0.0101916152263,0.399694721445,0.385532286973,1.0,1.0,0.846128566263,7.91898148148,0.798611111111,1403.34443721,135778.450305,13882531.4691,5.44444444444,0.25,283.291666667,1.61706877214e-05,Class 3
0.673246742112,322.74537037,12986.3073955,313.344934534,0.845226588617,1.0,932.403328256,0.396031447103,0.449480454764,0.0106599700467,0.355570733598,0.1993151549,1.0,1.0,0.851656238095,6.13657407407,0.819444444444,941.201497396,80599.1246123,7482049.144,6.375,-0.0555555555556,154.805555556,1.92465197214e-05,Class 3
0.55066872428,371.842592593,35463.6827153,563.32272678,0.789101400839,1.0,1772.60134971,0.609243364885,0.673478696952,0.00905547384045,0.500672157762,0.362668313512,1.0,1.0,0.801033719085,10.1527777778,0.740740740741,1795.70410156,174021.801646,17872267.1395,7.375,0.416666666667,356.282407407,2.21743716521e-05,Class 3
0.261906292867,448.430555556,177790.554883,1196.06216544,0.652742517656,1.0,4232.86335362,1.00249313756,1.20938483536,0.0052863645619,0.734458471594,0.325954794402,1.0,1.0,0.673922114163,22.0949074074,0.506944444444,4317.69744647,445109.929056,47278167.3295,9.13888888889,0.0717592592593,968.006944444,2.67415997982e-05,Class 3
0.425454389575,168.939814815,138631.559727,1064.00060583,0.798913780043,1.0,4001.65272064,0.795920223261,0.920598045993,0.0083237217614,0.484839169725,0.547901261139,1.0,1.0,0.81552606711,18.4837962963,0.650462962963,4057.55624277,456169.380119,52077598.5251,3.28703703704,0.0972222222222,972.731481481,1.00745162474e-05,Class 3
0.413290895062,132.236111111,140914.365905,1016.75935872,0.784900800793,1.0,3905.67811185,0.80316976229,0.956276754017,0.00816163114069,0.515112684246,0.536160059325,1.0,1.0,0.804317411496,18.5,0.641203703704,3962.15606916,433625.20342,48049934.7913,3.0462962963,-0.125,958.05787037,7.88573641646e-06,Class 3
0.163483796296,393.041666667,381403.43555,1593.42559136,0.611116407905,1.0,5767.12715122,1.15131932337,1.41745555666,0.00436857665681,0.764826440666,0.384793728578,1.0,1.0,0.636632179475,28.8194444444,0.395833333333,5894.92169416,627689.543399,68307837.616,8.36574074074,0.384259259259,1376.37037037,2.34385521321e-05,Class 3
0.613340192044,338.127314815,30273.6585327,501.5485659,0.830273846884,1.0,1616.06656852,0.541627401975,0.594301183951,0.0100543070559,0.445012481137,0.378431779848,1.0,1.0,0.839219763881,8.98032407407,0.782407407407,1634.10760272,160051.641058,16456993.3359,6.21990740741,0.140046296296,324.275462963,2.01638028934e-05,Class 3
0.461580504115,275.696759259,99410.1230981,936.844572844,0.762474736179,1.0,3395.73125133,0.743695894747,0.877926894597,0.00776611663023,0.579616412171,0.441102731122,1.0,1.0,0.780974181493,16.1076388889,0.678240740741,3441.08242911,382307.39448,43425249.2541,5.31712962963,0.133101851852,791.849537037,1.64408341725e-05,Class 3
0.500214334705,343.069444444,60035.0211354,726.386094835,0.780347148099,1.0,2468.43883656,0.693164971433,0.790484728603,0.00859080289781,0.534892066021,0.42377968972,1.0,1.0,0.794065610463,12.8703703704,0.706018518519,2502.03569878,260478.974543,28208109.7471,6.78240740741,0.263888888889,540.143518519,2.0458520662e-05,Class 3
0.48372127915,255.12037037,90549.9829672,897.217547381,0.769414292878,1.0,3215.98557999,0.70878635184,0.835725347043,0.00805061246142,0.556741370323,0.464306670629,1.0,1.0,0.788516522208,15.2314814815,0.694444444444,3256.76370804,362946.079957,41379499.487,5.05092592593,0.333333333333,750.886574074,1.52137867509e-05,Class 3
0.443662122771,424.085648148,65273.0508595,748.926097729,0.737531963861,1.0,2572.07734188,0.753552757111,0.872244364593,0.00749769590192,0.60219223578,0.332521138918,1.0,1.0,0.754595528345,14.0729166667,0.664351851852,2612.17010272,260029.714155,26993984.8771,8.24305555556,-0.21875,547.460648148,2.52898214505e-05,Class 3
0.477880658436,336.634259259,65537.3623254,742.413510923,0.768064135234,1.0,2564.6875433,0.709200123782,0.819492163466,0.00819428369342,0.542030583538,0.394245884209,1.0,1.0,0.783878888796,13.5277777778,0.689814814815,2600.87018953,266435.783661,28316704.2889,6.70833333333,0.136574074074,566.481481481,2.00747663778e-05,Class 3
0.76605366941,159.94212963,17489.2478583,300.993950738,0.897442982092,1.0,1025.74039572,0.325798537837,0.364848190697,0.011991524402,0.288748440896,0.458565590113,1.0,1.0,0.903603792094,5.40162037037,0.875,1031.99938513,105597.38282,11262318.2859,3.13194444444,0.0590277777778,218.18287037,9.53795045506e-06,Class 3
0.722404406722,191.37962963,22029.7644375,367.475793909,0.883634730717,1.0,1231.0798836,0.376985206955,0.422020681332,0.0114970475394,0.315248962909,0.459684705547,1.0,1.0,0.891281690369,6.52546296296,0.849537037037,1239.96307147,125434.182881,13177745.2935,3.625,0.18287037037,262.349537037,1.1412686762e-05,Class 3
0.661265432099,297.092592593,21911.9322421,406.610993562,0.855441660608,1.0,1286.32906336,0.464387411628,0.508582501904,0.0107637884195,0.381517319948,0.37838507671,1.0,1.0,0.861515047876,7.36111111111,0.8125,1298.86787471,125549.160288,12896003.5852,5.63425925926,0.131944444444,250.673611111,1.77167481468e-05,Class 3
0.460112311385,489.256944444,45975.1915236,670.902081525,0.738666295141,1.0,2109.59491646,0.692056288667,0.797600051761,0.00750288682056,0.590503137057,0.269644471139,1.0,1.0,0.750457131942,12.4502314815,0.675925925926,2142.02571615,201044.068218,19964347.6296,9.48842592593,0.246527777778,413.581018519,2.91762308449e-05,Class 3
0.513867455418,367.37037037,44557.4212474,601.08726671,0.767766024164,1.0,2021.32742325,0.636270995874,0.739443017496,0.00837311921296,0.545142801785,0.308886076946,1.0,1.0,0.781370135406,11.4212962963,0.715277777778,2048.56405527,198861.861741,20250584.4742,7.42592592593,-0.0578703703704,420.655092593,2.19076762287e-05,Class 3
0.706865140604,156.027777778,29107.7299506,416.546902127,0.884281628831,1.0,1487.11982071,0.391635176193,0.447435963715,0.0114973824374,0.314972134052,0.524754866927,1.0,1.0,0.892472284674,7.40972222222,0.840277777778,1497.64883536,159545.482622,17498800.3339,3.10185185185,0.0601851851852,335.636574074,9.30452293904e-06,Class 3
0.581275720165,307.729166667,37645.4448214,540.327067057,0.806897413848,1.0,1823.3282493,0.574134729197,0.650084564617,0.00937915273491,0.48834493361,0.363255301164,1.0,1.0,0.818831670007,9.93402777778,0.761574074074,1844.57172309,184668.811866,19347250.7061,6.09490740741,0.0520833333333,384.520833333,1.83510470446e-05,Class 3
0.770383230453,142.275462963,15983.7694949,271.117720992,0.910249943558,1.0,936.274770168,0.299602380116,0.334016534738,0.012077593182,0.24554377427,0.496802698356,1.0,1.0,0.914241349949,5.12847222222,0.877314814815,941.690936053,92188.0823195,9378771.85731,2.78472222222,0.00115740740741,200.013888889,8.484420708e-06,Class 4
0.849472736626,74.1018518519,15163.9180387,232.400200738,0.955870687897,1.0,884.340509673,0.19315110737,0.207613708515,0.0137026856139,0.138830948074,0.603154347016,1.0,1.0,0.957396260329,3.96990740741,0.921296296296,886.875108507,104749.369295,12713461.585,1.43055555556,-0.101851851852,203.31712963,4.41897199461e-06,Class 4
0.750096450617,229.326388889,12438.7842216,266.211036965,0.882253182394,1.0,849.639834419,0.343312877867,0.37806672326,0.0117376717357,0.3086522993,0.353158929691,1.0,1.0,0.889053790884,5.03587962963,0.865740740741,855.808991609,80531.9768869,8115161.59132,4.4375,-0.0775462962963,156.777777778,1.36755946687e-05,Class 4
0.819733796296,179.122685185,6708.60664078,183.281638817,0.911452206545,1.0,537.329840669,0.23773119566,0.262133822945,0.0125722374936,0.232428579829,0.337327584013,1.0,1.0,0.914915775926,3.37615740741,0.905092592593,540.062753183,47939.6989328,4589623.8284,3.47453703704,0.0636574074074,90.3402777778,1.06817590877e-05,Class 4
0.402424125514,494.462962963,63707.788345,768.338424117,0.734587663899,1.0,2517.84633411,0.761523134022,0.867406972316,0.00759598845808,0.570753974434,0.332659460341,1.0,1.0,0.744295177682,14.5092592593,0.62962962963,2559.65028212,246312.827462,25019979.0803,9.93518518519,0.0763888888889,516.75,2.94866853e-05,Class 4
0.722715192044,140.25462963,23098.3977426,345.461760344,0.900997599372,1.0,1220.33232106,0.366225774905,0.404175149015,0.0118260848015,0.269115144029,0.508863217461,1.0,1.0,0.905599901328,6.50462962963,0.849537037037,1228.91474971,122822.066005,12672549.7108,2.87962962963,0.0601851851852,272.368055556,8.36391081948e-06,Class 4
0.0315607853224,176.273148148,2148741.62,2871.40504738,0.595128921442,1.0,11087.8648172,1.34220878531,1.70211301576,0.00427765185614,0.690053243976,0.37005962008,1.0,1.0,0.625185538288,50.162037037,0.099537037037,11349.1057219,1296245.13489,148929654.833,3.93055555556,-0.152777777778,2794.77546296,1.0511830482e-05,Class 4
0.0833547668038,544.168981481,620695.050405,1866.51630317,0.573412763579,1.0,6609.99132894,1.30753590438,1.56193279042,0.00385115928284,0.784702531824,0.380959756346,1.0,1.0,0.59605065096,33.84375,0.268518518519,6781.05985966,713099.126007,77104316.9909,11.1458333333,0.605324074074,1560.28009259,3.24508420425e-05,Class 4
0.397515860768,256.069444444,115549.794858,962.573811849,0.783155751598,1.0,3460.17961884,0.804208687672,0.908487410153,0.00803420246056,0.512614801997,0.518969988938,1.0,1.0,0.793329487774,17.462962963,0.627314814815,3513.52643953,368964.56945,39715292.1014,5.31944444444,0.405092592593,814.909722222,1.52703836058e-05,Class 4
0.63870670439,194.435185185,34921.0630028,459.265652127,0.84327658416,1.0,1670.23558422,0.484072533773,0.559790786514,0.0103553803369,0.400898280274,0.44642420781,1.0,1.0,0.855680055809,8.8125,0.798611111111,1685.96422888,170598.847612,17812693.2725,4.03703703704,-0.194444444444,373.157407407,1.15949010265e-05,Class 4
0.879265260631,170.951388889,-0.0169279495243,82.6477412471,0.937522978704,1.0,169.979612223,0.152313858549,0.170431404584,0.013499904889,0.152313858549,0.00533927493278,1.0,1.0,0.938675197146,1.63310185185,0.9375,170.74822772,8945.55460499,469417.589523,3.2662037037,-0.056712962963,0.0,1.01944739714e-05,Class 4
0.896658521948,108.30787037,2508.35768433,92.1156955295,0.95533858045,1.0,251.406275084,0.136418621266,0.145560606416,0.0139058012367,0.121785751827,0.25315308966,1.0,1.0,0.956372909666,1.73726851852,0.946759259259,252.119466146,20365.2726633,1795279.58777,2.07175925926,0.0497685185185,36.0069444444,6.45880546844e-06,Class 4
0.489390432099,399.893518519,45772.9269169,671.002775969,0.763177815357,1.0,2051.32317621,0.637610108441,0.738947298561,0.00816112879372,0.532285780736,0.292926211646,1.0,1.0,0.775323398918,11.9097222222,0.696759259259,2079.80392795,196120.740326,19393962.121,7.96759259259,0.972222222222,420.349537037,2.3847153816e-05,Class 4
0.802972822359,194.1875,11425.7441601,247.255886502,0.912476290721,1.0,791.108492883,0.281178504538,0.295895119237,0.0126310120885,0.247036887408,0.393038420134,1.0,1.0,0.916326739714,4.2650462963,0.895833333333,795.294234664,82060.0018842,9042521.55408,3.56712962963,-0.00115740740741,150.409722222,1.15801306277e-05,Class 4
0.718664266118,270.439814815,13478.4820667,302.24460178,0.864952485586,1.0,923.05045826,0.371177168542,0.416690445986,0.0111834155843,0.351895879637,0.312243173765,1.0,1.0,0.871382747916,5.64351851852,0.847222222222,930.587203414,84126.0809247,8110200.60529,5.1712962963,0.0185185185185,165.212962963,1.6127342813e-05,Class 4
0.596600651578,428.905092593,18822.5377845,407.676459418,0.804638774279,1.0,1246.14235706,0.505423669167,0.575117581423,0.00951277702761,0.461147371577,0.21613009998,1.0,1.0,0.811021110205,7.98726851852,0.770833333333,1261.03729022,111608.761107,10754025.5487,8.28935185185,-0.292824074074,208.282407407,2.55772230403e-05,Class 4
0.836451903292,84.5694444444,11297.9289075,199.386818215,0.940113497678,1.0,682.234769929,0.224860867416,0.240989139667,0.013168858239,0.174893630581,0.633674077276,1.0,1.0,0.943013260266,3.65046296296,0.914351851852,685.012261285,68355.5041425,7062769.95939,1.74537037037,0.127314814815,150.224537037,5.04319389138e-06,Class 4
0.840717163923,92.7592592593,10275.6904034,189.896366826,0.948192614859,1.0,639.257991451,0.216398396869,0.227599244929,0.01349973744,0.153383913258,0.565897147277,1.0,1.0,0.950038346284,3.5,0.916666666667,641.804217303,62500.3659634,6320352.21135,1.80555555556,0.12037037037,137.37037037,5.53158333649e-06,Class 4
1.0,0.0,-0.015873015873,0.000244140625,1.0,1.0,0.0,-0.0,-0.0,0.015380859375,-0.0,nan,1.0,1.0,1.0,0.0,1.0,0.0009765625,-3.0517578125e-05,9.53674316406e-07,0.0,0.0,0.0,0.0,Class 4
0.940811471193,48.6828703704,2034.54688401,65.9828830295,0.978016322766,1.0,168.272035892,0.0852106551957,0.0893916273577,0.0145971981096,0.0705293345812,0.50918851522,1.0,1.0,0.978363933661,1.06365740741,0.969907407407,168.495334201,14694.8802615,1369903.61308,0.956018518519,0.232638888889,29.9861111111,2.90314257212e-06,Class 4
0.972468707133,37.5833333333,-0.016098934467,18.7806260851,0.986116256748,1.0,37.5331435384,0.0356254385408,0.0398064107028,0.0149515201689,0.0356254385408,0.00105909826457,1.0,1.0,0.986373348873,0.361111111111,0.986111111111,37.5391710069,1953.72864787,101762.313878,0.722222222222,0.0,0.0,2.24123545247e-06,Class 4
0.849483453361,201.199074074,923.463561332,113.082926432,0.923638589474,1.0,251.786586978,0.181142011322,0.20215391427,0.0130392527221,0.179748353934,0.0784796412807,1.0,1.0,0.925009752263,2.17361111111,0.921296296296,253.057978877,16046.1798062,1141497.71183,3.86111111111,-0.00462962962963,13.0324074074,1.19982571482e-05,Class 4
0.931905864198,75.3564814815,1341.60264089,51.159677011,0.966997514957,1.0,154.046579486,0.0941233245517,0.0996979541011,0.014318562993,0.0941233245517,0.329465156707,1.0,1.0,0.968117811677,1.09259259259,0.965277777778,154.313476562,12395.6425114,1113903.61709,1.46296296296,-0.12037037037,19.7731481481,4.49379027591e-06,Class 4
0.63366983882,408.537037037,11368.542765,336.381682219,0.822432392961,1.0,928.773796401,0.434599753004,0.485511281642,0.0102222583912,0.384036918484,0.156742713013,1.0,1.0,0.827575562295,6.57175925926,0.793981481481,939.188765914,75463.6950152,6677185.87605,8.0462962963,-0.037037037037,132.868055556,2.43625993185e-05,Class 4
0.754297410837,302.476851852,6881.13020071,241.892388238,0.876916818382,1.0,653.515328512,0.331790474444,0.360227102475,0.0116787296918,0.309767757658,0.258839633709,1.0,1.0,0.881642164028,4.40046296296,0.868055555556,658.696289063,55722.2307592,5229876.52257,5.61111111111,0.0138888888889,89.1921296296,1.80378317673e-05,Class 4
0.853384344993,193.337962963,3174.09718657,140.696207682,0.928580525129,1.0,368.717782995,0.201229750041,0.216287967583,0.0131609881366,0.191415094636,0.283283244155,1.0,1.0,0.931224254205,2.5462962963,0.923611111111,370.409541377,29658.2407283,2592930.83133,3.43518518519,-0.00231481481481,44.3472222222,1.15294695406e-05,Class 4
0.853395061728,214.358796296,1129.11388622,119.053050854,0.924928947072,1.0,276.543099371,0.194261463104,0.214894310196,0.0130950132352,0.194261463104,0.10465879805,1.0,1.0,0.92652572298,2.23032407407,0.923611111111,277.960611979,19242.2221668,1526824.38699,3.92824074074,-0.068287037037,15.9699074074,1.27830208552e-05,Class 4
0.36824845679,557.493055556,80080.091509,853.37632921,0.656784364116,1.0,2916.57869886,0.86033310248,1.01543354824,0.00601426531421,0.756976148477,0.2699502603,1.0,1.0,0.679047203383,16.255787037,0.604166666667,2969.74909578,292893.821853,30295391.5086,10.9421296296,-0.512731481481,603.571759259,3.32454066683e-05,Class 4
0.500332218793,468.180555556,32027.3049071,516.870469835,0.749536052069,1.0,1689.03444795,0.586963479257,0.686986911283,0.00803788633831,0.524314985815,0.20536760823,1.0,1.0,0.760936821251,10.6203703704,0.703703703704,1712.29843027,152068.900595,14419306.5879,9.34259259259,-0.541666666667,311.361111111,2.79193665437e-05,Class 4
0.802962105624,178.717592593,9772.21940968,232.142388238,0.90599798599,1.0,688.873511984,0.277408724344,0.300348105117,0.0124381108539,0.260967059974,0.418877285094,1.0,1.0,0.91088078771,4.00925925926,0.895833333333,692.745189525,65658.4391152,6620753.88045,3.4537037037,0.256944444444,128.631944444,1.06576018935e-05,Class 4
0.977012602881,32.0763888889,-0.0160611165664,19.5280942564,0.988430129133,1.0,32.0376275494,0.0327133240873,0.0355006388619,0.015022016193,0.0327133240873,0.000988508517231,1.0,1.0,0.98864221404,0.304398148148,0.988425925926,32.0393156829,1689.82561013,89271.7714969,0.608796296296,0.0636574074074,0.0,1.91283565317e-06,Class 4
0.862150634431,164.909722222,2082.79926678,105.885660807,0.936596496678,1.0,281.033629109,0.173978569439,0.19082750039,0.0134351021305,0.156187332588,0.140068148683,1.0,1.0,0.938058460568,2.15393518519,0.928240740741,282.234049479,20541.5164241,1656387.6863,3.15046296296,-0.116898148148,29.3981481481,9.83418667586e-06,Class 4
0.853298611111,119.928240741,7379.33993933,149.032434534,0.939011856094,1.0,521.811366433,0.210643748909,0.225701966451,0.0133605873307,0.176418674921,0.487214173225,1.0,1.0,0.941485127265,2.98263888889,0.923611111111,523.908239294,50360.5259094,5131617.64385,2.33101851852,-0.234953703704,101.087962963,7.1517718377e-06,Class 4
0.840663580247,178.027777778,3509.60156895,124.90439634,0.923953782467,1.0,370.058733338,0.213478246627,0.233515477321,0.0129632308813,0.202277511598,0.230088757623,1.0,1.0,0.926048858231,2.6412037037,0.916666666667,371.939344618,29333.536568,2551969.50758,3.43055555556,-0.240740740741,48.5601851852,1.06164656429e-05,Class 4
0.762356395748,216.25462963,9713.04617397,223.451126664,0.90197158131,1.0,708.300605272,0.311241211169,0.343437412396,0.0122525773748,0.252593455147,0.298686392834,1.0,1.0,0.905094607756,4.48842592593,0.872685185185,713.231589988,62792.8629297,5938695.78139,4.22685185185,-0.175925925926,124.384259259,1.28960765238e-05,Class 4
0.719039351852,176.717592593,19531.3029988,317.827501085,0.899169688718,1.0,1099.06163838,0.364105204223,0.401586982265,0.0120025760352,0.269979825287,0.449268846525,1.0,1.0,0.903436208288,6.18055555556,0.847222222222,1107.15896267,106374.556583,10656675.2333,3.55555555556,-0.0601851851852,232.803240741,1.0538334375e-05,Class 4
0.754340277778,286.648148148,5902.77900873,229.315131293,0.879444450906,1.0,588.279399905,0.320002304914,0.354056856529,0.0116814088756,0.299373245516,0.190651024457,1.0,1.0,0.882919086971,4.1875,0.868055555556,593.0145761,47366.6304084,4200860.98252,5.51388888889,0.180555555556,76.7222222222,1.70939066611e-05,Class 4
0.9453125,54.2291666667,1314.58346769,50.0997811777,0.975008018665,1.0,132.021173112,0.0748208632781,0.0809215200994,0.0145277067794,0.0734272058907,0.425636129251,1.0,1.0,0.975709476969,0.899305555556,0.972222222222,132.17328559,11039.6382684,1019529.69416,1.07175925926,0.0636574074074,19.5138888889,3.23388907027e-06,Class 4
1.0,0.0,-0.015873015873,0.000244140625,1.0,1.0,0.0,-0.0,-0.0,0.015380859375,-0.0,nan,1.0,1.0,1.0,0.0,1.0,0.0009765625,-3.0517578125e-05,9.53674316406e-07,0.0,0.0,0.0,0.0,Class 4
0.977012602881,22.3657407407,908.38224846,35.5612250434,0.990879076924,1.0,77.2754535922,0.0355006388619,0.0355006388619,0.015093182013,0.0284051978852,0.901905368594,1.0,1.0,0.991324282093,0.449074074074,0.988425925926,77.2828052662,7258.37253712,725099.921793,0.402777777778,0.19212962963,13.7430555556,1.33375319917e-06,Class 4
0.550486539781,309.222222222,44354.4466674,587.765435113,0.801614237007,1.0,2014.25579373,0.612919321037,0.693014243322,0.00907807945388,0.491876297819,0.39926612485,1.0,1.0,0.811792481279,10.8842592593,0.740740740741,2039.20525897,205737.376534,21679910.4694,6.25,0.037037037037,432.835648148,1.84400835601e-05,Class 4
0.778849451303,255.884259259,5440.66602,207.174433955,0.896114826124,1.0,539.758556797,0.280689216342,0.309068479125,0.0121340234911,0.253111665525,0.218390878147,1.0,1.0,0.898329497404,3.77777777778,0.881944444444,543.450050637,44457.2378167,4067785.16471,4.90277777778,0.12962962963,72.0092592593,1.5259340317e-05,Class 4
0.819605195473,203.203703704,5133.43733981,176.375750506,0.910948910383,1.0,478.702037059,0.241500975853,0.267892876923,0.0125682187178,0.240974948581,0.251619479386,1.0,1.0,0.914296015805,3.20601851852,0.905092592593,481.340964988,40172.5314862,3654292.88095,3.8287037037,0.111111111111,69.6342592593,1.21178007489e-05,Class 4
0.861850565844,123.854166667,5477.76047164,141.319254557,0.940334475341,1.0,425.723732066,0.197523773608,0.212170799182,0.0133607547797,0.174840593105,0.384305020935,1.0,1.0,0.942716181651,2.61689814815,0.928240740741,427.426179109,38392.6334308,3683794.97361,2.37268518519,0.0636574074074,75.974537037,7.38588955927e-06,Class 4
0.96789266118,50.2152777778,-0.0161372893169,22.3166503906,0.98380160121,1.0,50.1353999475,0.0455034800432,0.0496844522052,0.0148796845529,0.0455034800432,0.00132131172589,1.0,1.0,0.984083749371,0.450231481481,0.983796296296,50.1599754051,2804.83427712,157328.81698,0.900462962963,-0.056712962963,0.0,2.99452578655e-06,Class 4
0.52869941701,503.490740741,23550.8911388,504.754222729,0.770831300743,1.0,1451.53014966,0.569779652023,0.649461590675,0.00861759473594,0.496607688869,0.17009986088,1.0,1.0,0.77814230028,9.49768518519,0.724537037037,1471.66561777,126778.221129,11807162.6155,9.77314814815,0.226851851852,242.340277778,3.00250456267e-05,Class 4
0.909690072016,91.212962963,4004.9257049,90.2333170573,0.9616733017,1.0,321.322539443,0.130497327981,0.137465614918,0.0141092517575,0.114982170088,0.511836641246,1.0,1.0,0.963119421411,1.79166666667,0.953703703704,322.01775897,32734.439287,3606869.43746,1.67592592593,-0.212962962963,57.7569444444,5.4393718754e-06,Class 4
0.832711762689,221.733796296,421.306245244,120.18810583,0.913227596971,1.0,243.615094856,0.192455870821,0.216806171057,0.0127805440351,0.192455870821,0.0221561926607,1.0,1.0,0.914846800633,2.29513888889,0.912037037037,245.058991609,13654.6442769,814676.883478,4.3587962963,0.0636574074074,5.90277777778,1.32228198298e-05,Class 4
0.954303840878,72.5671296296,500.448936586,48.3520236545,0.976920583353,1.0,102.378309768,0.0648417605819,0.0695487600159,0.0146675266847,0.0648417605819,0.201459668486,1.0,1.0,0.977533599477,0.744212962963,0.976851851852,102.475079572,7738.32153207,648803.009653,1.23842592593,0.0729166666667,7.5,4.32745073906e-06,Class 4
0.849215534979,173.175925926,6321.98662406,172.396439164,0.937749817557,1.0,520.757323759,0.201881900551,0.218264186356,0.013427901824,0.170502962317,0.331331605739,1.0,1.0,0.939645327926,2.96527777778,0.921296296296,522.741427951,52992.1423442,5913634.05744,3.10648148148,-0.0138888888889,87.4837962963,1.03271314776e-05,Class 4
0.620198902606,222.731481481,42138.6843918,570.991997613,0.832373666922,1.0,1955.46607884,0.544058413063,0.612727631821,0.00994831184628,0.444781376734,0.489391339204,1.0,1.0,0.8441385009,9.80555555556,0.787037037037,1975.28454138,210621.968014,23207218.1592,4.43055555556,0.384259259259,438.444444444,1.3282315548e-05,Class 4
0.487289951989,292.064814815,71387.8652565,761.031494141,0.805536283428,1.0,2692.20882365,0.702910057021,0.804276055303,0.00877014076432,0.492442646359,0.434774791225,1.0,1.0,0.814672166567,13.8472222222,0.696759259259,2728.91822193,282366.818953,30065076.0526,5.625,0.115740740741,609.645833333,1.74169228572e-05,Class 4
0.887806498628,88.9768518519,7777.77619893,170.287787543,0.958342319766,1.0,524.169510053,0.163312561538,0.169413218359,0.0139036243999,0.129806093308,0.571772997004,1.0,1.0,0.960172260508,2.59490740741,0.94212962963,525.5145761,57740.5604576,6646357.27142,1.60185185185,0.277777777778,109.215277778,5.30602416371e-06,Class 4
0.940822187929,71.3148148148,2186.28949168,55.8455855758,0.972419281093,1.0,200.113567753,0.0874719426983,0.0888656000857,0.0145263671875,0.0817891502147,0.513410116352,1.0,1.0,0.973490248492,1.15277777778,0.969907407407,200.3661386,19532.5978699,2071562.48245,1.26388888889,-0.203703703704,32.2986111111,4.25277049887e-06,Class 4
0.96789266118,42.0856481481,406.411986405,20.2431550203,0.98403238342,1.0,66.5308731354,0.0468971374306,0.0496844522052,0.0148795171039,0.0468971374306,0.334324789235,1.0,1.0,0.98462329423,0.501157407407,0.983796296296,66.5610170718,4842.50934403,387973.19667,0.770833333333,-0.126157407407,6.13425925926,2.50972541028e-06,Class 4
0.945344650206,57.4282407407,770.010285427,34.2425763166,0.975703782789,1.0,103.036157829,0.0714379321063,0.0776081780527,0.0145988725995,0.0643590886348,0.165671009994,1.0,1.0,0.97615024801,0.806712962963,0.972222222222,103.161711516,7412.78457189,595555.25329,1.15509259259,-0.116898148148,11.4583333333,3.42466188349e-06,Class 4
0.861979166667,127.951388889,5123.88470538,132.203658492,0.943086405385,1.0,411.143631599,0.183859213453,0.198917430996,0.0134980629501,0.15484715977,0.311434057425,1.0,1.0,0.944712128499,2.55439814815,0.928240740741,412.67010272,37261.1005125,3647393.32114,2.46990740741,-0.0266203703704,71.2592592593,7.63022232294e-06,Class 4
0.931884430727,100.335648148,-0.0164471181534,46.8897117332,0.965289943951,1.0,100.003841279,0.091266420652,0.10161763876,0.014318395544,0.091266420652,0.00274643446512,1.0,1.0,0.965914901169,0.931712962963,0.965277777778,100.22016059,5411.62905432,293243.683453,1.86342592593,-0.0613425925926,0.0,5.98339188761e-06,Class 4
0.958847736626,57.7337962963,-0.0162139219007,39.8821162471,0.97917427589,1.0,57.6153483527,0.0554968594362,0.0596778315982,0.0147386925047,0.0554968594362,0.00212565509049,1.0,1.0,0.979556841636,0.547453703704,0.979166666667,57.6663411458,3049.463319,161850.601751,1.09490740741,0.195601851852,0.0,3.44288330993e-06,Class 4
1.0,0.0,-0.015873015873,0.000244140625,1.0,1.0,0.0,-0.0,-0.0,0.015380859375,-0.0,nan,1.0,1.0,1.0,0.0,1.0,0.0009765625,-3.0517578125e-05,9.53674316406e-07,0.0,0.0,0.0,0.0,Class 4
0.95883701989,57.1041666667,-0.0162138274133,31.5438639323,0.979174289637,1.0,56.9862325829,0.0554968594362,0.0610714889855,0.0147386925047,0.0554968594362,0.00174121823793,1.0,1.0,0.979557602236,0.545138888889,0.979166666667,57.0370008681,2987.90659248,156647.559289,1.09027777778,0.0590277777778,0.0,3.40533612817e-06,Class 4
0.963380915638,48.662037037,-0.0161753786765,30.333577474,0.981488538664,1.0,48.5724896476,0.0484108691684,0.0534594714458,0.0148095234268,0.0484108691684,0.00165357595723,1.0,1.0,0.981836055093,0.474537037037,0.981481481481,48.6036964699,2491.63975807,127794.199945,0.949074074074,0.118055555556,0.0,2.90190020213e-06,Class 4
0.683952760631,230.393518519,24471.3561886,408.526719835,0.861135471942,1.0,1349.16807684,0.440005453067,0.47587386126,0.0109473125107,0.363843993362,0.464869137932,1.0,1.0,0.868365303625,7.22453703704,0.826388888889,1360.78772425,139614.694066,15065999.489,4.61574074074,0.224537037037,282.824074074,1.37392316201e-05,Class 4
0.981588648834,29.9490740741,-0.0160232105766,14.9666069878,0.990743758006,1.0,29.9229264538,0.0256178831105,0.0284051978852,0.015093516911,0.0256178831105,0.000658237900153,1.0,1.0,0.990903855755,0.261574074074,0.990740740741,29.9173538773,1733.52248015,101648.694517,0.523148148148,-1.38777878078e-17,0.0,1.78597587362e-06,Class 4
0.990772890947,11.5740740741,-0.0159478468219,5.78366427951,0.995372221482,1.0,11.5683060326,0.0128136174386,0.014207274826,0.015236853245,0.0128136174386,0.000328300544247,1.0,1.0,0.995461147422,0.115740740741,0.99537037037,11.560583044,577.61928191,28862.9150118,0.231481481481,0.0,0.0,6.90205547077e-07,Class 4
0.795299639918,160.013888889,9183.20018256,209.130886502,0.910897830327,1.0,636.47515135,0.252844279271,0.281112656938,0.0123336226852,0.226532361749,0.354785217962,1.0,1.0,0.914291652278,3.9375,0.891203703704,639.902307581,57038.291704,5403864.44,3.23148148148,0.178240740741,120.094907407,9.54222972945e-06,Class 4
0.715867198217,203.891203704,16062.5636527,303.764494719,0.892161882438,1.0,970.852007634,0.339232821762,0.373547268024,0.0117125543874,0.257151340932,0.394291014812,1.0,1.0,0.895296259054,5.81828703704,0.844907407407,977.905635127,89442.8683347,8623762.20874,4.12268518519,0.170138888889,193.685185185,1.21587989584e-05,Class 4
0.581436471193,356.731481481,35189.4407117,527.102819372,0.811867526107,1.0,1784.94024936,0.568423784392,0.63960051104,0.00954609937629,0.47481728764,0.360652651049,1.0,1.0,0.821667777019,9.85648148148,0.761574074074,1805.79669416,178462.167387,18516064.6736,6.69444444444,-0.25,362.574074074,2.12732392898e-05,Class 4
0.672453703704,182.907407407,29799.7972858,434.512613932,0.877205008336,1.0,1496.97576108,0.447581633264,0.495650642804,0.0110817740484,0.341339388499,0.490397742479,1.0,1.0,0.88326744371,7.89351851852,0.819444444444,1509.92169416,153371.255133,16166758.0125,3.63888888889,0.229166666667,332.0,1.09074563016e-05,Class 4
0.397515860768,256.069444444,115549.794858,962.573811849,0.783155751598,1.0,3460.17961884,0.804208687672,0.908487410153,0.00803420246056,0.512614801997,0.518969988938,1.0,1.0,0.793329487774,17.462962963,0.627314814815,3513.52643953,368964.56945,39715292.1014,5.31944444444,0.405092592593,814.909722222,1.52703836058e-05,Class 4
0.879265260631,170.951388889,-0.0169279495243,82.6477412471,0.937522978704,1.0,169.979612223,0.152313858549,0.170431404584,0.013499904889,0.152313858549,0.00533927493278,1.0,1.0,0.938675197146,1.63310185185,0.9375,170.74822772,8945.55460499,469417.589523,3.2662037037,-0.056712962963,0.0,1.01944739714e-05,Class 4
0.896658521948,108.30787037,2508.35768433,92.1156955295,0.95533858045,1.0,251.406275084,0.136418621266,0.145560606416,0.0139058012367,0.121785751827,0.25315308966,1.0,1.0,0.956372909666,1.73726851852,0.946759259259,252.119466146,20365.2726633,1795279.58777,2.07175925926,0.0497685185185,36.0069444444,6.45880546844e-06,Class 4
1.0,0.0,-0.015873015873,0.000244140625,1.0,1.0,0.0,-0.0,-0.0,0.015380859375,-0.0,nan,1.0,1.0,1.0,0.0,1.0,0.0009765625,-3.0517578125e-05,9.53674316406e-07,0.0,0.0,0.0,0.0,Class 4
0.972468707133,37.5833333333,-0.016098934467,18.7806260851,0.986116256748,1.0,37.5331435384,0.0356254385408,0.0398064107028,0.0149515201689,0.0356254385408,0.00105909826457,1.0,1.0,0.986373348873,0.361111111111,0.986111111111,37.5391710069,1953.72864787,101762.313878,0.722222222222,0.0,0.0,2.24123545247e-06,Class 4
0.849483453361,201.199074074,923.463561332,113.082926432,0.923638589474,1.0,251.786586978,0.181142011322,0.20215391427,0.0130392527221,0.179748353934,0.0784796412807,1.0,1.0,0.925009752263,2.17361111111,0.921296296296,253.057978877,16046.1798062,1141497.71183,3.86111111111,-0.00462962962963,13.0324074074,1.19982571482e-05,Class 4
0.63366983882,408.537037037,11368.542765,336.381682219,0.822432392961,1.0,928.773796401,0.434599753004,0.485511281642,0.0102222583912,0.384036918484,0.156742713013,1.0,1.0,0.827575562295,6.57175925926,0.793981481481,939.188765914,75463.6950152,6677185.87605,8.0462962963,-0.037037037037,132.868055556,2.43625993185e-05,Class 4
0.500332218793,468.180555556,32027.3049071,516.870469835,0.749536052069,1.0,1689.03444795,0.586963479257,0.686986911283,0.00803788633831,0.524314985815,0.20536760823,1.0,1.0,0.760936821251,10.6203703704,0.703703703704,1712.29843027,152068.900595,14419306.5879,9.34259259259,-0.541666666667,311.361111111,2.79193665437e-05,Class 4
0.802962105624,178.717592593,9772.21940968,232.142388238,0.90599798599,1.0,688.873511984,0.277408724344,0.300348105117,0.0124381108539,0.260967059974,0.418877285094,1.0,1.0,0.91088078771,4.00925925926,0.895833333333,692.745189525,65658.4391152,6620753.88045,3.4537037037,0.256944444444,128.631944444,1.06576018935e-05,Class 4
0.722715192044,140.25462963,23098.3977426,345.461760344,0.900997599372,1.0,1220.33232106,0.366225774905,0.404175149015,0.0118260848015,0.269115144029,0.508863217461,1.0,1.0,0.905599901328,6.50462962963,0.849537037037,1228.91474971,122822.066005,12672549.7108,2.87962962963,0.0601851851852,272.368055556,8.36391081948e-06,Class 4
0.853298611111,119.928240741,7379.33993933,149.032434534,0.939011856094,1.0,521.811366433,0.210643748909,0.225701966451,0.0133605873307,0.176418674921,0.487214173225,1.0,1.0,0.941485127265,2.98263888889,0.923611111111,523.908239294,50360.5259094,5131617.64385,2.33101851852,-0.234953703704,101.087962963,7.1517718377e-06,Class 4
0.762356395748,216.25462963,9713.04617397,223.451126664,0.90197158131,1.0,708.300605272,0.311241211169,0.343437412396,0.0122525773748,0.252593455147,0.298686392834,1.0,1.0,0.905094607756,4.48842592593,0.872685185185,713.231589988,62792.8629297,5938695.78139,4.22685185185,-0.175925925926,124.384259259,1.28960765238e-05,Class 4
1.0,0.0,-0.015873015873,0.000244140625,1.0,1.0,0.0,-0.0,-0.0,0.015380859375,-0.0,nan,1.0,1.0,1.0,0.0,1.0,0.0009765625,-3.0517578125e-05,9.53674316406e-07,0.0,0.0,0.0,0.0,Class 4
0.977012602881,22.3657407407,908.38224846,35.5612250434,0.990879076924,1.0,77.2754535922,0.0355006388619,0.0355006388619,0.015093182013,0.0284051978852,0.901905368594,1.0,1.0,0.991324282093,0.449074074074,0.988425925926,77.2828052662,7258.37253712,725099.921793,0.402777777778,0.19212962963,13.7430555556,1.33375319917e-06,Class 4
0.402424125514,494.462962963,63707.788345,768.338424117,0.734587663899,1.0,2517.84633411,0.761523134022,0.867406972316,0.00759598845808,0.570753974434,0.332659460341,1.0,1.0,0.744295177682,14.5092592593,0.62962962963,2559.65028212,246312.827462,25019979.0803,9.93518518519,0.0763888888889,516.75,2.94866853e-05,Class 4
0.803444358711,200.203703704,4876.57727639,159.980134187,0.909290269174,1.0,459.283784177,0.235579549876,0.264403026929,0.0125198259602,0.209805152803,0.190053154376,1.0,1.0,0.911832617979,3.27546296296,0.895833333333,461.906358507,36676.3947404,3209038.78042,4.0,-0.113425925926,65.5277777778,1.19388994711e-05,Class 4
0.621334876543,170.418981481,40775.3660052,453.126112196,0.864897930419,1.0,1836.97231749,0.473272015224,0.539124761121,0.0105229967743,0.352883574015,0.552252603831,1.0,1.0,0.871291710232,9.55439814815,0.787037037037,1853.64232494,188474.093351,19655881.1827,3.53935185185,-0.989583333333,421.104166667,1.01627245163e-05,Class 4
0.14337920096,696.560185185,252696.039798,1405.17638708,0.512245386502,1.0,4745.18548104,1.10811057598,1.39329251135,0.00330912690758,0.864762704803,0.203239055327,1.0,1.0,0.545850241208,26.4236111111,0.365740740741,4857.77672888,476927.345334,48652996.0517,14.1666666667,0.310185185185,1041.12962963,4.15385023986e-05,Class 4
0.795021004801,158.953703704,9273.36461891,209.519630715,0.918311659228,1.0,640.02796272,0.254079893293,0.283760793463,0.0125819495349,0.210900856608,0.32326638481,1.0,1.0,0.920776510354,3.94444444444,0.891203703704,643.480143229,57628.1229079,5484928.85217,3.19444444444,0.175925925926,121.25462963,9.47900690134e-06,Class 4
0.795299639918,160.013888889,9183.20018256,209.130886502,0.910897830327,1.0,636.47515135,0.252844279271,0.281112656938,0.0123336226852,0.226532361749,0.354785217962,1.0,1.0,0.914291652278,3.9375,0.891203703704,639.902307581,57038.291704,5403864.44,3.23148148148,0.178240740741,120.094907407,9.54222972945e-06,Class 4
0.936331875857,53.5347222222,3132.55750627,50.4442545573,0.972964024735,1.0,236.831638174,0.094545993256,0.0964656779153,0.0144567084084,0.0846846279237,0.719072248311,1.0,1.0,0.974259960737,1.29513888889,0.967592592593,237.151584201,24051.3359002,2597134.08897,1.02083333333,-0.392361111111,45.9444444444,3.19247673745e-06,Class 4
0.0867626886145,1028.80324074,347844.368055,1681.73722331,0.367258744542,1.0,5471.08785641,1.3580184017,1.70250678723,0.00164568865741,1.20072685102,0.153136041602,1.0,1.0,0.406185332138,30.1423611111,0.282407407407,5629.21234809,567053.466732,59872942.277,20.0810185185,0.34837962963,1151.04398148,6.13514047919e-05,Class 4
0.267275377229,284.553240741,242596.737613,1445.14962203,0.747753562441,1.0,5131.1191448,0.897402135686,1.02470782905,0.00742736732682,0.557229596858,0.505208106236,1.0,1.0,0.763505606319,24.6747685185,0.497685185185,5215.80320457,575763.154024,65198242.1194,6.13194444444,1.13773148148,1233.58333333,1.69689794571e-05,Class 4
0.905339077503,101.074074074,2138.37861064,81.4050473814,0.953806370403,1.0,223.961831045,0.127018778533,0.138422051186,0.0139042941958,0.127018778533,0.238545987892,1.0,1.0,0.955751043241,1.56481481481,0.951388888889,224.546115451,18061.1109902,1598537.1469,1.96296296296,5.72458747072e-17,30.9166666667,6.02742700151e-06,Class 4
0.657803926612,298.018518519,19431.4537896,368.683548539,0.833319883248,1.0,1177.85882115,0.43924322016,0.498540823234,0.0102361566572,0.412464601746,0.32881884025,1.0,1.0,0.842063212338,7.08333333333,0.810185185185,1189.22667101,109639.190779,10756303.7424,5.90740740741,-0.0601851851852,223.023148148,1.77719645906e-05,Class 4
0.9453125,35.4467592593,2466.84975041,60.1855740017,0.979635077236,1.0,180.56990033,0.0748208632781,0.0809215200994,0.0145982028035,0.0668743896912,0.545040170816,1.0,1.0,0.980208017129,1.06134259259,0.972222222222,180.750253183,16659.3378578,1611982.01648,0.715277777778,0.119212962963,36.3587962963,2.11382350848e-06,Class 4
0.931884430727,100.335648148,-0.0164471181534,46.8897117332,0.965289943951,1.0,100.003841279,0.091266420652,0.10161763876,0.014318395544,0.091266420652,0.00274643446512,1.0,1.0,0.965914901169,0.931712962963,0.965277777778,100.22016059,5411.62905432,293243.683453,1.86342592593,-0.0613425925926,0.0,5.98339188761e-06,Class 4
0.909754372428,114.217592593,941.923258695,70.8171567564,0.956056830512,1.0,168.592943028,0.119163644454,0.130838930824,0.0140426070602,0.112104111286,0.12179544231,1.0,1.0,0.95701390074,1.34027777778,0.953703703704,169.051034433,12046.2547845,984493.472665,2.19907407407,-5.55111512313e-17,13.75,6.81122442078e-06,Class 4
0.949792095336,55.9305555556,2282.92527545,67.6759530527,0.978138658807,1.0,191.18037679,0.0752363340152,0.0766299914025,0.0146670243377,0.0681551026286,0.427993555331,1.0,1.0,0.978924895952,1.03472222222,0.974537037037,191.357747396,19736.9986538,2193243.1009,0.981481481481,0.0833333333333,33.8888888889,3.3353492857e-06,Class 4
0.115537122771,911.969907407,285661.481066,1516.63566081,0.408308388975,1.0,5111.42116051,1.27476963327,1.58808834578,0.0021441842957,1.12605194262,0.184190015335,1.0,1.0,0.447492889919,28.0729166667,0.328703703704,5249.43399161,530848.360857,56289351.5484,18.224537037,-0.40625,1085.24305556,5.43841939175e-05,Class 4
0.807270233196,161.388888889,9165.1142003,204.968921803,0.921685022404,1.0,641.665004913,0.252768935907,0.278293206861,0.0126434033136,0.218530670252,0.34978031523,1.0,1.0,0.92399875462,3.8287037037,0.898148148148,644.994610822,59528.8334565,5844137.03229,3.09722222222,0.0625,121.020833333,9.62422614844e-06,Class 4
0.896808556241,137.733796296,-0.0167639662882,77.8575213397,0.946779945873,1.0,137.102004787,0.119371129939,0.135094553004,0.0137751910258,0.119371129939,0.00512418661147,1.0,1.0,0.947787928958,1.35300925926,0.946759259259,137.565646701,7007.99581683,357554.816832,2.70601851852,0.177083333333,0.0,8.21358405133e-06,Class 4
0.511424039781,505.469907407,24069.295211,501.290898076,0.757199384869,1.0,1457.72287347,0.555871731167,0.641053270785,0.00828453869813,0.480607220963,0.195421150516,1.0,1.0,0.764422535061,9.72800925926,0.710648148148,1477.82895689,125539.547059,11575982.4946,10.0856481481,0.0821759259259,243.393518519,3.01430707753e-05,Class 4
0.896808556241,137.733796296,-0.0167639662882,77.8575213397,0.946779945873,1.0,137.102004787,0.119371129939,0.135094553004,0.0137751910258,0.119371129939,0.00512418661147,1.0,1.0,0.947787928958,1.35300925926,0.946759259259,137.565646701,7007.99581683,357554.816832,2.70601851852,0.177083333333,0.0,8.21358405133e-06,Class 4
0.657868227023,137.648148148,36254.3311457,448.518328631,0.883879761809,1.0,1682.26884743,0.431184753444,0.493516563904,0.0109550151642,0.302154803645,0.553347397991,1.0,1.0,0.889288200388,8.64351851852,0.810185185185,1695.91127749,173762.022548,18215969.2988,2.85185185185,-0.185185185185,389.835648148,8.20847653028e-06,Class 4
0.986186128258,16.6736111111,-0.0159853964481,11.108895761,0.993058446665,1.0,16.6616889359,0.0179940660015,0.0199137506608,0.015165352527,0.0179940660015,0.000657364579499,1.0,1.0,0.993194444444,0.170138888889,0.993055555556,16.6533203125,815.444759793,39931.3120661,0.340277777778,0.056712962963,0.0,9.94310111119e-07,Class 4
0.986186128258,16.6736111111,-0.0159853964481,11.108895761,0.993058446665,1.0,16.6616889359,0.0179940660015,0.0199137506608,0.015165352527,0.0179940660015,0.000657364579499,1.0,1.0,0.993194444444,0.170138888889,0.993055555556,16.6533203125,815.444759793,39931.3120661,0.340277777778,0.056712962963,0.0,9.94310111119e-07,Class 4
0.474922839506,514.134259259,32317.9282378,582.172697844,0.740526999519,1.0,1717.55910683,0.619228661532,0.721150698179,0.00793490521048,0.522536366605,0.176797246916,1.0,1.0,0.751290202795,11.0185185185,0.685185185185,1743.09125434,153057.835509,14445496.7443,10.2777777778,0.351851851852,307.583333333,3.06597586478e-05,Class 4
0.866190843621,102.368055556,6655.9548442,155.602964048,0.94553384712,1.0,468.751944508,0.185714824125,0.202351123483,0.0135628657086,0.160873776606,0.530482512395,1.0,1.0,0.948039534456,2.69560185185,0.930555555556,470.383933738,44789.6380875,4505493.98056,2.00694444444,0.239583333333,92.087962963,6.10459198168e-06,Class 4
0.639221107682,327.604166667,19229.3543588,350.636962891,0.832653838243,1.0,1185.26752812,0.467876584469,0.529935207226,0.0102361566572,0.410125931952,0.258357362955,1.0,1.0,0.840476274977,7.33217592593,0.798611111111,1197.85528791,107559.058629,10298578.3403,6.42361111111,-0.596064814815,217.791666667,1.953626801e-05,Class 4
0.807398834019,151.356481481,10166.3632491,220.233823423,0.913670147578,1.0,682.988681022,0.254850967779,0.276101508484,0.0126418962727,0.224051086473,0.428851794277,1.0,1.0,0.918520247101,3.93055555556,0.898148148148,686.440212674,65925.7621494,6733436.68722,3.02777777778,0.224537037037,133.893518519,9.02595598024e-06,Class 4
0.807398834019,151.356481481,10166.3632491,220.233823423,0.913670147578,1.0,682.988681022,0.254850967779,0.276101508484,0.0126418962727,0.224051086473,0.428851794277,1.0,1.0,0.918520247101,3.93055555556,0.898148148148,686.440212674,65925.7621494,6733436.68722,3.02777777778,0.224537037037,133.893518519,9.02595598024e-06,Class 4
0.66932441701,314.449074074,15023.9845185,332.852023655,0.853177496096,1.0,1011.49031344,0.408967229003,0.465782726084,0.0107786913795,0.352161866572,0.209465928368,1.0,1.0,0.858367318203,6.45601851852,0.81712962963,1021.07823351,89063.8704077,8326709.08267,6.11111111111,-0.00925925925926,176.858796296,1.87517803852e-05,Class 4
0.932045181756,70.4976851852,1662.31568733,69.1764594184,0.968759496155,1.0,167.900194249,0.0836572711398,0.0908099825051,0.0143920730989,0.0765856256353,0.393590471153,1.0,1.0,0.970195340868,1.14236111111,0.965277777778,168.133644387,13809.585005,1237444.00857,1.34953703704,0.181712962963,24.4444444444,4.20404198725e-06,Class 4
0.719950274348,275.597222222,9113.94011247,285.558042173,0.873191244694,1.0,725.015810129,0.318159543785,0.360164109667,0.0114659020276,0.279700488034,0.22841159079,1.0,1.0,0.876929742212,4.97453703704,0.847222222222,730.624529803,60215.8128267,5417531.59766,5.51851851852,0.657407407407,113.912037037,1.64348984048e-05,Class 4
0.778592249657,205.405092593,9334.79772747,227.389422381,0.897547874226,1.0,685.969105069,0.28719915306,0.319860047287,0.0121259859396,0.263530560687,0.378156034636,1.0,1.0,0.901689297217,4.22337962963,0.881944444444,690.211480035,63179.6175255,6249893.15767,4.05324074074,0.0636574074074,121.333333333,1.2249077844e-05,Class 4
0.540252057613,480.724537037,31839.757194,539.648609303,0.790945821485,1.0,1741.66977321,0.625910262143,0.696295790044,0.00904559435014,0.519543597634,0.299923388942,1.0,1.0,0.799123459815,10.2673611111,0.733796296296,1765.70135272,166114.370677,16645829.0891,8.78472222222,-0.422453703704,321.564814815,2.86674113156e-05,Class 4
0.803444358711,200.203703704,4876.57727639,159.980134187,0.909290269174,1.0,459.283784177,0.235579549876,0.264403026929,0.0125198259602,0.209805152803,0.190053154376,1.0,1.0,0.911832617979,3.27546296296,0.895833333333,461.906358507,36676.3947404,3209038.78042,4.0,-0.113425925926,65.5277777778,1.19388994711e-05,Class 4
0.699438443073,268.474537037,14479.2735419,311.366057219,0.868887264442,1.0,956.547117988,0.390420381713,0.432911281916,0.0112492230367,0.333693129289,0.318440484272,1.0,1.0,0.873731014102,5.93865740741,0.835648148148,964.927625868,86428.9222808,8276842.59282,5.28009259259,0.0590277777778,174.298611111,1.60101459111e-05,Class 4
0.730967078189,198.951388889,14254.445282,280.640073423,0.892059248633,1.0,891.929904374,0.321915759808,0.368189510198,0.0118831849066,0.261568202002,0.326115669462,1.0,1.0,0.896752881589,5.40393518519,0.854166666667,898.110206887,81436.6201025,7803361.74908,4.03935185185,0.121527777778,174.958333333,1.18642192309e-05,Class 4
0.954325274348,46.3171296296,781.711839104,29.155698423,0.978479631109,1.0,92.8969215734,0.0625804730793,0.0676290753566,0.0146680290316,0.0625804730793,0.264969835882,1.0,1.0,0.979144042232,0.695601851852,0.976851851852,92.9811559606,7007.25353891,587365.22657,0.93287037037,-0.114583333333,11.6875,2.76206455829e-06,Class 4
0.734867969822,170.791666667,16350.0993431,294.273392289,0.903730142962,1.0,960.420536458,0.324270875567,0.361251920206,0.0120154696073,0.243403654893,0.367722041927,1.0,1.0,0.907170457857,5.59259259259,0.856481481481,966.871346933,89948.9666217,8746366.36533,3.44907407407,0.185185185185,199.194444444,1.01849491349e-05,Class 4
0.715867198217,203.891203704,16062.5636527,303.764494719,0.892161882438,1.0,970.852007634,0.339232821762,0.373547268024,0.0117125543874,0.257151340932,0.394291014812,1.0,1.0,0.895296259054,5.81828703704,0.844907407407,977.905635127,89442.8683347,8623762.20874,4.12268518519,0.170138888889,193.685185185,1.21587989584e-05,Class 4
0.954346707819,59.9837962963,-0.0162521887938,24.0734501591,0.976860788172,1.0,59.8501584298,0.0581454873635,0.0648417605819,0.0146690337256,0.0581454873635,0.00209191917179,1.0,1.0,0.977297947279,0.58912037037,0.976851851852,59.9111328125,3048.71095898,155172.349299,1.17824074074,-0.116898148148,0.0,3.57705926828e-06,Class 4
0.823806155693,126.25462963,8697.78504101,195.145354094,0.93205229353,1.0,586.849248974,0.239726997628,0.26035984472,0.0130965202761,0.189756888263,0.404387147576,1.0,1.0,0.935158283833,3.49537037037,0.907407407407,589.707573785,54086.9491249,5229829.56871,2.52777777778,0.305555555556,115.972222222,7.52903818974e-06,Class 4
0.990772890947,11.1157407407,-0.0159478468219,5.55456995081,0.995372297777,1.0,11.1100913438,0.0128136174386,0.014207274826,0.015236853245,0.0128136174386,0.000328300544247,1.0,1.0,0.995462962963,0.113425925926,0.99537037037,11.1025390625,543.629829689,26620.874711,0.226851851852,0.0,0.0,6.62873407413e-07,Class 4
0.778849451303,255.884259259,5440.66602,207.174433955,0.896114826124,1.0,539.758556797,0.280689216342,0.309068479125,0.0121340234911,0.253111665525,0.218390878147,1.0,1.0,0.898329497404,3.77777777778,0.881944444444,543.450050637,44457.2378167,4067785.16471,4.90277777778,0.12962962963,72.0092592593,1.5259340317e-05,Class 4
1.0,0.0,-0.015873015873,0.000244140625,1.0,1.0,0.0,-0.0,-0.0,0.015380859375,-0.0,nan,1.0,1.0,1.0,0.0,1.0,0.0009765625,-3.0517578125e-05,9.53674316406e-07,0.0,0.0,0.0,0.0,Class 4
0.676354595336,237.386574074,22465.7903844,373.730495877,0.873119693378,1.0,1257.2099695,0.433345591986,0.479601457243,0.0110238366984,0.333501881739,0.342105054941,1.0,1.0,0.877709608613,7.13310185185,0.821759259259,1268.49591291,121781.816866,12266925.4196,4.6087962963,-0.056712962963,258.0,1.41562538117e-05,Class 4
0.931948731139,74.1574074074,1217.44779714,54.9899721499,0.969223486559,1.0,145.566796808,0.0879239205194,0.0960430092111,0.014389896262,0.080852275015,0.233698793538,1.0,1.0,0.970051339926,1.06944444444,0.965277777778,145.802481192,11137.0470344,941830.838625,1.43981481481,2.77555756156e-17,17.9444444444,4.42228498123e-06,Class 4
0.892178926612,144.49537037,1335.9035545,94.0916069878,0.949090745729,1.0,220.578113912,0.148770974214,0.161839917972,0.0137673209234,0.14032757971,0.179731955543,1.0,1.0,0.949955987694,1.6875,0.944444444444,221.350224248,16040.835812,1292823.65833,2.64814814815,0.0555555555556,19.2662037037,8.61680213193e-06,Class 4
0.883680555556,123.076388889,2601.28771056,110.474925854,0.94631395294,1.0,270.266097761,0.145289531791,0.160943365731,0.0136375479574,0.138244728731,0.292099917567,1.0,1.0,0.947837783262,1.90856481481,0.939814814815,271.116572627,21687.5416068,1914629.2391,2.40046296296,0.234953703704,37.0694444444,7.33950774651e-06,Class 4
0.828264317558,161.534722222,5198.44683914,160.19772678,0.924792995158,1.0,441.947210318,0.213381403281,0.237766030402,0.0129062982253,0.189550057653,0.238686268989,1.0,1.0,0.92694450216,2.98726851852,0.909722222222,444.078956887,36786.3385812,3305220.75076,3.20138888889,0.174768518519,70.7291666667,9.63292273834e-06,Class 4
0.306284293553,429.789351852,135271.203716,1058.78995768,0.747923487848,1.0,3729.18929494,0.870539720372,0.978502135559,0.00736490885417,0.537440462723,0.412309325623,1.0,1.0,0.75555321515,19.9340277778,0.543981481481,3795.3541305,382348.714644,39889661.8456,8.42361111111,0.0543981481481,842.013888889,2.56299547441e-05,Class 4
0.819605195473,203.203703704,5133.43733981,176.375750506,0.910948910383,1.0,478.702037059,0.241500975853,0.267892876923,0.0125682187178,0.240974948581,0.251619479386,1.0,1.0,0.914296015805,3.20601851852,0.905092592593,481.340964988,40172.5314862,3654292.88095,3.8287037037,0.111111111111,69.6342592593,1.21178007489e-05,Class 4
0.853470078875,143.798611111,5168.46613876,146.273898655,0.926632078332,1.0,428.468393205,0.197731983565,0.212037406296,0.013097692419,0.190237669357,0.411964509703,1.0,1.0,0.930541783661,2.66782407407,0.923611111111,430.206850405,39531.8215185,3985332.04027,2.84027777778,0.056712962963,71.6851851852,8.57525175799e-06,Class 4
0.431477194787,331.145833333,93855.4493987,909.819037543,0.771588119023,1.0,3202.62337499,0.801948206205,0.904963443144,0.00797593021262,0.561256746139,0.43613169002,1.0,1.0,0.784030384786,16.0196759259,0.655092592593,3251.36657263,349034.310487,38719716.0521,6.48842592593,0.22337962963,730.555555556,1.97474709074e-05,Class 4
0.734492884088,282.680555556,14863.0339959,318.553918909,0.884529562242,1.0,1015.00151543,0.357882059028,0.391357082338,0.0118013023513,0.305248510862,0.323248481518,1.0,1.0,0.888635756478,5.67361111111,0.856481481481,1022.28714554,102689.155175,11117707.2207,5.125,-0.131944444444,185.078703704,1.68573041996e-05,Class 4
0.794731652949,247.791666667,7329.50521658,213.407723886,0.897111786325,1.0,633.113987169,0.287825018249,0.306908941611,0.0122426978845,0.279439882291,0.339949353459,1.0,1.0,0.901170086426,3.90972222222,0.891203703704,637.044668692,58617.101437,5924841.66109,4.54166666667,-0.134259259259,97.4351851852,1.47767485985e-05,Class 4
0.696427040466,326.837962963,9061.00628493,268.448016131,0.855508275863,1.0,765.837929962,0.371666934469,0.414223494848,0.0110317068008,0.325830315362,0.180361198001,1.0,1.0,0.860118389493,5.34953703704,0.833333333333,772.985062211,63044.8393295,5670408.85068,6.43981481481,-0.122685185185,111.703703704,1.94905764028e-05,Class 4
0.550486539781,309.222222222,44354.4466674,587.765435113,0.801614237007,1.0,2014.25579373,0.612919321037,0.693014243322,0.00907807945388,0.491876297819,0.39926612485,1.0,1.0,0.811792481279,10.8842592593,0.740740740741,2039.20525897,205737.376534,21679910.4694,6.25,0.037037037037,432.835648148,1.84400835601e-05,Class 4
0.90096664952,65.3958333333,5017.6835366,107.949752242,0.960331288442,1.0,349.614003336,0.136489979453,0.14547669826,0.0139749576689,0.115409952353,0.575565863524,1.0,1.0,0.962376009761,1.99189814815,0.949074074074,350.434859664,33527.2300291,3373102.7253,1.32638888889,0.068287037037,71.3217592593,3.89979938209e-06,Class 4
0.977012602881,33.3796296296,-0.0160611165664,20.8448621962,0.988429995565,1.0,33.3401110372,0.0327133240873,0.0355006388619,0.015022016193,0.0327133240873,0.000988508517231,1.0,1.0,0.988638638931,0.310185185185,0.988425925926,33.341833044,1800.24281707,97625.1538423,0.62037037037,0.0694444444444,0.0,1.99055279777e-06,Class 4
0.940822187929,71.3148148148,2186.28949168,55.8455855758,0.972419281093,1.0,200.113567753,0.0874719426983,0.0888656000857,0.0145263671875,0.0817891502147,0.513410116352,1.0,1.0,0.973490248492,1.15277777778,0.969907407407,200.3661386,19532.5978699,2071562.48245,1.26388888889,-0.203703703704,32.2986111111,4.25277049887e-06,Class 4
0.954303840878,72.5671296296,500.448936586,48.3520236545,0.976920583353,1.0,102.378309768,0.0648417605819,0.0695487600159,0.0146675266847,0.0648417605819,0.201459668486,1.0,1.0,0.977533599477,0.744212962963,0.976851851852,102.475079572,7738.32153207,648803.009653,1.23842592593,0.0729166666667,7.5,4.32745073906e-06,Class 4
0.931852280521,96.2824074074,1622.33576858,72.0129756221,0.968199975555,1.0,191.454433164,0.0974366665984,0.104930980807,0.0143868821802,0.090365021094,0.28183359289,1.0,1.0,0.969296020682,1.22222222222,0.965277777778,191.769495081,16944.5145094,1662102.01082,1.64351851852,5.55111512313e-17,23.9097222222,5.74168190502e-06,Class 4
0.595486111111,194.613425926,43695.6326778,541.973696108,0.844421298532,1.0,1924.61790858,0.535360494963,0.618348206445,0.0100424181777,0.39115777682,0.453176918761,1.0,1.0,0.854300223631,10.1284722222,0.770833333333,1944.75575087,196486.22403,20420993.4286,4.02546296296,0.128472222222,437.851851852,1.16055301919e-05,Class 4
0.977023319616,29.4027777778,-0.0160610278944,11.8008083767,0.988430481851,1.0,29.3678001133,0.0307936394279,0.0341069814746,0.015022351091,0.0307936394279,0.000988508517227,1.0,1.0,0.988651122842,0.291666666667,0.988425925926,29.3672960069,1479.42572361,74538.05242,0.583333333333,-0.0578703703704,0.0,1.75339817179e-06,Class 4
0.949792095336,29.1087962963,2764.4470197,65.9710196036,0.979217599455,1.0,192.164541974,0.0747103067432,0.0766299914025,0.0146673592357,0.0662354179693,0.730135747525,1.0,1.0,0.980647605001,1.04050925926,0.974537037037,192.340820312,19346.0013642,2046279.56471,0.613425925926,0.190972222222,40.8402777778,1.7358669509e-06,Class 4
1.0,0.0,-0.015873015873,0.000244140625,1.0,1.0,0.0,-0.0,-0.0,0.015380859375,-0.0,nan,1.0,1.0,1.0,0.0,1.0,0.0009765625,-3.0517578125e-05,9.53674316406e-07,0.0,0.0,0.0,0.0,Class 4
0.845121742112,122.3125,6077.26950082,153.444616247,0.934741564437,1.0,452.648824878,0.187347314384,0.211095894069,0.0131043903785,0.169402397672,0.323306713114,1.0,1.0,0.936907540082,2.8599537037,0.918981481481,454.400426794,39776.5198376,3715908.58432,2.47453703704,0.179398148148,83.1111111111,7.2939541804e-06,Class 4
