0.750692520776,1065.64593301,82640.4764306,985.693018571,0.870532784642,1.0,3179.14954148,0.34367984701,0.36205115672,0.00580661181841,0.340799177195,0.483198279091,1.0,1.0,0.875881027315,9.68421052632,0.866028708134,3191.73947859,591129.980689,119114931.557,10.038277512,-0.751196172249,531.674641148,3.97032509989e-06,Class 1
0.46347382157,1512.90430622,562253.89776,3046.51830266,0.733001922371,1.0,11020.2441518,0.790483279008,0.837661286869,0.003889302233,0.668766471158,0.553686023084,1.0,1.0,0.74847145935,28.485645933,0.679425837321,11107.9088865,2303226.54299,495546215.787,14.6363636364,-1.02153110048,2399.19617225,5.63669578668e-06,Class 1
0.853254275314,571.311004785,37657.0856056,517.716642973,0.924617716581,1.0,1620.17413298,0.195156522498,0.202711241122,0.0066068024047,0.192275852683,0.416552548123,1.0,1.0,0.927232585249,5.24401913876,0.923444976077,1623.90215802,281187.862343,52880534.5567,5.69377990431,-0.272727272727,263.229665072,2.12855916948e-06,Class 1
0.784162450493,691.224880383,101412.817723,918.051197399,0.898606052903,1.0,3318.9479736,0.287393608233,0.307558296938,0.00613534456262,0.270494365923,0.565999551067,1.0,1.0,0.902525898124,9.15311004785,0.885167464115,3328.81573457,666853.05841,141769508.53,6.81339712919,-0.789473684211,659.540669856,2.57532770241e-06,Class 1
0.750692520776,1065.64593301,82640.4764306,985.693018571,0.870532784642,1.0,3179.14954148,0.34367984701,0.36205115672,0.00580661181841,0.340799177195,0.483198279091,1.0,1.0,0.875881027315,9.68421052632,0.866028708134,3191.73947859,591129.980689,119114931.557,10.038277512,-0.751196172249,531.674641148,3.97032509989e-06,Class 1
0.853254275314,571.311004785,37657.0856056,517.716642973,0.924617716581,1.0,1620.17413298,0.195156522498,0.202711241122,0.0066068024047,0.192275852683,0.416552548123,1.0,1.0,0.927232585249,5.24401913876,0.923444976077,1623.90215802,281187.862343,52880534.5567,5.69377990431,-0.272727272727,263.229665072,2.12855916948e-06,Class 1
0.450928321238,1544.08133971,586353.148915,3141.03534812,0.729558386036,1.0,11230.5433549,0.784224582507,0.849773900077,0.00383850783727,0.678544865771,0.554514984453,1.0,1.0,0.744715840172,29.2703349282,0.66985645933,11319.9172597,2320116.38386,492866792.492,14.9138755981,-0.6004784689,2444.41626794,5.75285346606e-06,Class 1
0.647443968774,1481.92344498,162246.876724,1586.08319501,0.82417477629,1.0,5201.85878982,0.48708359242,0.511922329934,0.00512410683913,0.447910937718,0.497194306856,1.0,1.0,0.8312101615,15.0861244019,0.803827751196,5230.07171543,1001746.80873,205763928.818,13.6555023923,-0.808612440191,937.272727273,5.5212689951e-06,Class 1
0.46347382157,1512.90430622,562253.89776,3046.51830266,0.733001922371,1.0,11020.2441518,0.790483279008,0.837661286869,0.003889302233,0.668766471158,0.553686023084,1.0,1.0,0.74847145935,28.485645933,0.679425837321,11107.9088865,2303226.54299,495546215.787,14.6363636364,-1.02153110048,2399.19617225,5.63669578668e-06,Class 1
0.670337217555,797.210526316,278654.878894,1854.2001956,0.838281020843,1.0,6990.95890046,0.466136149362,0.490268798703,0.0053079682434,0.408519057391,0.693510054557,1.0,1.0,0.849981825936,17.1315789474,0.818181818182,7021.61373098,1517058.85112,337916539.741,7.66028708134,-0.849282296651,1556.36842105,2.97020320208e-06,Class 1
0.503994871912,1080.89952153,532533.898496,2762.14801259,0.780918292252,1.0,10527.0754523,0.675052853157,0.72640293072,0.00444732517204,0.506192178457,0.635995791709,1.0,1.0,0.796935649549,26.5023923445,0.708133971292,10596.5256628,2246784.79928,492266275.336,10.8995215311,-1.36842105263,2379.32057416,4.02715608237e-06,Class 1
0.290675579772,1797.76076555,1160527.14492,4236.38836845,0.600526427542,1.0,15578.7871224,1.0209805636,1.16098163438,0.00242234577596,0.854441638055,0.511929605849,1.0,1.0,0.629325515272,40.7846889952,0.535885167464,15741.7574212,3221109.09802,681166341.889,18.4593301435,-1.33014354067,3486.63636364,6.69799834066e-06,Class 1
0.647398182276,869.157894737,260178.042602,1863.78998328,0.828660130487,1.0,6554.7740278,0.482028340964,0.513009620755,0.00512839932327,0.431751415731,0.621978112786,1.0,1.0,0.840992044785,17.1196172249,0.803827751196,6586.4805073,1350740.24801,287744584.311,8.61244019139,2.77555756156e-16,1429.59808612,3.23826075653e-06,Class 1
0.662782445457,1887.1722488,51977.2013574,1282.19286905,0.822488532785,1.0,3148.19035797,0.453672277348,0.490414896769,0.00518241308211,0.443796879016,0.244725217276,1.0,1.0,0.826561867787,11.6387559809,0.813397129187,3168.37808505,479432.637485,80660297.5698,17.2870813397,0.212918660287,320.483253589,7.03112273515e-06,Class 1
0.566035576109,1715.45933014,230754.534937,1996.66730087,0.775824303666,1.0,6544.46520466,0.590823251738,0.639613592788,0.00448452670131,0.557547809698,0.434630860494,1.0,1.0,0.784253857902,18.9880382775,0.751196172249,6587.80392237,1267595.11625,261572406.32,16.4641148325,-0.753588516746,1218.38277512,6.391364172e-06,Class 1
0.767541951878,716.717703349,108459.366284,982.88044381,0.885642649031,1.0,3482.12679048,0.310341743843,0.323657802098,0.00593896341292,0.300612443578,0.592419537842,1.0,1.0,0.891722953748,9.76555023923,0.875598086124,3493.5430073,687913.134965,143705340.589,7.14832535885,-0.578947368421,694.358851675,2.67030746234e-06,Class 1
0.46347382157,1512.90430622,562253.89776,3046.51830266,0.733001922371,1.0,11020.2441518,0.790483279008,0.837661286869,0.003889302233,0.668766471158,0.553686023084,1.0,1.0,0.74847145935,28.485645933,0.679425837321,11107.9088865,2303226.54299,495546215.787,14.6363636364,-1.02153110048,2399.19617225,5.63669578668e-06,Class 1
0.647398182276,869.157894737,260178.042602,1863.78998328,0.828660130487,1.0,6554.7740278,0.482028340964,0.513009620755,0.00512839932327,0.431751415731,0.621978112786,1.0,1.0,0.840992044785,17.1196172249,0.803827751196,6586.4805073,1350740.24801,287744584.311,8.61244019139,2.77555756156e-16,1429.59808612,3.23826075653e-06,Class 1
0.602573201163,1376.55502392,222686.286598,1816.37700482,0.81262455437,1.0,6150.14331181,0.538696663754,0.576382734273,0.00489159728119,0.471417727015,0.530675522462,1.0,1.0,0.819985145196,17.6411483254,0.775119617225,6186.76370108,1180463.60598,237918244.153,13.2057416268,-0.732057416268,1202.8277512,5.12869311799e-06,Class 1
0.767358805888,750.588516746,115011.862232,1026.10704369,0.882652143247,1.0,3667.00475826,0.309960541197,0.333387102363,0.00593896341292,0.302405822572,0.659981215736,1.0,1.0,0.890421274269,10.1459330144,0.875598086124,3678.8541616,720801.514933,148367613.593,7.12440191388,-0.763157894737,732.224880383,2.79650147896e-06,Class 1
0.59474371008,1366.62200957,288254.033727,2085.27331163,0.795153295105,1.0,7369.41244464,0.573679313596,0.605747884208,0.00470952441198,0.526040457237,0.595612303354,1.0,1.0,0.806510080785,19.6698564593,0.77033492823,7412.99097381,1496436.69777,315661967.493,12.6220095694,-1.02392344498,1511.89952153,5.09168523855e-06,Class 1
0.80975710263,837.344497608,37327.1813132,618.619902542,0.903146310477,1.0,1848.17538589,0.250359686237,0.265850326132,0.00626841157116,0.247479016422,0.381096740604,1.0,1.0,0.906547868075,6.46650717703,0.8995215311,1854.18460419,297574.267019,52523084.0069,8.08133971292,-0.50956937799,254.311004785,3.11973214846e-06,Class 1
0.750829880268,1001.64114833,70361.6381179,875.495126825,0.877826032649,1.0,2801.42962949,0.329276497935,0.353409147275,0.00581090430255,0.317753818675,0.362767828806,1.0,1.0,0.881722398932,9.17942583732,0.866028708134,2812.83801328,477564.80942,87626795.5572,9.66985645933,-0.748803827751,452.942583732,3.73185958776e-06,Class 1
0.509992903093,931.85645933,618968.165525,3057.47755804,0.805042180995,1.0,11711.2336719,0.675016733893,0.749589263555,0.00447129154186,0.500129016563,0.63293249286,1.0,1.0,0.817370673391,28.0861244019,0.712918660287,11784.8573016,2576476.55803,576306162.071,8.87081339713,-1.07655502392,2713.68899522,3.47185962556e-06,Class 1
0.51681509123,565.937799043,756009.2153,3320.99662204,0.811200263554,1.0,13309.2105788,0.678967882949,0.737106321618,0.0045811075946,0.468916093317,0.759936903259,1.0,1.0,0.828188524724,30.1124401914,0.717703349282,13388.6493171,3047668.36775,703188383.071,5.4976076555,-1.41387559809,3206.14832536,2.10853997459e-06,Class 1
0.718367253497,1249.3492823,86272.0005687,1134.8518852,0.850799608711,1.0,3408.38452243,0.367426133348,0.394021043774,0.00555872085895,0.357696833082,0.380003239601,1.0,1.0,0.855605681725,10.6842105263,0.846889952153,3423.28463409,624109.785832,125161696.822,12.0,-0.282296650718,543.650717703,4.65475695103e-06,Class 1
0.523683065864,850.564593301,571803.178851,2839.05224405,0.757299764641,1.0,10938.5977888,0.657972918093,0.72281614749,0.00411286911563,0.591937702303,0.649025057443,1.0,1.0,0.776467783412,26.8468899522,0.722488038278,11007.14528,2336775.85721,506177177.356,8.74641148325,-1.0956937799,2539.5645933,3.16898685505e-06,Class 1
0.516631945239,1282.76555024,513293.100081,2962.30134692,0.774459219573,1.0,10597.3716596,0.695689653387,0.746835621883,0.00437936083972,0.567396690571,0.59533506828,1.0,1.0,0.78903072998,26.2870813397,0.717703349282,10668.3955791,2285594.91395,505157510.699,12.1435406699,-0.248803827751,2346.81818182,4.77925744715e-06,Class 1
0.444243492594,1186.90430622,725738.383995,3380.65137682,0.746537302163,1.0,12619.5069472,0.798357041691,0.876516329342,0.00382491497081,0.61429489103,0.615622622631,1.0,1.0,0.763332629035,31.4090909091,0.665071770335,12717.2094248,2697002.94964,587184499.523,11.5263157895,-0.825358851675,2883.06698565,4.42210288817e-06,Class 1
0.343833703441,1499.89952153,1042441.49314,4052.59777336,0.664776682084,1.0,15201.890716,0.949395512605,1.04880677978,0.00294280947872,0.739926651942,0.592137089387,1.0,1.0,0.688537778662,38.1459330144,0.583732057416,15343.467798,3262664.22625,715180775.205,15.1722488038,-1.37559808612,3461.48803828,5.58824327401e-06,Class 1
0.587555229963,595.377990431,524068.393635,2727.64928352,0.845032048663,1.0,10628.9613208,0.573555976598,0.611529726562,0.00509155550102,0.394711151821,0.671174579484,1.0,1.0,0.858817539579,24.4880382775,0.765550239234,10683.2831389,2390114.95557,542364028.567,5.43540669856,-0.813397129187,2522.35885167,2.21822662302e-06,Class 1
0.750829880268,1255.01913876,54700.4738249,930.638742255,0.868930160596,1.0,2673.58428396,0.327483118941,0.353409147275,0.00581054659554,0.32063448849,0.35612358303,1.0,1.0,0.872296556655,8.93540669856,0.866028708134,2684.6235994,458041.939446,87054384.556,11.6698564593,-0.50956937799,357.540669856,4.67588139088e-06,Class 1
0.349602802134,1613.99521531,912937.141626,3783.40526438,0.659814947058,1.0,13973.6028373,0.936359958221,1.02700843949,0.00300361967079,0.756314869673,0.578228278752,1.0,1.0,0.684445634519,36.3277511962,0.588516746411,14106.5192334,2909079.00514,621182930.725,16.3205741627,-1.32296650718,3123.69856459,6.01333474461e-06,Class 1
0.624504933495,573.612440191,433816.429855,2379.06248627,0.851979050445,1.0,9426.43640906,0.514387137864,0.55509771792,0.00520888340102,0.371342613875,0.747639196843,1.0,1.0,0.864915143843,21.6244019139,0.789473684211,9469.31379079,2147234.54879,495809795.629,5.53588516746,-1.12200956938,2224.26315789,2.13713373114e-06,Class 1
0.670657723037,1803.65550239,76617.6083547,1313.6352285,0.828136590207,1.0,3662.81864059,0.433361490577,0.473690867986,0.00524823117236,0.416625309889,0.272439684614,1.0,1.0,0.831651241888,12.2392344498,0.818181818182,3683.08218194,625175.232339,118039298.53,16.2296650718,-0.526315789474,470.04784689,6.71996062749e-06,Class 1
0.686362491701,1318.44976077,110851.956863,1214.01015374,0.837291854137,1.0,3989.79919811,0.413049266478,0.446348967632,0.00536985155651,0.396288993115,0.400904999884,1.0,1.0,0.844225802408,12.3588516746,0.827751196172,4009.2756628,725140.879643,141878646.276,12.5550239234,-1.06220095694,672.899521531,4.91220771922e-06,Class 1
0.517089810215,772.875598086,742693.682118,3477.07684034,0.803521440458,1.0,13469.0684937,0.664183331227,0.723409060716,0.00463798300954,0.458694073916,0.709717780736,1.0,1.0,0.823406243532,30.2416267943,0.717703349282,13547.0814343,3115032.52957,727095515.746,6.93301435407,-0.858851674641,3194.02392344,2.87953746278e-06,Class 1
0.678349854628,1376.51674641,125469.019673,1317.44406522,0.828100372613,1.0,4365.37641992,0.448312677853,0.46597789939,0.00524286556718,0.438583377588,0.475437671395,1.0,1.0,0.834968046031,13.0909090909,0.822966507177,4387.83278003,818586.971026,164705252.882,13.0622009569,-1.08612440191,753.033492823,5.12855050573e-06,Class 1
0.503994871912,1080.89952153,532533.898496,2762.14801259,0.780918292252,1.0,10527.0754523,0.675052853157,0.72640293072,0.00444732517204,0.506192178457,0.635995791709,1.0,1.0,0.796935649549,26.5023923445,0.708133971292,10596.5256628,2246784.79928,492266275.336,10.8995215311,-1.36842105263,2379.32057416,4.02715608237e-06,Class 1
0.678441427623,1376.64114833,108007.398137,1192.0262273,0.827513706197,1.0,3963.18529706,0.429941368143,0.462009938754,0.00524572722327,0.423092737692,0.412361842987,1.0,1.0,0.834512248831,12.5167464115,0.822966507177,3983.74426328,705670.124043,135343441.274,13.1578947368,-1.33014354067,651.971291866,5.12901399555e-06,Class 1
0.297360408416,1821.98564593,1168024.68035,4308.48294082,0.606498164115,1.0,16033.1491546,1.00159403024,1.10497325805,0.00256220921773,0.804140062261,0.574397744665,1.0,1.0,0.635273819615,40.8923444976,0.540669856459,16193.4205492,3424474.33285,751175798.455,18.7129186603,-1.67224880383,3593.49760766,6.78825406974e-06,Class 1
0.407797440535,1252.57416268,767426.772948,3319.69570996,0.698695497507,1.0,12712.7465623,0.828101282889,0.919107903544,0.0032676074458,0.672969129169,0.620204206855,1.0,1.0,0.719458229167,32.6267942584,0.636363636364,12818.0950408,2660880.10879,569704434.378,13.023923445,-1.81818181818,2891.88995215,4.66677203327e-06,Class 1
0.425791534077,2746.85167464,336151.094471,2824.64180745,0.67301142873,1.0,8691.3707515,0.828291680116,0.892191458414,0.00333127929397,0.786666034515,0.384555405806,1.0,1.0,0.687024151173,26.2009569378,0.650717703349,8775.8555073,1616159.81828,318820888.792,25.1961722488,-0.516746411483,1507.66028708,1.02340691327e-05,Class 1
0.426432545042,1385.33971292,606198.103379,2955.46993245,0.6977759862,1.0,11013.8392244,0.772030190819,0.869146099895,0.00347221585678,0.659095312948,0.546816234627,1.0,1.0,0.719847481302,29.6555023923,0.650717703349,11102.9697417,2211916.03118,456477793.835,14.4019138756,-1.54545454545,2429.8708134,5.16142262986e-06,Class 1
0.290675579772,1797.76076555,1160527.14492,4236.38836845,0.600526427542,1.0,15578.7871224,1.0209805636,1.16098163438,0.00242234577596,0.854441638055,0.511929605849,1.0,1.0,0.629325515272,40.7846889952,0.535885167464,15741.7574212,3221109.09802,681166341.889,18.4593301435,-1.33014354067,3486.63636364,6.69799834066e-06,Class 1
0.694191982784,1230.75598086,162215.210132,1525.78430147,0.852661167463,1.0,5102.20669125,0.420946684825,0.437524615541,0.0055544283748,0.37385635507,0.566406863928,1.0,1.0,0.858928316369,13.7416267943,0.832535885167,5124.30885658,1055337.97886,231927378.788,11.3014354067,-0.545454545455,973.602870813,4.58548304954e-06,Class 1
0.801149241089,792.229665072,92255.5094619,824.410123834,0.91119113411,1.0,3233.26220212,0.265106630969,0.281684561685,0.00633458736842,0.239188446441,0.587427426147,1.0,1.0,0.914194185388,8.62200956938,0.894736842105,3241.79629677,676269.81765,150539417.172,7.16746411483,-1.48803827751,612.526315789,2.95164578277e-06,Class 1
0.775875094435,1218.68421053,22792.6828045,708.666852303,0.883195124273,1.0,1825.37902983,0.289353226806,0.313629715869,0.00600478150317,0.289353226806,0.181964427496,1.0,1.0,0.885390708848,7.13636363636,0.88038277512,1833.10924534,259216.72763,40710918.915,11.3540669856,-0.50956937799,153.717703349,4.54050671052e-06,Class 1
0.70234197935,1419.22009569,66965.578189,1125.73839836,0.846985437187,1.0,3082.19316121,0.387452698636,0.418959020797,0.00543173486962,0.384572028821,0.290327030438,1.0,1.0,0.851558432876,10.6387559809,0.837320574163,3097.86642237,504551.437007,90378946.8965,13.3540669856,-0.0167464114833,419.827751196,5.28765229954e-06,Class 1
0.702433552345,539.4784689,289075.459211,1706.35719321,0.900576559508,1.0,7087.37202936,0.410879259803,0.419521269248,0.00607059959341,0.282194517054,0.812930682139,1.0,1.0,0.907471259737,16.528708134,0.837320574163,7113.33562093,1587400.79178,362308680.7,4.86602870813,-1.72009569378,1643.72248804,2.00995925529e-06,Class 1
0.61727066688,1523.06220096,164150.695973,1689.1550401,0.803498913194,1.0,5181.12767333,0.520076293123,0.555875461446,0.00482899855406,0.49478469761,0.407338727717,1.0,1.0,0.811306163111,15.7799043062,0.784688995215,5212.69821065,951933.650803,186450570.348,14.6315789474,0.0239234449761,922.655502392,5.6745415131e-06,Class 2
0.818502323665,763.736842105,36833.4017477,708.213054456,0.909752838786,1.0,1767.24126808,0.228228015632,0.246037076892,0.00633780673153,0.225347345817,0.391033066385,1.0,1.0,0.912095780334,6.15550239234,0.904306220096,1772.42413768,286293.056935,50822336.8578,7.4976076555,0.72966507177,252.267942584,2.84548878758e-06,Class 2
0.378265149607,2248.22488038,681115.402368,3865.89928352,0.667011144429,1.0,12696.9872492,0.892546077393,0.957208260985,0.00329085840159,0.771709257517,0.472884380288,1.0,1.0,0.684618503041,33.1602870813,0.612440191388,12812.5066736,2694728.98719,596789759.344,21.5454545455,0.849282296651,2641.58851675,8.37631280357e-06,Class 2
0.617041734393,1188.33014354,236282.384432,1934.92500123,0.813245115949,1.0,6284.61182889,0.537885354383,0.566692052532,0.00500284416199,0.47556091316,0.536139100491,1.0,1.0,0.822639722597,17.4473684211,0.784688995215,6320.77102763,1239380.98496,255106413.338,11.8229665072,0.523923444976,1283.38277512,4.42741519456e-06,Class 2
0.726425677068,817.267942584,219458.550577,1790.46597013,0.885527949546,1.0,6071.10297803,0.35992938834,0.384062037681,0.00587743780682,0.300756034767,0.64454172619,1.0,1.0,0.891821728444,14.3421052632,0.851674641148,6090.72587213,1374470.07909,321432528.655,7.16267942584,0.547846889952,1318.58851675,3.04493202221e-06,Class 2
0.617591172363,743.349282297,293990.321565,2050.24572491,0.842056250983,1.0,6858.76573934,0.501848823136,0.541853315018,0.00508440136077,0.405700801431,0.598838012985,1.0,1.0,0.851775877652,18.5023923445,0.784688995215,6894.49934701,1350846.13296,272279456.275,7.5980861244,1.2966507177,1538.07655502,2.76952993678e-06,Class 2
0.538197385591,1304.32535885,315366.115611,2308.7331651,0.778056869189,1.0,7437.89766273,0.610013551947,0.673123671695,0.00439188058515,0.51866290441,0.43244902438,1.0,1.0,0.791346853062,21.2583732057,0.732057416268,7488.068725,1418781.68335,280963812.304,13.0909090909,1.02870813397,1546.26794258,4.85958379818e-06,Class 2
0.70197568737,997.052631579,214496.636126,1842.55373926,0.863813577577,1.0,6068.96780858,0.412110390346,0.436243039686,0.00555657461688,0.364689303255,0.584980316241,1.0,1.0,0.871166021039,14.8181818182,0.837320574163,6092.29898816,1357908.77499,317078950.332,8.96650717703,0.578947368421,1274.0430622,3.71476394403e-06,Class 2
0.477163984341,1849.47368421,456893.945589,3068.24766869,0.731591457935,1.0,10072.42138,0.728053295149,0.785866848291,0.0038481659266,0.647038543611,0.564546006886,1.0,1.0,0.745127599577,26.4497607656,0.688995215311,10147.2657944,2118581.04502,465616790.049,17.4545454545,0.574162679426,2074.86124402,6.89066749331e-06,Class 2
0.317094388865,2909.04784689,625525.226564,3801.36511785,0.602765523915,1.0,11895.0802082,0.996109996169,1.08693557102,0.00255076259334,0.884838362396,0.379506275473,1.0,1.0,0.620085405345,34.2511961722,0.55980861244,12028.419353,2322933.22294,477977890.837,27.8421052632,0.566985645933,2280.37799043,1.08383707247e-05,Class 2
0.496394313317,766.492822967,702307.888109,3472.13291092,0.750600447893,1.0,12435.8786368,0.70787660629,0.778481175317,0.00396477841258,0.598925394242,0.722997053248,1.0,1.0,0.772682344711,29.6578947368,0.703349282297,12517.5006927,2726131.49058,604286027.445,7.85167464115,1.34210526316,2938.215311,2.85575686973e-06,Class 2
0.980998603512,113.693779904,-0.00795032760679,56.8388020639,0.990431427377,1.0,113.645394556,0.0234576664895,0.0263383363044,0.0076033741407,0.0234576664895,0.000758321416685,1.0,1.0,0.990517616355,0.521531100478,0.99043062201,113.661428351,12387.2933738,1350021.4267,1.04306220096,0.0,0.0,4.23594041952e-07,Class 2
0.6169043749,1078.94258373,260056.229657,2046.70288699,0.818178596896,1.0,6626.32310717,0.533917393747,0.573540682983,0.00495133435223,0.458363041062,0.576134265849,1.0,1.0,0.829632357974,17.9880382775,0.784688995215,6663.3305372,1324717.78793,274783222.052,10.5311004785,1.03110047847,1396.37799043,4.01986503098e-06,Class 2
0.540715642957,744.593301435,615145.803253,3298.68285111,0.842350802085,1.0,11889.1058573,0.581267123143,0.632938134008,0.00519493282754,0.405117040878,0.670938650784,1.0,1.0,0.853051148761,27.3110047847,0.732057416268,11950.5612489,2725232.16022,636496924.192,7.24401913876,0.952153110048,2801.91866029,2.77416483497e-06,Class 2
0.734392527644,959.669856459,89482.8885806,1068.10622132,0.869539637302,1.0,3201.75141407,0.34995870823,0.379146609026,0.00568356060621,0.33843602897,0.376086937381,1.0,1.0,0.874173331192,10.1124401914,0.856459330144,3215.15290562,566322.638538,107136699.871,9.54545454545,0.241626794258,564.028708134,3.57548525328e-06,Class 2
0.496394313317,645.703349282,758649.96158,3570.67634692,0.768522727379,1.0,13109.6622091,0.732009255631,0.778481175317,0.00417832949886,0.567492447402,0.700858468041,1.0,1.0,0.78895563621,30.5454545455,0.703349282297,13196.6557465,2928429.00796,659436087.865,6.85167464115,0.88995215311,3138.215311,2.40572608154e-06,Class 2
0.54479064124,727.0,563936.828969,3134.8421663,0.803360693696,1.0,10971.4601755,0.633010295027,0.674426963257,0.0046161628818,0.492114313761,0.772960854484,1.0,1.0,0.818698410049,26.0311004785,0.736842105263,11035.3445922,2436592.43608,550903403.041,7.44019138756,1.52870813397,2577.49282297,2.70861667858e-06,Class 2
0.742588310707,1140.6507177,65704.5286335,1023.10308137,0.880155598905,1.0,2819.34598772,0.342857089136,0.366283650303,0.00593789029189,0.307079871382,0.361697560635,1.0,1.0,0.883393044154,9.36842105263,0.861244019139,2831.49127285,477960.255346,88123792.6184,10.7846889952,0.267942583732,422.85645933,4.24977380798e-06,Class 2
0.632746503056,882.483253589,250902.267596,1925.52944202,0.825473026873,1.0,6306.82264391,0.479734850933,0.514865137164,0.0050207295126,0.419359693209,0.614852582049,1.0,1.0,0.836295993096,17.1076555024,0.794258373206,6338.3520683,1260923.61589,261482133.529,9.15311004785,1.06937799043,1364.23444976,3.28790764681e-06,Class 2
0.469883931229,992.66507177,753519.952439,3735.47471714,0.741578592107,1.0,13207.7094884,0.739745032354,0.831039332455,0.00386175879306,0.617207027298,0.63551109697,1.0,1.0,0.760881676485,31.3086124402,0.684210526316,13297.8472836,2938281.23478,663323766.11,10.014354067,1.39473684211,3076.784689,3.69841701463e-06,Class 2
0.544699068245,612.755980861,546815.966825,2874.95580266,0.828328845741,1.0,10439.1573435,0.649063183374,0.684156263523,0.004856541994,0.438106325202,0.711792226983,1.0,1.0,0.840033093332,25.5837320574,0.736842105263,10503.5591556,2228586.50772,482425298.272,6.26794258373,0.827751196172,2473.10047847,2.2829725855e-06,Class 2
0.587280510977,405.100478469,514523.815152,2727.76187324,0.827271039386,1.0,10176.0338042,0.587397077222,0.627020366457,0.00495669995741,0.445107252153,0.731590810268,1.0,1.0,0.842172482212,23.8564593301,0.765550239234,10230.2508422,2258362.95794,506810046.697,4.71770334928,0.574162679426,2456.66028708,1.50930111758e-06,Class 2
0.401936768847,674.483253589,1203335.90847,4637.01000422,0.743895288348,1.0,16887.5060706,0.872197846488,0.932367027075,0.00382920745495,0.601905376148,0.740035912234,1.0,1.0,0.767785895683,38.6435406699,0.631578947368,17019.1496162,3853269.76406,886646837.11,7.23923444976,1.75358851675,4086.77033493,2.51295266862e-06,Class 2
0.745335500561,690.631578947,189162.55942,1709.74953771,0.922029758401,1.0,5338.01947653,0.291308820274,0.304624878528,0.00654026890043,0.193761425707,0.665722726684,1.0,1.0,0.924874426131,12.8181818182,0.861244019139,5352.06992117,1207756.23214,284867602.429,6.37320574163,1.68421052632,1165.55980861,2.5731172125e-06,Class 2
0.482933083034,899.779904306,720393.255638,3517.89539596,0.740799285079,1.0,12705.5471394,0.744266691693,0.811990590905,0.00395512032325,0.622198162862,0.687075551247,1.0,1.0,0.763368028899,30.3732057416,0.693779904306,12793.5181867,2791450.91007,621328822.936,9.1004784689,0.822966507177,2973.90909091,3.35235055825e-06,Class 2
0.558709736499,952.722488038,444342.769229,2709.72546474,0.796950274948,1.0,9385.41331987,0.612949535314,0.661920922168,0.00466087625832,0.505922004969,0.652862259465,1.0,1.0,0.811379692665,23.5861244019,0.746411483254,9441.39214007,1979406.83082,426742035.993,9.28708133971,1.03110047847,2122.53588517,3.54960112951e-06,Class 2
0.688102378609,610.875598086,378938.836718,2631.56233675,0.931903111646,1.0,9119.98736406,0.322306738019,0.330242659291,0.00660823323275,0.184339931412,0.657956880648,1.0,1.0,0.934246741199,19.45215311,0.822966507177,9143.74620706,2229004.54023,553520870.764,5.28708133971,1.51913875598,2133.5215311,2.27596675861e-06,Class 2
0.63361644651,952.71291866,420026.442593,2826.66034812,0.855776700535,1.0,9857.88485643,0.453427619952,0.495931579002,0.00538308671596,0.357488616287,0.516861912199,1.0,1.0,0.866063880611,21.7535885167,0.794258373206,9895.77461615,2352552.27117,573140231.795,8.02392344498,0.906698564593,2236.10526316,3.54956547645e-06,Class 2
0.530413681005,852.966507177,583502.962478,3166.1310419,0.770065990424,1.0,11322.4186795,0.666008252859,0.721828270164,0.00428635701655,0.541312092866,0.689452956414,1.0,1.0,0.790942558678,26.8851674641,0.727272727273,11391.9180073,2516341.94533,568589099.012,8.55502392344,0.866028708134,2635.15789474,3.17793577387e-06,Class 2
0.639660264188,587.894736842,357833.622842,2377.05994441,0.832245736147,1.0,8096.15331303,0.514206121631,0.53149014052,0.0051877786873,0.4272189483,0.814029241541,1.0,1.0,0.846424445625,19.4688995215,0.799043062201,8134.71645227,1775373.69972,396852177.418,6.27751196172,1.80861244019,1887.00956938,2.19034592773e-06,Class 2
0.537510588128,668.688995215,658085.455716,3437.98413699,0.809318575427,1.0,12352.4926183,0.633319336654,0.702455412214,0.00467554224582,0.483295055177,0.701495902639,1.0,1.0,0.825388144037,28.0909090909,0.732057416268,12421.4981508,2827801.19396,653763681.607,6.56459330144,1.40669856459,2938.64114833,2.49136473896e-06,Class 2
0.537419015132,1260.83253589,388286.146511,2637.01321893,0.770559669438,1.0,8614.13971664,0.648428773903,0.708216751844,0.00428277994643,0.547839790015,0.581214646718,1.0,1.0,0.787470473377,23.0861244019,0.732057416268,8672.15544749,1727683.43976,356972030.612,12.028708134,1.48803827751,1853.19138756,4.69754062667e-06,Class 2
0.438565966896,1797.4784689,576303.714748,3392.33925063,0.70631475137,1.0,11432.8300351,0.80491983274,0.856065801236,0.00368827089215,0.68828616619,0.526841190785,1.0,1.0,0.724855995744,29.5,0.66028708134,11525.3191736,2440314.45865,542450887.391,17.3540669856,0.543062200957,2432.42105263,6.6969465753e-06,Class 2
0.726700396053,1413.95215311,129294.870563,1666.91296474,0.871070224852,1.0,4643.44444681,0.348202600013,0.375276188513,0.00581483907969,0.308526497516,0.339472752797,1.0,1.0,0.876037800132,12.3444976077,0.851674641148,4659.74545945,979064.063533,221617919.756,11.7894736842,1.19138755981,811.641148325,5.26802528834e-06,Class 2
0.639568691193,778.076555024,293221.766632,2076.82990553,0.82722093447,1.0,7043.78218838,0.49583481192,0.535458101156,0.00501178683729,0.447641348989,0.633832309767,1.0,1.0,0.840046473282,18.1196172249,0.799043062201,7078.34145227,1453271.19056,306922138.334,7.76076555024,1.03827751196,1575.3492823,2.89891490254e-06,Class 2
0.702021473867,861.933014354,214727.997009,1812.71896056,0.86168912114,1.0,5885.40837862,0.411023099525,0.433362369871,0.00555585920285,0.36809501544,0.608027154666,1.0,1.0,0.87031337907,14.7751196172,0.837320574163,5908.60789964,1259453.28031,278730412.203,7.96172248804,1.07177033493,1261.89952153,3.21134269394e-06,Class 2
0.368695771617,801.846889952,1433484.85252,5012.18703771,0.756032236805,1.0,18856.7235729,0.898987788186,0.973560317849,0.00393008083239,0.59141295042,0.667254224728,1.0,1.0,0.775032426959,42.4449760766,0.602870813397,19005.8928877,4370935.91699,1021215893.67,8.13397129187,0.401913875598,4551.67464115,2.98747711113e-06,Class 2
0.438016528926,1938.44497608,616977.757559,3637.96327874,0.706338131905,1.0,12232.5534777,0.82905248208,0.881285741397,0.00358167420251,0.734663261704,0.533138804367,1.0,1.0,0.722019314695,30.5574162679,0.66028708134,12331.2913626,2687179.05037,612551185.566,18.1100478469,0.581339712919,2598.68899522,7.22215184691e-06,Class 2
0.79286188503,793.071770335,53117.1728645,852.59725003,0.908141376487,1.0,2204.0172458,0.261852356478,0.282017045183,0.00627091552025,0.234869046341,0.397966208251,1.0,1.0,0.910235073685,7.33971291866,0.88995215311,2211.17787572,373029.804408,68513574.1683,7.82775119617,0.985645933014,354.641148325,2.95478325232e-06,Class 2
0.670474577047,1326.26315789,129929.040329,1429.86848209,0.832872570156,1.0,4389.01496484,0.444884169837,0.481626789258,0.00530474888029,0.425096988107,0.420563156808,1.0,1.0,0.839632073288,13.3421052632,0.818181818182,4411.72617117,807420.927211,158730496.26,12.7033492823,-0.0215311004785,771.574162679,4.94131844519e-06,Class 2
0.718046748014,822.248803828,163848.202537,1550.96096115,0.873544363188,1.0,4757.8735485,0.38646632515,0.410598974491,0.00568749538334,0.329589910457,0.639281853193,1.0,1.0,0.880956842646,12.7942583732,0.846889952153,4776.70299534,962243.719246,202811512.473,7.85645933014,1.34449760766,988.813397129,3.06348944152e-06,Class 2
0.589936127836,918.153110048,469788.348772,2992.1786645,0.848905249331,1.0,10278.2955199,0.546990284972,0.563568215688,0.00537307091962,0.384060225682,0.671388041309,1.0,1.0,0.859312107711,23.5406698565,0.765550239234,10328.0313446,2386841.68594,567652202.662,8.45933014354,1.46889952153,2352.83732057,3.42080443929e-06,Class 2
0.70197568737,252.66507177,295616.455547,1866.18688819,0.866632277414,1.0,6836.81325003,0.406349050716,0.436243039686,0.00562346582816,0.337590117994,0.772721105117,1.0,1.0,0.880246801275,16.3421052632,0.837320574163,6862.18938888,1476183.58845,321865407.492,3.08612440191,0.791866028708,1652.63636364,9.41365649918e-07,Class 2
0.463748540555,1620.76076555,566840.312701,3391.47770757,0.712949449077,1.0,11266.7385944,0.771586926929,0.825757404962,0.0036428421016,0.692362915426,0.589069000081,1.0,1.0,0.731338769558,28.7344497608,0.679425837321,11353.0320922,2391534.60272,523409617.58,15.3540669856,1.32775119617,2433.51674641,6.03854146018e-06,Class 2
0.510450768068,1392.26315789,616716.643565,3546.85674465,0.728905480446,1.0,12453.1281781,0.651386063659,0.731074114122,0.00400770325404,0.607430053417,0.524762445102,1.0,1.0,0.750637668568,28.8157894737,0.712918660287,12525.9839463,2861379.17072,672427369.103,12.7511961722,0.566985645933,2783.88038278,5.18721762096e-06,Class 2
0.489984203658,1510.75598086,489286.349512,3121.60009094,0.746324342357,1.0,10213.9887008,0.727872144357,0.779018112853,0.00404991268148,0.629524359327,0.595003457818,1.0,1.0,0.760927560462,26.4832535885,0.698564593301,10288.9096341,2139082.96044,463539067.286,14.4784688995,1.56459330144,2194.95215311,5.62869167403e-06,Class 2
0.566081362606,1100.72248804,337468.576337,2357.62371534,0.789351874017,1.0,7742.69139037,0.592054382281,0.645231092695,0.00449847727478,0.52330070522,0.566096919456,1.0,1.0,0.803800294098,21.1124401914,0.751196172249,7791.02042955,1519902.53055,306555004.224,10.7224880383,1.13636363636,1672.90430622,4.10101140245e-06,Class 2
0.55193333486,1562.32535885,284070.482335,2210.06211247,0.779427539701,1.0,7275.31295826,0.595801300889,0.660082281834,0.00438794580801,0.538683515623,0.456557015702,1.0,1.0,0.788765646526,20.5741626794,0.741626794258,7322.7047896,1416060.19177,288971840.563,14.8229665072,-0.0478468899522,1440.41626794,5.82082603074e-06,Class 2
0.694100409789,1005.1291866,172629.10053,1568.20408316,0.860284686123,1.0,5081.9072553,0.424914645461,0.445079334165,0.00555478608182,0.37494364589,0.581519920029,1.0,1.0,0.866499301012,13.7464114833,0.832535885167,5104.23200251,1037108.20225,223001465.853,9.64593301435,0.44976076555,1024.99043062,3.74485512924e-06,Class 2
0.734529887136,929.33492823,116078.990866,1268.80620637,0.863084832629,1.0,3809.28293693,0.352133289871,0.37409135757,0.00568248748517,0.34528465942,0.536732075078,1.0,1.0,0.870635226448,11.0358851675,0.856459330144,3824.0138506,727418.938934,147173877.255,9.01913875598,0.758373205742,723.842105263,3.46246504345e-06,Class 2
0.742588310707,1011.8708134,110429.736567,1240.15137682,0.875756445182,1.0,3779.76029224,0.356554350037,0.366283650303,0.00587350302969,0.318183893379,0.522842399916,1.0,1.0,0.881800695939,10.8349282297,0.861244019139,3794.40918553,729138.336517,149350335.243,9.26794258373,0.303827751196,695.803827751,3.76997271215e-06,Class 3
0.742496737712,935.779904306,125477.064593,1305.12850003,0.868102098015,1.0,4064.73494074,0.363402980488,0.372044989933,0.00574150914219,0.357641640858,0.581484223317,1.0,1.0,0.873371862832,11.1913875598,0.861244019139,4080.17159582,816407.280594,173456449.362,9.01435406699,0.492822966507,786.272727273,3.4864773814e-06,Class 3
0.595751013026,1402.85167464,356508.482766,2600.04416989,0.810403127248,1.0,8836.16507317,0.54523075483,0.576355874344,0.00506365435406,0.461217030928,0.478796044079,1.0,1.0,0.818532223555,21.4114832536,0.77033492823,8881.22661974,1978451.77598,459795899.936,12.966507177,0.263157894737,1869.92822967,5.22666773521e-06,Class 3
0.610036400266,1715.88995215,127879.608981,1582.47770757,0.79928968911,1.0,4594.93520837,0.503938549816,0.554141067213,0.00477856186534,0.476341203529,0.316950246883,1.0,1.0,0.805120622988,15.0693779904,0.77990430622,4624.11582428,789202.471308,146119996.44,16.4449760766,-0.011961722488,727.291866029,6.39296855984e-06,Class 3
0.602390055173,1712.08133971,157355.113931,1754.2466968,0.787947754324,1.0,5194.67350908,0.534584863396,0.581581825451,0.00465551065314,0.521268805141,0.395851089585,1.0,1.0,0.795724733941,16.1507177033,0.775119617225,5227.91426926,940074.520739,182412301.076,16.2822966507,0.217703349282,879.210526316,6.37877864075e-06,Class 3
0.610311119251,1799.93301435,111555.775347,1538.96806343,0.797191639595,1.0,4336.44727824,0.49473429192,0.545355218046,0.00483651040132,0.470471002465,0.303511902895,1.0,1.0,0.803822792687,14.6124401914,0.77990430622,4364.20658385,732560.104984,134988788.858,17.2631578947,-0.00956937799043,641.296650718,6.70609158597e-06,Class 3
0.580549895836,1399.44019139,248446.087375,1945.89629309,0.792379174986,1.0,6576.75022729,0.572620040865,0.610831153753,0.00477319626016,0.495562441136,0.46835105532,1.0,1.0,0.803155298856,18.8062200957,0.760765550239,6618.32246304,1265787.12137,255173484.212,13.7559808612,-0.528708133971,1305.01435407,5.21395741824e-06,Class 3
0.372083972437,1655.22009569,849075.879386,3946.15347013,0.653840290928,1.0,13820.3037262,0.893115298901,0.994580371259,0.00302973228268,0.773368657039,0.557274343769,1.0,1.0,0.677534113724,35.1602870813,0.607655502392,13942.9175587,2945650.72353,644852436.524,16.8181818182,0.342105263158,3072.47368421,6.16692814018e-06,Class 3
0.544470135757,1629.4784689,310538.990997,2354.26247132,0.747784071165,1.0,7826.19426856,0.647413644102,0.692798272968,0.00420623064581,0.614113942947,0.526655533329,1.0,1.0,0.763264033975,21.4138755981,0.736842105263,7879.89154199,1587743.52217,338755569.4,15.6602870813,-0.236842105263,1562.93779904,6.07102140061e-06,Class 3
0.300794395733,2638.05741627,869918.23477,4296.99475302,0.573020892079,1.0,14047.2471435,1.03956118872,1.14058478908,0.00233935774913,0.947454166801,0.451272061851,1.0,1.0,0.599346334921,38.1339712919,0.545454545455,14202.353713,2851204.53418,600237810.997,25.1674641148,0.789473684211,2891.66985646,9.82872945907e-06,Class 3
0.241409308395,2313.40669856,1476793.79931,5085.51718125,0.546601432373,1.0,17866.0036577,1.14590507834,1.29269451021,0.00208681659852,0.974834418706,0.498657174503,1.0,1.0,0.57907309086,45.956937799,0.488038277512,18072.4676484,3771406.7762,815352425.262,22.6698564593,-0.0478468899522,3940.48325359,8.61916364245e-06,Class 3
0.594881069573,1108.40669856,310466.406286,2173.4220108,0.792934529051,1.0,7511.3227945,0.559838212973,0.598899253757,0.00471274377509,0.514936186706,0.559286434925,1.0,1.0,0.806443682025,19.8110047847,0.77033492823,7554.13526208,1538811.77999,325854133.834,10.971291866,0.0358851674641,1611.74162679,4.12964081207e-06,Class 3
0.587875735446,1394.68421053,225206.292734,1869.64248029,0.791055535931,1.0,6169.23302609,0.547104905894,0.598919756482,0.00460614708546,0.504580444119,0.455115366022,1.0,1.0,0.801088599799,17.9497607656,0.765550239234,6207.0936951,1176506.94443,236341067.898,13.8133971292,-0.27033492823,1203.38277512,5.19623784591e-06,Class 3
0.305739337469,1797.94736842,1209839.34095,4508.03916092,0.617244229178,1.0,16374.6769831,1.04217967613,1.14376552495,0.00261514985554,0.851246236649,0.539717769787,1.0,1.0,0.64776251815,41.4186602871,0.55023923445,16543.6651664,3479072.23015,754275187.028,17.4593301435,-0.744019138756,3687.07655502,6.69869357539e-06,Class 3
0.395068794213,932.258373206,1052295.10065,4257.23077276,0.696013337688,1.0,15381.3816614,0.890760857584,0.968920145235,0.00337205789336,0.696558703974,0.673654668609,1.0,1.0,0.722447817385,36.8899521531,0.626794258373,15509.7233303,3377901.43487,750467458.832,9.83732057416,1.32057416268,3644.94258373,3.47335705421e-06,Class 3
0.438108101921,2184.25358852,436687.981114,2995.92844022,0.69290112841,1.0,9732.60569944,0.814649133006,0.877317780761,0.0034847356022,0.74489916331,0.470375513984,1.0,1.0,0.707542900401,27.2655502392,0.66028708134,9819.08562093,1929232.77655,401117230.141,20.6267942584,-0.0215311004785,1909.13397129,8.13797207716e-06,Class 3
0.516769304732,1997.05741627,292879.868489,2372.54349704,0.737273610875,1.0,7767.46828686,0.691721692752,0.738193612438,0.00409534147203,0.641494400872,0.441547046988,1.0,1.0,0.749230243104,22.0311004785,0.717703349282,7826.57066878,1540739.89628,324622863.473,18.8660287081,-0.772727272727,1457.72248804,7.44052685801e-06,Class 3
0.432705295208,1874.58851675,439366.148425,2829.26703173,0.727385460732,1.0,9326.03761998,0.780198606711,0.852359191808,0.00385496235983,0.619319136282,0.399351595417,1.0,1.0,0.741514783547,26.9688995215,0.655502392344,9407.90798936,1775361.9074,351963919.884,18.3397129187,0.0406698564593,1883.75119617,6.98423895726e-06,Class 3
0.827155971704,826.325358852,24749.2512517,632.039983284,0.911490386741,1.0,1509.95540538,0.218133072087,0.233061463531,0.00640505564982,0.215252402272,0.282933261345,1.0,1.0,0.914208299111,5.54545454545,0.909090909091,1514.40006471,236768.793855,41993404.7941,7.98086124402,0.473684210526,172.105263158,3.07867764638e-06,Class 3
0.537922666606,1949.68899522,231708.502906,2135.95116749,0.744836695995,1.0,6680.82087036,0.635437601176,0.682290723509,0.00415400542203,0.617066291465,0.402888024435,1.0,1.0,0.755268842521,19.9497607656,0.732057416268,6729.87778601,1259696.35944,253332250.167,18.7224880383,-0.284688995215,1195.35885167,7.26404419598e-06,Class 3
0.809802889128,681.535885167,63950.2294171,794.154890581,0.902172588986,1.0,2390.76886847,0.247479016422,0.264763035312,0.00626912698518,0.241717676792,0.519586721695,1.0,1.0,0.907618963663,7.3038277512,0.8995215311,2397.48155395,435322.875303,84704986.612,6.68421052632,0.241626794258,429.100478469,2.53922897608e-06,Class 3
0.38385110231,2748.98086124,447452.798503,3236.78489955,0.636446295684,1.0,10088.9389249,0.901829809389,0.96685408459,0.00305477177354,0.839410780021,0.389500280412,1.0,1.0,0.653648648579,29.3803827751,0.617224880383,10192.2740181,1952674.74436,400216293.85,26.004784689,0.00717703349282,1861.28229665,1.02420019393e-05,Class 3
0.444426638584,1411.45933014,627330.996468,3336.31031821,0.703909067745,1.0,11620.6052458,0.788102699056,0.864993650082,0.00354268413818,0.707803978306,0.576448644954,1.0,1.0,0.723719349769,29.8492822967,0.665071770335,11712.2160037,2441779.92702,527020603.994,14.4354066986,0.514354066986,2575.65550239,5.25873766542e-06,Class 3
0.419244064925,1424.26315789,844035.145433,3970.30336546,0.687777009662,1.0,14113.2460596,0.850299606178,0.923928684742,0.00345182655708,0.718685099589,0.610917289219,1.0,1.0,0.713731539852,34.2655502392,0.645933014354,14226.9256329,3088396.83779,688616086.639,13.4880382775,0.523923444976,3201.20095694,5.30644146376e-06,Class 3
0.445021863053,2053.35406699,364682.757559,2584.77353592,0.703949369345,1.0,8501.32275285,0.747248279277,0.839067621747,0.00363854961745,0.681225391038,0.342459389875,1.0,1.0,0.719051210858,25.3229665072,0.665071770335,8574.87210419,1585439.01578,310558619.715,20.0622009569,-0.72009569378,1630.77511962,7.65027382787e-06,Class 3
0.450836748243,1554.05741627,586591.140057,3245.90810529,0.711986362155,1.0,11352.0602844,0.793047637756,0.849773900077,0.00373834987385,0.685984413302,0.554095468422,1.0,1.0,0.731796939224,29.1722488038,0.66985645933,11442.1482705,2401700.29557,524351855.085,15.3492822967,-0.0143540669856,2472.4784689,5.79002178427e-06,Class 3
0.617179093885,1553.04784689,183614.208758,1826.52914297,0.802339946182,1.0,5622.5007183,0.521869672118,0.558050043087,0.00488837791808,0.477035226923,0.464240199024,1.0,1.0,0.812515045146,16.4234449761,0.784688995215,5655.48574055,1075650.28654,219278414.534,14.4449760766,0.241626794258,1025.86602871,5.78626038612e-06,Class 3
0.489938417161,1478.35885167,459660.854117,2869.2526029,0.728333097375,1.0,9661.50991282,0.709500834647,0.778312024679,0.00384709280556,0.647359476913,0.551351358504,1.0,1.0,0.747385180755,25.8397129187,0.698564593301,9732.724975,1953372.92249,407451025.069,14.3684210526,0.562200956938,2063.99521531,5.50798822911e-06,Class 3
0.58741787047,1934.21052632,165309.726164,1847.28332958,0.779986173861,1.0,5545.27014709,0.590277747037,0.618378357013,0.00459362734003,0.556957543158,0.406481077416,1.0,1.0,0.78776328751,17.0574162679,0.765550239234,5584.13032787,1016989.05145,200593148.157,17.8373205742,-0.277511961722,912.746411483,7.20637536651e-06,Class 3
0.439206977862,2285.18660287,349755.503391,2662.81114058,0.700243133341,1.0,8506.47258442,0.756571201451,0.833582691167,0.00364498834367,0.675055833273,0.363433570245,1.0,1.0,0.714968287199,25.4593301435,0.66028708134,8581.35640443,1590065.21402,314156842.688,21.8468899522,-0.507177033493,1574.44019139,8.51402275955e-06,Class 3
0.63210549209,1042.90909091,240364.089446,1961.63149046,0.818932696039,1.0,6289.87727767,0.512128307072,0.539522828874,0.0050675891312,0.445870230756,0.58610666009,1.0,1.0,0.830210641273,17.009569378,0.794258373206,6323.3964762,1275434.9343,270361882.943,10.5167464115,1.06698564593,1320.38755981,3.88561342211e-06,Class 3
0.588242027426,2040.54066986,89471.857136,1556.0824474,0.776067734504,1.0,4056.79437732,0.519566544369,0.577667776956,0.00460686249948,0.501174731935,0.19336064426,1.0,1.0,0.783190762839,14.6961722488,0.765550239234,4086.14871902,637216.483321,110106306.668,19.6411483254,0.241626794258,511.631578947,7.60253437646e-06,Class 3
0.647489755271,1244.55980861,176203.630239,1654.79297371,0.818869367863,1.0,5245.52329316,0.47447362234,0.509041660119,0.0050647274751,0.455980733668,0.458645231018,1.0,1.0,0.828171447177,15.1507177033,0.803827751196,5273.10595586,1005964.84403,203632389.774,12.0909090909,0.246411483254,1007.37320574,4.63691259297e-06,Class 3
0.203314942423,2693.02392344,1488878.26543,5151.3577913,0.523112954868,1.0,17442.4693658,1.19015230651,1.32802515994,0.00186146118083,0.976785462677,0.465732525587,1.0,1.0,0.554188946337,46.990430622,0.444976076555,17661.8193231,3560675.33483,748360477.268,26.4880382775,0.545454545455,3742.93301435,1.00335206532e-05,Class 3
0.413978617706,777.660287081,1149483.5731,4419.15145159,0.734653927121,1.0,16742.9267714,0.845924639447,0.913648538658,0.00385245841075,0.637569907302,0.709473217484,1.0,1.0,0.759181818399,38.0502392344,0.641148325359,16868.5838267,3840943.33945,889084052.134,7.91866028708,0.0311004784689,4023.32535885,2.8973639943e-06,Class 3
0.544515922255,620.693779904,556837.654737,2795.93561726,0.794265483679,1.0,10623.5512516,0.635509762195,0.688124224158,0.00451171243424,0.5020315802,0.711620985042,1.0,1.0,0.811555317873,25.8301435407,0.736842105263,10687.1944726,2279639.28223,494791483.946,6.52153110048,-0.27033492823,2517.02870813,2.31254680129e-06,Class 3
0.158581534306,1719.88038278,3078769.18731,6327.96701678,0.50407743153,1.0,23294.5505807,1.2983632444,1.47670931496,0.00163574805613,0.964044545794,0.534240021709,1.0,1.0,0.5489082253,57.8444976077,0.392344497608,23589.662475,5009173.24554,1088392649.72,17.7464114833,0.00239234449761,5468.3492823,6.40783588713e-06,Class 3
0.60206954969,1864.73684211,150583.552905,1836.62879907,0.797255563353,1.0,5211.29884206,0.559242555106,0.595985174526,0.00476747294796,0.512665414222,0.400270805022,1.0,1.0,0.803805557441,16.1913875598,0.775119617225,5246.19402404,948424.883911,186614537.568,17.0909090909,0.526315789474,845.61722488,6.94753412886e-06,Class 3
0.444197706096,1223.51674641,805245.569511,3910.39233077,0.70636840854,1.0,13827.4051755,0.816728351401,0.877603620162,0.00354018018909,0.722030233802,0.642825559565,1.0,1.0,0.725926441392,32.9162679426,0.665071770335,13932.2157047,3082224.88396,699007462.215,12.3110047847,1.07894736842,3177.68899522,4.55851150735e-06,Class 3
0.580183603855,1133.9569378,323253.697245,2255.11145458,0.792697959043,1.0,7674.24461797,0.585086171222,0.629908551637,0.00460113918729,0.529419181633,0.595625021029,1.0,1.0,0.805726452003,20.4186602871,0.760765550239,7720.41307309,1562878.54942,329466947.293,11.2009569378,0.318181818182,1646.93301435,4.22483449038e-06,Class 3
0.432064284243,1397.9138756,848437.371725,4087.49011785,0.704497011905,1.0,14544.1818292,0.793277302041,0.878810262512,0.00354983827842,0.688837166288,0.575275650737,1.0,1.0,0.727156134914,34.1770334928,0.655502392344,14649.8641795,3289928.06053,758243064.198,13.1770334928,0.602870813397,3313.5215311,5.20827075469e-06,Class 3
0.425974680067,1733.29186603,552219.292389,3107.94690613,0.694045153357,1.0,10737.048039,0.810951344106,0.880668779154,0.00355448846958,0.682292323645,0.456511216976,1.0,1.0,0.716850096517,29.2296650718,0.650717703349,10829.3791317,2151151.79416,445705040.374,17.023923445,-0.411483253589,2274.4784689,6.45780365497e-06,Class 3
0.530734186488,1516.29186603,352967.572775,2505.92903831,0.749160788724,1.0,8317.63376672,0.666189298663,0.707424921089,0.00415758249216,0.604024802217,0.538269462777,1.0,1.0,0.764816455964,22.6387559809,0.727272727273,8376.1020683,1673177.75333,350475219.331,14.6076555024,0.27990430622,1715.3062201,5.649316971e-06,Class 3
0.862045282846,495.373205742,52114.5806856,586.448700389,0.934843976369,1.0,1948.26610304,0.182843591686,0.190779512957,0.0067445196044,0.169813861499,0.561335340695,1.0,1.0,0.938002051641,5.52392344498,0.928229665072,1951.9277262,384880.117313,81584362.2337,4.76076555024,-0.246411483254,364.224880383,1.84563428775e-06,Class 3
0.775691948444,832.535885167,103957.31882,1093.89644261,0.887841561445,1.0,3510.98086928,0.307868376239,0.323359016135,0.00600120443305,0.306074997245,0.517038243705,1.0,1.0,0.893441699507,9.66985645933,0.88038277512,3522.19013649,702712.509974,148670548.629,7.72248803828,0.0239234449761,672.564593301,3.10181648429e-06,Class 3
0.517410315698,1934.05741627,261652.13865,2238.43905625,0.756915664415,1.0,7094.57971158,0.656628612603,0.710799090636,0.00421374249307,0.589981293607,0.410313056004,1.0,1.0,0.76677438984,21.1770334928,0.717703349282,7148.44701448,1329717.99558,264735234.565,18.3157894737,-0.277511961722,1303.92822967,7.20580491751e-06,Class 3
0.490029990156,1804.72727273,357876.765637,2575.82070996,0.733494936049,1.0,8416.49095366,0.710444285745,0.774344064043,0.00394868159703,0.631662846946,0.431869836168,1.0,1.0,0.749196096951,24.014354067,0.698564593301,8482.72901208,1617895.17901,324269710.235,17.1196172249,0.0191387559809,1669.87559809,6.72395377055e-06,Class 3
0.504132231405,1779.36363636,300652.3367,2452.99617348,0.744152502878,1.0,7544.67583436,0.646246155007,0.722291130362,0.00401163803118,0.592691628222,0.399436118476,1.0,1.0,0.756542299852,22.1985645933,0.708133971292,7600.25398218,1425115.33716,283442703.497,17.3444976077,1.01674641148,1455.56937799,6.62945532697e-06,Class 3
0.662828231954,1148.98564593,169272.743236,1557.22927754,0.830679758278,1.0,5054.67316101,0.457115195615,0.487534226954,0.00518813639431,0.423669396393,0.557243192348,1.0,1.0,0.839892718992,14.4210526316,0.813397129187,5079.93146424,988006.058053,204537552.275,11.2631578947,-5.13478148889e-16,982.961722488,4.28082762588e-06,Class 3
0.580687255328,1576.01913876,218121.405691,1930.61893065,0.786534420972,1.0,6198.91034112,0.555898270426,0.605775902297,0.00465694148119,0.520887602495,0.420641885799,1.0,1.0,0.795925456271,18.1961722488,0.760765550239,6237.92518433,1175167.762,235630885.575,15.2440191388,-0.234449760766,1165.76076555,5.87184556395e-06,Class 3
0.702021473867,949.023923445,155219.743076,1429.03609572,0.862701533485,1.0,4635.37652898,0.404555671722,0.435155748866,0.00555764773791,0.362189836087,0.540536879355,1.0,1.0,0.869975779139,13.0526315789,0.837320574163,4655.5193829,897947.772555,182185951.837,8.97607655502,0.258373205742,926.827751196,3.53582122065e-06,Class 4
0.871111009363,243.507177033,109574.368641,804.128200987,0.957219075096,1.0,3257.95942886,0.169107773325,0.17198844314,0.00702388878093,0.12840551005,0.755591828178,1.0,1.0,0.960497285878,7.08373205742,0.933014354067,3262.27999893,786322.520017,193819049.896,2.24401913876,-0.586124401914,754.803827751,9.07245668591e-07,Class 4
0.718092534512,1189.42583732,100496.387023,1244.95086845,0.856788715696,1.0,3678.36384258,0.384291743509,0.407718304676,0.00561631168792,0.368571397785,0.422999901319,1.0,1.0,0.862735263026,11.1770334928,0.846889952153,3694.69880873,680551.301805,135508056.791,11.1961722488,0.239234449761,626.492822967,4.43149747028e-06,Class 4
0.810169181108,1101.49760766,16553.9381143,749.668646561,0.899664050075,1.0,1554.31591769,0.224052455255,0.247097813775,0.0062755657114,0.224052455255,0.187460280812,1.0,1.0,0.901341138939,6.04066985646,0.8995215311,1559.30212811,222242.99935,35536684.9301,10.0717703349,0.777511961722,114.545454545,4.10389930056e-06,Class 4
0.404226093725,2138.06698565,431065.988334,2951.82512084,0.685470019614,1.0,9312.23658163,0.748074536025,0.844896847887,0.00338958553696,0.653659399458,0.433840793118,1.0,1.0,0.699695088241,27.6363636364,0.631578947368,9392.64617715,1755422.19598,348563562.248,21.5215311005,0.708133971292,1814.07655502,7.96589256841e-06,Class 4
0.726105171585,328.258373206,230359.492505,1504.76882599,0.888054080034,1.0,5661.76680683,0.376507319056,0.400639968397,0.00581913156383,0.298151378422,0.735851225931,1.0,1.0,0.899036585241,14.1770334928,0.851674641148,5682.0902561,1170662.32982,244972835.759,3.36842105263,0.00956937799043,1338.67942584,1.22300702139e-06,Class 4
0.0183374922735,812.813397129,26969851.3868,11678.086933,0.429712415751,1.0,45471.323693,1.58494651577,1.96883278408,0.00125836715826,0.935621399384,0.464605249293,1.0,1.0,0.488950567345,101.363636364,0.0909090909091,46105.1004236,10603051.4788,2454598882.04,9.08133971292,-0.358851674641,11324.6555024,3.02833552137e-06,Class 4
0.0739680868112,2272.1722488,5327858.38388,7590.90960051,0.415953692569,1.0,26824.520901,1.46072438479,1.70488194802,0.00109775670978,1.05545806793,0.458955470148,1.0,1.0,0.462672950527,68.4928229665,0.258373205742,27218.3031748,5652385.97473,1203886538.04,23.1674641148,1.90909090909,6237.60287081,8.46553459382e-06,Class 4
0.349877521119,1288.14832536,1058870.89964,4247.0199474,0.697415760172,1.0,15003.1390025,0.907934462718,1.01313013279,0.00330087419793,0.680819240707,0.588926293621,1.0,1.0,0.718969993855,38.0263157895,0.588516746411,15138.0398673,3152488.98505,674060767.794,13.0861244019,1.42822966507,3463.06698565,4.79931229511e-06,Class 4
0.602298482178,1250.09090909,248758.231708,1900.96484871,0.798150461534,1.0,6552.32274774,0.550219343014,0.58516858344,0.00477283855314,0.495706280859,0.5467865191,1.0,1.0,0.809982900451,18.0980861244,0.775119617225,6590.7207884,1310107.13394,274482449.668,12.3971291866,-0.533492822967,1335.44019139,4.65752006341e-06,Class 4
0.862091069344,794.535885167,7276.86002215,449.356445605,0.928293765234,1.0,1000.37053257,0.169527533432,0.187898843142,0.00667727068611,0.169527533432,0.108708789204,1.0,1.0,0.929321735582,4.13875598086,0.928229665072,1002.88989725,130674.562428,18702235.4759,7.32057416268,-1.11022302463e-16,52.1531100478,2.96023817097e-06,Class 4
0.84450905428,719.851674641,22151.2313539,522.14210649,0.921271056674,1.0,1338.51476579,0.191586844066,0.211045444597,0.00654026890043,0.191586844066,0.261867983724,1.0,1.0,0.922832731445,4.96411483254,0.918660287081,1341.97228361,204488.336589,34852311.1446,7.02870813397,0.0311004784689,155.607655502,2.68198384049e-06,Class 4
0.484535610448,1723.02870813,334187.252487,2687.06517766,0.743645861769,1.0,7905.30553261,0.68163525002,0.752704592071,0.00406529408301,0.586030584882,0.401733782494,1.0,1.0,0.756849137443,23.3277511962,0.693779904306,7966.98723577,1482099.1401,291110722.554,17.1339712919,2.51435406699,1561.35406699,6.41956574486e-06,Class 4
0.775920880932,1338.39712919,38129.173778,886.363323595,0.885238115667,1.0,2352.99071377,0.280855057084,0.312542425049,0.00607274583549,0.267935007702,0.177793519657,1.0,1.0,0.886896410307,7.98325358852,0.88038277512,2361.38167357,393872.126299,73618822.772,11.7846889952,-0.303827751196,255.870813397,4.98652652912e-06,Class 4
0.663057164442,1357.56937799,116131.286528,1428.67799166,0.831428942516,1.0,4094.99779683,0.435863216089,0.476717635868,0.00519314429248,0.406385377503,0.382706053326,1.0,1.0,0.836376994441,13.033492823,0.813397129187,4116.71675132,725175.344746,138252121.266,13.2440191388,0.535885167464,689.990430622,5.05795744092e-06,Class 4
0.524232503835,1860.46411483,243837.01012,2081.68322491,0.749324600623,1.0,6728.57220011,0.637427026741,0.699389586323,0.00410786121746,0.607428342199,0.372673291796,1.0,1.0,0.758542778297,20.4138755981,0.722488038278,6778.93968792,1244290.31735,244832157.527,18.1866028708,-0.748803827751,1229.93779904,6.93161503621e-06,Class 4
0.84432590829,257.306220096,93924.4268901,780.840072997,0.94011295797,1.0,2772.12895413,0.211045444597,0.222568123857,0.00674523501843,0.16622710351,0.720419411446,1.0,1.0,0.945411102996,7.25119617225,0.918660287081,2777.75278601,555467.00232,113744073.602,2.60765550239,0.232057416268,630.224880383,9.58657385492e-07,Class 4
0.853116915822,351.535885167,80056.3518767,772.462232088,0.937624227332,1.0,2528.37663672,0.200917862128,0.209559871573,0.00667548215105,0.178169542877,0.680867972611,1.0,1.0,0.941029613348,6.67224880383,0.923444976077,2533.28179318,509591.601501,106321077.833,3.42105263158,0.495215311005,545.540669856,1.30973309722e-06,Class 4
1.0,0.0,-0.00787401574803,6.103515625e-05,1.0,1.0,0.0,-0.0,-0.0,0.00775146484375,-0.0,nan,1.0,1.0,1.0,0.0,1.0,0.000244140625,-3.81469726562e-06,5.96046447754e-08,0.0,0.0,0.0,0.0,Class 4
0.889105102905,439.440191388,20590.5351117,391.437187231,0.944501830257,1.0,1030.91245021,0.130968676872,0.140135728686,0.00688724470227,0.130968676872,0.377459901982,1.0,1.0,0.946993205177,3.63397129187,0.942583732057,1032.572164,165008.382338,29011385.6883,4.38755980861,0.236842105263,148.339712919,1.63724213429e-06,Class 4
0.906916050457,515.76076555,-0.00826655548959,257.841642973,0.95215755636,1.0,514.669342169,0.11112149116,0.125524840235,0.00702675043703,0.11112149116,0.00404959345498,1.0,1.0,0.952609865854,2.48325358852,0.952153110048,515.605806342,53561.6550991,5566719.24885,4.96650717703,0.0,0.0,1.92159313855e-06,Class 4
0.84450905428,872.004784689,-0.00855899659931,406.464773954,0.91866791384,1.0,868.875610526,0.188000086077,0.211045444597,0.00654098431446,0.188000086077,0.0075131326489,1.0,1.0,0.919439886681,4.20813397129,0.918660287081,871.742020456,90429.8629936,9393608.29666,8.41626794258,-0.265550239234,0.0,3.24886754279e-06,Class 4
0.962180353014,96.6985645933,12773.008386,97.6117536189,0.984211474295,1.0,481.087103772,0.0526365180899,0.0526365180899,0.00745599885167,0.0526365180899,0.890628254508,1.0,1.0,0.98494278503,1.44019138756,0.980861244019,481.297791988,86841.1404133,16441980.4988,0.976076555024,-0.473684210526,96.1722488038,3.60274201997e-07,Class 4
0.423135917218,3212.70334928,130353.870688,2316.85689417,0.674852933522,1.0,5713.88684822,0.691089371104,0.790311471395,0.00348366248117,0.647644976339,0.150896016419,1.0,1.0,0.681067625153,21.4425837321,0.645933014354,5771.34429318,884386.570805,154059450.432,30.9043062201,0.581339712919,639.995215311,1.1969713721e-05,Class 4
0.784482955976,1252.0,23432.2787702,827.812336753,0.888142272767,1.0,1879.83947666,0.267791167979,0.289186987227,0.0060731035425,0.267791167979,0.255820817321,1.0,1.0,0.890256066934,7.0956937799,0.885167464115,1886.92518433,275223.329469,44334453.5001,11.2248803828,0.325358851675,158.842105263,4.66463284949e-06,Class 4
0.818364964172,1006.53588517,23019.2490569,686.347324791,0.904785871704,1.0,1637.96342575,0.234514397632,0.252885707342,0.00633601819647,0.231633727817,0.248843295762,1.0,1.0,0.907193833448,6.01435406699,0.904306220096,1643.17458625,247883.991312,41303971.7046,9.09090909091,0.239234449761,159.253588517,3.7500961295e-06,Class 4
0.906824477462,607.076555024,-0.00826715756082,251.195560437,0.952156970736,1.0,605.803870462,0.119763500605,0.131286179864,0.00702496190197,0.119763500605,0.00464490864365,1.0,1.0,0.952577868407,2.68660287081,0.952153110048,606.908886485,68985.1309502,7890450.52107,5.37320574163,-0.5,0.0,2.26181249259e-06,Class 4
0.349694375129,2851.59808612,533123.353352,3387.92432838,0.613795050198,1.0,11040.2097047,0.927597172317,1.01671689078,0.00274177813786,0.881686494568,0.419953454116,1.0,1.0,0.631013714559,31.9186602871,0.588516746411,11155.7852322,2142580.18371,438114009.181,27.1196172249,-1.04306220096,2076.54545455,1.06243275608e-05,Class 4
0.446487030975,2498.67464115,238257.799597,2324.57429848,0.694627478277,1.0,6942.18105504,0.706858632522,0.79530946889,0.00351478299123,0.662246872654,0.276486838943,1.0,1.0,0.705622818799,22.8444976077,0.665071770335,7004.84519031,1195406.43261,221023882.65,24.1866028708,-0.495215311005,1126.89952153,9.30942476939e-06,Class 4
0.784162450493,809.564593301,88914.3326788,1054.43531821,0.887228175866,1.0,3124.26907429,0.290980366222,0.307558296938,0.00606773793731,0.290980366222,0.536966266213,1.0,1.0,0.892318840021,8.93062200957,0.885167464115,3134.02102763,604920.730408,124379579.227,7.8038277512,0.571770334928,581.253588517,3.01623130647e-06,Class 4
0.980998603512,95.6937799043,-0.00795032760679,47.8394749108,0.990431578852,1.0,95.6494351109,0.0234576664895,0.0263383363044,0.0076033741407,0.0234576664895,0.000758321416685,1.0,1.0,0.990525368326,0.478468899522,0.99043062201,95.6641197387,9564.89304157,956339.853081,0.956937799043,0.0,0.0,3.56530630378e-07,Class 4
0.844554840777,754.028708134,14456.489363,456.045665102,0.921340929578,1.0,1158.6857836,0.195554804702,0.209958153777,0.00653955348641,0.195554804702,0.195072954394,1.0,1.0,0.92270358281,4.66507177033,0.918660287081,1162.00532787,161726.394988,25401848.7138,7.37799043062,-0.234449760766,102.066985646,2.80931875513e-06,Class 4
0.8798104439,424.827751196,38182.6974657,426.664235676,0.939736410738,1.0,1505.61128596,0.157860765859,0.167590066124,0.00681355705776,0.160741435674,0.588524361799,1.0,1.0,0.943073951332,4.55741626794,0.937799043062,1508.17952046,275995.857225,54107207.8821,4.14832535885,-0.519138755981,270.909090909,1.58279990703e-06,Class 4
0.827247544699,636.956937799,53922.7887627,636.044543691,0.919240719634,1.0,2101.28960091,0.216483532815,0.231268084537,0.00647409310318,0.200616312937,0.515315248447,1.0,1.0,0.921476346769,6.52153110048,0.909090909091,2106.4826006,376141.019418,72063620.6172,6.22966507177,-0.488038277512,367.483253589,2.37313918192e-06,Class 4
0.71850461299,825.425837321,125058.321537,1149.28848807,0.882967171623,1.0,3863.79817699,0.354816163267,0.38537903433,0.00588029946292,0.287621022317,0.501318139043,1.0,1.0,0.888359757898,11.4976076555,0.846889952153,3879.27207428,713617.47243,138587323.876,8.2966507177,-0.253588516746,763.641148325,3.07532625845e-06,Class 4
0.686637210687,880.937799043,162900.201876,1317.98196893,0.862270194869,1.0,4673.20502327,0.397558626582,0.432651706731,0.00550220315102,0.343799129309,0.486031473026,1.0,1.0,0.869530095989,13.5311004785,0.827751196172,4693.71914366,873761.942963,169964603.519,8.63157894737,-0.736842105263,953.406698565,3.28214967713e-06,Class 4
0.743229321673,1449.07655502,7889.90734252,774.644424073,0.861330105329,1.0,1650.90669425,0.300149021018,0.337095749506,0.00575617512969,0.300149021018,0.0871440117392,1.0,1.0,0.863055092657,7.46172248804,0.861244019139,1659.3090061,195334.596528,25085822.6162,13.956937799,-0.011961722488,52.6746411483,5.39888985622e-06,Class 4
0.906824477462,350.669856459,21761.7578589,314.747369648,0.953775746239,1.0,982.34921333,0.12264417042,0.131286179864,0.00702460419496,0.12264417042,0.407475157048,1.0,1.0,0.956065967567,3.22009569378,0.952153110048,983.712863758,169011.73064,31685556.9238,3.47368421053,-0.215311004785,158.311004785,1.30650649502e-06,Class 4
1.0,0.0,-0.00787401574803,6.103515625e-05,1.0,1.0,0.0,-0.0,-0.0,0.00775146484375,-0.0,nan,1.0,1.0,1.0,0.0,1.0,0.000244140625,-3.81469726562e-06,5.96046447754e-08,0.0,0.0,0.0,0.0,Class 4
0.952839907511,224.387559809,7829.21268734,230.594035317,0.977035128119,1.0,459.786799216,0.0628897590957,0.0657704289107,0.00738338432819,0.0628897590957,0.501338631682,1.0,1.0,0.977846710539,1.56698564593,0.976076555024,460.079341031,76637.3357993,14251788.8657,2.08133971292,0.533492822967,58.9473684211,8.36010848642e-07,Class 4
0.516860877727,1597.67942584,368573.266507,2476.21283017,0.763572623295,1.0,8610.29366849,0.684873062301,0.738193612438,0.0043199814757,0.578562543338,0.515242068425,1.0,1.0,0.775779243433,23.3229665072,0.717703349282,8672.26026208,1753513.2479,373280234.971,15.5071770335,-0.806220095694,1769.00956938,5.95254627213e-06,Class 4
0.844417481285,589.76076555,46890.9016423,592.635452782,0.924983055292,1.0,1882.68556966,0.205990193141,0.216806784227,0.00653812265836,0.203109523326,0.477514732711,1.0,1.0,0.927582359874,5.82775119617,0.918660287081,1887.08098577,339654.673306,65924628.3209,5.69377990431,-0.253588516746,324.421052632,2.19729827502e-06,Class 4
0.742634097205,1307.02870813,50209.4107009,1005.24243544,0.8652713365,1.0,2601.08288265,0.332421700697,0.363402980488,0.00574580162633,0.332421700697,0.326018258906,1.0,1.0,0.869064963088,9.04545454545,0.861244019139,2612.43490323,421962.691551,75291774.0932,12.1100478469,0.246411483254,326.492822967,4.86965578849e-06,Class 4
0.906870263959,397.224880383,22728.8961681,398.364145963,0.957921895195,1.0,1057.07990798,0.118676209784,0.12840551005,0.00709650330441,0.105593736448,0.39973371478,1.0,1.0,0.959158402008,3.35885167464,0.952153110048,1058.45060299,185898.935239,35493011.9765,3.71291866029,0.287081339713,165.358851675,1.4799586467e-06,Class 4
0.962180353014,213.598086124,-0.00802775540239,106.783329576,0.98086297747,1.0,213.410988428,0.0468751784599,0.0526365180899,0.0074567142657,0.0468751784599,0.00152456550632,1.0,1.0,0.981041431211,1.00956937799,0.980861244019,213.535232179,22646.7450456,2408221.02159,2.01913875598,0.0,0.0,7.95812020067e-07,Class 4
0.484993475424,2157.99521531,232369.164956,2321.81360769,0.73069588917,1.0,6666.91444336,0.657683646484,0.730987839521,0.00402022299947,0.581889179955,0.271134956127,1.0,1.0,0.741523311862,21.3564593301,0.693779904306,6721.3305372,1176115.72454,222105156.916,21.1148325359,0.988038277512,1141.16746411,8.04014007218e-06,Class 4
0.962180353014,139.205741627,19368.2937319,138.250061035,0.985670892091,1.0,722.188079653,0.0526365180899,0.0526365180899,0.00752932878917,0.039492470819,0.739974827136,1.0,1.0,0.98604426362,1.75598086124,0.980861244019,722.44551926,161221.367251,37804593.6971,1.21531100478,-0.607655502392,145.837320574,5.18645108011e-07,Class 4
0.694787207253,1413.01913876,56316.5105935,1055.09762383,0.845315936695,1.0,2811.20069996,0.366047055355,0.41121738456,0.00550291856505,0.347275301431,0.187420784864,1.0,1.0,0.848818798364,10.3133971292,0.832535885167,2825.52312093,435840.327978,74731542.3713,13.8708133971,-0.0215311004785,353.28708134,5.26454911469e-06,Class 4
0.952839907511,295.253588517,-0.00806694256723,185.582297877,0.976078531837,1.0,294.939055297,0.0600090892807,0.0657704289107,0.00738374203521,0.0600090892807,0.0022924079964,1.0,1.0,0.976291577286,1.32535885167,0.976076555024,295.170997729,33058.4298683,3724436.22911,2.65071770335,0.301435406699,0.0,1.10003960697e-06,Class 4
0.801378173577,880.550239234,73989.0968251,898.214325389,0.915804508388,1.0,2858.93153236,0.257551912345,0.27304255224,0.00646980061903,0.214313573838,0.379400538872,1.0,1.0,0.917913552021,8.02631578947,0.894736842105,2866.6325707,586492.940207,131522063.93,8.04306220096,-0.303827751196,496.645933014,3.28070572808e-06,Class 4
0.587509443465,1345.62200957,302580.344915,2376.13687324,0.791108851806,1.0,7574.83249425,0.58413520476,0.612617017383,0.00465336441107,0.531848033303,0.586612031921,1.0,1.0,0.802752245915,20.1220095694,0.765550239234,7620.24979558,1548661.44596,329427757.453,12.6267942584,1.13157894737,1568.97129187,5.01344459172e-06,Class 4
0.463565394565,1426.94258373,588870.471698,3195.14584453,0.750672251761,1.0,11268.2288678,0.775173684917,0.833693326233,0.00396585153362,0.600758182631,0.56002968759,1.0,1.0,0.766644884544,28.9497607656,0.679425837321,11355.5832286,2351874.02349,503398443.865,13.4688995215,-0.00239234449761,2482.61244019,5.31642432141e-06,Class 4
0.870836290378,555.315789474,48492.9846731,659.481819408,0.939395907191,1.0,1920.93862112,0.17774978277,0.1835111224,0.00681319935074,0.161828726495,0.497183877414,1.0,1.0,0.942218358414,5.2990430622,0.933014354067,1924.3436951,391516.817343,85936394.9253,4.96172248804,0.308612440191,342.339712919,2.06896507461e-06,Class 4
0.943545248506,414.741626794,-0.00810651479903,144.842913906,0.971293908296,1.0,414.243793449,0.0731328139625,0.0788941535925,0.00731112751173,0.0731328139625,0.00306400529212,1.0,1.0,0.971531054771,1.72009569378,0.971291866029,414.634364954,50244.3653299,6116282.05275,3.44019138756,-0.543062200957,0.0,1.54522157859e-06,Class 4
0.943545248506,382.669856459,-0.00810632102264,191.309196801,0.971294090093,1.0,382.210925991,0.0702521441476,0.0788941535925,0.00731148521874,0.0702521441476,0.00229886972322,1.0,1.0,0.971541322932,1.65071770335,0.971291866029,382.566930743,44675.7202671,5255119.10177,3.3014354067,1.11022302463e-16,0.0,1.42573033782e-06,Class 4
0.943591035004,192.354066986,13026.3688262,193.281011992,0.97847080378,1.0,580.340840312,0.072045523142,0.0760134837775,0.00738409974222,0.0589217984601,0.378385186469,1.0,1.0,0.978657927712,1.92344497608,0.971291866029,580.769980983,97548.4195302,17703316.8132,1.92344497608,-2.77555756156e-17,97.1339712919,7.16662220123e-07,Class 4
0.801469746572,914.889952153,38995.4201968,677.702737471,0.899241638802,1.0,1965.66638957,0.250499172827,0.269074591605,0.00620617055104,0.247618503012,0.36169286846,1.0,1.0,0.902063770165,6.8038277512,0.894736842105,1971.99605754,321729.753683,57971242.0159,8.74641148325,-0.33014354067,264.38277512,3.40864674479e-06,Class 4
0.879856230398,607.081339713,7924.11241543,360.84530625,0.938282972372,1.0,834.450875347,0.150306047235,0.164709396309,0.00681534559282,0.150306047235,0.151969125046,1.0,1.0,0.939549379938,3.47368421053,0.937799043062,836.299885289,112769.29097,17454313.4884,5.91387559809,7.2858385991e-17,57.3588516746,2.26183031912e-06,Class 4
0.962180353014,238.133971292,-0.0080279454293,180.214175868,0.980862786998,1.0,237.924091833,0.0497558482749,0.0526365180899,0.00745635655868,0.0497558482749,0.00228599006837,1.0,1.0,0.981031500016,1.06698564593,0.980861244019,238.06752883,26585.212235,2971385.35777,2.13397129187,0.540669856459,0.0,8.87226473696e-07,Class 4
0.980998603512,93.7894736842,-0.00795032760679,46.8873965615,0.990431598277,1.0,93.7455778414,0.0234576664895,0.0263383363044,0.0076033741407,0.0234576664895,0.000758321416685,1.0,1.0,0.990526315789,0.473684210526,0.99043062201,93.7601125617,9280.76220322,918650.446583,0.947368421053,0.0,0.0,3.49435670833e-07,Class 4
0.934342162496,340.746411483,-0.00814589102448,195.233015581,0.966510470827,1.0,340.216306322,0.0793976718764,0.0891269721419,0.0072399438163,0.0793976718764,0.00307266041886,1.0,1.0,0.966836048118,1.68899521531,0.966507177033,340.641093423,34361.1783076,3466606.24311,3.37799043062,0.244019138756,0.0,1.26953426865e-06,Class 4
0.889105102905,576.105263158,-0.00834743810415,288.007761394,0.942589454832,1.0,574.731750452,0.120677128155,0.137961147045,0.00689010635837,0.120677128155,0.00532871236278,1.0,1.0,0.94315129965,2.87559808612,0.942583732057,575.925782418,57684.9705661,5778024.49633,5.75119617225,0.0,0.0,2.14642135406e-06,Class 4
0.632242851583,1075.215311,247080.362474,1993.22262383,0.820309786836,1.0,6468.99975898,0.508541549083,0.534467577418,0.00512303371809,0.454759568169,0.619908495817,1.0,1.0,0.830373681083,17.2392344498,0.794258373206,6502.73140443,1331330.07788,286456275.014,10.7942583732,0.976076555024,1357.14832536,4.00597816293e-06,Class 4
0.971566585014,156.789473684,-0.00798894770268,108.926720724,0.985647264538,1.0,156.681153881,0.036611801004,0.039492470819,0.00752968649618,0.036611801004,0.00152030625028,1.0,1.0,0.985782650287,0.748803827751,0.985645933014,156.742917586,16465.842974,1736039.36811,1.4976076555,0.27033492823,0.0,5.84157611343e-07,Class 4
1.0,0.0,-0.00787401574803,6.103515625e-05,1.0,1.0,0.0,-0.0,-0.0,0.00775146484375,-0.0,nan,1.0,1.0,1.0,0.0,1.0,0.000244140625,-3.81469726562e-06,5.96046447754e-08,0.0,0.0,0.0,0.0,Class 4
0.792816098533,541.454545455,90663.1689385,931.334764983,0.907559307649,1.0,2892.62954651,0.266526405287,0.286691093992,0.00620545513701,0.242623520901,0.505931734328,1.0,1.0,0.913153917779,8.48803827751,0.88995215311,2901.07739725,533514.085695,102653425.378,5.46411483254,0.712918660287,590.038277512,2.0173216128e-06,Class 4
0.641766443076,1192.05741627,151149.498082,1536.16617946,0.833043099594,1.0,4631.64814096,0.407551910917,0.453080379506,0.00521818378333,0.345640838025,0.477419012048,1.0,1.0,0.839669314123,14.3588516746,0.799043062201,4653.99276806,833954.598183,159610586.618,12.1052631579,0.732057416268,865.708133971,4.44130206262e-06,Class 4
0.594789496577,1140.03827751,334718.236717,2232.81024345,0.80773747013,1.0,7956.7277143,0.570798643781,0.604660593387,0.00483400645223,0.483057909282,0.632945169642,1.0,1.0,0.820510986203,20.6124401914,0.77033492823,8002.17608146,1637843.91087,346327239.167,10.5645933014,-0.502392344498,1715.85645933,4.24749201194e-06,Class 4
0.647764474257,1251.37799043,154879.736923,1588.32998029,0.844676052374,1.0,4774.22175906,0.447316463462,0.49751898086,0.00519886760468,0.401567488971,0.357101823284,1.0,1.0,0.848605296388,14.5885167464,0.803827751196,4799.21286376,855216.871994,160940939.57,11.8564593301,0.736842105263,887.186602871,4.66231540039e-06,Class 4
0.349877521119,1288.14832536,1058870.89964,4247.0199474,0.697415760172,1.0,15003.1390025,0.907934462718,1.01313013279,0.00330087419793,0.680819240707,0.588926293621,1.0,1.0,0.718969993855,38.0263157895,0.588516746411,15138.0398673,3152488.98505,674060767.794,13.0861244019,1.42822966507,3463.06698565,4.79931229511e-06,Class 4
0.862091069344,794.535885167,7276.86002215,449.356445605,0.928293765234,1.0,1000.37053257,0.169527533432,0.187898843142,0.00667727068611,0.169527533432,0.108708789204,1.0,1.0,0.929321735582,4.13875598086,0.928229665072,1002.88989725,130674.562428,18702235.4759,7.32057416268,-1.11022302463e-16,52.1531100478,2.96023817097e-06,Class 4
0.84450905428,719.851674641,22151.2313539,522.14210649,0.921271056674,1.0,1338.51476579,0.191586844066,0.211045444597,0.00654026890043,0.191586844066,0.261867983724,1.0,1.0,0.922832731445,4.96411483254,0.918660287081,1341.97228361,204488.336589,34852311.1446,7.02870813397,0.0311004784689,155.607655502,2.68198384049e-06,Class 4
1.0,0.0,-0.00787401574803,6.103515625e-05,1.0,1.0,0.0,-0.0,-0.0,0.00775146484375,-0.0,nan,1.0,1.0,1.0,0.0,1.0,0.000244140625,-3.81469726562e-06,5.96046447754e-08,0.0,0.0,0.0,0.0,Class 4
0.906916050457,515.76076555,-0.00826655548959,257.841642973,0.95215755636,1.0,514.669342169,0.11112149116,0.125524840235,0.00702675043703,0.11112149116,0.00404959345498,1.0,1.0,0.952609865854,2.48325358852,0.952153110048,515.605806342,53561.6550991,5566719.24885,4.96650717703,0.0,0.0,1.92159313855e-06,Class 4
0.84450905428,872.004784689,-0.00855899659931,406.464773954,0.91866791384,1.0,868.875610526,0.188000086077,0.211045444597,0.00654098431446,0.188000086077,0.0075131326489,1.0,1.0,0.919439886681,4.20813397129,0.918660287081,871.742020456,90429.8629936,9393608.29666,8.41626794258,-0.265550239234,0.0,3.24886754279e-06,Class 4
0.423135917218,3212.70334928,130353.870688,2316.85689417,0.674852933522,1.0,5713.88684822,0.691089371104,0.790311471395,0.00348366248117,0.647644976339,0.150896016419,1.0,1.0,0.681067625153,21.4425837321,0.645933014354,5771.34429318,884386.570805,154059450.432,30.9043062201,0.581339712919,639.995215311,1.1969713721e-05,Class 4
0.446487030975,2498.67464115,238257.799597,2324.57429848,0.694627478277,1.0,6942.18105504,0.706858632522,0.79530946889,0.00351478299123,0.662246872654,0.276486838943,1.0,1.0,0.705622818799,22.8444976077,0.665071770335,7004.84519031,1195406.43261,221023882.65,24.1866028708,-0.495215311005,1126.89952153,9.30942476939e-06,Class 4
0.784162450493,809.564593301,88914.3326788,1054.43531821,0.887228175866,1.0,3124.26907429,0.290980366222,0.307558296938,0.00606773793731,0.290980366222,0.536966266213,1.0,1.0,0.892318840021,8.93062200957,0.885167464115,3134.02102763,604920.730408,124379579.227,7.8038277512,0.571770334928,581.253588517,3.01623130647e-06,Class 4
0.726105171585,328.258373206,230359.492505,1504.76882599,0.888054080034,1.0,5661.76680683,0.376507319056,0.400639968397,0.00581913156383,0.298151378422,0.735851225931,1.0,1.0,0.899036585241,14.1770334928,0.851674641148,5682.0902561,1170662.32982,244972835.759,3.36842105263,0.00956937799043,1338.67942584,1.22300702139e-06,Class 4
0.8798104439,424.827751196,38182.6974657,426.664235676,0.939736410738,1.0,1505.61128596,0.157860765859,0.167590066124,0.00681355705776,0.160741435674,0.588524361799,1.0,1.0,0.943073951332,4.55741626794,0.937799043062,1508.17952046,275995.857225,54107207.8821,4.14832535885,-0.519138755981,270.909090909,1.58279990703e-06,Class 4
0.71850461299,825.425837321,125058.321537,1149.28848807,0.882967171623,1.0,3863.79817699,0.354816163267,0.38537903433,0.00588029946292,0.287621022317,0.501318139043,1.0,1.0,0.888359757898,11.4976076555,0.846889952153,3879.27207428,713617.47243,138587323.876,8.2966507177,-0.253588516746,763.641148325,3.07532625845e-06,Class 4
1.0,0.0,-0.00787401574803,6.103515625e-05,1.0,1.0,0.0,-0.0,-0.0,0.00775146484375,-0.0,nan,1.0,1.0,1.0,0.0,1.0,0.000244140625,-3.81469726562e-06,5.96046447754e-08,0.0,0.0,0.0,0.0,Class 4
0.952839907511,224.387559809,7829.21268734,230.594035317,0.977035128119,1.0,459.786799216,0.0628897590957,0.0657704289107,0.00738338432819,0.0628897590957,0.501338631682,1.0,1.0,0.977846710539,1.56698564593,0.976076555024,460.079341031,76637.3357993,14251788.8657,2.08133971292,0.533492822967,58.9473684211,8.36010848642e-07,Class 4
0.404226093725,2138.06698565,431065.988334,2951.82512084,0.685470019614,1.0,9312.23658163,0.748074536025,0.844896847887,0.00338958553696,0.653659399458,0.433840793118,1.0,1.0,0.699695088241,27.6363636364,0.631578947368,9392.64617715,1755422.19598,348563562.248,21.5215311005,0.708133971292,1814.07655502,7.96589256841e-06,Class 4
0.752203475195,1123.20574163,37609.3463965,786.98884692,0.87254105576,1.0,2104.23244754,0.271987987163,0.308730606584,0.00583165130926,0.274868656978,0.253414030113,1.0,1.0,0.875640724768,7.99043062201,0.866028708134,2112.35251687,314766.005271,52419074.2407,11.1674641148,-0.22966507177,247.411483254,4.18477827406e-06,Class 4
0.602115336187,675.296650718,374245.428371,1884.29686127,0.817914580475,1.0,8165.22848479,0.55527459447,0.594897883706,0.00483758352235,0.474382645981,0.75095994092,1.0,1.0,0.830060491068,20.7248803828,0.775119617225,8209.65709223,1696453.34771,358741172.027,7.21052631579,-2.97368421053,1883.9138756,2.51598317898e-06,Class 4
0.1417778897,2593.42583732,2233026.75822,5818.64240553,0.459994901705,1.0,19869.0493756,1.23616172418,1.47909636078,0.00138893021771,1.03830984797,0.372169544268,1.0,1.0,0.497069149771,53.7607655502,0.368421052632,20129.9894786,4006750.50982,825910477.054,26.5645933014,1.28229665072,4384.98086124,9.66244357306e-06,Class 4
0.742954602688,679.052631579,121213.550902,1143.62386486,0.876384017881,1.0,3675.5632616,0.314050390987,0.348618428766,0.00581591220072,0.300088597139,0.522409962456,1.0,1.0,0.884684244934,10.7177033493,0.861244019139,3688.25861735,685064.752688,133293568.088,6.97607655502,0.497607655502,752.468899522,2.52997700622e-06,Class 4
0.792816098533,541.454545455,90663.1689385,931.334764983,0.907559307649,1.0,2892.62954651,0.266526405287,0.286691093992,0.00620545513701,0.242623520901,0.505931734328,1.0,1.0,0.913153917779,8.48803827751,0.88995215311,2901.07739725,533514.085695,102653425.378,5.46411483254,0.712918660287,590.038277512,2.0173216128e-06,Class 4
0.915935990476,284.354066986,35703.1147598,246.827363667,0.959575086125,1.0,1321.41618579,0.118203706528,0.118203706528,0.00709507247636,0.115323036713,0.945272409356,1.0,1.0,0.961209613696,3.53110047847,0.956937799043,1322.8513207,273324.713452,59943043.3728,2.71770334928,-1.35885167464,259.679425837,1.05943076817e-06,Class 4
0.0942057187335,4040.46889952,2717594.79472,6724.84067108,0.347255041933,1.0,22529.2882617,1.46497526065,1.66025124577,0.000863458616786,1.32756379777,0.363683843729,1.0,1.0,0.38072123743,59.995215311,0.296650717703,22874.9586772,4715959.036,1020365206.64,39.3110047847,0.11961722488,4709.55980861,1.50537571534e-05,Class 4
0.273597216181,1052.54545455,1963697.02916,5999.80687922,0.679682844255,1.0,21126.9026911,0.971799281861,1.06550947875,0.00319213126622,0.714910947821,0.609971261803,1.0,1.0,0.705731414709,49.5119617225,0.507177033493,21315.3267992,4775800.56101,1095580430.93,11.6363636364,3.27272727273,5066.46889952,3.92151605659e-06,Class 4
0.943545248506,287.100478469,-0.00810632102264,143.52787204,0.971294737129,1.0,286.702052239,0.0702521441476,0.0788941535925,0.00731148521874,0.0702521441476,0.00229886972322,1.0,1.0,0.971576123557,1.43540669856,0.971291866029,287.011009691,28700.419862,2870167.54492,2.87081339713,-2.77555756156e-17,0.0,1.06966319726e-06,Class 4
0.686225132209,1049.11961722,141665.481205,1318.43561726,0.841668178772,1.0,4394.82754698,0.424009697286,0.453197598083,0.00536877843547,0.398607414479,0.412767155712,1.0,1.0,0.849954775599,13.023923445,0.827751196172,4415.92309103,817992.726162,160545292.134,10.3827751196,-0.478468899522,841.90430622,3.90875226002e-06,Class 4
0.952839907511,202.119617225,6741.57121551,202.088951585,0.980863058307,1.0,404.795314152,0.0628897590957,0.0657704289107,0.00745635655868,0.0497558482749,0.317298647632,1.0,1.0,0.981045769003,1.47607655502,0.976076555024,405.070668782,62588.1632679,10749515.7947,1.96650717703,0.49043062201,50.7607655502,7.53046170953e-07,Class 4
0.879856230398,607.081339713,7924.11241543,360.84530625,0.938282972372,1.0,834.450875347,0.150306047235,0.164709396309,0.00681534559282,0.150306047235,0.151969125046,1.0,1.0,0.939549379938,3.47368421053,0.937799043062,836.299885289,112769.29097,17454313.4884,5.91387559809,7.2858385991e-17,57.3588516746,2.26183031912e-06,Class 4
0.907007623452,509.607655502,-0.00826615501449,254.765312231,0.952157602901,1.0,508.578261753,0.10536015153,0.119763500605,0.00702818126508,0.10536015153,0.00424398970009,1.0,1.0,0.952612316997,2.46889952153,0.952153110048,509.453593423,52573.1492467,5425581.27872,4.93779904306,0.0,0.0,1.89866821901e-06,Class 4
0.906916050457,492.033492823,19351.1066257,408.22905326,0.957014488748,1.0,1056.33224013,0.12264417042,0.125524840235,0.00709578789038,0.109561697083,0.312776779211,1.0,1.0,0.957808304457,3.32296650718,0.952153110048,1057.73992715,194526.868126,40290429.0906,4.35885167464,0.0885167464115,141.4784689,1.83319136875e-06,Class 4
0.112566104256,4282.23923445,1838910.43153,5717.42425362,0.361618784919,1.0,19070.8522636,1.3767111473,1.57287821863,0.000932138363129,1.30227088098,0.356502989301,1.0,1.0,0.389689893757,53.8277511962,0.325358851675,19362.0140001,3810586.44158,794443949.696,41.9425837321,-1.66507177033,3770.784689,1.5954531791e-05,Class 4
0.81841075067,875.789473684,30354.9491407,646.742360676,0.909356375148,1.0,1705.91015874,0.234514397632,0.250005037527,0.00633637590348,0.228753058002,0.319607216324,1.0,1.0,0.911172899501,6.08133971292,0.904306220096,1711.17996902,269225.2915,46808744.3862,8.22966507177,0.0,208.942583732,3.26296832922e-06,Class 4
0.871065222866,645.583732057,7389.42144594,448.199373236,0.933204383983,1.0,856.224581742,0.155410512424,0.170901152319,0.00674702355349,0.155410512424,0.140844326219,1.0,1.0,0.9344168437,3.67224880383,0.933014354067,858.253982179,110702.074978,16186805.2936,6.35885167464,0.72009569378,53.2248803828,2.40528041825e-06,Class 4
0.50591790481,1990.05741627,215010.126794,2131.8251956,0.74408898058,1.0,6266.01416864,0.606278869206,0.673881991959,0.00408639879673,0.550254717592,0.318013558267,1.0,1.0,0.752299916802,20.1674641148,0.708133971292,6313.29480156,1101677.75726,207642476.456,19.8086124402,0.516746411483,1081.12440191,7.4144466424e-06,Class 4
0.871065222866,645.583732057,7389.42144594,448.199373236,0.933204383983,1.0,856.224581742,0.155410512424,0.170901152319,0.00674702355349,0.155410512424,0.140844326219,1.0,1.0,0.9344168437,3.67224880383,0.933014354067,858.253982179,110702.074978,16186805.2936,6.35885167464,0.72009569378,53.2248803828,2.40528041825e-06,Class 4
0.694329342277,411.291866029,268849.239233,1663.45251319,0.880695803296,1.0,6437.46568053,0.396288993115,0.432469364085,0.00569965742176,0.307614697264,0.69060907469,1.0,1.0,0.89191936744,15.956937799,0.832535885167,6461.60580634,1353566.419,288643718.968,4.22009569378,-0.511961722488,1512.8277512,1.53236864936e-06,Class 4
0.980998603512,94.7416267943,-0.00795051397457,94.7268104371,0.990431588565,1.0,94.6921642446,0.0263383363044,0.0263383363044,0.00760301643369,0.0263383363044,nan,1.0,1.0,0.990525842058,0.476076555024,0.99043062201,94.7121161502,9422.82762239,937495.149832,0.952153110048,0.476076555024,0.0,3.52983150606e-07,Class 4
0.980998603512,94.7416267943,-0.00795051397457,94.7268104371,0.990431588565,1.0,94.6921642446,0.0263383363044,0.0263383363044,0.00760301643369,0.0263383363044,nan,1.0,1.0,0.990525842058,0.476076555024,0.99043062201,94.7121161502,9422.82762239,937495.149832,0.952153110048,0.476076555024,0.0,3.52983150606e-07,Class 4
0.484764542936,1839.4354067,292090.874719,2434.40586247,0.730548622973,1.0,7347.78561152,0.645859382729,0.733306260885,0.00391291089581,0.592902541607,0.343613743333,1.0,1.0,0.743495901816,22.4210526316,0.693779904306,7403.89079438,1343729.1873,259431761.362,18.4114832536,1.21531100478,1391.46411483,6.85326743019e-06,Class 4
0.844417481285,510.325358852,55053.0543024,735.632088547,0.925594434593,1.0,2021.12579726,0.207077483962,0.216806784227,0.00653812265836,0.201316144332,0.602212632235,1.0,1.0,0.928651661691,6.02870813397,0.918660287081,2025.70000491,375862.825962,74421304.1035,5.09090909091,0.985645933014,378.937799043,1.90134219874e-06,Class 4
0.655502392344,1328.96650718,122367.1482,1222.65234871,0.830826572382,1.0,4182.67374053,0.43688027252,0.481906762003,0.00519457512053,0.404387889441,0.381676558408,1.0,1.0,0.837126711566,13.3588516746,0.808612440191,4204.99306711,734817.847466,138371129.418,13.0622009569,-1.51674641148,719.215311005,4.9513904355e-06,Class 4
0.801149241089,623.827751196,84547.7821525,954.98780027,0.905121451409,1.0,2848.76893647,0.27304255224,0.281684561685,0.00626554991506,0.262969656317,0.631208067892,1.0,1.0,0.90858198674,8.14354066986,0.894736842105,2857.0797896,551092.933277,112907204.162,6.34449760766,0.909090909091,558.440191388,2.32422317943e-06,Class 4
0.801149241089,623.827751196,84547.7821525,954.98780027,0.905121451409,1.0,2848.76893647,0.27304255224,0.281684561685,0.00626554991506,0.262969656317,0.631208067892,1.0,1.0,0.90858198674,8.14354066986,0.894736842105,2857.0797896,551092.933277,112907204.162,6.34449760766,0.909090909091,558.440191388,2.32422317943e-06,Class 4
0.726334104073,1302.03827751,57648.8624213,1061.07721415,0.856173311843,1.0,2764.30385872,0.364459597427,0.388029998316,0.00561845792999,0.361578927612,0.323677789849,1.0,1.0,0.860546420107,9.61722488038,0.851674641148,2777.59055515,449549.748085,80211454.5263,12.3827751196,0.44976076555,369.038277512,4.85106271611e-06,Class 4
0.943545248506,216.76076555,13226.2305446,257.253200987,0.974164390209,1.0,610.611833504,0.0760134837775,0.0788941535925,0.00731076980472,0.0760134837775,0.667690463279,1.0,1.0,0.975059367717,1.98803827751,0.971291866029,611.086518064,103280.945716,18765231.5624,2.05263157895,0.49043062201,98.6124401914,8.07595357401e-07,Class 4
0.67981502255,1413.02392344,64810.7081028,1233.02562922,0.837039768809,1.0,2998.13504344,0.366489217374,0.412132306884,0.00527112442114,0.353735407571,0.26371249683,1.0,1.0,0.840277475856,10.9138755981,0.822966507177,3013.31812692,470061.835212,81409236.9793,14.0669856459,1.22966507177,400.244019139,5.26456694122e-06,Class 4
0.734713033127,1002.70334928,86044.6283298,1046.97299764,0.862795060822,1.0,3170.44510211,0.336642649976,0.36256867831,0.0057508095245,0.316931060802,0.416316854174,1.0,1.0,0.868578155495,9.9976076555,0.856459330144,3183.16965204,569500.692946,110559207.367,10.0717703349,0.00239234449761,545.272727273,3.73581707776e-06,Class 4
0.59511000206,1387.22488038,254136.70886,1872.08633496,0.796947063182,1.0,6740.90702111,0.548315533713,0.588082662671,0.00471846708729,0.491890828186,0.593993077777,1.0,1.0,0.808052427156,18.6985645933,0.77033492823,6780.44880873,1330053.45965,274404351.42,13.0813397129,-1.55980861244,1348.59808612,5.16844628327e-06,Class 4
0.752203475195,1123.20574163,37609.3463965,786.98884692,0.87254105576,1.0,2104.23244754,0.271987987163,0.308730606584,0.00583165130926,0.274868656978,0.253414030113,1.0,1.0,0.875640724768,7.99043062201,0.866028708134,2112.35251687,314766.005271,52419074.2407,11.1674641148,-0.22966507177,247.411483254,4.18477827406e-06,Class 4
0.67097822852,1310.66507177,111501.205418,1345.94645757,0.835024400146,1.0,3954.55785673,0.425221460238,0.462024349004,0.00531154531352,0.400760229699,0.37735274079,1.0,1.0,0.840807989553,12.6818181818,0.818181818182,3975.15499893,691021.325466,129581172.334,12.8277511962,0.241626794258,666.320574163,4.88320395244e-06,Class 4
0.702754057828,1130.40669856,89386.0506821,1195.13762084,0.848504968353,1.0,3322.14994726,0.365434361592,0.398413129445,0.00544175066596,0.352824391512,0.342125657586,1.0,1.0,0.85498371613,10.9641148325,0.837320574163,3337.35804916,566756.21036,104255905.073,11.2870813397,0.748803827751,551.909090909,4.211607204e-06,Class 4
0.990476408507,47.8468899522,-0.00791207967464,6.103515625e-05,0.995215789426,1.0,47.8344566559,0.0131741632773,0.0131741632773,0.00767706178521,0.0131741632773,nan,1.0,1.0,0.995262684163,0.239234449761,0.995215311005,47.8321819397,4782.44651888,478169.92654,0.478468899522,-0.239234449761,0.0,1.78265315189e-07,Class 4
0.71850461299,974.866028708,96179.2623587,1137.58603592,0.871301276015,1.0,3348.16454021,0.350992042354,0.387172413324,0.0056921455745,0.306785867087,0.366675150245,1.0,1.0,0.875740111175,10.6818181818,0.846889952153,3362.37090802,585672.444994,109411993.279,9.74641148325,0.504784688995,597.043062201,3.63210231738e-06,Class 4
0.641766443076,1192.05741627,151149.498082,1536.16617946,0.833043099594,1.0,4631.64814096,0.407551910917,0.453080379506,0.00521818378333,0.345640838025,0.477419012048,1.0,1.0,0.839669314123,14.3588516746,0.799043062201,4653.99276806,833954.598183,159610586.618,12.1052631579,0.732057416268,865.708133971,4.44130206262e-06,Class 4
0.962180353014,205.215311005,-0.0080279454293,49.7723397433,0.980863035388,1.0,205.020667786,0.0497558482749,0.0526365180899,0.00745635655868,0.0497558482749,0.00228599006837,1.0,1.0,0.98104455649,0.99043062201,0.980861244019,205.153653232,21271.463319,2207785.03682,1.98086124402,-0.502392344498,0.0,7.64579936846e-07,Class 4
0.801240814084,617.234449761,76816.9815874,863.720829576,0.917167230526,1.0,2639.75870843,0.263313251975,0.27771660105,0.00640398252878,0.217570823636,0.474898771362,1.0,1.0,0.920044568688,7.8995215311,0.894736842105,2647.51609342,482942.613392,93102858.9929,6.06698564593,0.478468899522,507.693779904,2.299658219e-06,Class 4
0.952839907511,212.650717703,6291.1796448,153.670665102,0.978470642686,1.0,401.755231192,0.0628897590957,0.0657704289107,0.00738338432819,0.0628897590957,0.334608406444,1.0,1.0,0.978649560445,1.48325358852,0.976076555024,402.031942705,60202.0138316,9890556.80432,2.01913875598,-5.55111512313e-17,47.3684210526,7.92282366826e-07,Class 4
0.844417481285,589.76076555,46890.9016423,592.635452782,0.924983055292,1.0,1882.68556966,0.205990193141,0.216806784227,0.00653812265836,0.203109523326,0.477514732711,1.0,1.0,0.927582359874,5.82775119617,0.918660287081,1887.08098577,339654.673306,65924628.3209,5.69377990431,-0.253588516746,324.421052632,2.19729827502e-06,Class 4
1.0,0.0,-0.00787401574803,6.103515625e-05,1.0,1.0,0.0,-0.0,-0.0,0.00775146484375,-0.0,nan,1.0,1.0,1.0,0.0,1.0,0.000244140625,-3.81469726562e-06,5.96046447754e-08,0.0,0.0,0.0,0.0,Class 4
0.670932442023,1154.4784689,143634.573837,1426.55844919,0.851322177421,1.0,4512.3354682,0.43298028793,0.460374809732,0.00543602735377,0.370312519469,0.394907799175,1.0,1.0,0.857503779317,13.5454545455,0.818181818182,4534.76130873,832880.829497,162732019.233,11.1578947368,0.0191387559809,845.282296651,4.30129248407e-06,Class 4
0.915981776974,372.148325359,13683.9522469,258.147863069,0.95817922949,1.0,773.113009338,0.108474406263,0.115323036713,0.0070961455974,0.108474406263,0.374945086433,1.0,1.0,0.959805407416,2.74401913876,0.956937799043,774.120608973,121794.460281,21082147.7218,3.55502392344,-0.260765550239,100.535885167,1.38652979501e-06,Class 4
0.879856230398,723.315789474,9439.36925721,371.365491657,0.940196082168,1.0,994.323100623,0.15318671705,0.164709396309,0.0068149878858,0.15318671705,0.178050791901,1.0,1.0,0.940703980287,3.78229665072,0.937799043062,996.38107548,147322.059439,24971352.237,6.42583732057,-0.528708133971,68.3253588517,2.69489024931e-06,Class 4
0.943545248506,246.153110048,6577.47723102,194.280937231,0.971772665098,1.0,442.771619452,0.0760134837775,0.0788941535925,0.00731076980472,0.0760134837775,0.335123000458,1.0,1.0,0.972721785973,1.6985645933,0.971291866029,443.176380504,64987.2523348,10658439.0351,2.44019138756,0.22966507177,49.2822966507,9.17103740521e-07,Class 4
0.853208488817,524.928229665,42465.1430639,701.199298475,0.934735645818,1.0,1701.9134083,0.194069231677,0.203798531943,0.00667512444403,0.181050212692,0.516997991487,1.0,1.0,0.937217679382,5.41148325359,0.923444976077,1705.73858146,294947.097786,54488640.3124,5.05263157895,1.43540669856,295.28708134,1.95574877294e-06,Class 4
0.297131475928,1452.10526316,1264423.4673,4537.58349405,0.681699512725,1.0,16128.8554636,0.978934064358,1.0952067517,0.00309304642384,0.699692953647,0.540871103839,1.0,1.0,0.703479153906,41.5933014354,0.540669856459,16288.166213,3349233.76143,709225519.048,14.6985645933,0.99043062201,3709.66507177,5.41017405067e-06,Class 4
0.742634097205,1307.02870813,50209.4107009,1005.24243544,0.8652713365,1.0,2601.08288265,0.332421700697,0.363402980488,0.00574580162633,0.332421700697,0.326018258906,1.0,1.0,0.869064963088,9.04545454545,0.861244019139,2612.43490323,421962.691551,75291774.0932,12.1100478469,0.246411483254,326.492822967,4.86965578849e-06,Class 4
0.818319177675,577.172248804,73778.7853521,810.866687829,0.913486153923,1.0,2550.14140444,0.242069116256,0.255766377157,0.00640183628671,0.229093502896,0.5796664114,1.0,1.0,0.917856012409,7.36124401914,0.904306220096,2556.75069271,487175.103258,98547534.1694,5.70813397129,0.255980861244,495.009569378,2.15039667059e-06,Class 4
0.407385362057,1504.70813397,785386.622684,3787.48346415,0.716466224901,1.0,13371.7215482,0.868486977418,0.934742383163,0.00355985407477,0.689837172275,0.598768108259,1.0,1.0,0.732885328431,33.3636363636,0.636363636364,13484.7858303,2897655.9762,645468019.465,14.7368421053,0.311004784689,2995.54066986,5.60615893819e-06,Class 4
0.702387765848,900.80861244,192687.010747,1562.75933137,0.870036461155,1.0,5464.96994911,0.391945701641,0.416078350982,0.00574759016139,0.327747651888,0.497382475022,1.0,1.0,0.87503842239,14.0215311005,0.837320574163,5485.92294151,1170224.45841,262830104.366,8.93301435407,-0.145933014354,1146.49760766,3.35618326253e-06,Class 4
0.72619674458,1484.1291866,70971.8697864,1185.14943304,0.860385830076,1.0,3285.96427445,0.367865309611,0.394878628767,0.0056803412431,0.355013959686,0.334052279987,1.0,1.0,0.863652572497,10.3947368421,0.851674641148,3300.474975,595820.112337,119529669.092,13.2296650718,-0.0502392344498,454.248803828,5.52948702613e-06,Class 4
0.818502323665,738.086124402,38807.4871792,602.755070006,0.907325083931,1.0,1795.69500306,0.230546436996,0.247830455886,0.00633780673153,0.230546436996,0.357981787583,1.0,1.0,0.910231113888,6.15789473684,0.904306220096,1800.93594988,299399.859196,55066802.6887,7.3971291866,-0.277511961722,265.80861244,2.74992075211e-06,Class 4
0.516860877727,1597.67942584,368573.266507,2476.21283017,0.763572623295,1.0,8610.29366849,0.684873062301,0.738193612438,0.0043199814757,0.578562543338,0.515242068425,1.0,1.0,0.775779243433,23.3229665072,0.717703349282,8672.26026208,1753513.2479,373280234.971,15.5071770335,-0.806220095694,1769.00956938,5.95254627213e-06,Class 4
0.861999496349,502.38277512,36596.2592086,513.334166896,0.933902698846,1.0,1527.24844006,0.181050212692,0.193660182772,0.0067445196044,0.168020482504,0.368163399179,1.0,1.0,0.936570932586,4.92822966507,0.928229665072,1530.47691878,265044.950248,49649939.5203,5.02392344498,0.0239234449761,257.100478469,1.87175015642e-06,Class 4
0.934296375999,425.406698565,-0.00814647781059,309.536544289,0.966509837362,1.0,424.763782097,0.086246302327,0.0920076419569,0.00723887069526,0.086246302327,0.00383939429686,1.0,1.0,0.966802729248,1.88516746411,0.966507177033,425.289119739,48091.6886129,5451293.36891,3.77033492823,0.832535885167,0.0,1.58495691735e-06,Class 4
0.943545248506,414.741626794,-0.00810651479903,144.842913906,0.971293908296,1.0,414.243793449,0.0731328139625,0.0788941535925,0.00731112751173,0.0731328139625,0.00306400529212,1.0,1.0,0.971531054771,1.72009569378,0.971291866029,414.634364954,50244.3653299,6116282.05275,3.44019138756,-0.543062200957,0.0,1.54522157859e-06,Class 4
0.952839907511,295.253588517,-0.00806694256723,185.582297877,0.976078531837,1.0,294.939055297,0.0600090892807,0.0657704289107,0.00738374203521,0.0600090892807,0.0022924079964,1.0,1.0,0.976291577286,1.32535885167,0.976076555024,295.170997729,33058.4298683,3724436.22911,2.65071770335,0.301435406699,0.0,1.10003960697e-06,Class 4
0.897758750944,573.4784689,17632.619829,379.924627423,0.947837195543,1.0,1084.60273864,0.135716201682,0.144358211126,0.00695377820654,0.135716201682,0.336445518638,1.0,1.0,0.949495395109,3.58612440191,0.947368421053,1086.30721184,185564.724822,35378455.9865,5.0,-0.289473684211,128.263157895,2.13663458826e-06,Class 4
0.580366749845,860.38277512,361491.076309,2296.62730386,0.798505636483,1.0,8016.53904786,0.583436631951,0.622353833013,0.00471632084522,0.499445546811,0.604158911023,1.0,1.0,0.812735309759,21.023923445,0.760765550239,8063.94940682,1631958.04814,340316457.756,9.03349282297,0.688995215311,1801.22009569,3.20556689773e-06,Class 4
0.980998603512,46.8995215311,6200.08818182,94.7268104371,0.992823454641,1.0,236.298791084,0.0263383363044,0.0263383363044,0.00760301643369,0.0263383363044,1.0,1.0,1.0,0.992870813397,0.712918660287,0.99043062201,236.328892466,42337.7153049,7960505.70927,0.478468899522,0.239234449761,47.3684210526,1.74735661948e-07,Class 4
0.915935990476,404.751196172,9465.2273496,335.683822997,0.956974453538,1.0,683.170242196,0.109561697083,0.118203706528,0.00709578789038,0.109561697083,0.253188577772,1.0,1.0,0.957676005999,2.54306220096,0.956937799043,684.114030026,109444.593509,20711373.548,3.98564593301,0.547846889952,69.8803827751,1.50799978078e-06,Class 4
0.980998603512,95.6937799043,-0.00795032760679,47.8394749108,0.990431578852,1.0,95.6494351109,0.0234576664895,0.0263383363044,0.0076033741407,0.0234576664895,0.000758321416685,1.0,1.0,0.990525368326,0.478468899522,0.99043062201,95.6641197387,9564.89304157,956339.853081,0.956937799043,0.0,0.0,3.56530630378e-07,Class 4
0.853208488817,338.110047847,65269.3459834,691.214325389,0.934931553085,1.0,2121.66585769,0.194069231677,0.203798531943,0.00660859093976,0.179284679956,0.669221050091,1.0,1.0,0.939325524055,6.06937799043,0.923444976077,2125.96062093,398404.485038,77707418.1029,3.44976076555,0.734449760766,447.057416268,1.25971184978e-06,Class 4
