0.707512601359,2898.14102564,1652078.8472,6149.35588465,0.854475989869,1.0,22351.8141369,0.500211759863,0.534785903009,0.00278408055274,0.443883241232,0.589092396493,1.0,1.0,0.862115791741,28.4628205128,0.841025641026,22407.6242731,9380110.18781,4071428745.16,14.1700854701,-0.824358974359,4877.59316239,6.74796633402e-07,Class 1
0.473789173789,3484.46752137,5751579.16758,13421.3988067,0.729858361114,1.0,50287.1209133,0.906169008361,1.03120498166,0.00193743246852,0.725434866747,0.562065530703,1.0,1.0,0.750062381568,60.797008547,0.688034188034,50504.7693853,21782449.2047,9601108804.88,17.7683760684,-0.361965811966,11755.5504274,8.11315574989e-07,Class 1
0.845901088465,2019.90683761,429886.854872,2420.06933283,0.924794845443,1.0,7952.97397299,0.245374299777,0.26426197905,0.00328980709413,0.234228690838,0.456419973609,1.0,1.0,0.928413027494,11.9457264957,0.919658119658,7964.26521862,2906077.42974,1126177788.55,9.81965811966,-0.360256410256,1486.18290598,4.70310561751e-07,Class 1
0.811667762437,1554.43589744,906525.58241,3672.92492178,0.908381790605,1.0,13438.5939326,0.310338767862,0.332695738963,0.00316820512357,0.2853167123,0.662001400973,1.0,1.0,0.913962018189,17.4222222222,0.900854700855,13459.5804029,5521001.03043,2344953887.93,7.95384615385,-0.37094017094,2976.42222222,3.61931355703e-07,Class 1
0.707512601359,2898.14102564,1652078.8472,6149.35588465,0.854475989869,1.0,22351.8141369,0.500211759863,0.534785903009,0.00278408055274,0.443883241232,0.589092396493,1.0,1.0,0.862115791741,28.4628205128,0.841025641026,22407.6242731,9380110.18781,4071428745.16,14.1700854701,-0.824358974359,4877.59316239,6.74796633402e-07,Class 1
0.845901088465,2019.90683761,429886.854872,2420.06933283,0.924794845443,1.0,7952.97397299,0.245374299777,0.26426197905,0.00328980709413,0.234228690838,0.456419973609,1.0,1.0,0.928413027494,11.9457264957,0.919658119658,7964.26521862,2906077.42974,1126177788.55,9.81965811966,-0.360256410256,1486.18290598,4.70310561751e-07,Class 1
0.451924903207,2917.35299145,7401695.22193,15661.9292086,0.728931192062,1.0,59315.2781642,0.937015532666,1.06901653254,0.0019082005122,0.717785186889,0.600878965766,1.0,1.0,0.750308709023,68.1730769231,0.671794871795,59567.7867464,26796750.5755,12263158350.9,14.8418803419,0.185897435897,14163.1410256,6.7926990428e-07,Class 1
0.54819782307,3373.22051282,3972284.93665,10816.2074739,0.772732703486,1.0,40476.5606419,0.772757094717,0.860883436049,0.00220391582194,0.637131483464,0.578252100749,1.0,1.0,0.787003660331,49.4418803419,0.740170940171,40627.2447459,17485967.9313,7731386042.43,17.1811965812,-0.837606837607,9313.89230769,7.85413071908e-07,Class 1
0.473789173789,3484.46752137,5751579.16758,13421.3988067,0.729858361114,1.0,50287.1209133,0.906169008361,1.03120498166,0.00193743246852,0.725434866747,0.562065530703,1.0,1.0,0.750062381568,60.797008547,0.688034188034,50504.7693853,21782449.2047,9601108804.88,17.7683760684,-0.361965811966,11755.5504274,8.11315574989e-07,Class 1
0.674833808167,1813.5042735,2607310.99654,7840.46168727,0.836797686114,1.0,30418.4120771,0.543523101625,0.606370283367,0.00265753620144,0.465278927507,0.670783714806,1.0,1.0,0.848589918039,35.7777777778,0.821367521368,30494.7828602,13453904.7697,6046819544.45,9.63418803419,-1.00512820513,7170.5991453,4.22252253287e-07,Class 1
0.43502374169,4273.84102564,6069340.37916,13669.5990337,0.704901037104,1.0,51582.5563878,0.93818284756,1.08373361837,0.00179299624235,0.721123480822,0.547767761095,1.0,1.0,0.727215794688,63.7085470085,0.658974358974,51818.7664339,22143408.8504,9720568234.53,21.947008547,-1.55213675214,11886.7290598,9.95111525036e-07,Class 1
0.309812258017,5755.73675214,9812965.68357,17453.9212559,0.607247680034,1.0,64803.9294334,1.16349330588,1.37621016737,0.00129387285861,0.92823988431,0.473469160634,1.0,1.0,0.636443672529,81.6709401709,0.555555555556,65180.1179296,27312372.5607,11757017891.4,29.6153846154,-1.24444444444,14856.7333333,1.34015279061e-06,Class 1
0.696112206881,2468.9974359,1775146.96416,6247.9393315,0.852233732845,1.0,22947.9363549,0.501334472414,0.548311730891,0.00276802637603,0.428076758202,0.594841331466,1.0,1.0,0.861708632176,29.5465811966,0.834188034188,23006.0126278,9467929.03277,4023931524.47,12.5632478632,-0.555128205128,5134.48461538,5.74875805863e-07,Class 1
0.630989845862,5767.52820513,1216324.16058,6422.25611836,0.806514680845,1.0,19647.6902352,0.588236807566,0.64364925137,0.0024839821617,0.549966710412,0.330560697286,1.0,1.0,0.812988009714,29.9777777778,0.794017094017,19716.9435974,7186698.66974,2814205364.03,27.9094017094,0.25641025641,3487.58803419,1.34289828598e-06,Class 1
0.629493754109,4219.79230769,1994002.2533,7341.93766216,0.816571504892,1.0,25967.3162962,0.612274649617,0.670890917206,0.00251688380718,0.52457998319,0.485712844947,1.0,1.0,0.826638986237,34.8286324786,0.793162393162,26051.1518372,10481200.9014,4413072661.28,20.3,-1.02863247863,5458.11196581,9.825269432e-07,Class 1
0.776664475126,2249.94444444,1001855.76761,4221.44250324,0.892405893216,1.0,15025.8678142,0.365873214206,0.397407096789,0.00306103650278,0.329075350919,0.566937745572,1.0,1.0,0.898401447479,20.0867521368,0.881196581197,15054.5031193,6045594.08521,2530263259.08,11.1581196581,-0.472222222222,3201.2965812,5.23872000368e-07,Class 1
0.473789173789,3484.46752137,5751579.16758,13421.3988067,0.729858361114,1.0,50287.1209133,0.906169008361,1.03120498166,0.00193743246852,0.725434866747,0.562065530703,1.0,1.0,0.750062381568,60.797008547,0.688034188034,50504.7693853,21782449.2047,9601108804.88,17.7683760684,-0.361965811966,11755.5504274,8.11315574989e-07,Class 1
0.696112206881,2468.9974359,1775146.96416,6247.9393315,0.852233732845,1.0,22947.9363549,0.501334472414,0.548311730891,0.00276802637603,0.428076758202,0.594841331466,1.0,1.0,0.861708632176,29.5465811966,0.834188034188,23006.0126278,9467929.03277,4023931524.47,12.5632478632,-0.555128205128,5134.48461538,5.74875805863e-07,Class 1
0.60397253269,3826.47863248,2519584.93389,8375.84898695,0.800820470235,1.0,30005.9776677,0.657730661193,0.731289552292,0.00239646892114,0.568363938993,0.520708284751,1.0,1.0,0.812903645209,39.1128205128,0.776923076923,30107.2256486,12314429.245,5223274245.61,18.8752136752,-0.526495726496,6570.49230769,8.90948672316e-07,Class 1
0.760187011469,2181.88888889,1173053.81683,4610.8821667,0.886151427787,1.0,16801.9304542,0.401291878949,0.430413146898,0.00300844523424,0.343066327647,0.580767266556,1.0,1.0,0.893020012631,22.1931623932,0.871794871795,16836.6996871,6775529.01933,2822001320.36,10.8581196581,-0.653846153846,3663.87606838,5.08026097989e-07,Class 1
0.623944773176,2836.93504274,2770017.8751,8475.57237771,0.811661904622,1.0,31655.8550491,0.632048761285,0.705194170552,0.00248032959395,0.537755037821,0.587014978041,1.0,1.0,0.824834146079,39.4683760684,0.789743589744,31754.0059905,13321948.4775,5725379985.02,14.0632478632,-0.812820512821,7229.57606838,6.60545570101e-07,Class 1
0.828710643582,2327.07863248,465458.097358,2675.38622653,0.916633363625,1.0,8668.23984006,0.2696775725,0.294770040337,0.00323480741373,0.25564160073,0.409077543974,1.0,1.0,0.920323452542,13.1769230769,0.910256410256,8681.96947877,3139974.48587,1210336853.23,11.2888888889,-0.362393162393,1588.82564103,5.418317511e-07,Class 1
0.804052889181,2465.28632479,606156.576714,3194.93936488,0.905720436295,1.0,10519.9184914,0.310463540818,0.333096124977,0.00315051870564,0.286366655193,0.424742824197,1.0,1.0,0.909933811857,15.5799145299,0.896581196581,10538.6832742,3896536.68194,1526714650.58,12.141025641,-0.267948717949,2018.47094017,5.74011719105e-07,Class 1
0.549444079188,2314.39316239,4858294.34931,11984.3496614,0.797468349226,1.0,46401.0757377,0.750520888562,0.860017254929,0.00229688508558,0.553466633773,0.612897492895,1.0,1.0,0.814580724749,53.5025641026,0.741025641026,46559.4597298,20854656.1174,9492002015.93,11.4871794872,-0.999145299145,11061.6846154,5.38878094797e-07,Class 1
0.434724231134,2460.76581197,8487076.51584,16520.3792754,0.737011405175,1.0,64379.532618,0.955741426469,1.10816397061,0.00186790241702,0.65838528622,0.60742253103,1.0,1.0,0.760912985001,72.458974359,0.658974358974,64653.3630685,29606552.5269,13749150991.8,12.558974359,-1.1,15548.7153846,5.72959173074e-07,Class 1
0.709037913653,3812.97863248,1235973.51234,5494.62075511,0.852610628185,1.0,18750.914303,0.482190878485,0.516346756429,0.00278426888827,0.438092716495,0.507303936027,1.0,1.0,0.859180410783,25.6482905983,0.84188034188,18799.349834,7538156.62615,3200624424.27,18.2709401709,-0.733760683761,3746.79316239,8.87805362701e-07,Class 1
0.573736576813,2824.12649573,3899476.67451,10523.2067727,0.782762208631,1.0,40151.8963214,0.724832820366,0.812711020986,0.00228954570725,0.599475465286,0.605874071,1.0,1.0,0.799337266988,47.9273504274,0.757264957265,40288.8305365,17572910.4497,7830476659.95,14.1333333333,-1.09316239316,9366.55042735,6.57563256845e-07,Class 1
0.494001022719,2008.57777778,6436791.52377,13944.5006029,0.767449725,1.0,54133.3175083,0.855969793776,0.976322118053,0.0020861148047,0.610416934756,0.630703335858,1.0,1.0,0.788539703033,62.3923076923,0.702564102564,54344.2588484,24177915.7349,10891641002.3,10.2957264957,-0.655555555556,13084.4076923,4.67672728959e-07,Class 1
0.563452407042,1698.43333333,4544001.84956,11156.1374485,0.802090111838,1.0,43297.6387044,0.728491178256,0.830512805178,0.00233831890105,0.532204743032,0.65070386782,1.0,1.0,0.820644616895,51.0311965812,0.750427350427,43444.2164473,18920480.4763,8350418196.0,8.90854700855,-0.574786324786,10436.8444444,3.95459394574e-07,Class 1
0.395606691504,4754.34273504,7055300.78803,14973.7218435,0.678068087763,1.0,55872.7024789,1.00779423241,1.16228626472,0.00163846979776,0.778662195403,0.538467063481,1.0,1.0,0.701776601257,69.2329059829,0.628205128205,56148.6134558,23940309.5753,10493412387.8,24.3547008547,-1.13461538462,12849.108547,1.10699046156e-06,Class 1
0.59203448024,1385.64017094,4690499.19853,11649.2909875,0.831509672426,1.0,45944.568141,0.668603223404,0.76057055872,0.00247348673654,0.45332837709,0.662595812921,1.0,1.0,0.84811680787,50.7517094017,0.769230769231,46078.2662069,21283792.1511,9926729884.33,6.70170940171,-0.912393162393,11173.5529915,3.22629338664e-07,Class 1
0.746884359705,3861.18119658,781569.726067,4316.36218807,0.869983767221,1.0,13806.6820102,0.416421067543,0.444784481906,0.00292614831701,0.395379203564,0.433457792228,1.0,1.0,0.874347962488,20.3581196581,0.864102564103,13839.7826732,5219869.36452,2113382215.29,18.5213675214,-0.528205128205,2494.80940171,8.99028739235e-07,Class 1
0.398896924538,5275.23418803,6500058.04339,14445.11341,0.682791071353,1.0,53539.0619996,0.999102287881,1.15017234832,0.00168963998915,0.778307341163,0.518171777792,1.0,1.0,0.704419355312,67.2743589744,0.630769230769,53804.8173954,22755460.2532,9925992086.43,26.8273504274,-1.48803418803,12132.9213675,1.22827365508e-06,Class 1
0.647131273285,875.066666667,3678567.39009,9681.50396825,0.856407766039,1.0,38642.5902016,0.559894582441,0.645375533443,0.00263774384992,0.388763904534,0.681819662273,1.0,1.0,0.870589740521,42.9752136752,0.804273504274,38737.1801625,17697976.4782,8144296994.42,4.50427350427,-0.923931623932,9465.86410256,2.03748553105e-07,Class 1
0.738037840602,3866.16666667,937795.023925,4753.82811355,0.863638848005,1.0,15620.9873849,0.440966698721,0.467459367568,0.00287430468343,0.421590991106,0.456612638993,1.0,1.0,0.868851072531,22.1363247863,0.858974358974,15659.1467624,6081094.56611,2512546676.8,18.2316239316,-0.570512820513,2948.41794872,9.00189544868e-07,Class 1
0.700369639857,3679.73675214,1326783.58294,5618.55239907,0.84656073469,1.0,19481.7442704,0.496771016538,0.542796195974,0.00273366941059,0.46155935221,0.482358526403,1.0,1.0,0.853349357435,26.7384615385,0.836752136752,19533.7935439,7714184.03872,3197209326.68,17.8153846154,-0.84188034188,3963.72307692,8.56781623177e-07,Class 1
0.543434874717,1689.75897436,5939289.09261,13738.7417554,0.812290436508,1.0,53885.1275152,0.732372402749,0.849283795026,0.00236792182128,0.496824441233,0.619924247604,1.0,1.0,0.830584476435,58.7128205128,0.736752136752,54054.755029,25315350.8497,11969221642.3,8.02735042735,-0.821367521368,13091.7076923,3.93439676354e-07,Class 1
0.677777777778,4903.60940171,1112774.89625,5627.40718673,0.830564939495,1.0,18146.6825052,0.523904059947,0.568789538631,0.00266141134754,0.491718129413,0.389866342984,1.0,1.0,0.836642598131,26.6611111111,0.823076923077,18201.4463885,6873805.26478,2779020155.42,23.5974358974,-0.666239316239,3324.66752137,1.14174537627e-06,Class 1
0.43502374169,4273.84102564,6069340.37916,13669.5990337,0.704901037104,1.0,51582.5563878,0.93818284756,1.08373361837,0.00179299624235,0.721123480822,0.547767761095,1.0,1.0,0.727215794688,63.7085470085,0.658974358974,51818.7664339,22143408.8504,9720568234.53,21.947008547,-1.55213675214,11886.7290598,9.95111525036e-07,Class 1
0.709030608518,3886.6008547,1150756.94913,5252.4870011,0.849767943502,1.0,17833.5099227,0.476195243759,0.514719989304,0.00277270622847,0.447616311566,0.482351430499,1.0,1.0,0.856118035638,25.0551282051,0.84188034188,17880.2247806,6975683.57178,2881829800.95,18.8367521368,-0.852564102564,3498.6017094,9.04947395218e-07,Class 1
0.369359339616,4959.63247863,8022636.2951,16009.095675,0.671372888315,1.0,60015.1465692,1.04988805557,1.21582026888,0.00157748333052,0.788964755632,0.535799633694,1.0,1.0,0.695703699247,73.747008547,0.606837606838,60321.444185,25934663.955,11453809941.9,25.3897435897,-1.31452991453,13841.0290598,1.1547896634e-06,Class 1
0.456530060633,4141.87863248,5494379.24729,12913.7378224,0.733563784877,1.0,48632.5833226,0.916532404771,1.03497823308,0.00192283931891,0.669596498736,0.559211052205,1.0,1.0,0.754346446901,60.4504273504,0.675213675214,48851.4733783,20727039.871,9036991023.6,20.7675213675,-1.50854700855,11177.8709402,9.64385698428e-07,Class 1
0.457637519176,6618.59059829,4086610.9273,12094.7800433,0.708037135701,1.0,41787.763839,0.925720211014,1.03709255454,0.00183975481675,0.815327646252,0.428475074576,1.0,1.0,0.721754833031,55.45,0.676068376068,41990.4988725,17036693.2915,7211744336.85,32.0025641026,-0.271367521368,8843.41025641,1.54105773807e-06,Class 1
0.465917159763,4302.3974359,4901041.25769,12095.1929306,0.724002869792,1.0,45053.1277633,0.869963701958,1.00539269251,0.00189021161601,0.701394349659,0.523761440995,1.0,1.0,0.743269164643,57.4773504274,0.682051282051,45250.5876545,18750605.814,7994880539.45,22.0196581197,-1.32264957265,10237.4965812,1.00176053533e-06,Class 1
0.309812258017,5755.73675214,9812965.68357,17453.9212559,0.607247680034,1.0,64803.9294334,1.16349330588,1.37621016737,0.00129387285861,0.92823988431,0.473469160634,1.0,1.0,0.636443672529,81.6709401709,0.555555555556,65180.1179296,27312372.5607,11757017891.4,29.6153846154,-1.24444444444,14856.7333333,1.34015279061e-06,Class 1
0.6804689897,3749.8034188,2005347.0492,7475.55434218,0.834760594857,1.0,26762.6261149,0.544407065927,0.592112179279,0.00266638797111,0.510567190031,0.541688073032,1.0,1.0,0.842677497835,32.5957264957,0.824786324786,26832.2925557,11800569.3643,5395958345.37,17.6068376068,-0.711965811966,5770.87692308,8.73095788141e-07,Class 1
0.874379428738,1513.17179487,551254.221489,2486.02250458,0.940479304386,1.0,9251.34475245,0.206117675857,0.220205593419,0.00341317257006,0.193974923976,0.642123796453,1.0,1.0,0.943718727794,11.5311965812,0.935042735043,9260.44911285,4035353.92409,1842361378.17,7.02307692308,-0.844017094017,1936.90940171,3.52323514937e-07,Class 1
0.793380086201,3172.97179487,541981.839535,3317.50378796,0.89646321389,1.0,10377.0358358,0.332312338813,0.353453367673,0.00309082775853,0.3148852263,0.409253247244,1.0,1.0,0.900015325091,15.8474358974,0.890598290598,10397.495427,3795024.92598,1494290209.59,15.1837606838,-0.357692307692,1806.25470085,7.38787611132e-07,Class 1
0.769257067719,3223.05384615,682785.151387,3737.12878796,0.885268379457,1.0,12057.1814374,0.367259189225,0.394892222347,0.00302012203678,0.341698664378,0.404157131541,1.0,1.0,0.889784745271,18.197008547,0.876923076923,12083.210037,4405696.00763,1711859668.29,15.6521367521,-0.437179487179,2215.18119658,7.5044860323e-07,Class 1
0.703288772007,1711.22820513,2412134.06621,7506.39112103,0.876412072726,1.0,29005.4201697,0.497534359889,0.537134830861,0.00287262678512,0.368953229618,0.697498505928,1.0,1.0,0.886785134452,33.4491452991,0.838461538462,29070.6958009,13014864.0083,5935463991.06,7.89487179487,-0.802991452991,6840.12820513,3.98438523725e-07,Class 1
0.65540214771,3870.3965812,1767711.66335,7071.3698737,0.824161884121,1.0,23726.1414554,0.573102353432,0.629173542305,0.00258013030072,0.517938644881,0.472737417219,1.0,1.0,0.833320852245,32.0145299145,0.809401709402,23798.2030258,9481643.77516,3940490927.75,18.9538461538,0.725641025641,4982.2017094,9.01174428647e-07,Class 2
0.79943019943,2429.00769231,672297.480674,3566.77745249,0.901464004993,1.0,11296.2124418,0.322540658363,0.348341932843,0.00312057335719,0.29941475345,0.457872450503,1.0,1.0,0.90598632428,16.3764957265,0.894017094017,11316.7250477,4249374.05997,1682363695.57,11.9735042735,0.624358974359,2222.05726496,5.65564683973e-07,Class 2
0.387933377164,6164.01111111,7004220.65761,16246.7027396,0.663465961526,1.0,57444.4537276,1.06294062504,1.19928972365,0.00161395764384,0.877455823409,0.499351844272,1.0,1.0,0.684241723398,70.402991453,0.622222222222,57740.4606513,25134195.4471,11324737812.9,30.2982905983,1.12521367521,12894.6623932,1.43521447343e-06,Class 2
0.698937833297,1980.98974359,1953574.98599,6729.3628558,0.857440049217,1.0,24322.773692,0.495965924831,0.547309567015,0.00276945886745,0.415380763257,0.612828043881,1.0,1.0,0.868175076615,30.4786324786,0.835897435897,24382.0407662,10193984.6972,4370039820.11,10.2307692308,0.64358974359,5600.5008547,4.61249193173e-07,Class 2
0.739757469501,1931.12136752,1962422.98863,7042.41855826,0.888919261042,1.0,25512.108105,0.423753165549,0.449334520128,0.00301400969293,0.351751426215,0.663468264443,1.0,1.0,0.895436941427,28.7034188034,0.859829059829,25559.6842758,11926167.3874,5702946342.53,9.55897435897,0.758974358974,5907.36495726,4.4963795273e-07,Class 2
0.632234640953,3697.79230769,1977782.34825,7440.16122653,0.821597569156,1.0,25171.3192903,0.585747894148,0.654314966977,0.00252941097316,0.497624225076,0.468639363044,1.0,1.0,0.832978676166,34.338034188,0.794871794872,25250.356912,9883399.14031,4015216088.29,18.1512820513,0.931196581197,5388.40940171,8.60985638094e-07,Class 2
0.604080648696,3704.7034188,2302112.06134,8097.11529304,0.81043739889,1.0,27715.6890884,0.622399963253,0.710493073512,0.00245625118245,0.504681528196,0.453968746657,1.0,1.0,0.823299543146,37.6183760684,0.776923076923,27807.780897,10908838.7602,4430293803.82,18.4333333333,1.0141025641,6026.06324786,8.6259480565e-07,Class 2
0.686137774856,2821.88290598,2240968.47569,7946.05153102,0.847819276544,1.0,28319.4018372,0.531758765933,0.576236081954,0.00273945074049,0.458472332954,0.602150088279,1.0,1.0,0.85654349565,33.3893162393,0.828205128205,28389.0959611,12738558.4636,5890049244.86,13.7188034188,0.604700854701,6392.06410256,6.57040864459e-07,Class 2
0.447166337936,4246.27264957,6726217.53965,15534.3110462,0.718628357176,1.0,56741.1984798,0.962865870956,1.08765679396,0.00185191672595,0.757415475664,0.560160344293,1.0,1.0,0.738924148107,66.4747863248,0.668376068376,56994.2193052,25431011.8104,11612871823.8,20.4213675214,0.926923076923,13187.5059829,9.88692566402e-07,Class 2
0.328172985609,8935.66068376,6398183.88634,15729.5434715,0.609396638445,1.0,53331.5792612,1.14350579094,1.31087295632,0.0013272824393,0.984573075046,0.381469622066,1.0,1.0,0.630215518967,71.7252136752,0.571794871795,53656.1030926,21681451.2182,9192335253.7,43.3615384615,0.278205128205,11180.6709402,2.08055912161e-06,Class 2
0.534337058952,2127.07350427,5215909.87623,12750.4856723,0.77864777644,1.0,47977.1666149,0.776809048884,0.898186246072,0.00218708547458,0.590578466046,0.620635732893,1.0,1.0,0.798070552916,55.641025641,0.730769230769,48147.7142704,21365207.4868,9612673702.99,10.8512820513,0.786324786325,11505.5948718,4.95263007211e-07,Class 2
0.944419606984,1052.29059829,49486.1005508,712.446122363,0.972863302526,1.0,1796.39498356,0.0892572617042,0.0953318001398,0.00368047204409,0.0862741455732,0.2193817596,1.0,1.0,0.973309025801,3.39743589744,0.971794871795,1797.49389116,533204.952045,177159962.123,5.03931623932,4.16333634234e-17,186.327350427,2.45012974456e-07,Class 2
0.626641829206,2163.84358974,2974325.23639,9008.8901261,0.821643371015,1.0,32888.8306598,0.628005611165,0.700756671778,0.00251914954062,0.49800182337,0.618561495079,1.0,1.0,0.835784723964,40.1183760684,0.791452991453,32987.9608917,14090506.1693,6146897752.03,11.2487179487,0.969658119658,7706.34273504,5.03824471152e-07,Class 2
0.580417853751,2418.94615385,4302203.70631,11794.0630161,0.844426281553,1.0,43749.1870294,0.644150387415,0.702636011293,0.00264414725776,0.458131178459,0.620719950918,1.0,1.0,0.855664604532,49.7679487179,0.759829059829,43875.4490861,20064439.7971,9380421393.83,11.7273504274,0.916666666667,10364.5145299,5.63221978004e-07,Class 2
0.782736503762,2637.92393162,738988.470493,3782.37346611,0.897122366562,1.0,12239.3135318,0.347736163591,0.376219062021,0.00308488092165,0.312341493794,0.428221760865,1.0,1.0,0.902134688507,17.7876068376,0.884615384615,12263.3783864,4596172.94064,1817086050.67,12.9136752137,0.270512820513,2406.5025641,6.14208270916e-07,Class 2
0.464402074658,3073.64786325,6620740.43513,14854.9403798,0.718536492431,1.0,55347.352156,0.905015687582,1.05916756746,0.00188614242724,0.716147669733,0.552253940358,1.0,1.0,0.743311174882,64.6974358974,0.681196581197,55578.7201465,24642268.7295,11115384934.9,15.6461538462,0.809401709402,13126.7735043,7.15661250447e-07,Class 2
0.590890496019,2273.56837607,3754262.65895,10560.1042621,0.81689324912,1.0,38863.9715964,0.679063522777,0.754750245798,0.00247880578834,0.496206702613,0.650020456421,1.0,1.0,0.832508500064,46.0739316239,0.768376068376,38987.219225,17117156.5732,7685469891.44,11.3803418803,0.972222222222,9178.77264957,5.29372543436e-07,Class 2
0.804030973775,2406.1974359,675385.543834,3520.47599015,0.901145637203,1.0,11355.7854709,0.315993683771,0.340189059728,0.00312660580112,0.299015030895,0.493132111052,1.0,1.0,0.90637876968,16.1739316239,0.896581196581,11375.6236855,4362699.40781,1766629714.18,11.794017094,0.357692307692,2242.48290598,5.60253595211e-07,Class 2
0.65259405362,2075.1042735,2668200.90802,8438.65975084,0.834370109038,1.0,30686.0026603,0.590183715411,0.646805945982,0.00259527133549,0.45955421947,0.657348808707,1.0,1.0,0.848099681908,37.1,0.807692307692,30772.0782929,13305492.3197,5887956080.7,10.705982906,0.983760683761,7174.53333333,4.83162608489e-07,Class 2
0.498787347505,2979.93162393,5732557.39412,13905.2695465,0.745846724566,1.0,51361.6439344,0.850982310034,0.971331359476,0.00203724458956,0.670422473664,0.593878059967,1.0,1.0,0.766336166551,59.6615384615,0.705982905983,51562.1390568,23074438.27,10521810123.3,15.2871794872,1.12735042735,12146.0179487,6.93840572217e-07,Class 2
0.603962305501,1335.25982906,3918081.22802,10434.1422295,0.828464615886,1.0,39479.3503917,0.651501277762,0.730203060802,0.00250935609332,0.459469680862,0.709956800348,1.0,1.0,0.844691814754,45.9512820513,0.776923076923,39597.2392971,17507945.446,7863589777.49,7.30256410256,0.829914529915,9565.85384615,3.10898893254e-07,Class 2
0.602552414347,2134.2965812,3550666.41368,10003.6851248,0.813485101639,1.0,37319.3383115,0.677815094654,0.751958074108,0.00246159306279,0.515236259844,0.641605682923,1.0,1.0,0.828662701278,44.4158119658,0.776068376068,37437.9137763,16338237.3899,7273069806.66,10.9991452991,0.485042735043,8826.25128205,4.96944812185e-07,Class 2
0.476239316239,2140.51111111,6636497.48878,14476.9126087,0.757768218062,1.0,54605.5672459,0.881677891037,1.00981632233,0.00204249515571,0.608103353695,0.629518805067,1.0,1.0,0.779984020952,63.6213675214,0.689743589744,54827.1759959,24298361.1613,10947993130.4,11.2598290598,0.954700854701,13172.1632479,4.98391789343e-07,Class 2
0.767788735481,1992.01025641,1591384.29658,6359.36272226,0.942495663758,1.0,21863.8331403,0.297728525521,0.311383785873,0.00340786493254,0.176268137521,0.619108858164,1.0,1.0,0.944001582769,24.9717948718,0.874358974359,21892.7034531,10177770.0704,4890421544.11,9.05128205128,1.57264957265,4975.36837607,4.63815184573e-07,Class 2
0.47846738257,3211.44957265,6193584.80486,14444.6094837,0.728668701801,1.0,53625.2795771,0.88571528574,1.02710580726,0.00195509605789,0.715164256555,0.569637087864,1.0,1.0,0.750107228752,62.5504273504,0.691452991453,53844.1479243,23969554.4186,10868208835.5,16.3555555556,0.784615384615,12658.6632479,7.47746690306e-07,Class 2
0.510906567317,2020.77948718,5665393.78365,13218.6596507,0.760424051372,1.0,49684.3480927,0.826893874322,0.94691844818,0.00209985188374,0.615782249516,0.628535676355,1.0,1.0,0.78301490821,58.3102564103,0.71452991453,49874.7077801,21892153.9992,9755853136.97,10.7709401709,1.11965811966,11963.9376068,4.70513747513e-07,Class 2
0.711073124406,1589.72564103,2848916.91962,9280.48216002,0.935680419225,1.0,34374.184672,0.345245910219,0.361602811748,0.00334536607397,0.212591128391,0.669183110714,1.0,1.0,0.938650515645,36.0961538462,0.838461538462,34422.7857314,16952309.4976,8477485548.03,7.4094017094,1.08846153846,8208.54700855,3.70148140172e-07,Class 2
0.622778873548,1401.27692308,4729486.78398,12884.5447268,0.881387514608,1.0,48716.8614019,0.524674094059,0.592032588966,0.00285357636142,0.347345876025,0.637337264457,1.0,1.0,0.891323632344,50.1948717949,0.787179487179,48820.3613858,24120119.7493,12013117948.0,6.31111111111,1.29914529915,11855.1632479,3.26270164837e-07,Class 2
0.536892395354,2905.80598291,4987452.59745,12951.3847775,0.774061870653,1.0,47979.2639203,0.78527365719,0.883384425492,0.00217912972544,0.613262349657,0.613733371264,1.0,1.0,0.791577258213,54.8047008547,0.732478632479,48149.0814312,21978870.3363,10238531243.1,14.5888888889,0.752564102564,11311.2470085,6.76581324799e-07,Class 2
0.632040324348,1997.48888889,3141792.041,9432.59429945,0.817818592911,1.0,34415.4769972,0.630420898523,0.694854930556,0.00250308965677,0.511406435816,0.659638418018,1.0,1.0,0.833046082794,40.9111111111,0.794871794872,34516.9660333,15044593.3287,6681583129.82,10.2376068376,1.39316239316,8130.18888889,4.65090817029e-07,Class 2
0.549468916648,1057.51196581,5863825.68167,13703.8216766,0.800392997846,1.0,52446.3254627,0.721809688593,0.855402730508,0.00232681331262,0.535081765722,0.643144173439,1.0,1.0,0.818615971567,57.7175213675,0.741025641026,52610.6451064,24262145.3929,11260450495.7,6.05042735043,1.21239316239,12888.734188,2.46228705918e-07,Class 2
0.585500767039,3466.95470085,2970154.22982,9230.69303075,0.787267486318,1.0,33092.7520467,0.686310408977,0.774042853085,0.00231434321802,0.59340200318,0.509614352681,1.0,1.0,0.801883584086,42.5115384615,0.764957264957,33207.6570455,13608549.0723,5735770098.06,17.2025641026,0.283333333333,7435.50769231,8.07237929277e-07,Class 2
0.46328731098,3547.59059829,6435514.62166,14725.187128,0.723999525258,1.0,54702.7107465,0.93523131246,1.05365485611,0.00191456967722,0.731306615444,0.565611289741,1.0,1.0,0.745523407356,64.2431623932,0.680341880342,54940.1574195,24364858.6593,11035938203.8,17.6316239316,0.421794871795,12848.6435897,8.26013010145e-07,Class 2
0.742615238513,3223.91880342,1505375.57355,6483.96092605,0.883057493362,1.0,21800.9469435,0.423819113631,0.44823440949,0.00299587811831,0.371533251335,0.529280111709,1.0,1.0,0.888308514147,26.0226495726,0.861538461538,21844.0697592,9855420.83974,4635435826.44,14.5735042735,0.861111111111,4655.24102564,7.50649997933e-07,Class 2
0.568571846008,2240.92735043,3984285.40352,10696.8593903,0.789340442645,1.0,39651.2144006,0.713546890163,0.823045740423,0.00229379181726,0.557725825646,0.5908704341,1.0,1.0,0.807950519536,48.2158119658,0.753846153846,39786.8155391,16909411.7412,7305530001.25,11.4572649573,0.854273504274,9386.84871795,5.21772480493e-07,Class 2
0.713260281978,2460.87692308,1865414.86691,6809.6931643,0.86185094279,1.0,24307.4779099,0.478767683458,0.526221242244,0.0028246354691,0.413826560509,0.601898697134,1.0,1.0,0.871554712518,29.6170940171,0.844444444444,24363.0420482,10507175.2197,4655777766.25,11.6564102564,0.470085470085,5475.77264957,5.72985043935e-07,Class 2
0.423201110381,2184.13504274,8905884.94686,16950.1833486,0.736952598252,1.0,64902.8415542,0.972926500646,1.11241141255,0.00189887505015,0.681440778965,0.62508629867,1.0,1.0,0.759080703753,73.9606837607,0.649572649573,65187.4169948,29455514.9719,13515177453.4,11.6803418803,0.377777777778,15751.3982906,5.08549087395e-07,Class 2
0.449483526919,4448.0025641,6359987.12327,14993.0750553,0.713193941218,1.0,54809.2068833,0.961103430032,1.07955931435,0.00185483307302,0.758805843818,0.539058182357,1.0,1.0,0.734840016492,64.9448717949,0.670085470085,55055.9286534,24397347.3337,11091942378.0,21.4401709402,0.499572649573,12652.4888889,1.03566290566e-06,Class 2
0.772278471766,3111.09230769,664985.831139,3813.75689293,0.887925034594,1.0,11747.5897504,0.3596989481,0.384618765081,0.00303212985328,0.329971647601,0.417728524837,1.0,1.0,0.892454162998,17.764957265,0.878632478632,11772.4654189,4313350.86266,1691480865.04,15.3299145299,0.445299145299,2165.48205128,7.24379730613e-07,Class 2
0.714785594273,3255.23333333,1225745.04046,5386.01992044,0.86243364261,1.0,18032.1123967,0.462361961577,0.506299001963,0.00284114621678,0.408478097018,0.470488525613,1.0,1.0,0.869574448079,25.0893162393,0.845299145299,18077.5160199,7016697.02125,2852688077.21,15.8726495726,0.260256410256,3705.76666667,7.57941202597e-07,Class 2
0.769147490686,2402.61709402,1035174.68056,4610.44690361,0.889546073412,1.0,15514.3446673,0.380926315217,0.413038754315,0.00303175318223,0.333567069711,0.559120980003,1.0,1.0,0.896271548704,20.7863247863,0.876923076923,15545.2222833,6225178.88543,2596791855.89,11.6341880342,0.562393162393,3285.81367521,5.59419956466e-07,Class 2
0.613613850537,2055.46495726,4180239.671,11917.4153398,0.862016766076,1.0,44057.91667,0.598789190714,0.656040345699,0.00273903982661,0.414652914639,0.65645006345,1.0,1.0,0.871755830275,47.6128205128,0.782051282051,44170.110451,21143563.0994,10285303922.6,9.87179487179,1.51623931624,10529.0333333,4.78589834299e-07,Class 2
0.784171232376,500.24957265,1594446.59084,5334.51110634,0.907139859661,1.0,20175.7695924,0.364108793229,0.392834964055,0.00311043748167,0.275780095305,0.786950719707,1.0,1.0,0.916061966083,23.6666666667,0.88547008547,20209.3664606,8783035.64713,3855851429.05,2.96923076923,0.732478632479,4927.46410256,1.16476984556e-07,Class 2
0.418102125794,4631.56410256,7338844.80388,16252.0139776,0.698047210914,1.0,58868.8094249,1.00580355984,1.15032720158,0.00176347322204,0.779361492647,0.5435326413,1.0,1.0,0.721084858785,70.0495726496,0.646153846154,59147.4332341,25969736.3286,11670352365.8,21.9863247863,1.35299145299,13629.5145299,1.07840296112e-06,Class 2
0.601252100226,2652.86068376,4059562.47805,11609.0389976,0.799388805876,1.0,42873.6311973,0.663874945964,0.75093491594,0.00238166460746,0.565269536376,0.604447891128,1.0,1.0,0.81425169772,47.7995726496,0.775213675214,42998.6285466,19971151.7038,9441867628.73,12.7547008547,0.817521367521,10086.8153846,6.17686110664e-07,Class 2
0.470902184236,3511.87350427,6027735.14951,14407.585866,0.737317248385,1.0,52352.8704862,0.891238899043,1.00015325257,0.00198867114556,0.704922955829,0.59250921608,1.0,1.0,0.756924720285,62.1709401709,0.68547008547,52571.7700397,23127726.8195,10411648362.8,17.8307692308,1.67094017094,12265.4598291,8.17696722364e-07,Class 2
0.597373073271,3370.23846154,2667790.83307,8623.85223882,0.807232925737,1.0,30531.7499706,0.646805472346,0.736408533975,0.00241913196264,0.535388203083,0.488992029644,1.0,1.0,0.820560676742,40.1252136752,0.77264957265,30633.8905926,12283156.977,5066241017.43,16.6572649573,0.561111111111,6816.22649573,7.847187378e-07,Class 2
0.563597048725,4052.66239316,3245612.83136,10102.4785275,0.793610617106,1.0,35668.8631532,0.721795249107,0.81102530979,0.00233030608054,0.589333310317,0.508202232497,1.0,1.0,0.806512243066,45.3175213675,0.750427350427,35797.7659398,14932728.7365,6440506048.58,19.4247863248,0.646581196581,7936.62991453,9.43612790069e-07,Class 2
0.601339761853,4252.28205128,2518068.8882,8861.12844074,0.804304259859,1.0,30443.340224,0.656282358407,0.728153033422,0.00242172871002,0.563957408484,0.509648093395,1.0,1.0,0.814814545901,39.5512820513,0.775213675214,30545.5008356,12549317.7471,5354185309.67,20.3811965812,0.789743589744,6573.61367521,9.90091781971e-07,Class 2
0.693258820951,2732.76581197,1677517.41217,6336.99894688,0.850282006256,1.0,22121.6921794,0.504545264494,0.555344511195,0.00273590660834,0.428536048794,0.54577312958,1.0,1.0,0.861000008294,29.1461538462,0.832478632479,22179.3490728,8939182.68904,3726073294.8,13.5299145299,0.52905982906,4861.87350427,6.36291040869e-07,Class 2
0.719094163197,4091.44188034,1080494.95067,5440.26907909,0.853836659273,1.0,17364.2548139,0.469603526574,0.502724301921,0.00281178299631,0.442470088375,0.447379630652,1.0,1.0,0.859595675436,24.2388888889,0.847863247863,17408.807553,6857537.6551,2870655311.59,19.3632478632,0.288461538462,3329.53076923,9.52642118581e-07,Class 3
0.676280224998,4003.23418803,1717357.86028,6988.79756467,0.833102611852,1.0,23839.8620188,0.552236170157,0.592895617801,0.00266665049942,0.498277802964,0.511637196377,1.0,1.0,0.840536906566,30.8111111111,0.822222222222,23906.6543078,10022662.3039,4402780634.73,19.1829059829,0.025641025641,4976.0957265,9.32104038038e-07,Class 3
0.500521586675,6335.67264957,4304438.02513,13022.0844504,0.741827892017,1.0,45615.8789115,0.840793332505,0.921988486003,0.00207152165509,0.748638325636,0.439781885227,1.0,1.0,0.751951180501,55.0166666667,0.706837606838,45798.4833543,20398711.6676,9454641428.94,29.6282051282,-0.0739316239316,9866.13247863,1.47518375967e-06,Class 3
0.615973409307,3979.37606838,2199925.79837,7825.21137343,0.804844836192,1.0,27366.589731,0.629615643212,0.704792353158,0.00245350034236,0.549212191,0.477829526946,1.0,1.0,0.817060647965,36.6794871795,0.784615384615,27457.4230578,10945787.1917,4531906961.17,19.4735042735,-0.17094017094,5869.7982906,9.26548967156e-07,Class 3
0.64169917452,3905.76324786,1858381.00839,7120.42859432,0.816483422567,1.0,24427.4998906,0.584804234397,0.647084331682,0.00251667264311,0.522833387843,0.457792508431,1.0,1.0,0.826807789648,33.2320512821,0.800854700855,24503.8564312,9672473.79408,3979993889.97,19.141025641,0.0876068376068,5149.78290598,9.09409123712e-07,Class 3
0.648586456279,3675.08461538,1798989.25733,6775.30997119,0.825541643594,1.0,23684.5584811,0.563163763411,0.630907728846,0.00257106736698,0.491395271885,0.463958000013,1.0,1.0,0.835857748686,32.3594017094,0.805128205128,23756.1247272,9329575.68688,3814020251.4,18.152991453,-0.375641025641,5020.51282051,8.55698430127e-07,Class 3
0.59605230477,3805.61794872,2527949.92913,8353.23790255,0.790622592932,1.0,29828.8101317,0.657366580136,0.74253882579,0.00235942960125,0.582333027522,0.48491935716,1.0,1.0,0.803689561402,39.4551282051,0.771794871795,29930.8910199,12048407.1034,5019340736.32,19.1683760684,-0.325213675214,6531.62649573,8.86091517662e-07,Class 3
0.551981883264,3948.76923077,3617547.0916,10718.3067661,0.766281496655,1.0,38514.8356974,0.768380495967,0.854488386904,0.00219217053375,0.651706035579,0.549074584595,1.0,1.0,0.781052451798,47.6863247863,0.742735042735,38659.3201198,16563330.4671,7325955005.06,19.6666666667,0.242735042735,8678.01025641,9.19422539976e-07,Class 3
0.494063846884,5245.5965812,4203701.7919,11862.6803371,0.724352747128,1.0,42643.0649058,0.85800981877,0.967775109506,0.0019775308139,0.754173728563,0.510571584627,1.0,1.0,0.739505549841,53.7905982906,0.702564102564,42825.2592758,18118707.8086,7939836283.41,25.9179487179,-0.728205128205,9395.33589744,1.22137290141e-06,Class 3
0.329577032654,6948.75384615,8573863.97538,17583.5359394,0.614716164388,1.0,62370.2024716,1.18319603003,1.37011673097,0.00136204461148,0.995796342643,0.440047101125,1.0,1.0,0.638232684956,78.3512820513,0.573504273504,62737.1738057,26516124.4201,11566099256.4,34.0495726496,0.742735042735,13947.717094,1.61793220559e-06,Class 3
0.350398129885,4609.66923077,9480997.26155,17499.158816,0.632190058865,1.0,65236.3068824,1.13633139517,1.33191128191,0.00143700785752,0.922521651823,0.492264145824,1.0,1.0,0.658207887186,79.0474358974,0.591452991453,65591.8417945,28347000.6289,12536139213.6,24.1324786325,-0.255982905983,15246.1606838,1.07330500845e-06,Class 3
0.65405069764,3197.24957265,1988418.84946,7060.35505666,0.829688376708,1.0,25183.2074003,0.567078364808,0.630696508148,0.00258730417207,0.493572933222,0.515401315521,1.0,1.0,0.840207766128,33.2102564103,0.808547008547,25257.1793345,10191063.3919,4257050731.19,15.9504273504,-0.21452991453,5515.24188034,7.44440394267e-07,Class 3
0.729315508803,2903.83931624,1217101.47349,5110.55873588,0.868439260101,1.0,17751.2051431,0.435935714278,0.476424016439,0.0028759140961,0.386371255962,0.517130712754,1.0,1.0,0.87589849401,24.1666666667,0.853846153846,17792.4004083,7050740.49972,2921399566.82,14.3299145299,-0.284615384615,3722.32905983,6.76123410559e-07,Class 3
0.341332456717,3951.03504274,10669964.4732,18280.771129,0.63932194278,1.0,68824.4635178,1.14380240057,1.35686135942,0.0014415564458,0.885989670476,0.511062925319,1.0,1.0,0.668807091323,82.5286324786,0.583760683761,69198.1620669,29955988.6259,13206134305.7,20.3991452991,-0.0619658119658,16312.4264957,9.19950106534e-07,Class 3
0.458702607933,3570.10683761,6000017.32607,14037.2359928,0.712180439029,1.0,51372.5851543,0.912618816059,1.05356492708,0.001866070426,0.74856230629,0.559696102041,1.0,1.0,0.732839512705,62.3243589744,0.676923076923,51597.3182368,22253493.4163,9822204175.28,18.7786324786,1.11837606838,12007.2897436,8.31255640628e-07,Class 3
0.437127620717,6446.16581197,4750339.79498,13151.0238334,0.689683249377,1.0,45610.7038157,0.96031929596,1.08354482749,0.00177588053813,0.828392821837,0.455138595523,1.0,1.0,0.706367496865,59.2683760684,0.660683760684,45835.5957875,18954923.2997,8157277535.27,31.5948717949,0.370085470085,9847.82051282,1.50091073891e-06,Class 3
0.519501789758,4126.72393162,4166886.83468,11602.9121547,0.746076467776,1.0,41804.0479923,0.824995156391,0.925609230093,0.0020792262902,0.70256864086,0.535783953936,1.0,1.0,0.762100162959,52.0166666667,0.720512820513,41973.3959077,17803428.8987,7774462569.12,20.6076923077,0.36452991453,9462.07435897,9.6085711199e-07,Class 3
0.416115128936,5262.09401709,5640369.21806,13495.3312786,0.692800771546,1.0,48551.9345789,0.96464455436,1.11831831356,0.00171984215878,0.781339723527,0.454626895017,1.0,1.0,0.713334662037,63.1965811966,0.644444444444,48792.8781593,19841376.751,8317108930.5,26.1760683761,-0.135042735043,10883.1897436,1.22521412725e-06,Class 3
0.83965227555,2100.07692308,449278.338919,2529.1607925,0.920406982368,1.0,8277.87660986,0.254146573476,0.271866373657,0.00327143581975,0.242663984361,0.46839441212,1.0,1.0,0.923682385559,12.3641025641,0.916239316239,8289.99487941,3074504.68333,1218380535.47,10.4581196581,-0.34188034188,1547.57606838,4.88977184008e-07,Class 3
0.601317846446,4100.67777778,2512186.14055,8582.89317765,0.791976327758,1.0,30302.812172,0.676199200058,0.735771315425,0.00237370315118,0.596421693517,0.517334899489,1.0,1.0,0.803211127043,39.2508547009,0.775213675214,30407.2939846,12605334.7241,5438254027.52,20.5393162393,-0.194444444444,6576.96068376,9.54792584152e-07,Class 3
0.831796332822,1685.55811966,657338.182577,3042.5062519,0.921119267164,1.0,10538.268966,0.272238448911,0.294699975695,0.00326502670476,0.251132049832,0.561218317484,1.0,1.0,0.925190468357,14.4944444444,0.911965811966,10553.5257421,4114988.85584,1672165480.63,8.3905982906,-0.0858974358974,2217.10512821,3.92461558801e-07,Class 3
0.525703849806,5052.84615385,3510677.00774,10708.7682645,0.744134831719,1.0,37896.6447419,0.806052103329,0.903839232626,0.00206409096256,0.71440589314,0.491417637013,1.0,1.0,0.75842928393,48.8854700855,0.724786324786,38052.0843559,15723919.9073,6733346565.11,24.4820512821,-0.294871794872,8250.19145299,1.17649332574e-06,Class 3
0.502531959968,4717.4017094,4133470.00654,11725.2454747,0.746044658478,1.0,41715.1088526,0.844093964099,0.943273733029,0.00206086643009,0.700729207741,0.503917934186,1.0,1.0,0.761306330977,52.7324786325,0.708547008547,41890.7931967,17643056.6866,7685767542.61,23.4222222222,0.306837606838,9293.75982906,1.0983891963e-06,Class 3
0.388731097962,4240.5042735,8746039.703,17296.3272054,0.666417210681,1.0,64318.4902729,1.06184316032,1.23583926947,0.0016133983444,0.8529877793,0.531325510246,1.0,1.0,0.691430986887,75.6931623932,0.623076923077,64636.4944788,28598516.6715,12911334205.2,21.2461538462,0.361538461538,15099.5888889,9.87349470702e-07,Class 3
0.494239170137,3772.44188034,4306636.69754,11168.3316459,0.744047319919,1.0,41103.9528617,0.79852023165,0.942005469691,0.0020368964542,0.652069273704,0.472848945125,1.0,1.0,0.762701393712,53.285042735,0.702564102564,41271.8468693,16745705.3545,6971016595.91,19.5273504274,-0.444871794872,9375.26752137,8.78366876572e-07,Class 3
0.534632186427,4340.27350427,3655871.85984,10864.8281469,0.760915009712,1.0,38791.4764791,0.773883298553,0.860000368118,0.00215520540664,0.640912169846,0.538485817777,1.0,1.0,0.775681663902,48.6538461538,0.730769230769,38939.9668078,16601134.86,7335193801.23,21.8153846154,0.148717948718,8650.3034188,1.01057951384e-06,Class 3
0.610633355249,3164.65811966,2953512.69355,9308.57879464,0.806001970132,1.0,33663.1125075,0.654666086747,0.722456221647,0.00244318183845,0.545429508649,0.594006063177,1.0,1.0,0.818215152535,41.0863247863,0.781196581197,33768.9913271,14647120.0199,6546401768.7,15.9863247863,0.35811965812,7651.4042735,7.36851873708e-07,Class 3
0.469390021185,4317.57777778,5590145.53328,13981.1880762,0.73281776726,1.0,50794.9487119,0.900782769536,1.00772102776,0.00198110918888,0.719424988561,0.558906846497,1.0,1.0,0.750291754631,60.6427350427,0.684615384615,51010.7460012,22613912.5912,10319853681.6,21.9094017094,0.618803418803,11673.765812,1.00529509196e-06,Class 3
0.696113667909,3791.92393162,1510619.22194,6422.54902701,0.841502896057,1.0,21644.4424443,0.506632109033,0.549009771472,0.00271133167591,0.473963288571,0.533831256405,1.0,1.0,0.849252820774,28.3730769231,0.834188034188,21700.7980178,8961496.80536,3876654087.4,17.9957264957,0.252564102564,4477.44017094,8.82903033543e-07,Class 3
0.479902111184,4698.14358974,4285910.216,11481.7658139,0.73243944411,1.0,41530.082757,0.843033221753,0.985653056526,0.0019659053756,0.698308258346,0.439157999457,1.0,1.0,0.750901672525,54.3820512821,0.692307692308,41711.0561775,16841207.4387,7005782792.21,23.1811965812,-0.554700854701,9253.65299145,1.09390517906e-06,Class 3
0.689020381328,2978.11538462,1663161.77554,6404.16436488,0.841978998045,1.0,22237.4369084,0.513354213616,0.559708030956,0.00269568841307,0.456830977712,0.533257454202,1.0,1.0,0.851436492454,29.2354700855,0.829914529915,22296.2924355,9102351.28062,3869108259.83,15.0487179487,0.380769230769,4829.77264957,6.93417683142e-07,Class 3
0.616378113814,5298.76666667,1389041.79293,6549.5297495,0.799528007128,1.0,20758.8898625,0.57490529652,0.648172215483,0.00242837752477,0.531734635565,0.301384106907,1.0,1.0,0.808025514132,31.5542735043,0.784615384615,20830.1362122,7558586.47529,2920381726.56,26.3068376068,0.0858974358974,3883.08888889,1.23375290444e-06,Class 3
0.590912411425,4225.74273504,2428164.7568,8547.62457455,0.791438784352,1.0,29350.9678645,0.665822683578,0.742412564325,0.00236007450775,0.575352748931,0.485016358824,1.0,1.0,0.803196058472,39.1705128205,0.768376068376,29453.6229911,11878965.4023,4992912951.34,21.2247863248,0.571367521368,6307.27606838,9.83912427311e-07,Class 3
0.265874789977,6129.33675214,12267569.5068,19501.1652663,0.590056163429,1.0,71498.1769383,1.25033785955,1.49901327968,0.00118428441168,0.974802624413,0.426660002793,1.0,1.0,0.618994269697,89.8666666667,0.51452991453,71943.2601038,30156640.561,12965182547.9,31.2478632479,-0.0854700854701,16454.182906,1.42714097373e-06,Class 3
0.437124698663,1932.61880342,8858535.04222,16933.4947936,0.733814527332,1.0,65236.6762496,0.965982662266,1.11338123825,0.00188988630919,0.674680497088,0.628566693297,1.0,1.0,0.757510457281,73.388034188,0.660683760684,65517.0160867,29819230.0762,13745513170.4,9.88547008547,0.251282051282,15896.6726496,4.49986612334e-07,Class 3
0.436947914384,1985.79059829,8479322.32101,16391.5754092,0.722501423294,1.0,63026.6852482,0.971641953401,1.11983948491,0.00185073534857,0.700336436768,0.63133793843,1.0,1.0,0.747579607458,71.8841880342,0.660683760684,63302.8776118,28495412.3732,12999070177.3,10.8555555556,0.297863247863,15329.8333333,4.62367013376e-07,Class 3
0.142555336401,6101.36324786,29096927.6144,26304.9458352,0.477335847812,1.0,98160.8789843,1.51370956539,1.88156752656,0.000742026942182,1.09616724099,0.428167492932,1.0,1.0,0.519460597846,120.267094017,0.375213675214,98883.0271844,42188218.6218,18366795533.4,32.0076923077,0.226923076923,23196.3555556,1.42062768595e-06,Class 3
0.564841843816,4740.5034188,2874834.85591,9605.38423,0.781827191043,1.0,33269.8769194,0.726744332084,0.808618431391,0.00227416497272,0.609020131563,0.494921111186,1.0,1.0,0.795180025246,43.5106837607,0.751282051282,33394.4736855,13638941.2609,5788052679.6,22.3820512821,0.301282051282,7163.83247863,1.10376814632e-06,Class 3
0.463249324275,3454.8034188,6861583.92483,15501.0413347,0.717463000331,1.0,57764.3546873,0.913846259572,1.05944549932,0.00188088044682,0.755466644867,0.550011374354,1.0,1.0,0.738383799205,66.105982906,0.680341880342,58003.0966422,26307531.3248,12150155184.5,17.335042735,0.591452991453,13637.5897436,8.04408652114e-07,Class 3
0.506093944043,3642.27350427,4792955.51709,12507.5240537,0.74325331499,1.0,45442.4111803,0.840457791738,0.952855843897,0.00204975463412,0.677422436086,0.573581761435,1.0,1.0,0.762721982538,55.305982906,0.711111111111,45625.9059371,19669767.4756,8694017811.62,18.388034188,0.803418803419,10496.3401709,8.48058764866e-07,Class 3
0.453984951421,3008.27008547,7446776.55115,15985.362335,0.711743079615,1.0,60130.2865536,0.92014325364,1.08551707733,0.00184993064223,0.758070283293,0.567825437513,1.0,1.0,0.734036195879,68.447008547,0.673504273504,60379.2251946,27385771.2027,12609496506.2,15.5811965812,0.594871794872,14343.2735043,7.00438835818e-07,Class 3
0.447328511944,5181.87435897,5006439.52063,12860.450062,0.6996263086,1.0,46116.4200944,0.919784936299,1.06317451731,0.00178663278446,0.779601915073,0.457657953825,1.0,1.0,0.720030990695,59.2602564103,0.668376068376,46331.7490327,19152746.1882,8172064835.04,25.8863247863,-0.134615384615,10287.9316239,1.20653596261e-06,Class 3
0.478654394039,5327.17179487,4424592.29122,12369.0321467,0.720398495204,1.0,43766.1714011,0.889885666096,0.997337366041,0.00191566544755,0.746613225319,0.492104041227,1.0,1.0,0.737780356771,55.4688034188,0.691452991453,43961.0897379,18533106.928,8097902315.97,26.0777777778,0.151709401709,9658.91282051,1.24036669055e-06,Class 3
0.761649499598,1628.73931624,1424648.65407,5224.27690495,0.884810920556,1.0,19152.0118231,0.398187167255,0.434127534796,0.00299663716754,0.350600539735,0.641310870691,1.0,1.0,0.892543006937,23.8713675214,0.87264957265,19189.1284398,8041014.53751,3449759287.86,8.31538461538,0.0918803418803,4390.28376068,3.79231996498e-07,Class 3
0.757199211045,1744.15128205,1458958.33619,5395.3450206,0.883997400958,1.0,19637.0465112,0.405538907464,0.439993566545,0.00297371159774,0.353964235353,0.64503620658,1.0,1.0,0.89207696235,24.3576923077,0.870085470085,19675.6329002,8304338.73318,3591097850.82,8.71538461538,0.185897435897,4483.06068376,4.06104258854e-07,Class 3
0.593362553875,3042.64017094,3157150.74835,9531.22622386,0.803164963455,1.0,34629.2689731,0.685896039349,0.758203676688,0.00240384824944,0.542397051963,0.586974454804,1.0,1.0,0.818132452555,42.9816239316,0.770085470085,34745.3791075,14732358.6745,6423902549.87,15.1478632479,0.378205128205,7926.02051282,7.08441489161e-07,Class 3
0.517194827964,4942.8025641,3322199.91993,10224.7424832,0.755521802926,1.0,35777.4868038,0.787783677439,0.900131974075,0.00210640367715,0.658751879848,0.434176527166,1.0,1.0,0.770640521421,47.9961538462,0.718803418803,35926.6087282,14289946.7089,5893628078.66,24.2452991453,0.0653846153846,7746.32649573,1.15087102398e-06,Class 3
0.503798670465,4312.52735043,4065174.58374,11235.5762372,0.737462410934,1.0,40554.324807,0.821493890554,0.934333287887,0.00202347897484,0.697562631942,0.504893344314,1.0,1.0,0.754126750713,52.0457264957,0.709401709402,40723.0445723,16831310.2671,7178594224.39,22.0111111111,-0.0995726495726,9103.03589744,1.00411916183e-06,Class 3
0.578993352327,4457.9042735,2635216.9243,8982.78163251,0.784751870217,1.0,31201.0377392,0.697344213783,0.783362434948,0.00232709866948,0.614552382802,0.474352893736,1.0,1.0,0.79594340065,41.2256410256,0.760683760684,31314.2570589,12684042.2878,5336122038.7,22.0068376068,0.183760683761,6714.41025641,1.03796839739e-06,Class 3
0.508577690116,4937.26837607,3797166.96618,11144.8878224,0.740134492034,1.0,39498.8512291,0.825789919539,0.934708801293,0.00203215953039,0.712527819822,0.481884674388,1.0,1.0,0.755099969692,50.9136752137,0.712820512821,39664.7543078,16413965.1506,7036035563.31,24.4393162393,-0.0128205128205,8682.26923077,1.1495824561e-06,Class 3
0.749844400614,2365.45042735,1171008.59174,4780.93462397,0.88163557483,1.0,16862.6208751,0.404394148979,0.441258023637,0.00295694402889,0.345646885488,0.538143639202,1.0,1.0,0.889342846811,22.655982906,0.865811965812,16898.3971898,6727236.5962,2782154224.86,11.7888888889,-0.173076923077,3633.41367521,5.50766153452e-07,Class 4
0.871254291767,953.807692308,808637.87646,3143.63376259,0.948289037169,1.0,12157.3459812,0.202247425094,0.21605144743,0.00344524668066,0.164949739226,0.67004030874,1.0,1.0,0.952237483621,13.5064102564,0.933333333333,12167.8096096,5799204.97868,2839887799.78,4.62136752137,-0.540598290598,2803.60598291,2.22082436288e-07,Class 4
0.7498867704,3346.94102564,900210.855654,4505.85353422,0.873791202765,1.0,14732.7891423,0.399992819659,0.434952799239,0.0029385556331,0.369681445887,0.46858124105,1.0,1.0,0.87966099406,20.9260683761,0.865811965812,14765.4563778,5720644.92268,2353108250.44,16.1666666667,-0.0978632478632,2854.79230769,7.79294215262e-07,Class 4
0.855323252246,2221.86837607,387867.060818,2533.87038118,0.929473218259,1.0,7637.73916683,0.243775192162,0.253552234756,0.00333848897374,0.229838676555,0.468417632461,1.0,1.0,0.931483617138,11.2692307692,0.924786324786,7648.31627364,2880015.5282,1165780464.08,10.4717948718,0.291452991453,1356.7,5.173348318e-07,Class 4
0.421148367302,7203.13247863,3996933.59419,12010.9876221,0.693616049212,1.0,40332.2021155,0.909922267781,1.05133452104,0.00173871566123,0.765923721821,0.349931741684,1.0,1.0,0.710088008253,56.5816239316,0.647863247863,40535.5455605,15685388.1625,6369194926.41,35.435042735,0.361965811966,8333.54529915,1.67716115383e-06,Class 4
0.775143545913,1506.0008547,1274966.8943,4715.14721745,0.90375216405,1.0,17433.2267884,0.372197646857,0.403246805017,0.00308046930466,0.30083260168,0.631009762375,1.0,1.0,0.910454231364,22.0747863248,0.880341880342,17465.2632154,7205169.07118,3043477544.19,7.52393162393,-0.109829059829,3989.98803419,3.50653849368e-07,Class 4
0.016348893272,1753.36239316,317286645.443,47404.0219904,0.350527076501,1.0,186749.912716,1.82519996387,2.44239003845,0.000433464866793,1.12998226047,0.398201584615,1.0,1.0,0.419610212761,204.852136752,0.0982905982906,188235.764244,87090281.3202,40489440934.3,11.1111111111,-0.348717948718,46622.2008547,4.08248953233e-07,Class 4
0.0707794579589,8788.28803419,46429683.1997,30154.2807311,0.392577215159,1.0,109626.063927,1.69305248153,2.08860831006,0.000496391760649,1.20928599656,0.402789299306,1.0,1.0,0.438716304826,137.510683761,0.259829059829,110550.15157,46575351.7364,20154862924.4,44.9717948718,1.38162393162,25441.5401709,2.04624520559e-06,Class 4
0.367651398933,5108.25384615,7517461.68009,15807.1370278,0.68276828629,1.0,56823.0974867,1.02992325821,1.18075333791,0.00160435253207,0.764765360239,0.513011634336,1.0,1.0,0.704327886666,71.9790598291,0.605128205128,57116.3190915,23855605.7603,10260676215.4,26.1034188034,1.17735042735,13002.5786325,1.1893943281e-06,Class 4
0.665088757396,3152.28974359,1989816.16355,6942.64623588,0.826503239885,1.0,25441.0480306,0.559925463893,0.616318644456,0.00260737617332,0.502853379963,0.550522229488,1.0,1.0,0.83689277993,32.7423076923,0.815384615385,25513.0443853,10549533.6542,4512366738.67,15.7769230769,-1.02435897436,5590.44444444,7.33972048862e-07,Class 4
0.86172401198,3221.89401709,11450.6382807,1667.10221211,0.929061411567,1.0,3381.0349346,0.205955217633,0.226952610555,0.00335765924732,0.202989128576,0.0189372261289,1.0,1.0,0.929392794556,7.73418803419,0.928205128205,3387.12247022,763020.377298,180467396.793,15.0923076923,0.0803418803419,41.3675213675,7.50178551242e-07,Class 4
0.908259186208,1643.90683761,121316.142335,1322.88086462,0.954147794173,1.0,3421.72282354,0.144543424066,0.156177919748,0.00353920898616,0.142082138552,0.290512067031,1.0,1.0,0.955307703684,6.01324786325,0.952991452991,3424.99077952,1093357.63825,385175183.37,7.82820512821,0.267094017094,445.317948718,3.82763568035e-07,Class 4
0.501767842793,5570.86581197,3025922.00094,10273.0763708,0.740309740455,1.0,33657.7767817,0.761133488492,0.883869991335,0.00202616703642,0.661713685391,0.367031412881,1.0,1.0,0.754935317143,47.1833333333,0.707692307692,33799.3742998,13002171.233,5220563105.45,27.8863247863,2.01068376068,7057.4957265,1.297107857e-06,Class 4
0.816340127109,2275.27094017,892768.13108,4091.19659646,0.916107034969,1.0,14167.8293635,0.299352255911,0.317981734404,0.00323452205687,0.270894871017,0.56151585638,1.0,1.0,0.919064607457,17.3876068376,0.903418803419,14188.0165274,6283772.91413,2915621161.14,10.7085470085,-0.102136752137,2978.32222222,5.29768964629e-07,Class 4
0.741105997516,3940.37692308,744397.769223,4370.74313759,0.867169408323,1.0,13387.566442,0.403907956439,0.438505452082,0.00290410164632,0.38259635387,0.382226809301,1.0,1.0,0.871903230425,20.2927350427,0.860683760684,13419.554802,4937049.25722,1956330827.23,19.1068376068,0.115811965812,2369.95299145,9.17468493942e-07,Class 4
0.571765651253,6180.88290598,1747187.82238,7597.85826846,0.77473278009,1.0,24670.3516592,0.665425355562,0.740077291833,0.00226894864939,0.61054624186,0.341071935513,1.0,1.0,0.783483841287,36.5576923077,0.755555555556,24766.0721631,9265690.38564,3706205506.23,30.4418803419,-0.691025641026,4646.58290598,1.43914286417e-06,Class 4
0.845898166411,1007.55982906,751348.062602,3115.96077247,0.930913076926,1.0,11139.7094105,0.250862393112,0.266791778272,0.00332117351973,0.20737819597,0.686065237408,1.0,1.0,0.936848457486,14.4004273504,0.919658119658,11153.6466289,4525179.09994,1884365587.94,5.13076923077,0.359401709402,2536.63418803,2.34597962827e-07,Class 4
0.885604499963,1008.49401709,493549.764038,2332.88484432,0.953024613131,1.0,7957.00719078,0.186516516081,0.198387637944,0.00350129076715,0.15332168742,0.618496946968,1.0,1.0,0.956194621795,10.3658119658,0.941025641026,7964.38211232,3249309.64211,1377597716.15,4.80170940171,0.437606837607,1739.05299145,2.34815477066e-07,Class 4
1.0,0.0,-0.00392156862745,1.52587890625e-05,1.0,1.0,0.0,-0.0,-0.0,0.00389099121094,-0.0,nan,1.0,1.0,1.0,0.0,1.0,6.103515625e-05,-4.76837158203e-07,3.72529029846e-09,0.0,0.0,0.0,0.0,Class 4
0.909907224779,1351.35299145,154493.649352,1312.24799202,0.957101912287,1.0,3610.53944444,0.137991183485,0.149311969647,0.00355211282318,0.130815064718,0.310079336467,1.0,1.0,0.95852828688,6.09188034188,0.953846153846,3613.69259576,1196513.11125,431015049.166,6.67435897436,0.348290598291,565.632478632,3.14645988964e-07,Class 4
0.982986339397,426.504273504,-0.00395542119818,213.244706765,0.991453165081,1.0,426.400775852,0.0273469151993,0.0299198211451,0.00382456013489,0.0273469151993,0.000532315684223,1.0,1.0,0.991491277098,0.952991452991,0.991452991453,426.474553557,95761.346035,21577203.4881,1.90598290598,5.55111512313e-17,0.0,9.93062950856e-08,Class 4
0.813324567171,4327.73333333,61378.8289729,2378.67804678,0.902488217804,1.0,5175.30214274,0.274488860285,0.302406494628,0.0031627205648,0.274488860285,0.0664344371018,1.0,1.0,0.903246995288,11.0170940171,0.901709401709,5186.97885377,1324681.42444,380767526.852,20.1572649573,2.671474153e-15,214.897435897,1.00765968866e-06,Class 4
0.954405727226,661.335897436,84751.1244336,544.077692876,0.978606109326,1.0,1939.05566488,0.0745349547054,0.0784573787644,0.00371298560425,0.0724766299487,0.519228318426,1.0,1.0,0.979453858526,3.16025641026,0.976923076923,1939.89361071,659326.478741,241620808.981,3.20769230769,-0.521794871795,319.664102564,1.53983961853e-07,Class 4
0.599465264081,8541.28632479,485266.741842,5715.30810153,0.77963695706,1.0,14198.1943909,0.573865556122,0.639340046922,0.00234129231949,0.563925908588,0.110968465452,1.0,1.0,0.782997273743,27.1568376068,0.773504273504,14259.353974,4189307.1514,1379729662.53,40.8179487179,0.0337606837607,1429.72905983,1.98873388351e-06,Class 4
0.813242749653,3197.16581197,407592.78884,3035.52651099,0.904225900724,1.0,8735.08570648,0.302733496578,0.320442530695,0.00316797683808,0.295273051965,0.364924963803,1.0,1.0,0.90682965645,13.8008547009,0.901709401709,8751.27476723,3107828.19635,1203892618.6,15.1145299145,0.202564102564,1388.63504274,7.44420891618e-07,Class 4
0.871232376361,2386.61025641,294743.547138,2320.74417925,0.937062853781,1.0,6573.72708392,0.206898410024,0.21828729136,0.00340709446903,0.196035102812,0.401038714024,1.0,1.0,0.938411777011,9.84358974359,0.933333333333,6581.52321809,2466790.62913,1008917470.9,10.6803418803,0.366666666667,1048.80512821,5.55692960425e-07,Class 4
0.838056833954,3934.93418803,22454.1996684,2029.750476,0.915388494055,1.0,4245.35748292,0.253355951129,0.277840048157,0.00325888011809,0.253355951129,0.037183899562,1.0,1.0,0.915823686114,9.38162393162,0.915384615385,4254.50773999,1001304.17812,250122055.892,18.0709401709,-0.0867521367521,79.9666666667,9.16201219765e-07,Class 4
0.352916940609,10779.0025641,4504424.78063,13935.8155935,0.609631188437,1.0,45544.692704,1.08952654589,1.2432991866,0.0014023484138,1.02084225584,0.334629457823,1.0,1.0,0.623688299851,64.2730769231,0.593162393162,45821.6060573,17918111.6454,7440447149.8,51.564957265,-0.954273504274,8761.15299145,2.50975869612e-06,Class 4
0.47499890423,8848.33846154,1842734.71034,8816.18013011,0.708371450433,1.0,26713.8418411,0.778179795583,0.892104221014,0.00189929167116,0.729474646262,0.205160839528,1.0,1.0,0.717670892464,43.1111111111,0.688034188034,26846.0818986,9290800.26806,3471716842.44,43.4683760684,-0.524786324786,4499.77264957,2.06022721193e-06,Class 4
0.839587990357,1611.90598291,718077.79976,3339.20115041,0.922635548656,1.0,11318.8853048,0.268830275414,0.284724257171,0.00328936764457,0.246943737791,0.665579113991,1.0,1.0,0.926644728924,14.7034188034,0.916239316239,11334.1645108,4650227.66979,1981490705.49,7.85811965812,0.467521367521,2430.67948718,3.75312561053e-07,Class 4
0.966124625612,752.482051282,-0.00398970256282,376.227045173,0.98290637427,1.0,752.107871579,0.0526035059468,0.0577493178385,0.00375874542965,0.0526035059468,0.00110761389386,1.0,1.0,0.982987308608,1.79145299145,0.982905982906,752.426129411,158341.937007,33391195.6312,3.58290598291,-1.38777878078e-17,0.0,1.75206227167e-07,Class 4
0.890455109942,1772.6008547,207074.232136,1597.5828745,0.944749732486,1.0,4757.00847762,0.173763275559,0.18545687825,0.00346340108383,0.171384595068,0.368563418509,1.0,1.0,0.946755823818,7.73034188034,0.94358974359,4762.1097699,1635848.1536,611067940.168,8.49145299145,-0.175641025641,747.437606838,4.12728393316e-07,Class 4
0.892028636131,1161.73076923,393005.613555,1905.70285313,0.948054368483,1.0,6758.72668605,0.182578479676,0.191840941081,0.00347575703569,0.173977903141,0.578914217195,1.0,1.0,0.950546475465,9.18675213675,0.944444444444,6765.11553913,2683282.39736,1113292739.15,5.72905982906,-0.360256410256,1400.91794872,2.70494777535e-07,Class 4
0.882423843962,1622.5008547,290718.136244,1810.85328048,0.942580019254,1.0,5768.65777031,0.187826630861,0.198354880826,0.00344464743126,0.176451458412,0.47299040461,1.0,1.0,0.944764665212,8.78888888889,0.939316239316,5774.95104928,2104778.38825,823083866.13,7.96752136752,-0.181196581197,1038.18119658,3.77779447155e-07,Class 4
0.793419533932,2586.16068376,649024.880461,3375.68463732,0.898823942659,1.0,11130.2530343,0.318206125856,0.350359940319,0.00311514016265,0.294519330929,0.445433934992,1.0,1.0,0.903721498214,16.4641025641,0.890598290598,11150.5932501,4132130.34938,1622662295.06,12.8102564103,-0.273504273504,2141.23675214,6.0215583279e-07,Class 4
0.693423917014,2827.41196581,1530704.9481,5782.31480559,0.856003479744,1.0,20620.9417196,0.474576298652,0.528872710951,0.00275872374253,0.413792577027,0.504756983714,1.0,1.0,0.864473274936,28.0905982906,0.832478632479,20673.1632555,8086533.54108,3279332959.4,14.2085470085,-0.445299145299,4461.65726496,6.58328238305e-07,Class 4
0.726679815911,5221.35726496,400545.058652,4018.31370383,0.858535638407,1.0,10365.5866656,0.406702278413,0.445741463204,0.00284822877394,0.390043341423,0.217245876785,1.0,1.0,0.861138066768,18.6034188034,0.852136752137,10395.1041743,3259788.71349,1133163680.14,25.0085470085,0.540170940171,1293.58205128,1.21572907357e-06,Class 4
0.961089926218,680.894871795,60385.6581988,589.394826958,0.980642960821,1.0,1596.8349544,0.0637480260045,0.0677385452373,0.00373905009946,0.0637480260045,0.407464435178,1.0,1.0,0.981310186612,2.65085470085,0.980341880342,1597.42405943,536930.425216,197176261.169,3.16324786325,0.0918803418803,229.152991453,1.5853802942e-07,Class 4
1.0,0.0,-0.00392156862745,1.52587890625e-05,1.0,1.0,0.0,-0.0,-0.0,0.00389099121094,-0.0,nan,1.0,1.0,1.0,0.0,1.0,6.103515625e-05,-4.76837158203e-07,3.72529029846e-09,0.0,0.0,0.0,0.0,Class 4
0.947741982614,521.096581197,235031.263697,1258.93070436,0.978529482391,1.0,4025.36666035,0.0870869970415,0.0898798228878,0.0037000018673,0.0774489715308,0.753276285394,1.0,1.0,0.979578811285,4.86025641026,0.973504273504,4026.90031477,1801339.47672,841080304.191,2.44871794872,0.510683760684,876.488888889,1.21330955104e-07,Class 4
0.584288114545,3484.48119658,3055855.5189,9355.11446505,0.795496573117,1.0,34027.0233453,0.690104065308,0.764687250468,0.00236663771543,0.563680799645,0.549242247633,1.0,1.0,0.809362501847,42.9363247863,0.764102564103,34143.7275317,14338463.8082,6213361222.11,17.6076923077,-0.259401709402,7665.14700855,8.11318759095e-07,Class 4
0.822635692892,3055.77264957,332741.768569,2726.28945837,0.911873121112,1.0,7627.46903364,0.267978479171,0.288412290501,0.00319938321364,0.257776525159,0.313701487858,1.0,1.0,0.91425355413,12.5179487179,0.906837606838,7640.42425975,2646128.0922,1014482617.1,14.5504273504,0.211111111111,1146.26068376,7.11499225927e-07,Class 4
0.853749726057,2107.46752137,388058.580459,2442.0601448,0.930487554374,1.0,7511.59606739,0.240981266528,0.254778642649,0.00335097618975,0.220081416075,0.453701445362,1.0,1.0,0.933330140566,11.2764957265,0.923931623932,7522.05536285,2762822.78915,1084052392.73,10.0230769231,0.172222222222,1353.73504274,4.9069799428e-07,Class 4
0.874398422091,1511.76666667,411610.647491,2224.71541323,0.941432436202,1.0,7304.42243359,0.203115738646,0.216215074186,0.00343194334404,0.186530322011,0.557203340261,1.0,1.0,0.94401887998,10.3021367521,0.935042735043,7312.42940131,2819373.37441,1145890576.38,7.32564102564,0.0893162393162,1450.24615385,3.51996348049e-07,Class 4
0.941100153408,515.055555556,314688.271054,1450.64987503,0.975837872144,1.0,5174.28753126,0.0978892098463,0.102520440549,0.00369339300252,0.0838085675498,0.674562580525,1.0,1.0,0.977206889027,5.87136752137,0.970085470085,5176.39350388,2435671.99835,1183571404.75,2.51709401709,0.108974358974,1165.38034188,1.19924376291e-07,Class 4
0.537482650303,7639.02735043,1560044.42447,8093.13859699,0.748662573767,1.0,23838.8522121,0.706407390152,0.799566211383,0.00211010760914,0.655797300731,0.233553700058,1.0,1.0,0.758483511438,37.7487179487,0.732478632479,23943.8375076,8409962.47941,3179880249.18,36.8341880342,0.964102564103,4076.4974359,1.77865393469e-06,Class 4
0.922952735773,1177.17606838,208961.660584,1254.47111569,0.961274470155,1.0,4255.79765449,0.126878359666,0.135305884147,0.00359016230634,0.125334616098,0.518600628999,1.0,1.0,0.96238710705,5.9811965812,0.960683760684,4258.63024266,1722742.18445,756605000.939,5.64273504274,-0.422222222222,770.41025641,2.74091026224e-07,Class 4
0.846001899335,3007.56324786,109776.127495,1943.16452514,0.921878031988,1.0,4557.71234699,0.224251797569,0.24559009983,0.00329642737318,0.220774559542,0.127479859821,1.0,1.0,0.92311514208,9.21239316239,0.919658119658,4565.63781477,1255132.79889,386789892.574,14.6299145299,0.253418803419,389.590598291,7.00274257341e-07,Class 4
0.93779677113,1258.90769231,60663.7834635,894.727933261,0.968901120762,1.0,2167.83520444,0.0994741841156,0.105649158386,0.00364814681946,0.0994741841156,0.246579223914,1.0,1.0,0.969295858064,3.90598290598,0.968376068376,2169.25748625,697698.342923,258917806.23,5.89743589744,0.178632478632,227.617948718,2.93121233583e-07,Class 4
0.838176638177,2789.26923077,407747.407494,2740.54395222,0.926332681847,1.0,8452.49038851,0.244818203272,0.262347103741,0.00332063704884,0.221462136476,0.335686908757,1.0,1.0,0.927430362469,12.2935897436,0.915384615385,8464.08511712,3390660.9185,1506173098.75,13.1837606838,-0.303846153846,1418.8,6.49447169727e-07,Class 4
0.619940097889,3117.60512821,2910095.21122,9326.89620249,0.80993409917,1.0,33453.0821385,0.648163133903,0.707824919042,0.00246399576752,0.545575727035,0.594691468748,1.0,1.0,0.822352001999,40.5008547009,0.787179487179,33556.401076,14637785.6574,6575935137.49,15.441025641,0.684615384615,7610.01538462,7.25896161082e-07,Class 4
0.519542698517,3078.98376068,4738753.60824,12037.8794423,0.774441297473,1.0,44620.0391483,0.811675137686,0.91511673464,0.00213689691077,0.599689991694,0.587326436961,1.0,1.0,0.793297951208,54.3636752137,0.720512820513,44794.1841022,19100646.8386,8310097537.4,14.8179487179,0.344871794872,10429.2247863,7.16903648796e-07,Class 4
0.888808532398,1151.43418803,540047.187637,2603.11805078,0.949000562885,1.0,8802.5415386,0.186910681098,0.196561593412,0.00348222892918,0.16585511167,0.63401930735,1.0,1.0,0.952456712599,10.5965811966,0.942735042735,8810.0979777,3935762.40005,1828074587.31,5.42564102564,0.44188034188,1914.74871795,2.68097344744e-07,Class 4
0.941103075462,847.752136752,186511.653079,1081.59670997,0.97160687214,1.0,3628.07009754,0.0980153401269,0.101102827262,0.00366747118573,0.0950328772154,0.515717446777,1.0,1.0,0.972247279104,4.82051282051,0.970085470085,3629.79984736,1534301.02224,695237292.227,4.1264957265,-0.130769230769,695.54957265,1.97388699438e-07,Class 4
0.957745635182,985.577777778,25213.0842983,522.24781841,0.978640330662,1.0,1368.25704932,0.0680499112067,0.0726811419092,0.00372600929115,0.0680499112067,0.172873524456,1.0,1.0,0.978811197228,2.59572649573,0.978632478632,1368.87791894,405722.897171,137847137.75,4.42735042735,-0.290598290598,95.8452991453,2.29479711483e-07,Class 4
0.94942800789,757.051282051,76188.3372858,665.025629575,0.975429048148,1.0,1903.54936744,0.0764682405542,0.0820449040819,0.00369363840942,0.0752448527215,0.333740219954,1.0,1.0,0.976213117848,3.28632478632,0.974358974359,1904.44608133,622461.34112,223558022.765,3.80854700855,-0.000854700854701,286.874358974,1.76270116575e-07,Class 4
0.87128789539,1757.7982906,350893.051273,2072.87858764,0.941032795532,1.0,6709.02838714,0.197802516464,0.209052344772,0.00341382889083,0.179752972751,0.488658273425,1.0,1.0,0.943187751091,9.94102564103,0.933333333333,6716.54410484,2510928.7312,1006822190.69,8.47863247863,-0.196581196581,1239.76410256,4.09281797608e-07,Class 4
0.872854116444,2723.54444444,40322.3683727,1490.98532509,0.935095227246,1.0,3302.92416817,0.187926913482,0.206325663539,0.00340109056078,0.184958440616,0.0601591683653,1.0,1.0,0.935639433263,7.21666666667,0.934188034188,3308.08821542,813281.835835,220471261.122,13.0418803419,-0.0850427350427,146.192307692,6.3414395841e-07,Class 4
0.966123164585,707.931623932,9169.19547929,460.925796509,0.98292345363,1.0,847.678512764,0.0544676052492,0.0582638990277,0.00375871689397,0.0544676052492,0.0967951381876,1.0,1.0,0.983090559314,1.86581196581,0.982905982906,848.023805693,205246.096409,54240693.5335,3.39145299145,0.304273504274,35.0376068376,1.64833205935e-07,Class 4
1.0,0.0,-0.00392156862745,1.52587890625e-05,1.0,1.0,0.0,-0.0,-0.0,0.00389099121094,-0.0,nan,1.0,1.0,1.0,0.0,1.0,6.103515625e-05,-4.76837158203e-07,3.72529029846e-09,0.0,0.0,0.0,0.0,Class 4
0.927907078676,1536.14957265,21120.6040934,865.408856071,0.963300558394,1.0,1850.53965939,0.110564034078,0.120125276619,0.00360958940109,0.110564034078,0.0799492807513,1.0,1.0,0.96362151677,4.0311965812,0.963247863248,1852.18434255,459577.706758,127477294.218,7.35128205128,0.0884615384615,79.0401709402,3.57673608998e-07,Class 4
0.954414493389,924.491452991,9272.41840861,497.621983742,0.976973889193,1.0,1064.68683952,0.0698356288292,0.0756902473643,0.00371304838275,0.0698356288292,0.0779225499293,1.0,1.0,0.977202559193,2.43888888889,0.976923076923,1065.28709362,245964.437424,61801974.1434,4.53418803419,0.00042735042735,35.2179487179,2.1525650911e-07,Class 4
0.677770472642,2994.95470085,1785893.01581,6730.1861464,0.838824123161,1.0,23368.9582943,0.525758893287,0.576187900734,0.00267960570067,0.457345479899,0.548692506146,1.0,1.0,0.848713965346,30.5944444444,0.823076923077,23432.0670616,9588090.1322,4078938843.05,15.1786324786,0.609829059829,5109.51709402,6.97338511634e-07,Class 4
0.959424355322,876.116239316,14194.0308901,513.918164297,0.979504722816,1.0,1091.74842382,0.0631319991566,0.0682778110483,0.00373259532738,0.0631319991566,0.0888632569294,1.0,1.0,0.979687359657,2.28461538462,0.979487179487,1092.25003433,295219.938016,94642486.4111,4.1452991453,0.0965811965812,54.0512820513,2.03992933238e-07,Class 4
0.993177003433,140.213675214,-0.00393505725694,70.1041485387,0.99658127999,1.0,140.198643678,0.0109425884335,0.0119717508118,0.00386435029487,0.0109425884335,0.00021234499294,1.0,1.0,0.996597999134,0.346153846154,0.996581196581,140.202918941,28398.6369452,5753130.65364,0.692307692308,0.0,0.0,3.264703655e-08,Class 4
0.842767185331,1477.94615385,570113.516606,2752.96240174,0.93003098367,1.0,9236.03439627,0.24475672763,0.268904834543,0.00330267098119,0.215230500517,0.4816483371,1.0,1.0,0.93418210452,13.1081196581,0.917948717949,9248.3981246,3490375.99057,1371248565.91,7.42991452991,0.349145299145,1942.71538462,3.44121655965e-07,Class 4
0.756046460662,2779.21452991,833822.042613,4071.69658978,0.890300498565,1.0,13344.9064939,0.351520457703,0.390188931071,0.00300567727274,0.296260846524,0.420720769253,1.0,1.0,0.895861308563,19.7414529915,0.869230769231,13371.9241663,4930141.32249,1917001958.8,13.9393162393,0.170512820513,2648.33162393,6.47106055811e-07,Class 4
0.607904156622,4120.14957265,2580085.79485,8790.04760474,0.798991083425,1.0,31060.892179,0.665060460478,0.730695248639,0.00239509920823,0.585230210917,0.528858685429,1.0,1.0,0.810458482317,39.6457264957,0.779487179487,31164.6782261,12990387.4548,5610578974.34,19.6008547009,-0.116666666667,6761.44188034,9.59326353044e-07,Class 4
0.690478486376,3349.09145299,1524276.64738,6293.19619581,0.854340203274,1.0,21143.1353555,0.503626410599,0.55118775743,0.00273616913664,0.430918902968,0.488156808282,1.0,1.0,0.86244178396,28.4235042735,0.830769230769,21199.2528522,8506527.54834,3575452714.43,16.1136752137,0.728632478632,4462.76239316,7.79794915926e-07,Class 4
0.367651398933,5108.25384615,7517461.68009,15807.1370278,0.68276828629,1.0,56823.0974867,1.02992325821,1.18075333791,0.00160435253207,0.764765360239,0.513011634336,1.0,1.0,0.704327886666,71.9790598291,0.605128205128,57116.3190915,23855605.7603,10260676215.4,26.1034188034,1.17735042735,13002.5786325,1.1893943281e-06,Class 4
0.86172401198,3221.89401709,11450.6382807,1667.10221211,0.929061411567,1.0,3381.0349346,0.205955217633,0.226952610555,0.00335765924732,0.202989128576,0.0189372261289,1.0,1.0,0.929392794556,7.73418803419,0.928205128205,3387.12247022,763020.377298,180467396.793,15.0923076923,0.0803418803419,41.3675213675,7.50178551242e-07,Class 4
0.908259186208,1643.90683761,121316.142335,1322.88086462,0.954147794173,1.0,3421.72282354,0.144543424066,0.156177919748,0.00353920898616,0.142082138552,0.290512067031,1.0,1.0,0.955307703684,6.01324786325,0.952991452991,3424.99077952,1093357.63825,385175183.37,7.82820512821,0.267094017094,445.317948718,3.82763568035e-07,Class 4
1.0,0.0,-0.00392156862745,1.52587890625e-05,1.0,1.0,0.0,-0.0,-0.0,0.00389099121094,-0.0,nan,1.0,1.0,1.0,0.0,1.0,6.103515625e-05,-4.76837158203e-07,3.72529029846e-09,0.0,0.0,0.0,0.0,Class 4
0.982986339397,426.504273504,-0.00395542119818,213.244706765,0.991453165081,1.0,426.400775852,0.0273469151993,0.0299198211451,0.00382456013489,0.0273469151993,0.000532315684223,1.0,1.0,0.991491277098,0.952991452991,0.991452991453,426.474553557,95761.346035,21577203.4881,1.90598290598,5.55111512313e-17,0.0,9.93062950856e-08,Class 4
0.813324567171,4327.73333333,61378.8289729,2378.67804678,0.902488217804,1.0,5175.30214274,0.274488860285,0.302406494628,0.0031627205648,0.274488860285,0.0664344371018,1.0,1.0,0.903246995288,11.0170940171,0.901709401709,5186.97885377,1324681.42444,380767526.852,20.1572649573,2.671474153e-15,214.897435897,1.00765968866e-06,Class 4
0.599465264081,8541.28632479,485266.741842,5715.30810153,0.77963695706,1.0,14198.1943909,0.573865556122,0.639340046922,0.00234129231949,0.563925908588,0.110968465452,1.0,1.0,0.782997273743,27.1568376068,0.773504273504,14259.353974,4189307.1514,1379729662.53,40.8179487179,0.0337606837607,1429.72905983,1.98873388351e-06,Class 4
0.47499890423,8848.33846154,1842734.71034,8816.18013011,0.708371450433,1.0,26713.8418411,0.778179795583,0.892104221014,0.00189929167116,0.729474646262,0.205160839528,1.0,1.0,0.717670892464,43.1111111111,0.688034188034,26846.0818986,9290800.26806,3471716842.44,43.4683760684,-0.524786324786,4499.77264957,2.06022721193e-06,Class 4
0.839587990357,1611.90598291,718077.79976,3339.20115041,0.922635548656,1.0,11318.8853048,0.268830275414,0.284724257171,0.00328936764457,0.246943737791,0.665579113991,1.0,1.0,0.926644728924,14.7034188034,0.916239316239,11334.1645108,4650227.66979,1981490705.49,7.85811965812,0.467521367521,2430.67948718,3.75312561053e-07,Class 4
0.775143545913,1506.0008547,1274966.8943,4715.14721745,0.90375216405,1.0,17433.2267884,0.372197646857,0.403246805017,0.00308046930466,0.30083260168,0.631009762375,1.0,1.0,0.910454231364,22.0747863248,0.880341880342,17465.2632154,7205169.07118,3043477544.19,7.52393162393,-0.109829059829,3989.98803419,3.50653849368e-07,Class 4
0.892028636131,1161.73076923,393005.613555,1905.70285313,0.948054368483,1.0,6758.72668605,0.182578479676,0.191840941081,0.00347575703569,0.173977903141,0.578914217195,1.0,1.0,0.950546475465,9.18675213675,0.944444444444,6765.11553913,2683282.39736,1113292739.15,5.72905982906,-0.360256410256,1400.91794872,2.70494777535e-07,Class 4
0.793419533932,2586.16068376,649024.880461,3375.68463732,0.898823942659,1.0,11130.2530343,0.318206125856,0.350359940319,0.00311514016265,0.294519330929,0.445433934992,1.0,1.0,0.903721498214,16.4641025641,0.890598290598,11150.5932501,4132130.34938,1622662295.06,12.8102564103,-0.273504273504,2141.23675214,6.0215583279e-07,Class 4
1.0,0.0,-0.00392156862745,1.52587890625e-05,1.0,1.0,0.0,-0.0,-0.0,0.00389099121094,-0.0,nan,1.0,1.0,1.0,0.0,1.0,6.103515625e-05,-4.76837158203e-07,3.72529029846e-09,0.0,0.0,0.0,0.0,Class 4
0.947741982614,521.096581197,235031.263697,1258.93070436,0.978529482391,1.0,4025.36666035,0.0870869970415,0.0898798228878,0.0037000018673,0.0774489715308,0.753276285394,1.0,1.0,0.979578811285,4.86025641026,0.973504273504,4026.90031477,1801339.47672,841080304.191,2.44871794872,0.510683760684,876.488888889,1.21330955104e-07,Class 4
0.421148367302,7203.13247863,3996933.59419,12010.9876221,0.693616049212,1.0,40332.2021155,0.909922267781,1.05133452104,0.00173871566123,0.765923721821,0.349931741684,1.0,1.0,0.710088008253,56.5816239316,0.647863247863,40535.5455605,15685388.1625,6369194926.41,35.435042735,0.361965811966,8333.54529915,1.67716115383e-06,Class 4
0.787541821901,3707.83931624,299039.898445,2827.35278636,0.891655874113,1.0,7730.04853742,0.302904627222,0.331974986289,0.00307476787468,0.289193128376,0.218991648775,1.0,1.0,0.894512103299,13.9888888889,0.887179487179,7746.46889116,2418286.80453,837847096.114,18.2495726496,-0.176068376068,1009.76666667,8.63324960951e-07,Class 4
0.628078018847,1857.26153846,2933235.73892,7967.82036115,0.829396022665,1.0,31992.3806726,0.592112460723,0.678417639856,0.00257301350073,0.480447903192,0.60899415663,1.0,1.0,0.842240152729,39.7247863248,0.792307692308,32084.8749008,13357932.9432,5652990114.0,10.0461538462,-2.39743589744,7557.21367521,4.32440596373e-07,Class 4
0.124232595515,10101.4153846,21263654.3391,23884.1006496,0.420255415302,1.0,84241.4792532,1.48239482935,1.86547189516,0.00060698466371,1.2182070994,0.281531108619,1.0,1.0,0.459240452367,112.409401709,0.348717948718,84902.3094895,33936592.6285,14009467204.0,51.2547008547,0.630769230769,18701.1017094,2.35199082233e-06,Class 4
0.805683395427,2398.30769231,558583.558759,3173.91454517,0.908098038235,1.0,9843.69564253,0.288625113246,0.317846157573,0.0031694093295,0.258229848493,0.362062090637,1.0,1.0,0.912562095777,15.005982906,0.897435897436,9860.46787621,3546849.42483,1353794610.88,11.9658119658,0.52905982906,1865.65726496,5.58416565071e-07,Class 4
0.842767185331,1477.94615385,570113.516606,2752.96240174,0.93003098367,1.0,9236.03439627,0.24475672763,0.268904834543,0.00330267098119,0.215230500517,0.4816483371,1.0,1.0,0.93418210452,13.1081196581,0.917948717949,9248.3981246,3490375.99057,1371248565.91,7.42991452991,0.349145299145,1942.71538462,3.44121655965e-07,Class 4
0.95272992914,456.137606838,200492.141574,778.707206765,0.976735260904,1.0,3455.86099606,0.0826655107652,0.0836946731436,0.00370635961805,0.0821509295761,0.881324949286,1.0,1.0,0.97787085653,4.3311965812,0.976068376068,3457.15103593,1469132.57742,647131929.463,2.24188034188,-0.875641025641,750.287179487,1.06206053722e-07,Class 4
0.0801899335233,16149.8102564,24149769.8809,27258.4668155,0.310329858737,1.0,91780.2820545,1.7580510606,2.11147427272,0.000348063266968,1.60361282118,0.28245781937,1.0,1.0,0.337864881364,122.353846154,0.279487179487,92633.7850504,37826996.9073,16181466948.6,78.7794871795,0.377777777778,19121.9495726,3.76028547082e-06,Class 4
0.270341149828,3793.43076923,16397039.9738,23206.8896119,0.697794246224,1.0,85836.7575669,1.07701336119,1.23738491466,0.00174534164742,0.72068566597,0.533641272031,1.0,1.0,0.722349634936,100.195726496,0.503418803419,86264.1150984,38578823.6421,17661021505.0,20.2427350427,2.77008547009,20618.4538462,8.8325388222e-07,Class 4
0.882412155745,2284.33333333,103922.85826,1501.79107429,0.940314755653,1.0,3786.15098063,0.183295835993,0.197697463075,0.00343200041541,0.182266673614,0.193808815629,1.0,1.0,0.941179285396,7.24700854701,0.939316239316,3791.20436125,1112341.75809,366815136.624,10.9777777778,-0.0854700854701,376.774358974,5.31879031856e-07,Class 4
0.724998173716,3990.32820513,822149.78868,4567.57062156,0.858493718337,1.0,14236.4016209,0.430013491636,0.47243732354,0.00282964633549,0.413507459437,0.352960351676,1.0,1.0,0.863853594697,21.7,0.851282051282,14272.8638164,5180673.42053,2012488120.06,19.4888888889,0.00427350427351,2570.8034188,9.29099038026e-07,Class 4
0.951064358244,354.24017094,181370.846825,925.766294639,0.98180521104,1.0,3060.76746026,0.0830770239509,0.0861645110859,0.00372604924111,0.0667584282004,0.691413344637,1.0,1.0,0.982878940653,4.18504273504,0.975213675214,3062.0205605,1178299.4127,466674721.43,1.77692307692,0.35,676.977777778,8.24804840935e-08,Class 4
0.872854116444,2723.54444444,40322.3683727,1490.98532509,0.935095227246,1.0,3302.92416817,0.187926913482,0.206325663539,0.00340109056078,0.184958440616,0.0601591683653,1.0,1.0,0.935639433263,7.21666666667,0.934188034188,3308.08821542,813281.835835,220471261.122,13.0418803419,-0.0850427350427,146.192307692,6.3414395841e-07,Class 4
0.903404193148,2160.54615385,10786.3170821,1101.43876392,0.950478741387,1.0,2316.96797951,0.145811756654,0.159705448761,0.00351401197579,0.145811756654,0.040726810154,1.0,1.0,0.950829829239,5.30384615385,0.950427350427,2319.87448678,526908.767026,127381481.21,10.2418803419,-0.0893162393162,39.8735042735,5.03056703599e-07,Class 4
0.956077142231,458.064102564,194498.104741,1012.28049736,0.982084237097,1.0,3378.58483049,0.075151954109,0.0756665352982,0.00375209090777,0.0622800728964,0.655142565234,1.0,1.0,0.982535229214,4.08675213675,0.977777777778,3379.68004234,1505710.4223,699430847.694,2.2641025641,0.161965811966,730.435897436,1.0665461465e-07,Class 4
0.132089999269,14937.9307692,15002315.2495,23079.1276461,0.393641567555,1.0,77723.261445,1.60579423374,1.88064706477,0.000565305441341,1.44476589762,0.306804034547,1.0,1.0,0.418269144085,105.706410256,0.360683760684,78396.3505819,31567992.2007,13380690360.2,72.6623931624,-1.04487179487,15865.4307692,3.47811417867e-06,Class 4
0.825597194828,2341.6025641,507121.2984,2970.54494047,0.918062986428,1.0,9224.85281029,0.27965282972,0.30151497386,0.00324690083728,0.25478425457,0.440466324071,1.0,1.0,0.920982864898,13.6927350427,0.908547008547,9239.66361606,3430044.65148,1358414500.53,11.3427350427,0.358547008547,1724.62222222,5.45213470649e-07,Class 4
0.89217035576,2040.98632479,68705.0709556,1342.73903102,0.945424004368,1.0,3041.62493247,0.15141634172,0.165420529729,0.00347049505527,0.150901760531,0.165611517661,1.0,1.0,0.946362515668,6.25384615385,0.944444444444,3045.19437193,825976.215711,252889228.979,10.0752136752,0.348717948718,251.100854701,4.75218662101e-07,Class 4
0.49456497918,8723.86068376,1505122.4176,8218.57984966,0.719987880481,1.0,23865.6210092,0.714155331797,0.811203477555,0.00196866762996,0.665122582728,0.196968682411,1.0,1.0,0.728914360713,39.8047008547,0.701709401709,23977.5741129,8086025.94864,2969955458.94,43.0829059829,0.19188034188,3813.73931624,2.03124408632e-06,Class 4
0.89217035576,2040.98632479,68705.0709556,1342.73903102,0.945424004368,1.0,3041.62493247,0.15141634172,0.165420529729,0.00347049505527,0.150901760531,0.165611517661,1.0,1.0,0.946362515668,6.25384615385,0.944444444444,3045.19437193,825976.215711,252889228.979,10.0752136752,0.348717948718,251.100854701,4.75218662101e-07,Class 4
0.700390094236,1516.17692308,2079849.3161,6598.02824042,0.868032082324,1.0,25076.1303567,0.466691207751,0.539336964212,0.00279499259891,0.37606446726,0.615078703694,1.0,1.0,0.87914902256,31.1363247863,0.836752136752,25133.063803,10469748.2358,4435539333.95,7.80085470085,-0.287606837607,5904.46495726,3.53023222225e-07,Class 4
0.989783037475,203.423076923,-0.00394182191087,169.569432994,0.99487192415,1.0,203.392723966,0.0149686659282,0.0158973924721,0.00385110402962,0.0149686659282,0.000531289782976,1.0,1.0,0.994897414636,0.510683760684,0.994871794872,203.407179091,40510.6128001,8068132.26373,1.02136752137,0.340598290598,0.0,4.7364571375e-08,Class 4
0.989783037475,203.423076923,-0.00394182191087,169.569432994,0.99487192415,1.0,203.392723966,0.0149686659282,0.0158973924721,0.00385110402962,0.0149686659282,0.000531289782976,1.0,1.0,0.994897414636,0.510683760684,0.994871794872,203.407179091,40510.6128001,8068132.26373,1.02136752137,0.340598290598,0.0,4.7364571375e-08,Class 4
0.500997881511,7099.17264957,2177477.68542,9048.56759672,0.722554036334,1.0,28244.9683157,0.732440190302,0.849460580239,0.00199276316287,0.674963354185,0.271253495315,1.0,1.0,0.735571647016,42.9820512821,0.706837606838,28369.0158463,10278641.2188,3960901867.87,35.4085470085,0.880341880342,5317.7965812,1.65295538122e-06,Class 4
0.855330557382,1146.08547009,666389.166298,3023.66015815,0.932786404225,1.0,10256.4434169,0.240998000695,0.253678365037,0.00335736818332,0.212762051322,0.69066543067,1.0,1.0,0.937058852841,13.264957265,0.924786324786,10268.7581807,4216153.08181,1791896010.01,5.90085470085,0.807692307692,2280.77179487,2.66851961296e-07,Class 4
0.654284461977,4639.41709402,1246499.61243,5636.73251392,0.822903868166,1.0,19010.1998667,0.528051975617,0.591364298023,0.00258143152798,0.493046590923,0.348499552853,1.0,1.0,0.830334415546,28.5367521368,0.808547008547,19069.3048687,6966223.18776,2699154757.86,22.9897435897,-1.40769230769,3607.69487179,1.08023143397e-06,Class 4
0.804016363504,2066.63247863,776736.596668,3799.1960823,0.906687227003,1.0,12285.1905114,0.318357435879,0.341474602516,0.00315625437844,0.290409524194,0.548118125997,1.0,1.0,0.911377893525,16.8692307692,0.896581196581,12306.0438377,4853388.31451,2008127786.87,10.3401709402,1.02905982906,2559.98461538,4.81190054839e-07,Class 4
0.804016363504,2066.63247863,776736.596668,3799.1960823,0.906687227003,1.0,12285.1905114,0.318357435879,0.341474602516,0.00315625437844,0.290409524194,0.548118125997,1.0,1.0,0.911377893525,16.8692307692,0.896581196581,12306.0438377,4853388.31451,2008127786.87,10.3401709402,1.02905982906,2559.98461538,4.81190054839e-07,Class 4
0.730867119585,3574.3034188,861120.194916,4450.6205815,0.870630764621,1.0,14301.0685507,0.417158275643,0.456115157669,0.00288776211276,0.375087715378,0.3650380605,1.0,1.0,0.876262074521,21.544017094,0.854700854701,14336.1704002,5224305.03,2022853371.0,17.4658119658,-0.10811965812,2690.63504274,8.32232763149e-07,Class 4
0.959422894295,604.617094017,64974.7442118,601.462395066,0.98042028621,1.0,1588.49190065,0.0646500482779,0.0684720365026,0.0037325667917,0.0641354670887,0.434454924619,1.0,1.0,0.980906320533,2.69487179487,0.979487179487,1589.10046168,522957.267293,187365931.655,3.0,0.260683760684,246.141880342,1.40777683325e-07,Class 4
0.71080429542,4339.5991453,715253.587407,4689.01763011,0.854327164979,1.0,13219.4906134,0.413049836338,0.465834131892,0.00279805733155,0.38740315899,0.276963586587,1.0,1.0,0.859936160064,21.4987179487,0.842735042735,13254.168397,4544523.53474,1682916652.19,21.488034188,1.40897435897,2228.81025641,1.01042249761e-06,Class 4
0.853819855358,1908.41025641,399253.987211,2368.74949443,0.92806811511,1.0,7464.64041972,0.229790730495,0.245984241858,0.00333919095161,0.215437049473,0.462359586071,1.0,1.0,0.931008746675,11.1811965812,0.923931623932,7474.51560591,2766599.84101,1094773545.28,9.54871794872,0.0991452991453,1391.61367521,4.44349948736e-07,Class 4
0.613416611878,4911.04871795,2107932.41882,7896.6076675,0.8149908476,1.0,27507.9605382,0.629386492663,0.692588980322,0.00249101335463,0.529437117917,0.462039319257,1.0,1.0,0.824819884579,36.8696581197,0.782905982906,27599.2333543,11079866.597,4656825765.05,22.447008547,-1.09017094017,5672.33418803,1.14347752991e-06,Class 4
0.787541821901,3707.83931624,299039.898445,2827.35278636,0.891655874113,1.0,7730.04853742,0.302904627222,0.331974986289,0.00307476787468,0.289193128376,0.218991648775,1.0,1.0,0.894512103299,13.9888888889,0.887179487179,7746.46889116,2418286.80453,837847096.114,18.2495726496,-0.176068376068,1009.76666667,8.63324960951e-07,Class 4
0.727895390459,3141.65299145,1060926.74727,4887.08412316,0.868169795486,1.0,16158.7716744,0.430521124718,0.473687594503,0.00286476235017,0.387090133199,0.448716661505,1.0,1.0,0.874828985136,23.1085470085,0.852991452991,16197.6591155,6142855.76574,2447853269.85,15.4905982906,0.258974358974,3264.18205128,7.31495411435e-07,Class 4
0.763350135145,2455.93931624,880975.027633,4066.80350084,0.885998286812,1.0,13620.5956451,0.344558103474,0.392098454555,0.00298703776291,0.31266350604,0.416026516768,1.0,1.0,0.893306547719,19.714957265,0.873504273504,13647.0326866,5085294.89344,1981980586.55,12.3564102564,0.187606837607,2797.92735043,5.71835382673e-07,Class 4
0.969495215136,377.232478632,66122.6407628,388.409877705,0.985174433791,1.0,1384.01624894,0.0478585489668,0.0500363577895,0.00377188896643,0.0478585489668,0.582562042089,1.0,1.0,0.985742195778,2.16837606838,0.984615384615,1384.36135911,489267.572041,185166793.285,1.9264957265,-0.25811965812,251.799145299,8.78339612665e-08,Class 4
0.763386660823,2411.87094017,918548.513673,4266.95252594,0.894277438124,1.0,14031.266728,0.351274074171,0.390159798281,0.00302856859972,0.291995803218,0.458732859455,1.0,1.0,0.900516235349,20.0243589744,0.873504273504,14058.653787,5302272.98271,2088119740.87,12.0196581197,0.714102564103,2911.85213675,5.61574601176e-07,Class 4
0.756046460662,2779.21452991,833822.042613,4071.69658978,0.890300498565,1.0,13344.9064939,0.351520457703,0.390188931071,0.00300567727274,0.296260846524,0.420720769253,1.0,1.0,0.895861308563,19.7414529915,0.869230769231,13371.9241663,4930141.32249,1917001958.8,13.9393162393,0.170512820513,2648.33162393,6.47106055811e-07,Class 4
0.94277302944,1229.66752137,-0.0040384435595,535.459036359,0.970940859965,1.0,1228.64264097,0.086385432834,0.094324070572,0.00366762527844,0.086385432834,0.00220639073783,1.0,1.0,0.9710809324,2.98760683761,0.97094017094,1229.57421969,253255.730334,52211238.6885,5.97521367521,-0.367948717949,0.0,2.86313017993e-07,Class 4
0.831829936445,1792.63675214,577527.577488,3001.1132698,0.919475918473,1.0,9606.05760647,0.266700066263,0.288211291905,0.00324740306535,0.240217722426,0.502180838824,1.0,1.0,0.924388340082,13.7841880342,0.911965811966,9620.26075815,3626196.55001,1432997206.9,8.94444444444,0.710683760684,1957.01367521,4.17393506579e-07,Class 4
0.976230550077,416.986324786,18870.3122843,280.902866487,0.989316492067,1.0,706.465465811,0.0368591235524,0.0394320294983,0.00380480202619,0.033869858505,0.223817582634,1.0,1.0,0.989366891501,1.38547008547,0.988034188034,706.625141163,203516.619163,66225764.9973,2.06837606838,-6.78710559976e-17,72.4205128205,9.70901573287e-08,Class 4
0.822635692892,3055.77264957,332741.768569,2726.28945837,0.911873121112,1.0,7627.46903364,0.267978479171,0.288412290501,0.00319938321364,0.257776525159,0.313701487858,1.0,1.0,0.91425355413,12.5179487179,0.906837606838,7640.42425975,2646128.0922,1014482617.1,14.5504273504,0.211111111111,1146.26068376,7.11499225927e-07,Class 4
0.993179925488,135.388034188,-0.00393505146532,67.6913747673,0.99658128291,1.0,135.374643426,0.00991342605512,0.0109425884335,0.00386437312342,0.00991342605512,0.000232313951349,1.0,1.0,0.996598290598,0.340170940171,0.996581196581,135.377464881,26939.0457705,5360659.64712,0.680341880342,0.0,0.0,3.15234451549e-08,Class 4
0.693255898897,2656.85042735,1682262.6259,6135.94066029,0.865314731243,1.0,22049.7210219,0.494706772941,0.55247694396,0.00280377588294,0.399432304753,0.499579429608,1.0,1.0,0.874089945045,29.1961538462,0.832478632479,22106.3381086,8829134.14124,3640344137.76,12.9324786325,-0.265384615385,4862.6,6.18615073582e-07,Class 4
0.924600774344,1255.04700855,115649.414432,1036.00390148,0.964955398543,1.0,2965.67917587,0.122261976968,0.130589065614,0.00360945813694,0.115079900562,0.311828820119,1.0,1.0,0.965829785694,5.06452991453,0.961538461538,2967.98282012,966832.70357,343343853.706,5.97692307692,-0.0918803418803,428.273504274,2.92222320665e-07,Class 4
0.880809409015,2208.63589744,184276.076072,1763.7604987,0.940428720406,1.0,4858.2341342,0.191533118585,0.201891017171,0.00343196046545,0.186504627564,0.316818264094,1.0,1.0,0.941628615074,8.13162393162,0.938461538462,4864.17329821,1656757.82544,629047740.308,10.3743589744,-0.0102564102564,663.947863248,5.14253811258e-07,Class 4
0.8985229016,1819.45384615,123892.289989,1451.15599816,0.94915439138,1.0,3624.76565953,0.161193929358,0.171773568216,0.00350117662441,0.157190902216,0.26191764945,1.0,1.0,0.950224619907,6.51068376068,0.947863247863,3628.73420901,1142690.60642,401189179.82,8.82307692308,0.436324786325,452.370940171,4.23637538392e-07,Class 4
0.841212652495,1856.91111111,491552.144296,2788.34559485,0.925403096411,1.0,8581.35111605,0.244723015114,0.270154180921,0.00328394586431,0.228299749549,0.433616369734,1.0,1.0,0.929007216582,12.6632478632,0.917094017094,8593.29151403,3152286.44479,1215559614.65,9.08376068376,0.866666666667,1684.19401709,4.32359003657e-07,Class 4
0.300343341369,5972.28547009,9879285.50646,17722.3371213,0.670177460274,1.0,64445.2957306,1.09775712094,1.2821545145,0.0015132552094,0.755058406206,0.473057461364,1.0,1.0,0.692289924987,82.3948717949,0.545299145299,64803.3141102,26839762.0242,11476189822.9,29.4188034188,0.15811965812,14708.4008547,1.3905735067e-06,Class 4
0.853749726057,2107.46752137,388058.580459,2442.0601448,0.930487554374,1.0,7511.59606739,0.240981266528,0.254778642649,0.00335097618975,0.220081416075,0.453701445362,1.0,1.0,0.933330140566,11.2764957265,0.923931623932,7522.05536285,2762822.78915,1084052392.73,10.0230769231,0.172222222222,1353.73504274,4.9069799428e-07,Class 4
0.842822704361,2386.90769231,361406.028083,2448.93027701,0.920340818792,1.0,7400.80468844,0.243338408348,0.261884863283,0.00327772508485,0.238613388025,0.406930616269,1.0,1.0,0.922836102653,11.5538461538,0.917948717949,7411.63045633,2666734.60363,1042005599.34,11.6905982906,-0.0017094017094,1256.27094017,5.5576221473e-07,Class 4
0.465845569435,3957.82393162,5805412.86932,13897.9220238,0.74999477939,1.0,51100.734685,0.915555545865,1.02620482047,0.00201747506659,0.673913039154,0.564239918539,1.0,1.0,0.768883494847,61.5709401709,0.682051282051,51323.4588751,22366429.5796,10007115396.3,19.2769230769,0.268376068376,11841.8897436,9.21530816143e-07,Class 4
0.77227116663,2999.83076923,990461.71625,4749.36361702,0.894986481201,1.0,15741.3421255,0.365193687649,0.387350493078,0.00307287310516,0.322029218458,0.495679759401,1.0,1.0,0.899164489939,20.4222222222,0.878632478632,15770.4028922,6719764.38225,3040946530.38,14.1196581197,0.318803418803,3192.8025641,6.9847384442e-07,Class 4
0.853735115786,1863.94273504,558971.500166,2760.23589934,0.929478177684,1.0,9587.5400951,0.248215217471,0.258254580693,0.00334458990332,0.230947520193,0.579173305573,1.0,1.0,0.932047782126,12.7294871795,0.923931623932,9599.71935858,3943320.74294,1707917514.4,8.85726495726,-0.474786324786,1934.04358974,4.33996231147e-07,Class 4
0.758937833297,4373.21709402,350711.990745,3269.04440628,0.874836257341,1.0,8991.61070016,0.356302529201,0.389935677055,0.00295671003627,0.34616257578,0.213681759543,1.0,1.0,0.877585675459,16.1247863248,0.87094017094,9013.96111873,2849933.93793,1003526610.25,21.3282051282,-0.364102564103,1160.31196581,1.01825002513e-06,Class 4
0.584288114545,3484.48119658,3055855.5189,9355.11446505,0.795496573117,1.0,34027.0233453,0.690104065308,0.764687250468,0.00236663771543,0.563680799645,0.549242247633,1.0,1.0,0.809362501847,42.9363247863,0.764102564103,34143.7275317,14338463.8082,6213361222.11,17.6076923077,-0.259401709402,7665.14700855,8.11318759095e-07,Class 4
0.874392577982,1444.56239316,388180.267225,2135.51440495,0.93843900237,1.0,6912.13175645,0.202699772921,0.21692388083,0.00340704310479,0.190914985366,0.543055945985,1.0,1.0,0.941838999015,9.99743589744,0.935042735043,6919.88422236,2611672.73976,1040644879.14,7.20341880342,0.194871794872,1368.90854701,3.36348656266e-07,Class 4
0.956068376068,945.098290598,42694.0592368,728.787455163,0.978667440523,1.0,1591.76618482,0.0736082105415,0.0777248600549,0.00372595792691,0.0706228171525,0.267658491847,1.0,1.0,0.978975257439,2.84743589744,0.977777777778,1592.51022396,495009.5745,171002086.177,4.23162393162,0.401282051282,161.875213675,2.20054558797e-07,Class 4
0.941103075462,847.752136752,186511.653079,1081.59670997,0.97160687214,1.0,3628.07009754,0.0980153401269,0.101102827262,0.00366747118573,0.0950328772154,0.515717446777,1.0,1.0,0.972247279104,4.82051282051,0.970085470085,3629.79984736,1534301.02224,695237292.227,4.1264957265,-0.130769230769,695.54957265,1.97388699438e-07,Class 4
0.93779677113,1258.90769231,60663.7834635,894.727933261,0.968901120762,1.0,2167.83520444,0.0994741841156,0.105649158386,0.00364814681946,0.0994741841156,0.246579223914,1.0,1.0,0.969295858064,3.90598290598,0.968376068376,2169.25748625,697698.342923,258917806.23,5.89743589744,0.178632478632,227.617948718,2.93121233583e-07,Class 4
0.94275257506,933.383760684,157314.831725,1071.26779037,0.97105076964,1.0,3282.35806899,0.0976057831613,0.100567140016,0.00366740840723,0.0976057831613,0.521511414978,1.0,1.0,0.971800454908,4.58675213675,0.97094017094,3283.99604127,1302809.43394,554288718.47,4.28632478632,0.0850427350427,587.688888889,2.17326974018e-07,Class 4
0.628246036964,2582.41965812,2518284.12749,7994.4212292,0.820915074149,1.0,29075.0942904,0.587477461282,0.665138165395,0.00253136852119,0.47434241052,0.57111536967,1.0,1.0,0.834830319732,37.3807692308,0.792307692308,29161.4225103,11931286.1796,5011450498.32,13.4487179487,0.273076923077,6645.04273504,6.012847808e-07,Class 4
0.984686974943,272.145299145,8862.04228802,170.253180323,0.992478804279,1.0,408.814631635,0.0234276419774,0.0251913054453,0.00383121465677,0.0234276419774,0.166639105824,1.0,1.0,0.992626695792,0.852991452991,0.992307692308,408.867422146,108984.943354,32708933.2212,1.36581196581,-2.47198095327e-17,34.1871794872,6.33656989203e-08,Class 4
0.969482065892,303.757264957,106382.181624,636.910378507,0.986880075824,1.0,1919.43281596,0.0517743268113,0.0533180703788,0.00378496401757,0.0450892402794,0.787482148516,1.0,1.0,0.987559351549,2.57008547009,0.984615384615,1919.88213903,775643.511224,329302881.62,1.50085470085,0.370085470085,404.051282051,7.07261578891e-08,Class 4
1.0,0.0,-0.00392156862745,1.52587890625e-05,1.0,1.0,0.0,-0.0,-0.0,0.00389099121094,-0.0,nan,1.0,1.0,1.0,0.0,1.0,6.103515625e-05,-4.76837158203e-07,3.72529029846e-09,0.0,0.0,0.0,0.0,Class 4
0.893670830594,1046.95811966,349486.223956,1859.57260474,0.954956818726,1.0,6029.28728419,0.167540608243,0.182211202168,0.00350781973201,0.143993174435,0.508003090186,1.0,1.0,0.957512809454,8.65170940171,0.945299145299,6034.78696007,2253276.04968,877064266.042,5.17008547009,0.436324786325,1247.02478632,2.43771372134e-07,Class 4
