0.6228125,97.8125,2690.79545416,100.163085938,0.824555432771,1.0,326.349991824,0.45643068645,0.498320256812,0.0191845703125,0.404469866649,0.337887512491,1.0,1.0,0.833327351897,3.96875,0.7875,332.39921875,15396.6076172,765238.662283,3.675,-0.2625,58.89375,9.34637262799e-05,Class 1
0.4784375,120.9,6045.94016633,170.908789063,0.741276996228,1.0,539.543712639,0.607063152826,0.694616176532,0.014765625,0.544168953527,0.361566220714,1.0,1.0,0.756523611856,6.1875,0.6875,552.65703125,27093.2572754,1407445.32074,4.75,0.0875,108.325,0.000115524748956,Class 1
0.7778125,54.95625,926.039664698,49.1498046875,0.902622480745,1.0,147.939453285,0.257676881469,0.289885991265,0.024052734375,0.226764914647,0.217115374866,1.0,1.0,0.907198453727,1.996875,0.88125,149.4359375,6197.77819824,277595.180441,2.14375,-0.078125,23.74375,5.25128782862e-05,Class 1
0.777578125,37.8375,1829.43235888,58.3400390625,0.909202959051,1.0,217.505356577,0.280939967739,0.298832014791,0.024384765625,0.226307591624,0.569360599796,1.0,1.0,0.915856761294,2.4125,0.88125,219.53828125,10836.5430176,560934.276651,1.5625,-0.2375,45.575,3.61552331565e-05,Class 1
0.6228125,97.8125,2690.79545416,100.163085938,0.824555432771,1.0,326.349991824,0.45643068645,0.498320256812,0.0191845703125,0.404469866649,0.337887512491,1.0,1.0,0.833327351897,3.96875,0.7875,332.39921875,15396.6076172,765238.662283,3.675,-0.2625,58.89375,9.34637262799e-05,Class 1
0.7778125,54.95625,926.039664698,49.1498046875,0.902622480745,1.0,147.939453285,0.257676881469,0.289885991265,0.024052734375,0.226764914647,0.217115374866,1.0,1.0,0.907198453727,1.996875,0.88125,149.4359375,6197.77819824,277595.180441,2.14375,-0.078125,23.74375,5.25128782862e-05,Class 1
0.3021875,110.3,20534.160676,295.901367187,0.694375300802,1.0,1029.0485489,0.86005042033,1.01285910844,0.0117114257812,0.64550516075,0.314737657067,1.0,1.0,0.715306817815,10.6,0.54375,1062.12890625,55948.2403809,3032460.8756,4.425,0.09375,238.61875,0.000105396028204,Class 1
0.7775,40.6,2159.99705934,79.2001953125,0.905687365795,1.0,251.491467666,0.277177092793,0.302594889737,0.023701171875,0.244548756763,0.58450764027,1.0,1.0,0.912642552572,2.625,0.88125,253.67265625,13081.6503418,701857.81188,1.5375,0.1875,53.43125,3.879491156e-05,Class 1
0.4784375,120.9,6045.94016633,170.908789063,0.741276996228,1.0,539.543712639,0.607063152826,0.694616176532,0.014765625,0.544168953527,0.361566220714,1.0,1.0,0.756523611856,6.1875,0.6875,552.65703125,27093.2572754,1407445.32074,4.75,0.0875,108.325,0.000115524748956,Class 1
0.64171875,56.3,4530.00155133,118.482226563,0.857145528483,1.0,430.606885958,0.442098616107,0.495774757263,0.02046875,0.345680880233,0.474052697488,1.0,1.0,0.867095493687,4.475,0.8,437.21015625,22681.3437012,1217898.08327,2.225,-0.175,95.50625,5.37968847495e-05,Class 1
0.375703125,86.49375,14108.8831364,222.810351563,0.779080928861,1.0,838.662274612,0.735766941321,0.828549790854,0.0159741210938,0.459192036048,0.509172652997,1.0,1.0,0.790087591926,8.765625,0.60625,861.73125,45077.3766846,2437345.91068,3.64375,-0.515625,194.35625,8.2648211373e-05,Class 1
0.217421875,132.56875,26554.1798842,313.845117187,0.682274347916,1.0,1111.97727262,0.92882494237,1.07740067906,0.0113818359375,0.617475699056,0.336193127818,1.0,1.0,0.697196013019,12.059375,0.45,1152.9078125,58368.7163818,3051802.29487,5.35625,-0.265625,255.8375,0.000126674702755,Class 1
0.672578125,53.78125,3327.43025341,97.9904296875,0.870124914288,1.0,344.032616758,0.380264984251,0.4277922113,0.0214184570312,0.312470138624,0.495280036844,1.0,1.0,0.877541952082,3.759375,0.81875,348.6703125,17462.7304443,913244.644382,2.20625,-0.090625,73.95625,5.13901191462e-05,Class 1
0.624375,125.3,875.416268698,88.7876953125,0.804640541125,1.0,201.610931964,0.407910134978,0.465110092507,0.01896484375,0.386874587169,0.12739613326,1.0,1.0,0.811883283862,3.175,0.7875,205.83515625,7430.85698242,298769.780338,4.7875,0.2375,20.33125,0.000119729123608,Class 1
0.5209375,125.96875,3893.48033804,130.834570312,0.774991851193,1.0,419.072414374,0.568217591167,0.63150062865,0.016845703125,0.48335480717,0.294422119243,1.0,1.0,0.786245443875,5.178125,0.71875,429.228125,19736.8051025,975124.547372,4.80625,-0.315625,76.1375,0.000120368140778,Class 1
0.8684375,40.01875,139.471545986,19.8017578125,0.937597583895,1.0,55.1526987379,0.13442120742,0.152579871942,0.0265600585937,0.118115364515,0.0596548864574,1.0,1.0,0.939877136752,0.946875,0.93125,55.4109375,1783.98249512,64273.3476288,1.58125,-0.159375,3.90625,3.82395041131e-05,Class 1
0.4784375,120.9,6045.94016633,170.908789063,0.741276996228,1.0,539.543712639,0.607063152826,0.694616176532,0.014765625,0.544168953527,0.361566220714,1.0,1.0,0.756523611856,6.1875,0.6875,552.65703125,27093.2572754,1407445.32074,4.75,0.0875,108.325,0.000115524748956,Class 1
0.672578125,53.78125,3327.43025341,97.9904296875,0.870124914288,1.0,344.032616758,0.380264984251,0.4277922113,0.0214184570312,0.312470138624,0.495280036844,1.0,1.0,0.877541952082,3.759375,0.81875,348.6703125,17462.7304443,913244.644382,2.20625,-0.090625,73.95625,5.13901191462e-05,Class 1
0.547734375,86.01875,5283.15850204,142.311523438,0.80863116461,1.0,479.656475651,0.5379607212,0.595902845853,0.0179931640625,0.44809933396,0.381670313115,1.0,1.0,0.820149113568,5.403125,0.7375,489.646875,23809.1088135,1208039.15494,3.39375,-0.071875,101.24375,8.21943300186e-05,Class 1
0.72484375,61.90625,1960.32909623,73.6564453125,0.890126243357,1.0,247.424651884,0.315403012069,0.341008699651,0.0233642578125,0.258174827426,0.415792741708,1.0,1.0,0.895904686271,2.878125,0.85,250.240625,12027.431665,615900.852744,2.38125,-0.165625,47.2625,5.91538791567e-05,Class 1
0.613125,67.9,4389.95864045,117.265820313,0.843881944306,1.0,422.105729226,0.456148425414,0.507547691215,0.019306640625,0.373057750092,0.450066165066,1.0,1.0,0.850781129939,4.61875,0.78125,429.17421875,21357.9970703,1107242.78299,2.6625,-0.25625,90.60625,6.48811451952e-05,Class 1
0.867890625,33.09375,615.453837616,30.3541015625,0.938978906188,1.0,99.8041833776,0.16905164536,0.16905164536,0.0261474609375,0.165288770414,0.544377507366,1.0,1.0,0.942033761956,1.246875,0.93125,100.3109375,4436.21921387,210222.735519,1.25625,-0.096875,16.88125,3.1622391735e-05,Class 1
0.799765625,53.225,807.06551266,42.3619140625,0.907777187413,1.0,135.931061695,0.250028000917,0.2650795007,0.0243823242187,0.230070466569,0.339823107592,1.0,1.0,0.911966624223,1.80625,0.89375,137.22734375,5821.35302734,268825.891995,2.05,-0.18125,21.1125,5.08586001917e-05,Class 1
0.485625,72.31875,10258.5182686,197.711914063,0.823233006386,1.0,733.87437707,0.629217564835,0.705160900346,0.0180810546875,0.434081318498,0.443123545878,1.0,1.0,0.833190708987,7.296875,0.69375,750.0234375,40475.7938232,2243965.70241,2.80625,-0.271875,169.88125,6.91034362163e-05,Class 1
0.51234375,33.76875,11817.0897375,196.113476563,0.877558372946,1.0,785.504706227,0.579587236885,0.64066696325,0.0206030273438,0.318970136931,0.63675483383,1.0,1.0,0.884351163833,7.440625,0.7125,800.5625,44124.8393799,2463826.85623,1.39375,-0.440625,192.1625,3.22673810281e-05,Class 1
0.60375,95.8125,2740.35021421,104.672460938,0.805996220982,1.0,325.08325005,0.460778106044,0.515831082985,0.01859375,0.423032631508,0.331541086588,1.0,1.0,0.816917308207,4.0375,0.775,331.30703125,15279.273291,762339.096329,3.8625,-0.08125,59.125,9.15526468927e-05,Class 1
0.426875,81.68125,12401.1469247,218.131445313,0.777385616439,1.0,799.226680251,0.700425726893,0.804583968767,0.0153735351562,0.516766516056,0.433488671227,1.0,1.0,0.791456769385,8.171875,0.65,819.5921875,43081.5291748,2325491.07385,3.21875,-0.259375,184.9875,7.80496765976e-05,Class 1
0.502421875,61.71875,10384.9090817,199.135351563,0.832616285974,1.0,737.082362036,0.600140550694,0.688058347638,0.01865234375,0.415039062047,0.484958767899,1.0,1.0,0.84366476657,7.215625,0.70625,752.24375,40753.1294189,2255635.19164,2.40625,-0.165625,173.08125,5.89747154642e-05,Class 1
0.529453125,72.5875,7272.56752346,163.171679688,0.839883479943,1.0,584.644656831,0.575923808445,0.633787206267,0.0192797851562,0.382814944651,0.455798057597,1.0,1.0,0.847048706732,6.13125,0.725,596.90859375,30830.9864258,1647164.81392,2.8375,-0.1625,131.4625,6.93602375089e-05,Class 1
0.293671875,135.70625,16427.2189068,256.110351562,0.697192637997,1.0,908.520293264,0.840239075902,0.950429570116,0.0123706054688,0.571416487068,0.418142068903,1.0,1.0,0.711428735259,9.890625,0.53125,938.5875,48281.6772705,2600467.19452,5.49375,-0.440625,201.3375,0.000129672708544,Class 1
0.682578125,42.53125,4830.41152636,120.934179687,0.918809115981,1.0,455.96315057,0.387837068064,0.415597466319,0.0237866210937,0.212649702287,0.602263477583,1.0,1.0,0.920411849807,4.346875,0.825,461.4734375,25596.1035889,1455439.03112,1.51875,-0.178125,105.00625,4.06402975933e-05,Class 1
0.6553125,97.025,1352.52403474,76.1056640625,0.816593730972,1.0,219.374648185,0.36585834857,0.411383466601,0.019658203125,0.358332598678,0.247663822632,1.0,1.0,0.826422807636,3.08125,0.80625,222.98359375,9275.94384766,430915.406888,3.9125,-0.15625,31.68125,9.27112387712e-05,Class 1
0.384453125,97.70625,12271.6499936,210.909570312,0.771849154068,1.0,780.399486025,0.704067955532,0.802618667106,0.0160180664063,0.447993526307,0.452421800321,1.0,1.0,0.783485068173,8.371875,0.6125,801.3921875,41070.8744873,2186950.98869,4.01875,-0.509375,176.44375,9.33622001875e-05,Class 1
0.725625,15.20625,4624.6852916,103.139648438,0.941273460164,1.0,423.602170928,0.308750989411,0.331983949293,0.02513671875,0.175047478877,0.682921048179,1.0,1.0,0.94439034443,3.946875,0.85,427.3984375,23566.8770264,1311650.01218,0.61875,-0.265625,103.29375,1.45301754658e-05,Class 1
0.6040625,125.35625,1803.40462423,100.200585937,0.800214703201,1.0,278.740590608,0.461931762209,0.511145880362,0.0188940429687,0.418202239647,0.263825906751,1.0,1.0,0.810395045,3.790625,0.775,284.5875,11997.1077393,556337.376938,4.69375,-0.084375,40.04375,0.000119782872715,Class 1
0.673671875,92.075,1738.55605371,77.4154296875,0.856420872321,1.0,250.246715837,0.367512647929,0.398423648772,0.0217456054687,0.302571948916,0.315258729331,1.0,1.0,0.863309860637,3.20625,0.81875,254.02734375,11231.6202148,539027.734964,3.4375,-0.3375,40.6875,8.79813172879e-05,Class 1
0.522421875,82.4,8919.40130912,197.272460938,0.856357509286,1.0,702.184313064,0.540505793356,0.591717168518,0.0197338867188,0.323495796045,0.4571637645,1.0,1.0,0.85931935368,6.8375,0.71875,714.96953125,39274.0709473,2219152.76186,2.875,-0.08125,158.56875,7.87364707524e-05,Class 1
0.6246875,127.2625,958.822595626,83.2607421875,0.799636152894,1.0,211.426127263,0.39393068645,0.455010412816,0.0186865234375,0.38874753787,0.118015736916,1.0,1.0,0.807664251856,3.23125,0.7875,215.55859375,8113.18251953,343492.08345,4.8375,-0.0875,22.275,0.000121604370256,Class 1
0.375703125,86.49375,14108.8831364,222.810351563,0.779080928861,1.0,838.662274612,0.735766941321,0.828549790854,0.0159741210938,0.459192036048,0.509172652997,1.0,1.0,0.790087591926,8.765625,0.60625,861.73125,45077.3766846,2437345.91068,3.64375,-0.515625,194.35625,8.2648211373e-05,Class 1
0.6146875,121.90625,1656.68887478,90.5533203125,0.798361208751,1.0,265.32839221,0.429808300794,0.474962800143,0.018642578125,0.40503142065,0.235188162801,1.0,1.0,0.808686115858,3.628125,0.78125,270.478125,11464.3070557,540277.908115,4.61875,-0.265625,37.36875,0.000116486260773,Class 1
0.318828125,133.40625,15024.4103747,248.097851563,0.711522575025,1.0,882.085941975,0.821181908582,0.927603714348,0.0129370117188,0.583430918951,0.381466953839,1.0,1.0,0.725110757101,9.496875,0.55625,910.2359375,47115.914917,2546974.60036,5.29375,-0.446875,194.8,0.000127474967249,Class 1
0.390625,70.36875,14886.2993026,224.484179688,0.810143911236,1.0,860.140155555,0.724490853703,0.813051049391,0.016865234375,0.428000002317,0.466056927109,1.0,1.0,0.818757113736,8.878125,0.61875,883.128125,45860.5246338,2440913.32198,2.84375,-0.509375,203.74375,6.72401338138e-05,Class 1
0.4365625,176.46875,4160.57302119,162.854492188,0.711361981615,1.0,461.430302664,0.667011982233,0.75396401365,0.0143798828125,0.584342994417,0.200276854949,1.0,1.0,0.725525937876,6.046875,0.65625,475.6109375,20847.7379639,992013.700363,6.61875,-0.003125,75.1625,0.000168622895304,Class 1
0.4415625,118.875,6985.66492716,161.525585937,0.761146000399,1.0,573.809450532,0.605507533827,0.689921575333,0.01650390625,0.454237678883,0.469152344683,1.0,1.0,0.774564589057,6.68125,0.65625,587.95859375,28421.0016602,1454397.7563,4.7875,-0.575,117.6875,0.000113589781076,Class 1
0.217421875,132.56875,26554.1798842,313.845117187,0.682274347916,1.0,1111.97727262,0.92882494237,1.07740067906,0.0113818359375,0.617475699056,0.336193127818,1.0,1.0,0.697196013019,12.059375,0.45,1152.9078125,58368.7163818,3051802.29487,5.35625,-0.265625,255.8375,0.000126674702755,Class 1
0.745390625,83.65,1320.98473506,69.5525390625,0.877165670219,1.0,213.248359815,0.305108184799,0.333056473691,0.022685546875,0.289009789099,0.254227758489,1.0,1.0,0.882905302067,2.55625,0.8625,215.63984375,10310.2706055,541742.748343,2.9625,-0.18125,33.15625,7.99308953694e-05,Class 1
0.8446875,49.74375,592.898079941,29.8787109375,0.931331038889,1.0,113.252699458,0.197845681573,0.20913430641,0.0257885742187,0.177813521187,0.375739146735,1.0,1.0,0.933414129953,1.428125,0.91875,113.990625,5196.80002441,263155.069345,1.76875,-0.371875,16.15,4.75321276333e-05,Class 1
0.7675,74.54375,738.824579455,51.5021484375,0.890760842343,1.0,148.798371019,0.257105928779,0.29170624033,0.0234008789062,0.24096861697,0.177264788932,1.0,1.0,0.894176105962,2.053125,0.875,150.334375,6234.84592285,287871.854843,2.74375,-0.171875,19.075,7.12295120345e-05,Class 1
0.735390625,85.0375,687.00575511,48.8302734375,0.863660941761,1.0,151.967332662,0.293159895467,0.328712661084,0.0220581054687,0.293159895467,0.137779819893,1.0,1.0,0.869616168255,2.24375,0.85625,153.95546875,5934.95625,255000.43577,3.225,-0.4125,17.36875,8.12567066942e-05,Class 1
0.632734375,51.05625,4926.13242845,118.945117188,0.892138975284,1.0,449.365911011,0.444074544698,0.484622568257,0.0224047851562,0.279380332535,0.565732521444,1.0,1.0,0.896061092384,4.665625,0.79375,456.29375,23505.9173096,1247107.02347,1.96875,-0.271875,101.6,4.87862734812e-05,Class 1
0.61390625,100.6375,2361.14782232,104.016601562,0.812082570907,1.0,301.603251191,0.42247044154,0.48497044154,0.019228515625,0.38385943701,0.22378426088,1.0,1.0,0.82400977415,3.86875,0.78125,306.99921875,13543.3849609,644420.963455,3.9125,0.08125,51.83125,9.61631259143e-05,Class 2
0.67421875,86.375,1390.58232728,81.8509765625,0.855200607579,1.0,213.733962802,0.349196219157,0.387869460974,0.0217895507812,0.28801839509,0.208247760803,1.0,1.0,0.861708791209,2.9625,0.81875,217.01328125,8928.90356445,402007.15712,3.4,0.2375,32.84375,8.25347410344e-05,Class 2
0.3246875,165.35625,12285.3909145,262.870117188,0.677821789173,1.0,814.971358721,0.833519821892,0.937343727502,0.0124145507813,0.654860716655,0.27078021518,1.0,1.0,0.696820232173,9.021875,0.5625,842.1046875,43129.9881592,2338040.85481,6.38125,0.371875,169.75,0.000158004460459,Class 2
0.682578125,53.325,3165.37149816,106.164257812,0.88009104442,1.0,331.637799316,0.387151231469,0.41794006763,0.022353515625,0.299925036218,0.433488082885,1.0,1.0,0.887842491522,3.65625,0.825,336.23984375,16561.0698242,849650.819827,2.125,0.33125,70.95625,5.0954154161e-05,Class 2
0.6128125,68.9375,5356.16052993,147.740820313,0.855508602356,1.0,497.986708357,0.496757012335,0.528280285535,0.0210180664062,0.367148917515,0.437621802949,1.0,1.0,0.865103769884,5.00625,0.78125,506.43984375,27405.1381836,1541014.52354,2.6375,0.15625,109.6875,6.58725176273e-05,Class 2
0.515078125,78.83125,6318.09189605,165.148242188,0.81455616428,1.0,525.36361599,0.530846745189,0.601849268645,0.0181811523437,0.390583583865,0.410372511142,1.0,1.0,0.824773866539,5.921875,0.7125,536.1796875,25942.3967529,1304599.07883,3.20625,0.421875,114.70625,7.53263884708e-05,Class 2
0.57625,86.7375,3961.09235713,132.134570312,0.833931471154,1.0,399.220284155,0.472411546321,0.527840304537,0.0192797851562,0.363170280539,0.294087338481,1.0,1.0,0.840003425294,4.73125,0.75625,406.75859375,18940.9348633,927461.961185,3.375,0.33125,80.3,8.28811241733e-05,Class 2
0.76671875,53.01875,2192.08083325,85.7056640625,0.899817743211,1.0,266.985927445,0.288131256022,0.311206451654,0.0236938476562,0.253494780289,0.45893799492,1.0,1.0,0.906986566716,2.746875,0.875,269.3859375,14346.8574951,803762.610324,1.91875,0.178125,54.2625,5.06615201299e-05,Class 2
0.42875,111.55,10636.7887614,234.600976563,0.776169019213,1.0,764.021907484,0.695509195783,0.774978915158,0.0163037109375,0.499349080703,0.395295848473,1.0,1.0,0.787869523596,7.83125,0.65,783.37109375,42258.0348633,2378511.36577,4.2875,0.36875,168.44375,0.000106590452821,Class 2
0.293125,173.3125,13064.362161,261.680273437,0.663723327825,1.0,819.057524111,0.860029881667,0.970337037648,0.0114331054687,0.661299495344,0.281939945363,1.0,1.0,0.680416907259,9.43125,0.53125,848.40859375,41615.102832,2157502.20884,6.675,0.2,169.3625,0.000165606973146,Class 2
0.4771875,48.95625,12170.2060982,223.743554687,0.834473887476,1.0,798.983565652,0.620985315945,0.703252144738,0.0176000976563,0.391187708928,0.507697004768,1.0,1.0,0.841049130387,7.753125,0.6875,815.921875,44466.1521729,2467128.30494,2.03125,0.265625,192.225,4.67796401246e-05,Class 2
0.89109375,34.2375,154.23563778,25.3400390625,0.944448500959,1.0,51.324916808,0.13123871523,0.143947613702,0.0268798828125,0.13123871523,0.175638655083,1.0,1.0,0.947158562622,0.81875,0.94375,51.53671875,1816.70566406,72381.1516388,1.325,0.15625,4.375,3.27152902595e-05,Class 2
0.57515625,52.79375,6532.81614326,159.382226562,0.842888066633,1.0,537.588514791,0.514676897958,0.565966999953,0.019267578125,0.380681275525,0.516640914235,1.0,1.0,0.85301853957,5.559375,0.75625,547.3828125,28315.5796631,1505211.48374,2.20625,0.340625,123.99375,5.04465236988e-05,Class 2
0.605703125,40.5,7039.38507182,157.282617187,0.895572776128,1.0,576.074543014,0.447334770533,0.478858043734,0.0227294921875,0.265698102385,0.602133823966,1.0,1.0,0.901297072141,5.575,0.775,584.46015625,31795.6335449,1768198.28249,1.6,0.01875,136.3375,3.86993575907e-05,Class 2
0.7465625,67.025,983.926177756,58.1037109375,0.893899530704,1.0,163.552147221,0.274009293317,0.299925036218,0.0237744140625,0.214682248279,0.243861436388,1.0,1.0,0.897473987937,2.25625,0.8625,165.38984375,6797.54951172,305730.781937,2.6,4.16333634234e-17,24.73125,6.40450479633e-05,Class 2
0.359375,68.225,19697.475449,287.508007812,0.763882043762,1.0,1023.32900704,0.764969981994,0.878147811631,0.0141528320312,0.50835112029,0.498472090863,1.0,1.0,0.778385884092,10.01875,0.59375,1050.89921875,57243.4720703,3181672.20701,2.85,0.26875,246.29375,6.51916955956e-05,Class 2
0.547890625,45.7375,8529.00789586,185.275585938,0.858454514982,1.0,638.658409028,0.542895415781,0.593560244542,0.0199145507812,0.350816055982,0.628115978071,1.0,1.0,0.867370565318,6.33125,0.7375,650.53359375,34806.3770508,1906060.58404,1.875,0.375,151.59375,4.37039967359e-05,Class 2
0.724375,93.94375,351.514802957,56.2798828125,0.859578823099,1.0,127.174239776,0.310219863489,0.350142613814,0.0220434570312,0.294160949976,0.0870568249092,1.0,1.0,0.864467191732,2.128125,0.85,129.190625,4359.00861816,166479.084579,3.59375,0.009375,8.94375,8.97669820903e-05,Class 2
0.62265625,40.03125,5752.16997675,145.838085938,0.874473513617,1.0,494.215183188,0.461347217561,0.503503405392,0.0211499023437,0.305304627723,0.634833337683,1.0,1.0,0.882074888075,4.946875,0.7875,501.8984375,26839.1723389,1476104.6653,1.73125,0.359375,115.775,3.82514483593e-05,Class 2
0.538359375,79.26875,6872.20684077,179.373632813,0.815255352875,1.0,575.821721258,0.542136274711,0.618158337054,0.018310546875,0.423156278135,0.448608370378,1.0,1.0,0.827636373007,5.990625,0.73125,587.025,30673.8241455,1662358.89266,3.10625,0.446875,127.3125,7.57444370868e-05,Class 2
0.53109375,40.5125,9787.00081739,196.509179688,0.868428917132,1.0,690.115942941,0.564373728732,0.613242502584,0.02,0.347314635912,0.626088070666,1.0,1.0,0.875154969264,6.80625,0.725,703.46484375,37464.5413086,2032412.20147,1.6125,0.3625,166.1625,3.87113018368e-05,Class 2
0.46140625,52.46875,11600.7891299,212.558007812,0.820736032478,1.0,751.568398735,0.649648314532,0.715067588632,0.0178344726562,0.421275889604,0.550034833287,1.0,1.0,0.832476775539,7.628125,0.675,769.065625,40532.5406494,2189094.86876,2.31875,0.259375,179.625,5.01359732984e-05,Class 2
0.55796875,34.98125,9095.92329142,185.661914063,0.897814172915,1.0,668.607344316,0.533198492615,0.571513078668,0.0224291992187,0.271976747326,0.662210015802,1.0,1.0,0.902887249155,6.415625,0.74375,680.40625,37394.7052002,2096906.37044,1.44375,0.209375,161.75625,3.34259729066e-05,Class 2
0.73765625,50.43125,2969.01709268,111.831054688,0.928374819214,1.0,329.91305773,0.282562269819,0.293116457617,0.025810546875,0.162076184808,0.543388828609,1.0,1.0,0.931178536452,3.271875,0.85625,332.7171875,18276.2955811,1050361.57795,1.80625,0.546875,70.775,4.81890611727e-05,Class 2
0.406015625,112.0375,11159.3229116,233.465820313,0.758713807115,1.0,769.243513748,0.707723615696,0.793110920691,0.0152685546875,0.52295622206,0.411037909547,1.0,1.0,0.772014860449,8.0875,0.63125,789.61953125,41462.0697754,2268002.4226,4.3875,0.275,169.9,0.000107056278421,Class 2
0.4515625,39.48125,13917.6066326,235.516210938,0.826940768559,1.0,834.940217903,0.661453526876,0.757084964349,0.0174487304687,0.409429807217,0.551555380539,1.0,1.0,0.838220467033,8.221875,0.66875,854.2046875,45651.9506592,2477870.65715,1.76875,0.434375,204.19375,3.77259015278e-05,Class 2
0.61453125,41.95,8644.57883031,208.747851562,0.931481138882,1.0,713.711523876,0.362713343725,0.371659367251,0.02544921875,0.179031306844,0.687325926446,1.0,1.0,0.933838683009,6.26875,0.76875,721.11171875,42922.2701172,2598744.36922,1.5,0.58125,170.18125,4.00848901464e-05,Class 2
0.638828125,47.325,7527.97981816,189.553320313,0.937552900973,1.0,656.847036205,0.330617833165,0.347168333415,0.0258422851562,0.144603356882,0.626827085049,1.0,1.0,0.939075520833,5.775,0.7875,662.93515625,39370.8647949,2380431.51003,1.5625,0.3875,154.2625,4.52209159995e-05,Class 2
0.52859375,79.78125,7626.13407683,185.979101563,0.801745648195,1.0,619.929240169,0.579923174473,0.657050292537,0.0169555664062,0.464243688584,0.445335483028,1.0,1.0,0.813049427545,6.278125,0.725,632.590625,34030.2363525,1898903.7336,3.14375,0.271875,138.59375,7.62341511798e-05,Class 2
0.62203125,57.95,5217.49166565,150.682617188,0.861349388817,1.0,475.147271171,0.481848483394,0.523738053755,0.0201977539062,0.351538820469,0.553399057543,1.0,1.0,0.868253761047,4.85625,0.7875,483.06484375,25477.4495117,1391404.43135,2.225,0.5375,106.58125,5.53735252439e-05,Class 2
0.58421875,46.5,7826.41217193,178.266992188,0.866062332256,1.0,624.234383591,0.496857979529,0.561512690202,0.0204907226562,0.34776459416,0.538144624738,1.0,1.0,0.875034838357,5.96875,0.7625,634.36171875,34932.2177734,1961254.19109,1.8125,0.275,147.3375,4.44325957522e-05,Class 2
0.6425,73.48125,3240.52802162,105.477539062,0.858264232989,1.0,349.185430206,0.42309635074,0.465173811739,0.0204907226562,0.33736012994,0.360756574039,1.0,1.0,0.863485876801,4.003125,0.8,354.784375,17022.7158447,859437.629257,2.79375,-0.028125,70.575,7.02142511101e-05,Class 2
0.484765625,87.26875,9301.44046277,205.504492188,0.804238521087,1.0,698.163372915,0.641926463307,0.72497116699,0.0176953125,0.465045404301,0.426939975926,1.0,1.0,0.816682604493,7.065625,0.69375,714.13125,38347.7915283,2131162.94466,3.36875,0.178125,157.15625,8.33887546356e-05,Class 2
0.672890625,106.1625,1785.71892322,98.0693359375,0.83978315,1.0,269.568567748,0.381029547678,0.420266461408,0.0207592773437,0.347673470808,0.249424346882,1.0,1.0,0.847743961997,3.30625,0.81875,273.63984375,12819.3405273,659321.382523,3.8125,0.1,42.075,0.000101442482721,Class 2
0.538203125,70.375,6665.20472636,171.202539062,0.830769301977,1.0,548.379970969,0.552739062954,0.619766501326,0.0184204101562,0.403310722509,0.430766782745,1.0,1.0,0.838551847817,5.86875,0.73125,559.58671875,28311.1279297,1481211.54129,2.8,0.50625,122.66875,6.72461059369e-05,Class 2
0.682421875,62.10625,3172.99507489,109.609179688,0.866983170252,1.0,342.982165471,0.389257341698,0.42312321621,0.0210791015625,0.333283043003,0.434169043971,1.0,1.0,0.874210820619,3.709375,0.825,347.6828125,17544.7917725,925650.952292,2.36875,0.259375,71.625,5.93449870954e-05,Class 2
0.435859375,38.25,16385.6827293,253.883398438,0.793781692336,1.0,944.981315699,0.664127997114,0.768827622795,0.0160107421875,0.454869071114,0.538757847792,1.0,1.0,0.811173178673,8.8875,0.65625,965.93203125,54043.6799316,3069686.77367,1.875,0.09375,232.475,3.65493932801e-05,Class 2
0.38046875,113.2375,13628.7852368,256.705664063,0.741661681546,1.0,858.896024917,0.752512347664,0.875109182991,0.01421875,0.568960776911,0.353234697024,1.0,1.0,0.757820336346,8.85625,0.6125,882.77734375,46669.872168,2552375.73711,4.3375,0.26875,192.9375,0.000108202926054,Class 2
0.75671875,72.8625,460.199051202,52.0912109375,0.882051150713,1.0,118.417605017,0.268696413904,0.300486304574,0.023408203125,0.236441178597,0.122579275188,1.0,1.0,0.887090339179,1.9,0.86875,119.91640625,4244.15913086,168418.008511,2.875,0.15625,11.88125,6.96230109247e-05,Class 2
0.613203125,83.75,3094.3571402,109.581054688,0.833295940711,1.0,339.924679059,0.450340003601,0.509465910806,0.0198095703125,0.376421743564,0.328536439947,1.0,1.0,0.843398713914,4.1375,0.78125,346.14453125,15728.188916,754733.431973,3.2625,0.08125,65.85625,8.00264493387e-05,Class 2
0.85609375,16.775,1381.07441181,50.1537109375,0.9444127616,1.0,162.067577529,0.185339271078,0.196627895916,0.02615234375,0.160105621834,0.669150488388,1.0,1.0,0.948852131665,1.675,0.925,162.86015625,8358.71245117,441627.951627,0.725,0.18125,36.625,1.60291783601e-05,Class 2
0.6046875,63.0,6265.63538159,176.000195313,0.868771049102,1.0,556.653010802,0.46146394264,0.505696114312,0.0211157226562,0.320998526251,0.516518812536,1.0,1.0,0.87479950922,5.36875,0.775,565.01171875,31636.4599609,1831653.35711,2.3875,0.64375,125.8375,6.01990006966e-05,Class 2
0.788671875,19.06875,2346.48224358,73.5201171875,0.930051711598,1.0,247.102735066,0.261020530181,0.278912577233,0.024765625,0.192202035432,0.715484144572,1.0,1.0,0.93455519943,2.546875,0.8875,249.0609375,12761.1356201,669861.017551,0.85625,0.246875,57.65625,1.82209475323e-05,Class 2
0.31515625,125.03125,18038.7798144,293.127929687,0.684855788926,1.0,981.878309165,0.849287651138,1.01303961979,0.0117700195312,0.660446630888,0.293446801281,1.0,1.0,0.707773292451,10.140625,0.55625,1013.075,53727.7175049,2948291.56317,4.93125,0.328125,222.64375,0.000119472322315,Class 2
0.575234375,91.04375,6137.07204113,174.575585937,0.814244973009,1.0,566.059157201,0.50073561649,0.559363577738,0.0183178710938,0.424388971718,0.355767695994,1.0,1.0,0.827192122206,5.634375,0.75625,575.6890625,31540.8204834,1799268.33496,3.30625,0.271875,121.5125,8.69959169789e-05,Class 2
0.380625,102.01875,13910.9596265,263.925585937,0.732313492497,1.0,854.086723768,0.772327776902,0.879557894532,0.0139501953125,0.586016299045,0.396107924506,1.0,1.0,0.751471208131,8.821875,0.6125,878.5421875,46422.2358154,2536875.42678,4.11875,0.684375,194.68125,9.74829651161e-05,Class 2
0.522421875,102.50625,4922.88838834,150.579882812,0.822945847786,1.0,463.374346287,0.552638019038,0.606502050832,0.0192016601562,0.398832209961,0.339422950184,1.0,1.0,0.829707691803,5.490625,0.71875,473.8375,22121.5960205,1085863.516,3.91875,0.246875,93.175,9.79487907167e-05,Class 2
0.643046875,81.6375,2989.79119443,112.913476562,0.866390402053,1.0,338.082171026,0.406357959853,0.459802772521,0.02171875,0.309406699618,0.323071062174,1.0,1.0,0.872472214349,3.95,0.8,343.35390625,16131.5790527,797582.537711,3.0,0.25,65.675,7.8007871736e-05,Class 2
0.605078125,100.38125,3512.0617909,132.906054688,0.851409066121,1.0,390.2434984,0.456280794059,0.492064888163,0.0207666015625,0.339837665596,0.345242743537,1.0,1.0,0.856379206961,4.490625,0.775,397.1125,19129.0928955,976677.141977,3.58125,0.328125,74.4625,9.59182688678e-05,Class 2
0.713671875,51.33125,2361.62765285,84.7912109375,0.880110592298,1.0,268.33906081,0.3353927326,0.373707318653,0.02205078125,0.292006239303,0.422937962586,1.0,1.0,0.887148260424,3.096875,0.84375,271.6109375,12855.0071045,637399.48259,2.06875,0.159375,55.2625,4.90490468969e-05,Class 2
0.51203125,135.8125,3801.83532796,141.580273437,0.765745149476,1.0,421.437395798,0.576741527022,0.647082494827,0.0165576171875,0.500206345335,0.244338228331,1.0,1.0,0.776566075638,5.2375,0.7125,431.88203125,19906.8998535,991988.730118,5.175,-0.00625,74.34375,0.000129774234637,Class 3
0.81078125,32.45625,2158.89128911,71.2193359375,0.93691866381,1.0,250.019439945,0.241359091407,0.254067989879,0.0257934570312,0.174972973918,0.511654522581,1.0,1.0,0.940820775978,2.403125,0.9,251.684375,13970.7470947,801499.865976,1.16875,0.003125,54.95625,3.10132351803e-05,Class 3
0.42734375,143.34375,8059.63635311,202.489257812,0.716145769876,1.0,656.542330697,0.693590976191,0.786691921715,0.0140942382813,0.596441246234,0.286462102536,1.0,1.0,0.734341737945,7.265625,0.65,674.40625,34143.7477783,1826805.43626,5.44375,-0.078125,133.21875,0.000136970642954,Class 3
0.62296875,76.5375,3522.40844737,108.898632812,0.836418084195,1.0,370.90612163,0.450793029763,0.493137108231,0.0192626953125,0.376067069649,0.423976183291,1.0,1.0,0.843765240257,4.20625,0.7875,377.23984375,18586.8569336,969259.773538,3.0375,-0.16875,75.4375,7.31346192987e-05,Class 3
0.496640625,149.66875,3521.10428305,135.979492187,0.73740667694,1.0,411.698301646,0.555966842946,0.642154000349,0.015302734375,0.519691603658,0.243501304826,1.0,1.0,0.750683373748,5.296875,0.7,421.8484375,18825.4860107,913000.774875,5.69375,-0.253125,68.375,0.000143014431516,Class 3
0.613828125,83.44375,3012.37719332,101.357226563,0.842063563345,1.0,334.8625969,0.442158543502,0.489231262443,0.019892578125,0.34582079804,0.331821204433,1.0,1.0,0.847380657657,4.071875,0.78125,340.8546875,15703.7760498,769725.503049,3.29375,-0.171875,64.60625,7.97338153076e-05,Class 3
0.42984375,126.85,6791.95903304,168.150976562,0.750281286121,1.0,565.607185011,0.643721147831,0.734746109513,0.015302734375,0.508639159316,0.293855123723,1.0,1.0,0.762192897689,6.73125,0.65,580.84609375,27416.646582,1368705.48667,5.0125,-0.33125,113.91875,0.000121210210133,Class 3
0.412265625,104.88125,10709.7408876,217.213867188,0.737459967873,1.0,738.698244015,0.682521795363,0.795438170125,0.0145385742187,0.529072644745,0.417753753937,1.0,1.0,0.757269150071,7.865625,0.6375,757.74375,39208.7954346,2113210.98246,4.24375,0.028125,163.70625,0.000100218197489,Class 3
0.493984375,112.46875,5938.97105698,161.717382813,0.775828802192,1.0,530.346809735,0.620966897921,0.693724031276,0.016572265625,0.490574485214,0.321355224628,1.0,1.0,0.7881547024,6.021875,0.7,543.4171875,26860.6248779,1406558.93947,4.36875,-0.084375,108.1125,0.000107468354914,Class 3
0.246484375,230.7,11824.789151,266.356054687,0.585198503703,1.0,794.550073615,0.863065065964,1.02510647064,0.00953369140625,0.738846403779,0.205290001367,1.0,1.0,0.608130396625,9.73125,0.48125,824.97109375,38823.077832,1959300.57632,8.875,0.0875,149.175,0.000220443007313,Class 3
0.374375,110.9375,12948.6465024,240.891601562,0.711370883785,1.0,820.222427131,0.729351409745,0.858731517253,0.0130249023437,0.600351884589,0.36588300393,1.0,1.0,0.731508111621,8.6625,0.60625,842.80078125,43862.8723145,2370919.7244,4.525,0.0875,183.50625,0.000106005184758,Class 3
0.568359375,84.1875,3970.80711661,123.999414062,0.829580698507,1.0,396.107624637,0.456565337037,0.525978814571,0.019560546875,0.362659145537,0.281262924969,1.0,1.0,0.837811278999,4.74375,0.75,403.38046875,18715.0179688,915617.594559,3.4125,0.08125,80.09375,8.04444979547e-05,Class 3
0.6428125,53.9,3767.47008735,104.935351563,0.867623566253,1.0,368.655635634,0.413962436576,0.457648061847,0.0208349609375,0.310093321794,0.44522924702,1.0,1.0,0.873882478632,4.13125,0.8,374.29609375,18089.8231445,907607.463626,2.2,-0.08125,80.35625,5.15035894849e-05,Class 3
0.283203125,123.24375,19377.4440622,277.664648437,0.683840050171,1.0,977.30484264,0.873755879874,1.03883608386,0.0114404296875,0.655980870619,0.28477162907,1.0,1.0,0.704628131468,10.515625,0.525,1010.66875,51352.4223877,2693718.80511,4.93125,-0.234375,222.5125,0.000117764295113,Class 3
0.290703125,103.85,20882.7682774,301.080664062,0.705221768345,1.0,1012.24936023,0.856607809601,0.997550889501,0.012099609375,0.586037584826,0.407959030556,1.0,1.0,0.724295304781,10.61875,0.53125,1045.24921875,54327.9173828,2912721.82693,4.275,0.50625,236.0125,9.923279718e-05,Class 3
0.396796875,165.24375,7734.61374949,207.610742188,0.718389812713,1.0,638.060528047,0.728820468072,0.817709193137,0.0136962890625,0.575818819335,0.284311708828,1.0,1.0,0.732113422898,7.465625,0.625,657.43125,31479.9509033,1595501.90794,5.99375,0.078125,123.5125,0.000157896962244,Class 3
0.4278125,111.01875,8894.03838301,199.688476563,0.729777486193,1.0,660.437441647,0.70134805457,0.795450054603,0.0139770507812,0.578503860616,0.33061267467,1.0,1.0,0.746772149955,7.315625,0.65,678.64375,33919.8145752,1771946.74515,4.50625,0.084375,142.3625,0.000106082822358,Class 3
0.444921875,109.04375,7609.17014957,182.261914063,0.762231061176,1.0,600.832089497,0.660791400768,0.746130105318,0.0156030273437,0.496698003403,0.304928135719,1.0,1.0,0.774203673343,6.809375,0.6625,616.6953125,30402.6917725,1577321.62876,4.39375,0.015625,127.3375,0.000104195631464,Class 3
0.80015625,53.23125,660.95282059,49.4556640625,0.907000556304,1.0,121.302953111,0.237131211807,0.251448274551,0.0243994140625,0.21717367746,0.359836985579,1.0,1.0,0.91088305931,1.696875,0.89375,122.4359375,5033.26022949,229658.343332,2.10625,0.228125,17.40625,5.08645723148e-05,Class 3
0.575546875,122.44375,2953.00244948,123.427929687,0.795332452483,1.0,363.05905893,0.497239359013,0.555412812154,0.018310546875,0.428951699072,0.254951918674,1.0,1.0,0.806194760001,4.465625,0.75625,370.58125,17241.3930908,870679.401303,4.56875,0.003125,62.3125,0.000116999863358,Class 3
0.800390625,39.975,1247.02989028,52.0525390625,0.909713720631,1.0,167.025366058,0.221345274985,0.247685399605,0.0244311523438,0.205150615583,0.471796458572,1.0,1.0,0.915406873219,1.975,0.89375,168.23515625,7984.08510742,404902.6069,1.6625,1.56125112838e-17,32.1875,3.81976992515e-05,Class 3
0.50328125,131.3125,4372.85659164,148.318164062,0.768988727745,1.0,450.892566124,0.578249137614,0.658379729791,0.0163012695313,0.494991058912,0.273043146793,1.0,1.0,0.780178079036,5.525,0.70625,461.96015625,21167.1909668,1033464.82682,4.9125,-2.41126563161e-16,83.00625,0.000125474306015,Class 3
0.4853125,125.2375,5670.13851221,172.044726563,0.760440084984,1.0,522.886881742,0.632246002742,0.711576431923,0.0162475585937,0.522987948249,0.295380504784,1.0,1.0,0.774687167041,6.05,0.69375,536.27890625,26046.7688965,1341043.88947,4.8125,0.25,103.1375,0.000119669402377,Class 3
0.436484375,103.55625,10063.5521759,211.268554687,0.776437330221,1.0,725.610028771,0.663205669437,0.750935575743,0.0158642578125,0.483995637436,0.366310082793,1.0,1.0,0.788736780664,7.628125,0.65625,743.503125,38629.0336182,2081356.63214,3.95625,-0.009375,160.4625,9.8952107395e-05,Class 3
0.43875,118.0375,6482.79980789,166.897070312,0.764654881184,1.0,544.094378358,0.607935319765,0.704094185289,0.0159301757812,0.456819952642,0.225435035647,1.0,1.0,0.774561507937,6.54375,0.65625,558.00546875,25974.4085938,1276200.59436,4.7375,-0.08125,110.4,0.000112789516583,Class 3
0.4871875,120.275,6138.77798292,171.781835938,0.780593643913,1.0,551.489468862,0.587515885112,0.662846948265,0.0166772460938,0.462394867834,0.307775072425,1.0,1.0,0.790409203855,6.19375,0.69375,564.15546875,28159.5261719,1488195.15901,4.5375,0.0125,111.35625,0.000114927536647,Class 3
0.867734375,31.89375,684.074351439,36.5791015625,0.93568666531,1.0,106.101157758,0.171394246671,0.176577395251,0.02615234375,0.162448223145,0.513197056884,1.0,1.0,0.940641995447,1.271875,0.93125,106.6296875,4987.8713623,251602.074338,1.23125,0.078125,18.7625,3.04757441026e-05,Class 3
0.35828125,130.3375,13005.6719221,255.090039062,0.712840994803,1.0,829.848039741,0.778679934975,0.911825795506,0.0130151367187,0.601986652878,0.35443383729,1.0,1.0,0.729202764181,8.84375,0.59375,854.58046875,44381.634375,2402954.60745,5.0625,0.33125,181.6125,0.000124542654814,Class 3
0.57671875,135.74375,1890.97357348,108.261914062,0.781513356336,1.0,292.900488991,0.471943726752,0.531415288845,0.017490234375,0.438120854474,0.191940351067,1.0,1.0,0.790617619422,4.034375,0.75625,299.2890625,12579.7204834,586530.666208,5.10625,-0.009375,41.1375,0.000129708541283,Class 3
0.3990625,136.09375,7802.80504749,189.094335938,0.739030777706,1.0,612.836385268,0.693384021694,0.786526412229,0.0145727539062,0.524392604716,0.259017974905,1.0,1.0,0.750845138319,7.296875,0.625,630.7734375,29626.7156982,1467914.44187,5.26875,-0.090625,124.125,0.000130042980175,Class 3
0.56734375,115.85,2422.33488864,121.551367187,0.792141501958,1.0,312.905192872,0.473649382812,0.538001876448,0.0183666992187,0.405190666845,0.239812179819,1.0,1.0,0.8029253663,4.20625,0.75,319.60234375,13662.9264648,637205.194534,4.5875,0.4875,51.2,0.000110699273503,Class 3
0.655078125,103.9875,1072.806046,75.0255859375,0.825236395685,1.0,201.249212818,0.34807030273,0.405544607813,0.0202685546875,0.327506008178,0.170912457158,1.0,1.0,0.833452997593,2.9875,0.80625,204.54453125,7922.05336914,341973.324356,4.075,-0.08125,25.325,9.93641838879e-05,Class 3
0.662578125,53.975,3822.1906524,117.965039062,0.881892911266,1.0,380.003301836,0.407569235489,0.444463547908,0.0223510742187,0.301345309853,0.525673236768,1.0,1.0,0.888716118433,4.05625,0.8125,385.43984375,19544.6854492,1029111.46201,2.1375,0.31875,83.11875,5.15752549619e-05,Class 3
0.275078125,136.775,17160.0546635,270.099414062,0.682523503294,1.0,912.319235385,0.843324213796,0.975759273938,0.0115307617187,0.616279838224,0.294323593436,1.0,1.0,0.697423856934,10.225,0.5125,943.54765625,46534.5456543,2385214.22926,5.5125,9.71445146547e-17,202.33125,0.000130693941592,Class 3
0.38140625,64.44375,18897.317258,280.214648437,0.794591559334,1.0,1013.18943655,0.767843776379,0.867316815629,0.0162280273437,0.467618375429,0.485225857136,1.0,1.0,0.810015028884,9.765625,0.6125,1040.15625,57425.5485596,3237118.45892,2.58125,0.115625,244.5375,6.15785611292e-05,Class 3
0.494609375,49.68125,11626.0372768,214.751757813,0.849472926237,1.0,785.493399696,0.613021928904,0.684699280918,0.01908203125,0.362996661051,0.575157142822,1.0,1.0,0.857702264291,7.509375,0.7,801.6578125,44485.4073975,2519950.07592,2.01875,0.078125,188.4625,4.74724064025e-05,Class 3
0.12234375,139.15625,51251.8106192,410.854101562,0.607168901812,1.0,1440.44980779,1.06316295371,1.27259760225,0.00864013671875,0.706732044778,0.312657570675,1.0,1.0,0.631496590166,15.334375,0.31875,1500.7015625,77452.4532959,4115680.81533,5.89375,0.015625,341.34375,0.000132969320487,Class 3
0.468515625,130.58125,6056.88765478,174.349414062,0.777833550581,1.0,541.670874742,0.653682322114,0.718712814063,0.01658203125,0.489591594176,0.324669172667,1.0,1.0,0.787055369708,6.334375,0.68125,556.2265625,26501.6157959,1333738.92841,4.81875,0.090625,106.80625,0.000124775567614,Class 3
0.419609375,104.025,11997.1966467,232.421679688,0.758535280601,1.0,812.416709442,0.691001473685,0.800391464583,0.0144409179687,0.527459988701,0.373950822161,1.0,1.0,0.770694342935,8.24375,0.64375,832.66796875,44601.4570312,2470015.10403,3.95,-0.075,182.675,9.94000166264e-05,Class 3
0.51984375,103.5,5928.54526717,161.878710938,0.791179254506,1.0,531.75858836,0.590843441286,0.663709738446,0.0168823242187,0.473931879235,0.335934890298,1.0,1.0,0.801960445415,5.85625,0.71875,543.78984375,27409.9776367,1453595.12412,3.9375,1.7260498586e-16,110.4375,9.88983582873e-05,Class 3
0.427421875,82.3875,13559.8135095,242.949023438,0.753950942262,1.0,867.105143873,0.687844155697,0.799212929549,0.0145166015625,0.551902556134,0.395419123879,1.0,1.0,0.772989484466,8.525,0.65,887.96015625,48316.7831543,2694037.06354,3.2875,0.00625,201.925,7.87245265062e-05,Class 3
0.53921875,108.9,4186.54268634,131.183789062,0.788977919226,1.0,429.402764141,0.526276773651,0.596503415057,0.0169482421875,0.451888175085,0.296735592347,1.0,1.0,0.797928261934,5.10625,0.73125,438.60234375,20806.0553711,1051606.07149,4.2375,-0.23125,82.74375,0.000104058272633,Class 3
0.48625,112.475,5724.34683962,155.224414062,0.776488622871,1.0,512.985702906,0.591400924739,0.68024104936,0.0161401367187,0.478047228789,0.297736105405,1.0,1.0,0.785677051317,5.9875,0.69375,525.30703125,25190.7400879,1276469.59145,4.4,-0.1625,103.58125,0.000107474327037,Class 3
0.6828125,47.7625,3813.38926915,107.967382812,0.890193649298,1.0,379.153567531,0.386228903792,0.414177192684,0.0223876953125,0.286979646665,0.473899824771,1.0,1.0,0.895845684239,3.9375,0.825,384.10703125,19805.1381348,1054635.09281,1.85,-4.68375338514e-17,84.33125,4.56389646154e-05,Class 3
0.7775,40.71875,1857.92720545,67.7998046875,0.90882945886,1.0,223.202817437,0.282360241373,0.302594889737,0.0240405273437,0.237319102445,0.509599793431,1.0,1.0,0.915055024547,2.453125,0.88125,225.284375,11180.5459229,581374.347421,1.59375,0.065625,46.29375,3.89083818986e-05,Class 3
0.48015625,97.41875,7889.63426941,190.890039063,0.826047695055,1.0,622.746593342,0.617143714167,0.667201433165,0.019482421875,0.40175160648,0.474034537933,1.0,1.0,0.834910942916,6.715625,0.6875,637.26875,32498.0114502,1732758.69183,3.68125,0.259375,135.38125,9.30874825256e-05,Class 3
0.4875,141.2,3860.88887029,148.961914062,0.751537347717,1.0,422.838327261,0.579688228768,0.651606923872,0.0160278320312,0.499057759204,0.214520185353,1.0,1.0,0.764587807706,5.44375,0.69375,433.76796875,19187.2539062,914377.2345,5.425,0.18125,73.48125,0.000134922204736,Class 3
0.41484375,130.9,7138.46966835,185.648242187,0.748638395318,1.0,579.839213143,0.659976975501,0.750939380983,0.0150805664062,0.518954458121,0.256572754704,1.0,1.0,0.759488028245,6.9875,0.6375,596.10703125,27548.9541504,1339914.0016,5.1,0.15625,116.7375,0.000125080145892,Class 3
0.66265625,72.99375,2865.5052611,100.980664063,0.873006578367,1.0,324.075470283,0.398811102601,0.438358071651,0.02203125,0.304715137774,0.365931933552,1.0,1.0,0.878277634472,3.715625,0.8125,328.91875,15887.1473877,811010.390659,2.76875,0.009375,64.2125,6.97484255095e-05,Class 3
0.382890625,100.44375,12037.3658679,224.641210937,0.76083354645,1.0,766.863005247,0.742268215185,0.824317026953,0.0146801757813,0.518144926768,0.383768305238,1.0,1.0,0.771937109128,8.371875,0.6125,789.0796875,39500.2080811,2048505.73137,4.00625,0.084375,172.68125,9.59779900987e-05,Class 3
0.800390625,46.98125,1011.97242434,51.6466796875,0.916351512652,1.0,150.68010067,0.218006781758,0.242502251025,0.0251147460938,0.178312407865,0.288081747635,1.0,1.0,0.921292985032,1.890625,0.89375,151.8125,6789.73508301,327120.260727,1.83125,0.078125,26.325,4.48924492298e-05,Class 4
0.811328125,35.71875,1816.44290377,58.8193359375,0.943821833532,1.0,221.432212883,0.220202115366,0.23525361515,0.0265209960937,0.141457177616,0.517441691919,1.0,1.0,0.945571426828,2.196875,0.9,222.7734375,12418.9102295,727683.790695,1.34375,-0.190625,46.9,3.41306834307e-05,Class 4
0.766953125,49.3875,1431.83819087,60.1763671875,0.897855187542,1.0,190.681535583,0.278075014181,0.30460302944,0.0237109375,0.24059799118,0.388523924244,1.0,1.0,0.903865944241,2.3,0.875,192.59140625,8972.56069336,447699.204019,2.0,-0.00625,35.94375,4.71917166175e-05,Class 4
0.778671875,75.0125,314.218046064,51.6841796875,0.888276812139,1.0,106.60112862,0.229461975107,0.260705319376,0.023759765625,0.213305412494,0.0836375442106,1.0,1.0,0.892930451174,1.73125,0.88125,107.70859375,3689.42705078,140831.852982,2.8375,0.2375,8.28125,7.16774212659e-05,Class 4
0.3846875,130.9375,9062.60712946,207.908007813,0.734875134233,1.0,663.124246894,0.706473113043,0.799585066605,0.0145166015625,0.550893061078,0.332937461102,1.0,1.0,0.74827370308,7.71875,0.6125,682.51171875,32642.8236328,1638946.19519,5.15,0.16875,138.375,0.00012511597863,Class 4
0.69265625,42.5125,3387.80194627,97.2537109375,0.903458031104,1.0,340.734420196,0.370936557078,0.408565306536,0.0230932617187,0.238715935769,0.499248075415,1.0,1.0,0.906484025234,3.65,0.83125,345.10390625,17323.307959,899374.290054,1.7125,0.00625,75.875,4.0622381224e-05,Class 4
0.074765625,43.8125,156983.030914,718.048632812,0.739177309181,1.0,2755.87643986,1.04899484471,1.24981848064,0.0123266601563,0.493790704619,0.444948772867,1.0,1.0,0.751872279172,25.44375,0.1375,2855.18046875,161847.870313,9229020.00198,1.9375,-0.20625,704.43125,4.18645828257e-05,Class 4
0.076640625,171.3625,69249.7741192,475.557226562,0.562890330739,1.0,1606.16423864,1.12779636089,1.34500973162,0.007421875,0.712662085485,0.296992848354,1.0,1.0,0.58148916505,17.45,0.2125,1679.25390625,85292.0438965,4465815.83498,7.0,0.45,378.0625,0.000163743670744,Class 4
0.3615625,97.38125,13270.9503382,238.810351563,0.756852209143,1.0,798.826279054,0.745372569782,0.844439701369,0.0149169921875,0.502429681397,0.414746546583,1.0,1.0,0.76945240639,8.715625,0.59375,822.08125,41314.7247314,2152782.76556,4.04375,0.334375,181.71875,9.30516497871e-05,Class 4
0.652734375,52.0,4060.45935948,108.480273438,0.867593634586,1.0,393.236266467,0.407122645698,0.448356505852,0.021103515625,0.327833276953,0.554246560368,1.0,1.0,0.875374715264,4.19375,0.80625,398.85546875,20210.4667969,1061325.15198,2.125,-0.1625,86.975,4.9688064067e-05,Class 4
0.9028125,35.8875,-0.0339847068819,17.9029296875,0.950070400755,1.0,35.589881488,0.116317074325,0.131368574108,0.02724609375,0.116317074325,0.00422986342852,1.0,1.0,0.951806827432,0.66875,0.95,35.72421875,959.199023438,25838.3991974,1.3375,2.77555756156e-17,0.0,3.42919307539e-05,Class 4
0.822421875,50.825,459.015561583,41.8810546875,0.91386133296,1.0,99.0697920088,0.20096016832,0.223725308633,0.0247509765625,0.20096016832,0.202216519659,1.0,1.0,0.917365431105,1.45625,0.90625,99.83984375,3843.28388672,163935.586234,1.975,0.1625,12.34375,4.8565304927e-05,Class 4
0.47484375,101.4,5955.02051099,174.984570313,0.798991928097,1.0,511.108400223,0.541693437623,0.613759571788,0.0176635742188,0.396864598018,0.30132471502,1.0,1.0,0.806437118437,6.13125,0.68125,522.57109375,24068.712207,1162201.76226,4.075,0.73125,105.675,9.68917249307e-05,Class 4
0.777734375,65.58125,1256.3284081,61.8416015625,0.904478363484,1.0,192.012274072,0.265888467956,0.293648866211,0.0240454101562,0.232135953865,0.344227012719,1.0,1.0,0.907998253144,2.246875,0.88125,193.7734375,9428.75905762,499952.945578,2.33125,-0.096875,32.1875,6.26654875307e-05,Class 4
0.73546875,84.425,648.935551611,65.8646484375,0.873295537046,1.0,147.613675807,0.28658659964,0.324215349098,0.0227392578125,0.258172352493,0.122543247603,1.0,1.0,0.878286130825,2.21875,0.85625,149.52421875,5611.13769531,232891.606815,3.175,0.2625,16.4125,8.06714386319e-05,Class 4
0.578203125,115.85625,2353.92208439,104.479101563,0.786373905647,1.0,310.970236978,0.445352755418,0.503309546289,0.0175756835937,0.414291703578,0.245519857935,1.0,1.0,0.795129119135,4.103125,0.75625,317.059375,14044.1619385,688877.851718,4.60625,-0.153125,50.55625,0.000110705245626,Class 4
0.78859375,30.43125,1848.92227632,63.4236328125,0.936939013613,1.0,212.43420153,0.256335327558,0.282675452179,0.0258032226562,0.165104622715,0.543069911169,1.0,1.0,0.940151353276,2.353125,0.8875,214.196875,10353.7521729,518780.193417,1.19375,0.084375,46.0875,2.90782673008e-05,Class 4
0.85640625,37.75625,584.929832208,38.7962890625,0.950068101312,1.0,100.659569752,0.171210098972,0.183918997444,0.0272485351563,0.114896800691,0.38159399018,1.0,1.0,0.95177429481,1.315625,0.925,101.20625,4253.14973145,191226.969272,1.36875,0.159375,15.94375,3.60775955564e-05,Class 4
1.0,0.0,-0.0322580645161,0.0009765625,1.0,1.0,0.0,-0.0,-0.0,0.0302734375,-0.0,nan,1.0,1.0,1.0,0.0,1.0,0.00390625,-0.000244140625,1.52587890625e-05,0.0,0.0,0.0,0.0,Class 4
0.9271875,23.4375,-0.0335317125507,15.5869140625,0.962559904153,1.0,23.3121034814,0.0694506169614,0.0798169141218,0.028017578125,0.0694506169614,0.00473969733115,1.0,1.0,0.963942307692,0.46875,0.9625,23.32421875,581.553710938,14502.5015411,0.9375,0.15625,0.0,2.23954615687e-05,Class 4
0.95078125,16.2625,-0.0331043614996,8.1123046875,0.975038431862,1.0,16.1915689971,0.0582977493687,0.0658234992603,0.028740234375,0.0582977493687,0.00208580976705,1.0,1.0,0.975943732194,0.31875,0.975,16.18671875,411.970507813,10491.63992,0.6375,1.38777878078e-17,0.0,1.55394642671e-05,Class 4
0.800546875,67.0375,156.847791709,37.3228515625,0.895149542161,1.0,82.7637817563,0.20437555561,0.234478555176,0.0240942382813,0.20437555561,0.0528882743338,1.0,1.0,0.899557387057,1.45625,0.89375,83.55234375,2600.21279297,90116.6482452,2.6,-0.00625,4.21875,6.40569922095e-05,Class 4
0.93875,15.95,139.482083723,7.7939453125,0.971914183982,1.0,32.0661202022,0.0732901265275,0.0784732751077,0.0283642578125,0.0732901265275,0.308660393771,1.0,1.0,0.972827635328,0.475,0.96875,32.08515625,1225.86088867,52155.6069,0.6375,-0.1625,4.0625,1.52408581129e-05,Class 4
0.567421875,110.4625,2453.44440098,108.358789063,0.7975037064,1.0,308.875788067,0.484932845055,0.536581602813,0.0183642578125,0.411290980508,0.201005775059,1.0,1.0,0.807110460261,4.2,0.75,315.74140625,13208.5005371,597758.304019,4.4,0.075,51.58125,0.000105551303404,Class 4
0.756484375,71.46875,646.044468204,59.4087890625,0.881580325105,1.0,135.518459025,0.28282558601,0.3094323281,0.023046875,0.262944787566,0.19665092234,1.0,1.0,0.886122202551,2.015625,0.86875,137.21875,5277.23098145,226368.041049,2.79375,0.259375,16.5625,6.82912274767e-05,Class 4
0.891015625,32.15625,364.483372992,28.2369140625,0.94442046679,1.0,72.7199520629,0.140184738756,0.147710488648,0.0268725585937,0.140184738756,0.32662330366,1.0,1.0,0.947627372049,0.946875,0.94375,72.9984375,3238.90983887,160201.891086,1.23125,0.078125,10.26875,3.07265732722e-05,Class 4
0.902890625,31.925,165.469638106,18.1962890625,0.953185072309,1.0,50.4877660327,0.114896800691,0.127605699163,0.0272485351562,0.114896800691,0.147683421091,1.0,1.0,0.954688640303,0.7625,0.95,50.63828125,1893.48793945,80076.7647369,1.1875,-0.0875,4.725,3.05056047181e-05,Class 4
0.38375,141.59375,8635.68078335,192.158398437,0.678392478623,1.0,656.558614934,0.69574720524,0.826616190415,0.0121411132812,0.604810960085,0.289546613225,1.0,1.0,0.698772588523,7.615625,0.6125,675.36875,32860.9341064,1692614.21644,5.71875,-0.434375,133.91875,0.00013529844849,Class 4
0.435703125,127.9125,5773.37736394,157.245117188,0.76217142182,1.0,513.561113352,0.570966581967,0.657662429299,0.0160009765625,0.452989358902,0.194406243578,1.0,1.0,0.770831059547,6.4375,0.65,526.33203125,23454.5123535,1105124.91098,5.0625,-0.24375,100.00625,0.000122225471057,Class 4
0.83359375,43.41875,839.739351448,50.1912109375,0.920939315729,1.0,131.80145799,0.206570752078,0.212676228335,0.0250830078125,0.202807877132,0.513282378603,1.0,1.0,0.925404273,1.615625,0.9125,132.69375,6011.46379395,292449.664682,1.63125,0.240625,22.41875,4.14883390713e-05,Class 4
0.95078125,16.2625,-0.0331043614996,8.1123046875,0.975038431862,1.0,16.1915689971,0.0582977493687,0.0658234992603,0.028740234375,0.0582977493687,0.00208580976705,1.0,1.0,0.975943732194,0.31875,0.975,16.18671875,411.970507813,10491.63992,0.6375,1.38777878078e-17,0.0,1.55394642671e-05,Class 4
0.84515625,43.63125,284.642765941,27.6072265625,0.931358511528,1.0,74.1156861161,0.168477119046,0.188899658047,0.0261791992187,0.139683082832,0.135742330059,1.0,1.0,0.933877849003,1.178125,0.91875,74.590625,2648.96838379,105239.638681,1.73125,-0.078125,7.8125,4.16913912562e-05,Class 4
0.879296875,27.5875,659.091533578,27.7060546875,0.945419636918,1.0,99.6891073636,0.152745802454,0.164034427291,0.0265087890625,0.152745802454,0.521708545691,1.0,1.0,0.94842766128,1.18125,0.9375,100.09609375,4671.21728516,232500.484915,1.0625,-0.1625,18.2,2.63609512971e-05,Class 4
0.891171875,39.13125,-0.0342077893994,16.8978515625,0.943831746283,1.0,38.776201107,0.125133238973,0.140184738756,0.0268872070312,0.125133238973,0.00562612235439,1.0,1.0,0.945813869241,0.740625,0.94375,38.95,1029.83625488,27323.1578949,1.48125,-0.090625,0.0,3.73914626351e-05,Class 4
0.735,58.9875,1510.00384547,58.4345703125,0.897005808352,1.0,203.526203954,0.306323302046,0.33692424757,0.023388671875,0.242625381686,0.305706145258,1.0,1.0,0.900130947995,2.575,0.85625,205.94765625,9063.67495117,425776.93688,2.3,-0.3125,36.9,5.6364897676e-05,Class 4
0.69390625,50.39375,2754.80444081,79.4279296875,0.884855484259,1.0,296.520758474,0.359617805853,0.383147509592,0.022392578125,0.281031934657,0.515444348347,1.0,1.0,0.891029070706,3.390625,0.83125,300.425,14311.110083,712808.268442,2.04375,-0.321875,62.71875,4.81532284342e-05,Class 4
0.571640625,141.23125,1085.15514645,98.1986328125,0.775323060223,1.0,231.462768602,0.422168454756,0.480527571364,0.0177270507812,0.384599542145,0.0908159446846,1.0,1.0,0.782969888329,3.684375,0.75,236.5890625,8497.84743652,340762.842184,5.49375,0.153125,24.06875,0.000134952065351,Class 4
0.938671875,12.36875,292.074857401,16.8728515625,0.975028447836,1.0,45.99736227,0.0784732751077,0.0822361500535,0.0283618164063,0.0747104001619,0.557850711354,1.0,1.0,0.975703347578,0.565625,0.96875,46.03125,2068.26262207,99233.4731781,0.49375,0.084375,8.45,1.18188315852e-05,Class 4
1.0,0.0,-0.0322580645161,0.0009765625,1.0,1.0,0.0,-0.0,-0.0,0.0302734375,-0.0,nan,1.0,1.0,1.0,0.0,1.0,0.00390625,-0.000244140625,1.52587890625e-05,0.0,0.0,0.0,0.0,Class 4
0.987578125,4.55625,-0.0324668907613,4.5466796875,0.993758561644,1.0,4.55095910607,0.0164815903625,0.0164815903625,0.0298852539063,0.0164815903625,nan,1.0,1.0,0.993973214286,0.084375,0.99375,4.5390625,122.166186523,3290.85820007,0.16875,0.084375,0.0,4.35367772895e-06,Class 4
0.575390625,77.5625,5091.87884648,140.281835937,0.840757077726,1.0,468.605058453,0.517019499269,0.560595960735,0.0195678710937,0.369852552004,0.460493182272,1.0,1.0,0.847787146901,5.1375,0.75625,477.68203125,23847.5771973,1242933.73754,3.0,0.06875,100.35,7.41140474846e-05,Class 4
0.788671875,58.59375,865.785816329,54.6685546875,0.903365974837,1.0,146.66387997,0.256335327558,0.278912577233,0.0240454101562,0.234976501133,0.296129294369,1.0,1.0,0.906857306457,1.921875,0.8875,148.0921875,6446.28190918,308679.523654,2.23125,0.096875,22.49375,5.59886539217e-05,Class 4
0.790078125,64.45625,312.261950912,48.0572265625,0.897030491149,1.0,96.2622740047,0.218755178544,0.245969030398,0.0241259765625,0.2025795007,0.112794402685,1.0,1.0,0.90066971917,1.590625,0.8875,97.2125,3328.15461426,128844.761118,2.54375,0.309375,8.2875,6.15905053754e-05,Class 4
0.867734375,37.6875,598.56429395,37.2908203125,0.953176696868,1.0,102.542715429,0.165288770414,0.176577395251,0.0272436523437,0.120079949271,0.461145561904,1.0,1.0,0.954575902089,1.28125,0.93125,103.04609375,4460.97431641,204573.976321,1.2875,0.08125,16.41875,3.60119022024e-05,Class 4
0.926640625,26.0625,-0.0335401643468,13.0013671875,0.962554355429,1.0,25.8976269795,0.0873426640134,0.0986312888508,0.02798828125,0.0873426640134,0.00315038961446,1.0,1.0,0.963874766676,0.49375,0.9625,25.94296875,684.537109375,18106.4692657,0.9875,0.0,0.0,2.49037532644e-05,Class 4
0.514453125,136.11875,3146.70368697,140.889257813,0.771898734213,1.0,375.358421506,0.539956378409,0.607796980653,0.0169921875,0.449878025396,0.189526402032,1.0,1.0,0.781264394152,4.978125,0.7125,384.578125,16479.919165,762369.590732,5.20625,0.409375,62.425,0.000130066868668,Class 4
0.92671875,19.725,365.774147386,14.3373046875,0.965032181813,1.0,61.5274404406,0.0896852653248,0.094868413905,0.0279907226563,0.085922390379,0.558234489034,1.0,1.0,0.967531622024,0.7125,0.9625,61.60078125,2991.28364258,157452.858975,0.725,-0.19375,10.5125,1.88480204562e-05,Class 4
0.891328125,38.49375,-0.0342048448942,21.1501953125,0.943833229544,1.0,38.1601254035,0.118341926121,0.135001590176,0.0268969726563,0.118341926121,0.00562612235439,1.0,1.0,0.945831552707,0.734375,0.94375,38.3140625,1005.64313965,26507.9335907,1.46875,0.078125,0.0,3.67823060804e-05,Class 4
0.891015625,43.88125,-0.034210715146,24.8896484375,0.943822853153,1.0,43.4826308298,0.132658988865,0.147710488648,0.0268774414063,0.132658988865,0.00530449869283,1.0,1.0,0.945702405184,0.784375,0.94375,43.6890625,1222.98415527,34344.6597626,1.56875,0.096875,0.0,4.19302761796e-05,Class 4
0.745234375,65.85625,1671.1934631,69.3412109375,0.892163205055,1.0,228.149687828,0.311899497651,0.340582223583,0.0236889648438,0.256335327558,0.326314489949,1.0,1.0,0.897752113288,2.628125,0.8625,230.678125,11414.7429932,612411.383896,2.46875,-0.171875,41.36875,6.29282609464e-05,Class 4
0.593515625,64.975,5825.69415602,153.817382812,0.846098351753,1.0,513.19370689,0.494724022148,0.549510381619,0.0195654296875,0.366356294527,0.527415883081,1.0,1.0,0.855629933366,5.28125,0.76875,522.08359375,27252.9360352,1469094.24439,2.4625,0.25625,114.60625,6.20861915914e-05,Class 4
0.44421875,93.35,9532.17150761,197.646679687,0.796074729556,1.0,679.778744132,0.669890025949,0.754578182886,0.01654296875,0.45368363452,0.403155584328,1.0,1.0,0.803673145681,7.36875,0.6625,697.23671875,34906.0583984,1806817.00457,3.6125,-1.38777878078e-17,151.43125,8.91996303972e-05,Class 4
0.8678125,36.275,624.659309453,41.9419921875,0.945072394218,1.0,104.508110982,0.160105621834,0.172814520305,0.0268798828125,0.13123871523,0.405581205188,1.0,1.0,0.947656340467,1.2375,0.93125,104.96953125,5165.48969727,280768.389981,1.35,0.20625,17.25,3.46622023852e-05,Class 4
0.938671875,19.825,134.115871552,13.7880859375,0.975032961814,1.0,35.3042930836,0.0747104001619,0.0822361500535,0.028740234375,0.0582977493687,0.197784002377,1.0,1.0,0.975871394231,0.50625,0.96875,35.32734375,1342.31474609,55152.9173859,0.7,1.38777878078e-17,3.90625,1.89435744256e-05,Class 4
0.95078125,17.625,-0.0331058040254,3.8974609375,0.975035952498,1.0,17.5466211939,0.0620606243145,0.0658234992603,0.0287377929687,0.0620606243145,0.00312711518622,1.0,1.0,0.97591231685,0.33125,0.975,17.54609375,467.465332031,12507.5468292,0.6625,-0.175,0.0,1.68413870996e-05,Class 4
0.938671875,19.2375,-0.0333215504635,7.4880859375,0.968800863735,1.0,19.1272805236,0.0747104001619,0.0822361500535,0.0283618164063,0.0747104001619,0.00313870033746,1.0,1.0,0.969962250712,0.3875,0.96875,19.14453125,474.364306641,11767.0720123,0.775,-0.08125,0.0,1.83821948556e-05,Class 4
0.845234375,46.25,273.495460385,32.6587890625,0.931355393584,1.0,75.4876822605,0.171007610995,0.190319931681,0.0261840820312,0.138450699836,0.129325879405,1.0,1.0,0.933832932692,1.19375,0.91875,75.98046875,2675.70117188,103982.641629,1.775,0.08125,7.50625,4.41937108288e-05,Class 4
0.938828125,22.13125,-0.0333187748211,9.0923828125,0.968794230601,1.0,22.0240692962,0.0671846502703,0.0747104001619,0.0283715820312,0.0671846502703,0.00354340314468,1.0,1.0,0.969883241758,0.415625,0.96875,22.03125,585.591137695,15580.5163422,0.83125,-0.078125,0.0,2.11472878439e-05,Class 4
0.91484375,32.3,-0.0337588545044,19.2513671875,0.95630966461,1.0,32.0756841033,0.098537028519,0.107483052045,0.0276196289063,0.098537028519,0.00456154801122,1.0,1.0,0.957807539683,0.59375,0.95625,32.15546875,874.407421875,23832.9683868,1.1875,0.1,0.0,3.08639321032e-05,Class 4
1.0,0.0,-0.0322580645161,0.0009765625,1.0,1.0,0.0,-0.0,-0.0,0.0302734375,-0.0,nan,1.0,1.0,1.0,0.0,1.0,0.00390625,-0.000244140625,1.52587890625e-05,0.0,0.0,0.0,0.0,Class 4
0.91484375,29.91875,-0.0337588545044,16.8728515625,0.956314034935,1.0,29.7079586156,0.0961944272076,0.107483052045,0.0276245117188,0.0961944272076,0.00456154801122,1.0,1.0,0.957862739113,0.571875,0.95625,29.7796875,777.497143555,20313.7454315,1.14375,0.078125,0.0,2.85885532078e-05,Class 4
0.987578125,3.90625,-0.0324668907613,3.8974609375,0.993759984026,1.0,3.90137114583,0.0164815903625,0.0164815903625,0.0298852539063,0.0164815903625,nan,1.0,1.0,0.993990384615,0.078125,0.99375,3.890625,96.9254150391,2417.08360291,0.15625,0.078125,0.0,3.73257692811e-06,Class 4
0.632734375,68.65,3585.59324961,114.044726562,0.845427311495,1.0,368.784017035,0.439655959545,0.484622568257,0.0201538085937,0.354112750268,0.439535089434,1.0,1.0,0.853971688034,4.15625,0.79375,374.86484375,18388.640918,949482.170804,2.775,0.14375,76.8125,6.55977999654e-05,Class 4
0.95078125,12.06875,127.921432229,12.0337890625,0.978154377558,1.0,26.9702335155,0.0658234992603,0.0658234992603,0.0287353515625,0.0658234992603,0.501305286548,1.0,1.0,0.978838598901,0.390625,0.975,26.975,1037.31477051,43606.5571136,0.48125,0.084375,3.75,1.15321696771e-05,Class 4
0.987578125,3.90625,-0.0324668907613,0.0009765625,0.993759984026,1.0,3.90137114583,0.0164815903625,0.0164815903625,0.0298852539063,0.0164815903625,nan,1.0,1.0,0.993990384615,0.078125,0.99375,3.890625,96.9254150391,2417.08360291,0.15625,-0.078125,0.0,3.73257692811e-06,Class 4
0.8,43.7,919.175104282,51.6478515625,0.91698368913,1.0,137.706099738,0.226952805284,0.253790875862,0.0247436523438,0.203490660269,0.304166557168,1.0,1.0,0.920337530525,1.8125,0.89375,138.85078125,5907.27348633,270431.173819,1.7625,0.2375,23.9,4.17570846102e-05,Class 4
0.67265625,44.0875,3289.88734344,91.9611328125,0.890107923125,1.0,327.601853089,0.381951875355,0.421188789085,0.0221166992187,0.271583700301,0.435767871735,1.0,1.0,0.894286884412,3.71875,0.81875,332.21171875,15740.0986328,771363.594412,1.825,-0.08125,72.2625,4.21273562414e-05,Class 4
0.547265625,94.01875,5246.11967387,142.647851563,0.810539842281,1.0,486.796747585,0.539459721666,0.602694158706,0.0182836914063,0.434178285503,0.381485541289,1.0,1.0,0.821854330267,5.428125,0.7375,496.865625,24530.4297119,1268874.48048,3.58125,-0.178125,101.05,8.98386475673e-05,Class 4
0.61765625,69.95,3739.33729985,118.079882812,0.876139911703,1.0,376.326669845,0.431792246341,0.452026894705,0.02236328125,0.294007450599,0.480904307827,1.0,1.0,0.881498276608,4.3625,0.78125,382.58828125,18033.1504395,889974.937003,2.7,0.175,78.43125,6.68400015671e-05,Class 4
0.3615625,97.38125,13270.9503382,238.810351563,0.756852209143,1.0,798.826279054,0.745372569782,0.844439701369,0.0149169921875,0.502429681397,0.414746546583,1.0,1.0,0.76945240639,8.715625,0.59375,822.08125,41314.7247314,2152782.76556,4.04375,0.334375,181.71875,9.30516497871e-05,Class 4
0.9028125,35.8875,-0.0339847068819,17.9029296875,0.950070400755,1.0,35.589881488,0.116317074325,0.131368574108,0.02724609375,0.116317074325,0.00422986342852,1.0,1.0,0.951806827432,0.66875,0.95,35.72421875,959.199023438,25838.3991974,1.3375,2.77555756156e-17,0.0,3.42919307539e-05,Class 4
0.822421875,50.825,459.015561583,41.8810546875,0.91386133296,1.0,99.0697920088,0.20096016832,0.223725308633,0.0247509765625,0.20096016832,0.202216519659,1.0,1.0,0.917365431105,1.45625,0.90625,99.83984375,3843.28388672,163935.586234,1.975,0.1625,12.34375,4.8565304927e-05,Class 4
1.0,0.0,-0.0322580645161,0.0009765625,1.0,1.0,0.0,-0.0,-0.0,0.0302734375,-0.0,nan,1.0,1.0,1.0,0.0,1.0,0.00390625,-0.000244140625,1.52587890625e-05,0.0,0.0,0.0,0.0,Class 4
0.95078125,16.2625,-0.0331043614996,8.1123046875,0.975038431862,1.0,16.1915689971,0.0582977493687,0.0658234992603,0.028740234375,0.0582977493687,0.00208580976705,1.0,1.0,0.975943732194,0.31875,0.975,16.18671875,411.970507813,10491.63992,0.6375,1.38777878078e-17,0.0,1.55394642671e-05,Class 4
0.800546875,67.0375,156.847791709,37.3228515625,0.895149542161,1.0,82.7637817563,0.20437555561,0.234478555176,0.0240942382813,0.20437555561,0.0528882743338,1.0,1.0,0.899557387057,1.45625,0.89375,83.55234375,2600.21279297,90116.6482452,2.6,-0.00625,4.21875,6.40569922095e-05,Class 4
0.567421875,110.4625,2453.44440098,108.358789063,0.7975037064,1.0,308.875788067,0.484932845055,0.536581602813,0.0183642578125,0.411290980508,0.201005775059,1.0,1.0,0.807110460261,4.2,0.75,315.74140625,13208.5005371,597758.304019,4.4,0.075,51.58125,0.000105551303404,Class 4
0.435703125,127.9125,5773.37736394,157.245117188,0.76217142182,1.0,513.561113352,0.570966581967,0.657662429299,0.0160009765625,0.452989358902,0.194406243578,1.0,1.0,0.770831059547,6.4375,0.65,526.33203125,23454.5123535,1105124.91098,5.0625,-0.24375,100.00625,0.000122225471057,Class 4
0.83359375,43.41875,839.739351448,50.1912109375,0.920939315729,1.0,131.80145799,0.206570752078,0.212676228335,0.0250830078125,0.202807877132,0.513282378603,1.0,1.0,0.925404273,1.615625,0.9125,132.69375,6011.46379395,292449.664682,1.63125,0.240625,22.41875,4.14883390713e-05,Class 4
0.69265625,42.5125,3387.80194627,97.2537109375,0.903458031104,1.0,340.734420196,0.370936557078,0.408565306536,0.0230932617187,0.238715935769,0.499248075415,1.0,1.0,0.906484025234,3.65,0.83125,345.10390625,17323.307959,899374.290054,1.7125,0.00625,75.875,4.0622381224e-05,Class 4
0.879296875,27.5875,659.091533578,27.7060546875,0.945419636918,1.0,99.6891073636,0.152745802454,0.164034427291,0.0265087890625,0.152745802454,0.521708545691,1.0,1.0,0.94842766128,1.18125,0.9375,100.09609375,4671.21728516,232500.484915,1.0625,-0.1625,18.2,2.63609512971e-05,Class 4
0.735,58.9875,1510.00384547,58.4345703125,0.897005808352,1.0,203.526203954,0.306323302046,0.33692424757,0.023388671875,0.242625381686,0.305706145258,1.0,1.0,0.900130947995,2.575,0.85625,205.94765625,9063.67495117,425776.93688,2.3,-0.3125,36.9,5.6364897676e-05,Class 4
1.0,0.0,-0.0322580645161,0.0009765625,1.0,1.0,0.0,-0.0,-0.0,0.0302734375,-0.0,nan,1.0,1.0,1.0,0.0,1.0,0.00390625,-0.000244140625,1.52587890625e-05,0.0,0.0,0.0,0.0,Class 4
0.987578125,4.55625,-0.0324668907613,4.5466796875,0.993758561644,1.0,4.55095910607,0.0164815903625,0.0164815903625,0.0298852539063,0.0164815903625,nan,1.0,1.0,0.993973214286,0.084375,0.99375,4.5390625,122.166186523,3290.85820007,0.16875,0.084375,0.0,4.35367772895e-06,Class 4
0.3846875,130.9375,9062.60712946,207.908007813,0.734875134233,1.0,663.124246894,0.706473113043,0.799585066605,0.0145166015625,0.550893061078,0.332937461102,1.0,1.0,0.74827370308,7.71875,0.6125,682.51171875,32642.8236328,1638946.19519,5.15,0.16875,138.375,0.00012511597863,Class 4
0.768046875,69.5125,450.132377837,48.1322265625,0.885164045356,1.0,114.593461354,0.24728617802,0.278809451221,0.0234375,0.231148866211,0.140548435827,1.0,1.0,0.889952457265,1.825,0.875,115.88515625,4107.62924805,162315.960611,2.7375,0.075,11.70625,6.64219529511e-05,Class 4
0.633671875,43.30625,4916.06545705,100.388476562,0.880716578049,1.0,439.61773066,0.418001037547,0.460812935585,0.0220483398437,0.295769114248,0.584673010355,1.0,1.0,0.889803047766,4.628125,0.79375,446.028125,22510.0429932,1164915.10772,1.78125,-0.828125,100.96875,4.13808408558e-05,Class 4
0.154375,176.76875,29565.6319579,350.644335937,0.575178843001,1.0,1172.47742561,0.908597199276,1.1196616559,0.00814697265625,0.676374879133,0.217569549306,1.0,1.0,0.595080128205,13.321875,0.35625,1216.7421875,59513.5678467,3027320.43342,7.29375,0.084375,260.825,0.000168909557212,Class 4
0.736015625,57.74375,1286.77303502,62.3822265625,0.885777399717,1.0,182.023555172,0.273003973936,0.312052997028,0.022783203125,0.242981562516,0.24716778834,1.0,1.0,0.890093660969,2.421875,0.85625,183.9921875,7792.78894043,355959.579514,2.36875,0.078125,31.7125,5.51764451821e-05,Class 4
0.8,43.7,919.175104282,51.6478515625,0.91698368913,1.0,137.706099738,0.226952805284,0.253790875862,0.0247436523438,0.203490660269,0.304166557168,1.0,1.0,0.920337530525,1.8125,0.89375,138.85078125,5907.27348633,270431.173819,1.7625,0.2375,23.9,4.17570846102e-05,Class 4
0.95078125,14.84375,160.777260143,5.2458984375,0.975649343565,1.0,33.5837144031,0.0658234992603,0.0658234992603,0.0287353515625,0.0658234992603,1.0,1.0,1.0,0.977212830852,0.434375,0.975,33.5890625,1452.3736084,68751.9373016,0.54375,-0.253125,4.7125,1.41837923268e-05,Class 4
0.090078125,310.0625,34397.5462654,411.824023437,0.391077925967,1.0,1237.15324023,1.14920376554,1.40344546809,0.0036181640625,0.996971828,0.160287694024,1.0,1.0,0.428773445755,14.54375,0.26875,1299.05546875,63704.2242188,3319900.30647,11.8,0.3875,248.15625,0.000296277026246,Class 4
0.240390625,94.9625,31173.3202782,378.463085937,0.721992437426,1.0,1265.90015701,0.83819619688,0.908694928935,0.013427734375,0.528027262914,0.503261097612,1.0,1.0,0.738538512414,12.7625,0.45625,1304.80078125,70372.5637207,3911506.31542,4.1375,0.94375,303.25625,9.07404381532e-05,Class 4
0.914921875,23.15,141.330476474,19.4958984375,0.95943584776,1.0,39.1547155116,0.102299903465,0.106062778411,0.0276171875,0.102299903465,0.336498002747,1.0,1.0,0.960827635328,0.625,0.95625,39.24765625,1397.3144043,56259.7753571,0.9375,0.15625,4.0625,2.21207439068e-05,Class 4
0.634140625,79.01875,2397.27776565,92.2669921875,0.830823641103,1.0,285.904911677,0.401003759275,0.446495872841,0.01958984375,0.356526110384,0.268652481591,1.0,1.0,0.839689204314,3.646875,0.79375,290.6859375,12828.0676514,605549.381808,3.24375,-0.003125,53.14375,7.55055521634e-05,Class 4
0.93875,15.94375,134.110402255,15.9052734375,0.975039183982,1.0,31.4357863288,0.0732901265275,0.0784732751077,0.0287426757812,0.0568774757343,0.259992942531,1.0,1.0,0.975952635328,0.471875,0.96875,31.4546875,1178.1604248,48947.5405487,0.63125,0.159375,3.90625,1.52348859898e-05,Class 4
0.938828125,22.13125,-0.0333187748211,9.0923828125,0.968794230601,1.0,22.0240692962,0.0671846502703,0.0747104001619,0.0283715820312,0.0671846502703,0.00354340314468,1.0,1.0,0.969883241758,0.415625,0.96875,22.03125,585.591137695,15580.5163422,0.83125,-0.078125,0.0,2.11472878439e-05,Class 4
0.90296875,31.9125,-0.0339818197264,15.9177734375,0.950078559451,1.0,31.6496374581,0.108791324434,0.123842824217,0.027255859375,0.108791324434,0.00448632954202,1.0,1.0,0.951906695157,0.63125,0.95,31.75859375,801.543457031,20253.2811066,1.2625,-2.77555756156e-17,0.0,3.04936604719e-05,Class 4
0.926875,27.83125,207.561324724,23.9775390625,0.968785475091,1.0,51.6277485595,0.0896852653248,0.0896852653248,0.0283642578125,0.0732901265275,0.212177589362,1.0,1.0,0.969767485119,0.659375,0.9625,51.6953125,2313.87341309,116830.450046,0.93125,0.115625,6.00625,2.65938640974e-05,Class 4
0.08625,288.625,33886.4682282,379.415429687,0.409654008047,1.0,1210.1088226,1.12345017469,1.36423689521,0.0043408203125,0.931254909638,0.119763768678,1.0,1.0,0.446494176253,14.5875,0.25,1270.75703125,60569.1416504,3057766.60277,11.3375,-0.31875,246.44375,0.000275792644064,Class 4
0.746015625,68.65625,964.699533013,62.4810546875,0.890773435002,1.0,163.051442501,0.292132668857,0.315662372597,0.0234008789062,0.23859588927,0.234589354991,1.0,1.0,0.894328939001,2.259375,0.8625,165.0453125,6719.80778809,298076.256686,2.63125,0.159375,24.2375,6.56037720885e-05,Class 4
0.891640625,31.8875,148.920676243,28.2314453125,0.950078367964,1.0,48.4362864107,0.114766941813,0.125133238973,0.027275390625,0.0984250272732,0.252212770595,1.0,1.0,0.951905270655,0.79375,0.94375,48.59296875,1675.30820313,65638.270047,1.2625,0.31875,4.225,3.04697719796e-05,Class 4
0.459296875,143.93125,3978.32058367,151.574804688,0.734437334581,1.0,426.327758687,0.570336837486,0.65656743274,0.015791015625,0.484985307432,0.176171933813,1.0,1.0,0.748253144944,5.678125,0.66875,437.540625,18779.04729,870320.853525,5.74375,0.240625,73.75625,0.000137532022524,Class 4
0.891640625,31.8875,148.920676243,28.2314453125,0.950078367964,1.0,48.4362864107,0.114766941813,0.125133238973,0.027275390625,0.0984250272732,0.252212770595,1.0,1.0,0.951905270655,0.79375,0.94375,48.59296875,1675.30820313,65638.270047,1.2625,0.31875,4.225,3.04697719796e-05,Class 4
0.693046875,24.84375,4281.45944578,101.050195312,0.923182155133,1.0,392.190034005,0.36525546254,0.396778735741,0.023798828125,0.21484258002,0.587775199727,1.0,1.0,0.925367012617,3.978125,0.83125,396.878125,20492.8613525,1077102.76886,1.04375,-0.165625,93.25625,2.37391892628e-05,Class 4
1.0,0.0,-0.0322580645161,0.0009765625,1.0,1.0,0.0,-0.0,-0.0,0.0302734375,-0.0,nan,1.0,1.0,1.0,0.0,1.0,0.00390625,-0.000244140625,1.52587890625e-05,0.0,0.0,0.0,0.0,Class 4
1.0,0.0,-0.0322580645161,0.0009765625,1.0,1.0,0.0,-0.0,-0.0,0.0302734375,-0.0,nan,1.0,1.0,1.0,0.0,1.0,0.00390625,-0.000244140625,1.52587890625e-05,0.0,0.0,0.0,0.0,Class 4
0.52609375,136.2625,2269.67774105,114.627148437,0.754082482359,1.0,315.175824288,0.467517331513,0.549076035606,0.016591796875,0.43099722104,0.166140188927,1.0,1.0,0.76537983313,4.48125,0.71875,322.22109375,13165.4290039,594873.344485,5.4625,2.671474153e-16,46.76875,0.000130204227499,Class 4
0.833359375,37.46875,840.128963235,43.3419921875,0.920622168948,1.0,125.942565293,0.207493079755,0.221622251861,0.0250805664062,0.203730204809,0.396193825667,1.0,1.0,0.925088217338,1.559375,0.9125,126.8078125,5792.78122559,286394.773386,1.53125,0.084375,22.43125,3.58028778944e-05,Class 4
0.6065625,85.1375,3015.46028284,94.8388671875,0.849560367399,1.0,335.293769313,0.415392278207,0.463150833744,0.0208056640625,0.322680055584,0.301046274654,1.0,1.0,0.855674043549,4.1625,0.775,341.00078125,15195.6902832,715726.914639,3.3125,-0.46875,64.225,8.13522606636e-05,Class 4
0.766875,51.20625,1372.70919527,71.7724609375,0.905738298851,1.0,186.508777978,0.282025779765,0.308365904385,0.02404296875,0.233556227499,0.399904097477,1.0,1.0,0.910089622761,2.284375,0.875,188.4390625,8618.93337402,423139.60195,1.99375,0.471875,34.45,4.89296044352e-05,Class 4
0.766875,51.20625,1372.70919527,71.7724609375,0.905738298851,1.0,186.508777978,0.282025779765,0.308365904385,0.02404296875,0.233556227499,0.399904097477,1.0,1.0,0.910089622761,2.284375,0.875,188.4390625,8618.93337402,423139.60195,1.99375,0.471875,34.45,4.89296044352e-05,Class 4
0.626328125,101.0875,1367.26055201,80.9345703125,0.822761759109,1.0,221.414753632,0.366978600059,0.420611303365,0.0199951171875,0.318492930373,0.122508490786,1.0,1.0,0.829710292023,3.275,0.7875,225.27265625,8740.32260742,374440.54567,4.0875,-0.0125,31.25,9.65931187765e-05,Class 4
0.926796875,18.3125,140.403075884,15.2935546875,0.965678311582,1.0,34.3897890346,0.0835797890676,0.0911055389592,0.0279956054688,0.0835797890676,0.363476891996,1.0,1.0,0.966865384615,0.5375,0.9625,34.43203125,1265.85688477,52701.040274,0.7625,0.08125,4.0625,1.7498320639e-05,Class 4
0.589765625,97.99375,2226.25925159,108.896679688,0.799644759027,1.0,283.949165335,0.39015624483,0.458543393475,0.0180102539062,0.35884161556,0.273946328398,1.0,1.0,0.807407051282,3.890625,0.7625,288.9,12068.9843018,548296.919028,4.06875,0.478125,47.96875,9.36369178494e-05,Class 4
0.811328125,54.15625,486.445784111,42.2494140625,0.90887317643,1.0,104.868720171,0.212178419517,0.23525361515,0.0247583007812,0.195964910378,0.180989743902,1.0,1.0,0.913459651699,1.540625,0.9,105.75,4124.08000488,179949.15477,2.11875,0.084375,12.99375,5.17484465313e-05,Class 4
0.57578125,102.86875,3352.70840896,109.667382812,0.824704179506,1.0,370.899577698,0.50438932763,0.54362624136,0.0194970703125,0.391276145514,0.339533044967,1.0,1.0,0.832038330952,4.546875,0.75625,378.6859375,17317.5090576,843456.357199,3.93125,-0.409375,69.2375,9.82951738557e-05,Class 4
0.768046875,69.5125,450.132377837,48.1322265625,0.885164045356,1.0,114.593461354,0.24728617802,0.278809451221,0.0234375,0.231148866211,0.140548435827,1.0,1.0,0.889952457265,1.825,0.875,115.88515625,4107.62924805,162315.960611,2.7375,0.075,11.70625,6.64219529511e-05,Class 4
0.68390625,85.75,1292.07276321,75.3814453125,0.851819557195,1.0,205.589324608,0.343963552155,0.386416794429,0.021455078125,0.299730803178,0.22332933694,1.0,1.0,0.858287444037,2.8375,0.825,208.66953125,8750.22094727,406321.048575,3.4,0.075,30.90625,8.19375287259e-05,Class 4
0.67375,62.28125,2252.4835384,82.5138671875,0.881410975246,1.0,263.433859572,0.353051132397,0.391820226558,0.0224243164062,0.255426247076,0.263961498818,1.0,1.0,0.885108618234,3.290625,0.81875,267.1375,11861.728833,557540.781625,2.53125,0.003125,51.41875,5.95122065418e-05,Class 4
0.891484375,33.93125,-0.0342019201532,14.9751953125,0.943843247684,1.0,33.6374005381,0.110816176229,0.127475840285,0.0269067382812,0.110816176229,0.00598926492985,1.0,1.0,0.945951923077,0.690625,0.94375,33.7625,827.535083008,20293.7548676,1.38125,-0.078125,0.0,3.24226562284e-05,Class 4
0.69453125,62.9125,1890.9162456,79.5599609375,0.873284183776,1.0,236.744245399,0.320497786013,0.363647298268,0.021826171875,0.269334225714,0.300812426151,1.0,1.0,0.877797008547,3.0,0.83125,239.74140625,10569.0911621,496964.114957,2.5625,0.15625,44.39375,6.01153909734e-05,Class 4
0.67265625,44.0875,3289.88734344,91.9611328125,0.890107923125,1.0,327.601853089,0.381951875355,0.421188789085,0.0221166992187,0.271583700301,0.435767871735,1.0,1.0,0.894286884412,3.71875,0.81875,332.21171875,15740.0986328,771363.594412,1.825,-0.08125,72.2625,4.21273562414e-05,Class 4
0.987578125,3.90625,-0.0324668907613,0.0009765625,0.993759984026,1.0,3.90137114583,0.0164815903625,0.0164815903625,0.0298852539063,0.0164815903625,nan,1.0,1.0,0.993990384615,0.078125,0.99375,3.890625,96.9254150391,2417.08360291,0.15625,-0.078125,0.0,3.73257692811e-06,Class 4
0.83375,40.99375,610.626140902,40.8884765625,0.934470409393,1.0,105.643100469,0.188490814388,0.205150478443,0.0261767578125,0.143445957778,0.273450683492,1.0,1.0,0.936726063289,1.440625,0.9125,106.3375,4402.50969238,198987.921274,1.60625,0.159375,16.425,3.91711553144e-05,Class 4
0.975234375,7.8125,-0.0326770688669,3.8974609375,0.987519968051,1.0,7.7951121397,0.0291832343426,0.0329461092884,0.029501953125,0.0291832343426,0.00103578818211,1.0,1.0,0.987980769231,0.15625,0.9875,7.77734375,193.851074219,4834.16719055,0.3125,0.0,0.0,7.46515385622e-06,Class 4
0.788671875,58.59375,865.785816329,54.6685546875,0.903365974837,1.0,146.66387997,0.256335327558,0.278912577233,0.0240454101562,0.234976501133,0.296129294369,1.0,1.0,0.906857306457,1.921875,0.8875,148.0921875,6446.28190918,308679.523654,2.23125,0.096875,22.49375,5.59886539217e-05,Class 4
1.0,0.0,-0.0322580645161,0.0009765625,1.0,1.0,0.0,-0.0,-0.0,0.0302734375,-0.0,nan,1.0,1.0,1.0,0.0,1.0,0.00390625,-0.000244140625,1.52587890625e-05,0.0,0.0,0.0,0.0,Class 4
0.594765625,94.1625,2964.13331796,109.568554687,0.825204004037,1.0,337.706298853,0.454066834783,0.520876256131,0.0192700195312,0.374646796014,0.241476100391,1.0,1.0,0.832698342745,4.21875,0.76875,344.11171875,15428.9931641,737086.990897,3.675,1.52655665886e-16,62.75,8.99760063983e-05,Class 4
0.90296875,29.3,142.258030013,21.1126953125,0.953190609577,1.0,45.2337949937,0.113476527056,0.123842824217,0.0272509765625,0.113476527056,0.157215765841,1.0,1.0,0.954756115532,0.725,0.95,45.37265625,1580.26362305,61620.4943024,1.1375,0.0875,4.0625,2.79973130224e-05,Class 4
0.938671875,22.16875,-0.0333215504635,8.7865234375,0.968794453262,1.0,22.0501256036,0.0747104001619,0.0822361500535,0.0283618164063,0.0747104001619,0.00313870033746,1.0,1.0,0.969885017999,0.415625,0.96875,22.06875,588.584106445,15739.8547211,0.83125,-0.084375,0.0,2.11831205824e-05,Class 4
0.879609375,34.88125,144.150079912,23.7107421875,0.94071589558,1.0,50.6813786362,0.136274029036,0.151325528819,0.0265258789062,0.136274029036,0.124577859325,1.0,1.0,0.942799501425,0.859375,0.9375,50.9203125,1689.02653809,63557.679538,1.40625,0.084375,4.0625,3.33304189373e-05,Class 4
0.7784375,54.73125,919.144678907,56.6744140625,0.904498761651,1.0,147.192468999,0.244731491915,0.275568928521,0.0240869140625,0.216162126404,0.25071409697,1.0,1.0,0.908253516738,1.990625,0.88125,148.5875,6145.57492676,274321.201157,2.13125,0.234375,23.5875,5.22978818552e-05,Class 4
0.31796875,144.175,12436.0263259,238.768164063,0.755321372028,1.0,789.082212822,0.750507487456,0.82407028672,0.016240234375,0.464500545182,0.358025987642,1.0,1.0,0.764706982952,9.1375,0.54375,813.66953125,39226.248291,1987736.14975,5.5875,-0.0125,167.94375,0.000137764935324,Class 4
0.790078125,64.45625,312.261950912,48.0572265625,0.897030491149,1.0,96.2622740047,0.218755178544,0.245969030398,0.0241259765625,0.2025795007,0.112794402685,1.0,1.0,0.90066971917,1.590625,0.8875,97.2125,3328.15461426,128844.761118,2.54375,0.309375,8.2875,6.15905053754e-05,Class 4
0.7459375,79.7625,784.366845741,59.3826171875,0.882661478942,1.0,157.195005745,0.283872481926,0.314242098962,0.0233984375,0.239281725866,0.21646663128,1.0,1.0,0.887433767043,2.2,0.8625,159.06640625,6630.66147461,312169.289761,3.0,-0.00625,19.9625,7.62162348105e-05,Class 4
0.33859375,136.6125,13705.6070324,255.302539063,0.736129632825,1.0,849.385294955,0.815091066827,0.912798177555,0.0140258789062,0.569509236645,0.35959101191,1.0,1.0,0.746872069991,9.1375,0.575,876.23203125,45417.9178223,2466443.87856,5.225,0.0375,185.475,0.000130538666391,Class 4
0.76671875,58.75,1527.52031971,66.1259765625,0.895123902835,1.0,209.426106658,0.286710982388,0.311206451654,0.0236889648437,0.255837381601,0.32902396553,1.0,1.0,0.900913629843,2.425,0.875,211.52265625,10195.8831543,526147.041959,2.2125,-0.025,38.34375,5.61379569988e-05,Class 4
0.81109375,65.425,537.605157105,44.5208984375,0.912602644142,1.0,121.424061473,0.220936552406,0.241359091407,0.0247509765625,0.20096016832,0.224942391567,1.0,1.0,0.915284134966,1.66875,0.9,122.43671875,5027.65449219,228720.588553,2.3125,-0.0875,14.35625,6.25161844536e-05,Class 4
0.757109375,58.675,969.580785652,50.9986328125,0.892025047614,1.0,154.741322815,0.258098788255,0.290430062733,0.0234252929687,0.229606427894,0.216376860942,1.0,1.0,0.896316239316,2.13125,0.86875,156.34609375,6472.14814453,293256.669485,2.375,-0.09375,24.55,5.60662915218e-05,Class 4
0.575390625,77.5625,5091.87884648,140.281835937,0.840757077726,1.0,468.605058453,0.517019499269,0.560595960735,0.0195678710937,0.369852552004,0.460493182272,1.0,1.0,0.847787146901,5.1375,0.75625,477.68203125,23847.5771973,1242933.73754,3.0,0.06875,100.35,7.41140474846e-05,Class 4
0.879453125,24.4125,606.137528725,28.8806640625,0.953182647793,1.0,90.7670641497,0.142379505293,0.1565086774,0.0268896484375,0.12087241807,0.38844823856,1.0,1.0,0.954540598291,1.125,0.9375,91.11015625,4076.6909668,194847.227213,0.975,-2.60208521397e-18,16.74375,2.33271127699e-05,Class 4
0.93875,20.83125,-0.0333201535385,12.3396484375,0.968797075364,1.0,20.7239713455,0.0695272515817,0.0784732751077,0.0283666992187,0.0695272515817,0.00313870033746,1.0,1.0,0.969917582418,0.403125,0.96875,20.734375,535.109594727,13832.9671478,0.80625,0.078125,0.0,1.99050862422e-05,Class 4
0.938671875,19.825,134.115871552,13.7880859375,0.975032961814,1.0,35.3042930836,0.0747104001619,0.0822361500535,0.028740234375,0.0582977493687,0.197784002377,1.0,1.0,0.975871394231,0.50625,0.96875,35.32734375,1342.31474609,55152.9173859,0.7,1.38777878078e-17,3.90625,1.89435744256e-05,Class 4
0.891015625,43.88125,-0.034210715146,24.8896484375,0.943822853153,1.0,43.4826308298,0.132658988865,0.147710488648,0.0268774414063,0.132658988865,0.00530449869283,1.0,1.0,0.945702405184,0.784375,0.94375,43.6890625,1222.98415527,34344.6597626,1.56875,0.096875,0.0,4.19302761796e-05,Class 4
0.95078125,21.05,-0.0331043614996,10.5033203125,0.975029797041,1.0,20.968866891,0.0582977493687,0.0658234992603,0.028740234375,0.0582977493687,0.00208580976705,1.0,1.0,0.975834260289,0.3625,0.975,20.96328125,607.961376953,17655.7176666,0.725,-1.38777878078e-17,0.0,2.01141105502e-05,Class 4
0.56703125,51.4125,6027.02545595,137.062304687,0.852629561561,1.0,497.744752931,0.484508463335,0.550710774919,0.0196557617187,0.342797108693,0.458269153492,1.0,1.0,0.859890908979,5.40625,0.75,506.63984375,25000.3413086,1268427.76729,2.1875,-0.0875,114.14375,4.9126684497e-05,Class 4
0.96296875,11.10625,-0.0328900212909,7.4880859375,0.981281647804,1.0,11.0666942507,0.0456305737836,0.0493934487294,0.0291186523437,0.0456305737836,0.00207813207289,1.0,1.0,0.981990384615,0.228125,0.98125,11.053125,268.378930664,6521.25205994,0.45625,0.078125,0.0,1.0612462722e-05,Class 4
0.938671875,8.24375,465.223896843,22.2427734375,0.97538686299,1.0,61.5086149386,0.0822361500535,0.0822361500535,0.028359375,0.0784732751077,1.0,1.0,1.0,0.976721866097,0.659375,0.96875,61.5578125,3081.18669434,160599.378073,0.35625,0.171875,13.36875,7.87723034909e-06,Class 4
1.0,0.0,-0.0322580645161,0.0009765625,1.0,1.0,0.0,-0.0,-0.0,0.0302734375,-0.0,nan,1.0,1.0,1.0,0.0,1.0,0.00390625,-0.000244140625,1.52587890625e-05,0.0,0.0,0.0,0.0,Class 4
0.83375,23.78125,1204.81914646,47.4080078125,0.950059152033,1.0,148.773531407,0.1908334157,0.207493079755,0.0265405273437,0.127140114873,0.473102269572,1.0,1.0,0.951433404558,1.728125,0.9125,149.628125,6921.33596191,332839.412021,0.96875,0.159375,31.56875,2.27239283383e-05,Class 4
