0.670492806856,1155.62626263,174038.073901,1478.30159197,0.832352781813,1.0,5195.80351617,0.457325412228,0.479758057282,0.00524773435706,0.430655559153,0.626168900037,1.0,1.0,0.841011942427,14.4292929293,0.818181818182,5221.08831232,1042338.82621,221424878.831,11.1616161616,-1.08080808081,1016.59090909,4.30556887091e-06,Class 1
0.407203346597,1837.28282828,670942.649852,3387.88050611,0.68505487576,1.0,12220.5801973,0.861806535637,0.937633107405,0.00335857763836,0.733715305952,0.557038424468,1.0,1.0,0.705034248708,31.9949494949,0.636363636364,12328.1318729,2524762.03155,536629562.505,17.404040404,-1.39393939394,2623.21212121,6.84524747173e-06,Class 1
0.817875726967,718.292929293,48545.1090827,658.628691086,0.907397884154,1.0,2032.68082233,0.235669369676,0.253913611837,0.0063322059671,0.232628662649,0.412925810889,1.0,1.0,0.910697135727,6.59090909091,0.90404040404,2038.42669616,351307.045162,65625172.9195,7.0404040404,-0.277777777778,330.136363636,2.67617635266e-06,Class 1
0.712274257729,1141.42424242,112422.846427,1207.29764626,0.845811649746,1.0,3906.32349091,0.389247320777,0.415868368725,0.00550918727003,0.37897750383,0.506147728262,1.0,1.0,0.852722949772,11.5606060606,0.843434343434,3923.44942343,748167.55623,154420090.437,11.101010101,-0.545454545455,695.686868687,4.25265576391e-06,Class 1
0.670492806856,1155.62626263,174038.073901,1478.30159197,0.832352781813,1.0,5195.80351617,0.457325412228,0.479758057282,0.00524773435706,0.430655559153,0.626168900037,1.0,1.0,0.841011942427,14.4292929293,0.818181818182,5221.08831232,1042338.82621,221424878.831,11.1616161616,-1.08080808081,1016.59090909,4.30556887091e-06,Class 1
0.817875726967,718.292929293,48545.1090827,658.628691086,0.907397884154,1.0,2032.68082233,0.235669369676,0.253913611837,0.0063322059671,0.232628662649,0.412925810889,1.0,1.0,0.910697135727,6.59090909091,0.90404040404,2038.42669616,351307.045162,65625172.9195,7.0404040404,-0.277777777778,330.136363636,2.67617635266e-06,Class 1
0.388225691256,1181.41414141,1082855.00313,4343.57424033,0.712391232748,1.0,15931.7290928,0.900283416848,0.974065146637,0.00362242188895,0.692413031089,0.638669185829,1.0,1.0,0.736521133716,37.9595959596,0.621212121212,16065.243931,3516108.89619,785352032.185,11.2828282828,0.282828282828,3721.55050505,4.40164793362e-06,Class 1
0.480359147026,1262.48989899,603449.779905,3086.08931293,0.718848856337,1.0,11485.9575121,0.764239810888,0.815186515051,0.00377307615892,0.674714286694,0.638239473312,1.0,1.0,0.74082819802,28.6893939394,0.691919191919,11571.2829146,2455023.56925,536713182.424,12.3383838384,-1.10858585859,2577.64646465,4.70371553912e-06,Class 1
0.407203346597,1837.28282828,670942.649852,3387.88050611,0.68505487576,1.0,12220.5801973,0.861806535637,0.937633107405,0.00335857763836,0.733715305952,0.557038424468,1.0,1.0,0.705034248708,31.9949494949,0.636363636364,12328.1318729,2524762.03155,536629562.505,17.404040404,-1.39393939394,2623.21212121,6.84524747173e-06,Class 1
0.695388225691,684.01010101,254745.64497,1700.66578073,0.85698205377,1.0,6515.8638558,0.412273419094,0.442680489363,0.00558052884232,0.348303325462,0.63065114514,1.0,1.0,0.868560270461,15.8232323232,0.833333333333,6540.79917091,1423505.17485,318721454.951,6.66666666667,-0.893939393939,1464.44444444,2.5484472736e-06,Class 1
0.480767268646,1059.43434343,623266.01967,3007.90788932,0.735144066032,1.0,11554.2168221,0.73761876294,0.790860858835,0.00379539531003,0.616877235541,0.692646832617,1.0,1.0,0.756373405956,28.6767676768,0.691919191919,11636.4907744,2485814.21467,546378273.727,10.7878787879,-1.44444444444,2644.71212121,3.94718230053e-06,Class 1
0.29012345679,1990.15656566,1119700.76933,4229.09057556,0.610960218793,1.0,15424.357637,1.04638738492,1.15653011277,0.00255110263581,0.829792527466,0.533855686042,1.0,1.0,0.639247302299,40.5833333333,0.535353535354,15590.5900484,3185138.51044,674702355.191,19.6111111111,-1.44696969697,3400.74242424,7.41481604775e-06,Class 1
0.62238547087,990.101010101,266988.509691,1861.53249475,0.825436053994,1.0,6702.79713679,0.508125803409,0.541382476801,0.00494483159204,0.44845337298,0.621464879307,1.0,1.0,0.834450939505,17.9141414141,0.787878787879,6737.83010525,1361379.2996,286919844.085,9.83838383838,-0.59595959596,1437.21212121,3.68886397446e-06,Class 1
0.630547903275,2092.31818182,57432.366713,1359.22330914,0.797761888311,1.0,3450.74781901,0.467634462476,0.517433470772,0.00487747558245,0.467634462476,0.225357540228,1.0,1.0,0.802686591838,12.8257575758,0.792929292929,3473.71883631,525527.862771,88989056.243,19.297979798,-0.285353535354,345.550505051,7.79544418729e-06,Class 1
0.530966227936,2235.94949495,196621.618917,1987.27697076,0.757686426966,1.0,6287.97398518,0.646034893418,0.691203845164,0.00427406139002,0.58614450525,0.411971900265,1.0,1.0,0.765882875051,19.5555555556,0.727272727273,6336.86893101,1149356.31447,227053641.856,20.6262626263,-1.39898989899,1025.53535354,8.33057784659e-06,Class 1
0.817875726967,627.025252525,66924.9822112,735.866301565,0.911054715004,1.0,2421.41034342,0.238710076702,0.253913611837,0.00640275042685,0.225132509161,0.475532160644,1.0,1.0,0.915677584126,7.2095959596,0.90404040404,2427.78701813,447904.575819,87883805.3721,6.10606060606,-0.265151515152,450.303030303,2.3361362543e-06,Class 1
0.407203346597,1837.28282828,670942.649852,3387.88050611,0.68505487576,1.0,12220.5801973,0.861806535637,0.937633107405,0.00335857763836,0.733715305952,0.557038424468,1.0,1.0,0.705034248708,31.9949494949,0.636363636364,12328.1318729,2524762.03155,536629562.505,17.404040404,-1.39393939394,2623.21212121,6.84524747173e-06,Class 1
0.62238547087,990.101010101,266988.509691,1861.53249475,0.825436053994,1.0,6702.79713679,0.508125803409,0.541382476801,0.00494483159204,0.44845337298,0.621464879307,1.0,1.0,0.834450939505,17.9141414141,0.787878787879,6737.83010525,1361379.2996,286919844.085,9.83838383838,-0.59595959596,1437.21212121,3.68886397446e-06,Class 1
0.568207325783,1642.34848485,240341.925309,1997.18116899,0.786926911789,1.0,6619.46663898,0.574195391077,0.629732878705,0.00457178292354,0.526647878114,0.455266188902,1.0,1.0,0.795347832666,19.2449494949,0.752525252525,6662.13581864,1252911.87107,249011006.102,15.4191919192,-0.775252525253,1255.24747475,6.1189717993e-06,Class 1
0.738087950209,825.404040404,124571.33488,1099.52657619,0.870702467775,1.0,3911.78776149,0.350078521933,0.371363471121,0.00571284952388,0.329538888039,0.580835097191,1.0,1.0,0.877886732794,11.0808080808,0.858585858586,3926.48951182,761943.151802,156451592.649,8.13131313131,-0.818181818182,775.444444444,3.0752450487e-06,Class 1
0.654014896439,1100.23737374,218414.153861,1599.86993162,0.831320252304,1.0,5996.7586528,0.490084781488,0.512517426543,0.00518157401628,0.451989313468,0.623256485999,1.0,1.0,0.840952170374,16.1287878788,0.808080808081,6027.12855853,1214375.77291,256396547.488,10.4292929293,-1.65909090909,1231.97474747,4.09920399023e-06,Class 1
0.892255892256,435.823232323,23673.5783447,331.258662677,0.947187660827,1.0,1116.50812835,0.14191488523,0.15103700631,0.00691051111454,0.144955592257,0.465867353063,1.0,1.0,0.948638432759,3.70454545455,0.944444444444,1118.35961914,190347.798747,35538890.8212,4.26767676768,-0.537878787879,170.691919192,1.62376626682e-06,Class 1
0.781961024385,882.494949495,58224.2381024,826.543148156,0.891880038197,1.0,2415.35067474,0.281327773603,0.303912249476,0.00605321657827,0.27713937071,0.319848842941,1.0,1.0,0.894765395115,7.90909090909,0.883838383838,2423.67764313,414597.984593,77076775.7017,8.59595959596,3.40005801291e-16,385.419191919,3.28795122278e-06,Class 1
0.538006325885,550.03030303,671650.635727,3069.3966046,0.82365651654,1.0,12362.0640947,0.639318143541,0.694453250597,0.00473359676906,0.440366335314,0.756948254424,1.0,1.0,0.839052240745,28.1515151515,0.732323232323,12431.8872391,2819478.54739,648808375.965,5.45454545455,-1.4898989899,2970.9040404,2.04927269946e-06,Class 1
0.480563207836,805.095959596,757079.089481,3370.12190447,0.760548167015,1.0,13131.1593701,0.757010700968,0.803023686943,0.00399028932595,0.562179580595,0.719814392248,1.0,1.0,0.782286766595,30.8712121212,0.691919191919,13222.1364499,2938309.97017,665960296.808,8.18686868687,-1.17424242424,3104.74242424,2.99958231639e-06,Class 1
0.591011121314,1829.85858586,158747.058663,1683.24950864,0.779049136697,1.0,5334.14004966,0.559198509297,0.597388900877,0.00462558801996,0.535708674434,0.382672834833,1.0,1.0,0.785743553919,16.4696969697,0.767676767677,5369.63755475,993999.880182,201739865.566,17.6666666667,-1.08080808081,885.202020202,6.81758663699e-06,Class 1
0.560248954188,1247.43939394,387061.189606,2417.16483376,0.794522399527,1.0,8781.87843076,0.613232841483,0.659245827458,0.00463475481416,0.511937229609,0.632865021863,1.0,1.0,0.809174226122,22.6641414141,0.747474747475,8835.6796949,1821055.66806,388419592.658,11.4494949495,-0.886363636364,1897.41414141,4.64764119386e-06,Class 1
0.538006325885,830.712121212,553481.909124,2834.62458755,0.800796242445,1.0,10804.3314925,0.657964766274,0.694453250597,0.00452834029013,0.513553082581,0.747130595813,1.0,1.0,0.815251458972,26.154040404,0.732323232323,10871.0979398,2344994.65676,516872898.338,8.11616161616,-0.830808080808,2510.50505051,3.09502160469e-06,Class 1
0.545148454239,736.575757576,551453.014509,2812.06532303,0.814738913979,1.0,10742.8259723,0.654715250021,0.694646821942,0.00465547974019,0.479234767607,0.721055305931,1.0,1.0,0.828776160293,25.8484848485,0.737373737374,10808.4756229,2341906.7997,517832672.901,7.19191919192,-0.611111111111,2518.37878788,2.74429351032e-06,Class 1
0.318181818182,1446.41919192,1249645.87481,4352.66688553,0.6444978206,1.0,16590.0029778,0.965537296101,1.07900004806,0.00274838798935,0.773049989919,0.634786467648,1.0,1.0,0.670117181071,41.1439393939,0.560606060606,16745.4034954,3579940.25653,786442959.602,14.7929292929,-1.7196969697,3825.38888889,5.38898919869e-06,Class 1
0.646209570452,568.767676768,410334.358658,2374.58883944,0.872017151258,1.0,9159.6166471,0.466360542634,0.509484652401,0.00535255465601,0.333796194878,0.71323435691,1.0,1.0,0.880978369405,20.7575757576,0.80303030303,9196.82410778,2098312.65635,486803960.411,5.0202020202,-0.580808080808,2157.33838384,2.11908337762e-06,Class 1
0.671104989287,1676.10606061,57197.8571607,1132.37356167,0.826121047153,1.0,3073.99857844,0.415500829146,0.451243998174,0.00519153792303,0.408271719226,0.278059163769,1.0,1.0,0.829153643865,11.2297979798,0.818181818182,3091.78828076,484195.970123,85572254.6215,16.0353535354,-0.54797979798,354.095959596,6.24474392135e-06,Class 1
0.346903377206,1578.2979798,966491.531447,3791.80198654,0.649050650431,1.0,14512.3231995,0.920671008181,1.02162799731,0.00294527478661,0.756719938257,0.615208601495,1.0,1.0,0.67474753526,37.1035353535,0.585858585859,14645.7974348,3069385.66128,665414156.785,16.196969697,-2.44696969697,3267.45454545,5.88033594476e-06,Class 1
0.645954494439,465.212121212,388346.207635,2179.71320813,0.842606336013,1.0,8584.01970543,0.484011300319,0.522795176375,0.00520030616096,0.385221245139,0.744693000689,1.0,1.0,0.858166850387,20.0202020202,0.80303030303,8621.29443606,1915824.34245,432809456.289,4.78787878788,-0.691919191919,2039.33333333,1.73326177523e-06,Class 1
0.720793796551,1404.55555556,65354.1535572,1091.78912354,0.851774913999,1.0,3053.0718469,0.376969215389,0.402442567471,0.00557375338574,0.376969215389,0.369342775426,1.0,1.0,0.855969110337,10.202020202,0.848484848485,3067.67574919,517661.682712,96343740.1458,12.9797979798,-0.257575757576,415.939393939,5.23301596116e-06,Class 1
0.695337210489,1044.37878788,164409.266774,1350.11709071,0.842277673544,1.0,4931.59508667,0.422140855469,0.44572119639,0.00544143270417,0.400766976621,0.592785232161,1.0,1.0,0.850724602488,13.5984848485,0.833333333333,4953.52912672,978860.647047,203714089.847,10.0454545455,-1.37121212121,977.5,3.89108913838e-06,Class 1
0.530762167126,1069.68181818,601223.094465,3161.25858376,0.797147225248,1.0,11929.8709012,0.645784343665,0.701473662111,0.0045327244091,0.489044753479,0.646473320145,1.0,1.0,0.812653060625,27.6641414141,0.727272727273,11999.1853767,2709684.85626,626093846.275,9.4797979798,-0.896464646465,2732.80808081,3.98536177923e-06,Class 1
0.654269972452,1554.48484848,119615.24632,1354.50132366,0.822595620685,1.0,4357.16342846,0.473581719669,0.503395305462,0.0051193992382,0.459101858065,0.444879755829,1.0,1.0,0.827673007545,13.6666666667,0.808080808081,4381.9743603,782668.150698,151522912.134,14.6161616162,-1.14141414141,707.085858586,5.79161428776e-06,Class 1
0.480767268646,1059.43434343,623266.01967,3007.90788932,0.735144066032,1.0,11554.2168221,0.73761876294,0.790860858835,0.00379539531003,0.616877235541,0.692646832617,1.0,1.0,0.756373405956,28.6767676768,0.691919191919,11636.4907744,2485814.21467,546378273.727,10.7878787879,-1.44444444444,2644.71212121,3.94718230053e-06,Class 1
0.638353229262,1530.74747475,136366.971926,1466.91925295,0.803049533636,1.0,4672.71374057,0.485746618446,0.516707900105,0.00493446912903,0.473583790339,0.428704868029,1.0,1.0,0.811141974391,14.404040404,0.79797979798,4699.56463808,864196.919139,173139091.212,14.9090909091,-0.828282828283,792.429292929,5.70317488417e-06,Class 1
0.352566064687,1369.56565657,1062179.12386,3984.24406356,0.667358983212,1.0,15401.8278757,0.912441298478,1.01393232623,0.00306284888619,0.717066611792,0.62497473939,1.0,1.0,0.693126453993,38.1717171717,0.590909090909,15537.9276431,3328160.09868,732868087.485,14.0303030303,-2.07070707071,3542.68686869,5.10265251689e-06,Class 1
0.453372104887,1185.03535354,675066.928448,3130.68337859,0.729980362927,1.0,12094.0737984,0.784093014948,0.843416524897,0.00374557577631,0.624096565134,0.652731812747,1.0,1.0,0.751128842107,30.2803030303,0.671717171717,12186.5370181,2586172.21173,565478400.208,11.904040404,-1.93181818182,2750.84848485,4.41513964689e-06,Class 1
0.414447505357,2905.81313131,332988.60792,2873.5372296,0.661157374696,1.0,8752.34490625,0.808697664858,0.886039211771,0.00320154646807,0.780031774931,0.374814294852,1.0,1.0,0.674216883225,26.6237373737,0.641414141414,8836.14939187,1617483.62004,318263095.294,26.6818181818,-0.558080808081,1483.0,1.0826318999e-05,Class 1
0.468013468013,1620.35858586,437753.801764,2578.13255788,0.720195235983,1.0,9345.46407002,0.712649003346,0.777460442873,0.00384242494986,0.615844326932,0.575473313238,1.0,1.0,0.737031117871,25.8207070707,0.681818181818,9416.94705601,1861265.66905,385939438.025,16.3383838384,-1.65404040404,1949.55050505,6.03704304117e-06,Class 1
0.29012345679,1990.15656566,1119700.76933,4229.09057556,0.610960218793,1.0,15424.357637,1.04638738492,1.15653011277,0.00255110263581,0.829792527466,0.533855686042,1.0,1.0,0.639247302299,40.5833333333,0.535353535354,15590.5900484,3185138.51044,674702355.191,19.6111111111,-1.44696969697,3400.74242424,7.41481604775e-06,Class 1
0.686970717274,871.085858586,241827.983835,1756.43527253,0.84282784685,1.0,6430.72816465,0.449985235488,0.459107356569,0.00537846081355,0.405044309174,0.635373212232,1.0,1.0,0.853288966456,15.7550505051,0.828282828283,6457.89939187,1421570.74269,325973930.888,8.5202020202,-0.618686868687,1396.94949495,3.24544385837e-06,Class 1
0.826956433017,707.848484848,71912.1295542,596.15126053,0.912870078748,1.0,2656.3895491,0.233106934376,0.243376751323,0.0064007576455,0.236147641403,0.673781209149,1.0,1.0,0.916842160361,7.27777777778,0.909090909091,2662.66659515,541709.823315,118147761.084,6.46464646465,-2.08585858586,488.818181818,2.63726301508e-06,Class 1
0.764411794715,1329.5,15239.7755208,739.325818611,0.879303280122,1.0,1731.25541146,0.292146972808,0.323701738944,0.00598665768122,0.278643976041,0.108096888918,1.0,1.0,0.881134347272,7.21464646465,0.873737373737,1739.15033884,225999.683939,32212304.9214,12.4090909091,-0.265151515152,102.525252525,4.95337809376e-06,Class 1
0.720997857361,1154.84848485,76105.8932979,976.560035783,0.855018422942,1.0,3056.57841415,0.369740105469,0.392172750524,0.00557694183589,0.362510995549,0.393404081951,1.0,1.0,0.861165537859,10.1919191919,0.848484848485,3070.87840071,514830.239673,93718447.4598,11.2222222222,-0.777777777778,479.166666667,4.30267106917e-06,Class 1
0.772931333537,553.378787879,148189.341475,1022.7124979,0.906548364603,1.0,4271.57501674,0.309453426882,0.324656962017,0.00619111704761,0.25859927183,0.724006032081,1.0,1.0,0.91232368062,10.8863636364,0.878787878788,4284.27439187,894290.810214,193290753.382,5.26767676768,-1.53282828283,932.893939394,2.06174830044e-06,Class 1
0.662381389654,1239.02525253,152052.973584,1613.7543224,0.829477836322,1.0,4768.71991991,0.460401384749,0.487022432697,0.0052485314696,0.42646715626,0.481418746427,1.0,1.0,0.83785614604,14.047979798,0.813131313131,4793.50103328,904861.228513,182645929.833,12.0555555556,1.03282828283,888.838383838,4.61629224782e-06,Class 2
0.738292011019,1148.43434343,71645.8490563,1141.97401937,0.866778845958,1.0,2969.92449573,0.341701716147,0.361093654174,0.00571324808015,0.332579595066,0.440051065264,1.0,1.0,0.871486166668,9.66666666667,0.858585858586,2982.41627949,515987.791145,97519408.5051,10.9090909091,1.05050505051,458.646464646,4.27877361331e-06,Class 2
0.270023466993,2730.44949495,1094799.81897,4856.74729904,0.578158043614,1.0,16019.7043956,1.06823859337,1.16596794335,0.00234385337553,0.929211449295,0.483327904875,1.0,1.0,0.598870993784,41.8813131313,0.515151515152,16194.9028641,3386395.50461,743030170.441,26.2373737374,1.12373737374,3366.76767677,1.01729587923e-05,Class 2
0.637996122845,928.282828283,265947.729572,2036.5366772,0.815998364035,1.0,6685.35557708,0.515560204239,0.530018424079,0.00499345545695,0.475634494533,0.65837492368,1.0,1.0,0.826947774778,17.5454545455,0.79797979798,6720.1763805,1372226.84483,290895002.887,9.49494949495,1.12121212121,1448.24747475,3.45854518724e-06,Class 2
0.721661054994,816.01010101,237692.422017,1990.82905409,0.88808897558,1.0,6464.02300849,0.369740105469,0.374673823657,0.00598147644971,0.302224316962,0.709875654302,1.0,1.0,0.893694314356,15.0,0.848484848485,6485.13345121,1484037.53286,351142062.71,7.14141414141,1.43939393939,1417.51515152,3.04024562515e-06,Class 2
0.591113151719,1185.2979798,269191.393864,2147.13255788,0.809691026212,1.0,6775.91362997,0.546039816142,0.591307486823,0.00481729358572,0.472167185921,0.490138433031,1.0,1.0,0.820803747804,18.9267676768,0.767676767677,6815.77186662,1316381.66985,265359363.297,11.5707070707,1.36111111111,1407.91414141,4.4161181254e-06,Class 2
0.63044587287,961.02020202,231283.248777,1849.37324601,0.827895237078,1.0,5973.39005887,0.472818730416,0.523917265398,0.00500740492639,0.429102398461,0.561278707637,1.0,1.0,0.837884963245,16.7676767677,0.792929292929,6003.83105222,1150930.41455,229774366.266,9.65656565657,1.04545454545,1260.96464646,3.58051629662e-06,Class 2
0.799714314866,702.257575758,96624.3941377,1019.15638995,0.902097798699,1.0,3236.3735483,0.27495050283,0.284072623911,0.0062584730572,0.261397511593,0.577756443625,1.0,1.0,0.907659396126,8.7803030303,0.893939393939,3245.40602066,651295.782981,137766941.274,6.5101010101,0.285353535354,635.924242424,2.616432713e-06,Class 2
0.414447505357,1617.73232323,749367.189061,3873.74414247,0.715032607177,1.0,13159.0488111,0.850889527219,0.893116490873,0.00357379802404,0.69202476137,0.616554372173,1.0,1.0,0.732153947714,32.9166666667,0.641414141414,13268.3015383,2843228.53046,632214001.805,15.4292929293,1.2398989899,2913.15656566,6.02725825609e-06,Class 2
0.347260483624,2898.66161616,478986.141606,3444.77302505,0.618236511371,1.0,10355.489927,0.90542819996,0.999749563643,0.00278545372244,0.83249522676,0.374631225601,1.0,1.0,0.636322398761,30.9166666667,0.585858585859,10464.7093666,1965797.16389,397107952.928,27.6919191919,0.744949494949,1891.99494949,1.07996742766e-05,Class 2
0.494898479747,910.338383838,668376.520351,3413.20507997,0.747683617949,1.0,12199.8133268,0.688326530036,0.76256375228,0.00390738962183,0.597116364249,0.670533293486,1.0,1.0,0.769429188762,29.25,0.70202020202,12278.0458565,2679552.16619,597429398.18,9.09595959596,0.941919191919,2842.38383838,3.3916887615e-06,Class 2
0.950260177533,217.525252525,7477.87807836,164.950108384,0.977274605564,1.0,441.962101926,0.0657832678887,0.0688239749156,0.007363271037,0.0657832678887,0.334691895797,1.0,1.0,0.977465642588,1.58080808081,0.974747474747,442.275181009,70004.4579621,12351200.8108,2.10101010101,-5.55111512313e-17,56.2121212121,8.10443640992e-07,Class 2
0.646005509642,834.328282828,286011.21888,2110.9356671,0.829302036857,1.0,7025.38597642,0.499214835454,0.521647480508,0.00506320280416,0.437990381459,0.719402401833,1.0,1.0,0.841424498196,17.8156565657,0.80303030303,7059.59888682,1483802.4744,323018038.958,8.13636363636,1.17424242424,1556.5959596,3.10849450107e-06,Class 2
0.599734720947,590.929292929,487541.642015,2818.30127631,0.860381119242,1.0,10150.1925123,0.522334532818,0.556184690686,0.00551157860765,0.371003078616,0.726712569766,1.0,1.0,0.870974788974,23.398989899,0.772727272727,10197.3458881,2299211.551,529267448.724,5.78787878788,0.959595959596,2401.96969697,2.20165191016e-06,Class 2
0.721099887767,1171.03030303,78995.6105081,1109.09231167,0.85576328892,1.0,3146.24129651,0.358322592656,0.38609133647,0.00557773894843,0.358322592656,0.372590063066,1.0,1.0,0.862076376372,10.3232323232,0.848484848485,3160.26413303,539808.827302,100265389.925,11.2929292929,0.257575757576,497.46969697,4.36296039877e-06,Class 2
0.433119069483,867.45959596,955711.22824,4147.08986533,0.728692902558,1.0,15015.3084389,0.81291059094,0.89047834305,0.00373880031972,0.637378572759,0.651404209862,1.0,1.0,0.752384570295,35.047979798,0.656565656566,15126.4208565,3368156.66032,762778114.297,8.89393939394,1.22474747475,3565.28787879,3.23193332821e-06,Class 2
0.560606060606,974.843434343,446339.427736,2857.08741899,0.806271829056,1.0,9569.37362376,0.598622790824,0.645935303484,0.00481370657929,0.482500620509,0.670317270737,1.0,1.0,0.819078103078,23.4924242424,0.747474747475,9623.79964439,2090674.07726,469495193.131,9.83333333333,1.62373737374,2162.60606061,3.63201813654e-06,Class 2
0.721099887767,1278.45959596,61561.8826472,1118.03620371,0.857865326606,1.0,2832.80869796,0.356429581495,0.384198325309,0.00564549351429,0.342990724173,0.269812335016,1.0,1.0,0.861881497439,9.80555555556,0.848484848485,2846.04901308,465479.279117,84123141.6737,12.3181818182,0.810606060606,392.050505051,4.76321455915e-06,Class 2
0.678808284869,616.03030303,259807.767724,1872.31918982,0.861524253997,1.0,6418.80552266,0.453088204208,0.463358021155,0.00544980238584,0.374675795508,0.707826045117,1.0,1.0,0.870597444905,16.1717171717,0.823232323232,6446.89860273,1356196.51532,294547417.455,6.24242424242,0.89898989899,1457.96969697,2.29517187524e-06,Class 2
0.460004081216,1167.54040404,684203.501074,3656.35320182,0.718948896143,1.0,12285.1705758,0.776349127675,0.837717479603,0.00373999598853,0.647118522872,0.690301172455,1.0,1.0,0.741919287312,30.3358585859,0.676767676768,12376.8769803,2654658.643,585404512.476,11.8737373737,2.33585858586,2802.80808081,4.34995792475e-06,Class 2
0.575502499745,568.131313131,498114.67998,2739.34388995,0.835543275655,1.0,9921.16348754,0.57951374428,0.62682625694,0.00495638972386,0.428870331048,0.76566508985,1.0,1.0,0.847527430739,23.9797979798,0.757575757576,9974.91564818,2140067.50182,468183109.522,5.65656565657,0.883838383838,2352.07070707,2.11671244893e-06,Class 2
0.508723599633,717.666666667,660223.341269,3265.55388048,0.76249067947,1.0,11927.4910829,0.711025563587,0.757038549563,0.00406840635482,0.589255340409,0.707327568739,1.0,1.0,0.781537128584,28.5454545455,0.712121212121,12006.3878704,2615496.03755,581728536.445,7.62626262626,0.656565656566,2822.62626263,2.67384305776e-06,Class 2
0.51754922967,751.388888889,632398.900465,3203.58236848,0.815524528189,1.0,11746.1041134,0.655248026221,0.697224440121,0.00482885171754,0.444800822678,0.694527176407,1.0,1.0,0.831535851124,27.9318181818,0.717171717172,11817.1383439,2602916.1974,586980179.189,7.4797979798,0.416666666667,2766.87373737,2.79948346154e-06,Class 2
0.810070400979,588.575757576,131111.76008,1370.83181609,0.945962489927,1.0,4020.7452398,0.226032378581,0.231520308159,0.00683996665479,0.144007020375,0.690160377636,1.0,1.0,0.947727645306,9.61111111111,0.89898989899,4028.78338808,903202.298324,211319061.096,4.88888888889,1.80303030303,860.202020202,2.19288323738e-06,Class 2
0.446383022141,1164.11111111,777582.830868,3781.55135523,0.736470286843,1.0,13413.9758367,0.791325644745,0.86774570099,0.00388586758327,0.64187876363,0.61454686659,1.0,1.0,0.75604079688,32.3181818182,0.666666666667,13513.6268224,2954439.04686,661931354.016,11.5151515152,0.924242424242,3087.88383838,4.33718125347e-06,Class 2
0.530354045506,818.702020202,546412.108253,2990.34349538,0.759783625706,1.0,10607.2063433,0.65620599143,0.723906307165,0.00416724830972,0.590794317373,0.688423046023,1.0,1.0,0.779453231581,26.0631313131,0.727272727273,10673.5581671,2276665.82566,496925313.028,8.65151515152,1.08838383838,2464.12121212,3.05027502985e-06,Class 2
0.694061830425,709.888888889,312335.195376,2286.25558503,0.922935644208,1.0,7866.26175174,0.335963825341,0.346233642288,0.00647488911168,0.208099668367,0.637424218386,1.0,1.0,0.92495030869,17.5303030303,0.828282828283,7888.61167091,1875583.37747,458882041.705,6.39393939394,1.02525252525,1794.95454545,2.64486504041e-06,Class 2
0.632945617794,634.393939394,501088.683072,3160.21139311,0.868873835466,1.0,10990.0809572,0.435158205672,0.472112688208,0.00559607253684,0.311755395291,0.662810873526,1.0,1.0,0.881766010777,23.3383838384,0.792929292929,11029.0567467,2677073.32222,659280077.215,5.38383838384,1.92424242424,2599.03030303,2.3635901032e-06,Class 2
0.606213651668,743.606060606,433613.775117,2702.25708439,0.822553440797,1.0,9469.9705499,0.564853114897,0.588031075247,0.00500062946981,0.449415827157,0.72223586027,1.0,1.0,0.83721230703,22.1363636364,0.777777777778,9518.28338808,2139613.19199,492931607.232,7.29292929293,1.17171717172,2194.01515152,2.7704866273e-06,Class 2
0.654116926844,848.95959596,275742.631578,2125.1215099,0.837643606891,1.0,6890.42772448,0.484748682729,0.506436012489,0.00518834947287,0.42292104297,0.716704591538,1.0,1.0,0.848783072554,17.398989899,0.808080808081,6922.8421002,1463070.59761,320505458.118,8.17171717172,1.65656565657,1518.74242424,3.16300704409e-06,Class 2
0.590705030099,557.358585859,519493.485859,2979.06303452,0.845990748137,1.0,10580.3666906,0.57266086409,0.609551728984,0.00519632059826,0.408271719226,0.696011170159,1.0,1.0,0.858278246367,24.1944444444,0.767676767677,10633.9476873,2406182.70534,552745825.766,5.59090909091,1.51262626263,2519.52525253,2.07657601321e-06,Class 2
0.57621671258,1304.04545455,281835.277963,2188.30143414,0.782229790753,1.0,7082.90331204,0.549449608734,0.59790981726,0.00446496984324,0.513490991245,0.528225658339,1.0,1.0,0.794278303451,19.6843434343,0.757575757576,7124.63360904,1392448.91811,285293798.339,12.8232323232,0.785353535354,1455.45454545,4.85854094608e-06,Class 2
0.345934088358,1760.92424242,1051835.50106,4488.47520308,0.682776905825,1.0,15631.7800426,0.969533597278,1.05258927897,0.00332031623647,0.72301440578,0.587644629037,1.0,1.0,0.707105624439,38.845959596,0.585858585859,15779.0622707,3374337.83996,744579710.563,16.297979798,0.886363636364,3505.14141414,6.56075484558e-06,Class 2
0.654882154882,1780.63131313,151694.789496,1864.31690131,0.837665184532,1.0,5347.88977343,0.43966794416,0.474881246354,0.0053856348264,0.380100823927,0.377044278965,1.0,1.0,0.842810935206,14.9823232323,0.808080808081,5373.10930348,1089220.04791,240919991.679,15.4494949495,0.618686868687,898.353535354,6.63417836746e-06,Class 2
0.57540046934,1013.35353535,360624.813764,2431.29630472,0.78987779791,1.0,8174.28714458,0.573029949655,0.632907670994,0.00463993604567,0.487336679084,0.629256404955,1.0,1.0,0.807890390176,21.303030303,0.757575757576,8221.45668353,1684174.61832,357004698.861,10.0606060606,1.11111111111,1802.35858586,3.77549695619e-06,Class 2
0.61412100806,1431.50505051,239449.508061,2115.42927505,0.795352405987,1.0,6638.41330836,0.547416114996,0.569848760051,0.00474714768224,0.510525250102,0.542342936208,1.0,1.0,0.807264430045,17.9343434343,0.782828282828,6676.26318606,1357869.28653,291951675.5,13.3131313131,0.818181818182,1311.46969697,5.33342290958e-06,Class 2
0.322926232017,1096.7020202,1428960.89578,4830.46178768,0.675837571883,1.0,17817.6901461,1.00670171327,1.09757998935,0.00297994918208,0.754395779197,0.601555592721,1.0,1.0,0.697966302789,42.7702020202,0.565656565657,17986.2311469,3931237.28227,879005067.498,11.6414141414,0.406565656566,4223.05050505,4.08603216416e-06,Class 2
0.467197224773,2206.71212121,412518.737604,3034.56106167,0.699464557711,1.0,9711.06559078,0.760515727396,0.807676409237,0.00366825585997,0.68404304288,0.498197867921,1.0,1.0,0.717878104447,26.1792929293,0.681818181818,9788.49030096,2016950.78779,442366461.757,20.3181818182,0.300505050505,1895.85353535,8.22164684502e-06,Class 2
0.713345576982,1401.18181818,42422.1972305,972.232147525,0.849297614601,1.0,2475.41757524,0.347119076058,0.380125199696,0.00552512952082,0.344078369031,0.211741886759,1.0,1.0,0.852485429606,9.38888888889,0.843434343434,2487.74677192,371430.908478,62206424.3783,13.6262626263,3.33066907388e-16,271.787878788,5.22044627571e-06,Class 2
0.606927864504,1499.49494949,171700.89592,1730.22299348,0.806326484081,1.0,5280.06895137,0.515054106601,0.558217489454,0.0049400489168,0.460827477755,0.387632423798,1.0,1.0,0.814164947619,16.1767676768,0.777777777778,5312.12050929,963639.021167,187189298.517,14.6262626263,0.262626262626,953.409090909,5.58673594174e-06,Class 2
0.646005509642,691.848484848,300756.127259,2109.09357429,0.830801635562,1.0,7090.50548978,0.478523370742,0.519754469348,0.00518595813525,0.426113580815,0.724694298975,1.0,1.0,0.844181045206,18.1515151515,0.80303030303,7123.88597646,1453882.61702,303621625.284,6.85858585859,1.39898989899,1608.29292929,2.57765109368e-06,Class 2
0.583715947352,949.292929293,473830.001598,3030.96920561,0.834855268542,1.0,10272.4762895,0.576744330516,0.602217682597,0.00518914658541,0.417242009488,0.657094996078,1.0,1.0,0.845525938503,23.7828282828,0.762626262626,10325.5239184,2353575.6431,551655419.103,8.78787878788,1.78787878788,2344.42929293,3.53682346786e-06,Class 2
0.62983369044,631.919191919,346829.169367,2273.16925295,0.817867454169,1.0,7826.87124887,0.51175443729,0.552431324506,0.00493925180426,0.459719054975,0.760111173668,1.0,1.0,0.831724772853,19.4797979798,0.792929292929,7865.26760525,1655987.94362,356984951.353,6.66666666667,1.36868686869,1808.64141414,2.35436982496e-06,Class 2
0.446434037343,1594.44444444,632791.166067,3513.42809134,0.696149264804,1.0,11884.1775368,0.804233788148,0.864704993963,0.00350723912699,0.728036417223,0.600921858665,1.0,1.0,0.716483825724,30.3333333333,0.666666666667,11979.2155219,2497560.0056,538314386.547,15.3434343434,1.10101010101,2596.66666667,5.9404935561e-06,Class 2
0.523160901949,1306.44949495,552265.900623,3305.27010523,0.754293310501,1.0,11392.5122983,0.687193892324,0.730911486567,0.00416007429687,0.608053200245,0.602530585553,1.0,1.0,0.77220127208,27.047979798,0.722222222222,11464.6986343,2563128.98193,590857133.972,12.0454545455,0.921717171717,2539.98484848,4.86749778781e-06,Class 2
0.388633812876,2026.08585859,706413.393666,3912.0406229,0.655321830183,1.0,12720.8816957,0.88089147882,0.957713915636,0.00315212549062,0.788579017238,0.572961572705,1.0,1.0,0.676349097889,33.1792929293,0.621212121212,12834.9416898,2656628.52058,573207228.082,19.3585858586,1.7196969697,2702.73232323,7.54867943438e-06,Class 2
0.560401999796,1146.86868687,341319.073997,2382.64905093,0.779320467694,1.0,7846.77490717,0.580972033139,0.656205120431,0.0044047878465,0.526981597352,0.544059468516,1.0,1.0,0.794910778557,21.3535353535,0.747474747475,7894.72625424,1548738.97414,314704190.855,11.3131313131,1.11111111111,1687.2979798,4.27294037605e-06,Class 2
0.646209570452,1604.34343434,146010.086936,1653.48262101,0.813971459743,1.0,4991.40121322,0.482711773635,0.509484652401,0.00505682590385,0.463311902722,0.355576497747,1.0,1.0,0.820600427666,14.702020202,0.80303030303,5018.63692343,962855.164209,200664501.513,14.9898989899,-0.010101010101,853.803030303,5.97737466909e-06,Class 2
0.426946229977,1514.19191919,673489.679233,3527.30758944,0.724119299368,1.0,12046.3300958,0.796703750599,0.880907128154,0.00379061263479,0.636926275687,0.562047847056,1.0,1.0,0.744300047858,31.2878787879,0.651515151515,12143.4487921,2479576.5785,522164092.018,14.303030303,1.07070707071,2657.8030303,5.64149310439e-06,Class 2
0.670594837262,1090.73737374,155794.184014,1517.51300295,0.840096248939,1.0,4711.99182421,0.439081170066,0.475569654389,0.00537806225728,0.403896613308,0.443359876232,1.0,1.0,0.847099960736,13.8080808081,0.818181818182,4735.18774414,891381.118866,178217910.824,11.0202020202,0.555555555556,911.328282828,4.0638094119e-06,Class 2
0.826956433017,724.585858586,54788.3353775,733.431405732,0.915175517862,1.0,2216.80207216,0.230066227349,0.243376751323,0.00647289633033,0.21951718118,0.451140249346,1.0,1.0,0.918490869378,6.67171717172,0.909090909091,2222.47215071,413488.367408,83215589.7011,6.80808080808,-0.0151515151515,374.575757576,2.69962220306e-06,Class 3
0.645954494439,577.53030303,352778.99673,2174.02697076,0.83753811302,1.0,8038.89191834,0.478523370742,0.522795176375,0.00525171991976,0.412411316992,0.72736982496,1.0,1.0,0.850106189837,19.2398989899,0.80303030303,8074.28764944,1764767.27242,394210691.101,6.15656565657,0.0479797979798,1874.48989899,2.15173068937e-06,Class 3
0.516222834405,1495.7020202,504416.483012,3063.11393414,0.745018656496,1.0,10849.8667975,0.682766220281,0.72763151039,0.0041517046152,0.635129740648,0.528143830917,1.0,1.0,0.758325562835,26.3257575758,0.717171717172,10919.6528641,2426632.90575,560778783.836,14.5808080808,-0.320707070707,2356.3989899,5.57260445406e-06,Class 3
0.638200183655,1439.56565657,155478.738141,1587.71028831,0.816423880896,1.0,4983.57613729,0.47792402405,0.517855595972,0.00493765757919,0.460425097183,0.459456054404,1.0,1.0,0.822877011421,14.9191919192,0.79797979798,5010.93648151,937393.322829,189073921.021,13.7171717172,-0.252525252525,893.075757576,5.36345467301e-06,Class 3
0.646158555249,1477.43939394,142556.368362,1541.58110586,0.820348083727,1.0,4764.73838591,0.48590431148,0.512525359428,0.00511979779447,0.453172274829,0.387242037947,1.0,1.0,0.828432638997,14.4621212121,0.80303030303,4791.70747268,880580.594808,174181553.547,13.9141414141,-0.255050505051,828.792929293,5.50456256397e-06,Class 3
0.630292827263,1107.47474747,224369.281512,1754.32723907,0.832260489963,1.0,5996.21692976,0.485878704637,0.528850983585,0.00507037681702,0.417235299105,0.522529240855,1.0,1.0,0.841007330941,16.8282828283,0.792929292929,6027.63534515,1156459.23803,231550285.094,10.5858585859,-0.272727272727,1230.3030303,4.12616859988e-06,Class 3
0.678757269666,1341.03030303,113617.913713,1258.56303452,0.837711132843,1.0,4053.39000612,0.435589277341,0.466398728182,0.00537885936982,0.397412818682,0.412693724182,1.0,1.0,0.844553795442,12.6565656566,0.823232323232,4074.46173404,727728.667842,140286479.333,12.7373737374,-0.848484848485,683.555555556,4.99633706364e-06,Class 3
0.567850219365,814.929292929,461857.225155,2651.2515604,0.777014137307,1.0,9652.55111241,0.598771597046,0.643043402679,0.00451239803934,0.532472524883,0.677724788912,1.0,1.0,0.795667488985,23.5707070707,0.752525252525,9707.1735396,2094427.38617,463918410.593,8.55555555556,0.0909090909091,2223.42929293,3.03621880975e-06,Class 3
0.47418630752,2213.78787879,319044.680324,2499.32218856,0.699787283441,1.0,8203.71542739,0.728163017694,0.788231842938,0.00371687972488,0.68841323912,0.466331624792,1.0,1.0,0.714451922775,23.803030303,0.686868686869,8271.02770626,1600497.80617,332637077.165,21.2929292929,-1.10606060606,1514.68181818,8.24800931405e-06,Class 3
0.301448831752,3161.91414141,702350.03879,4113.19024412,0.582377054715,1.0,12879.7475061,1.01467508045,1.10995720789,0.00246142747511,0.925920142553,0.419963370988,1.0,1.0,0.602935987921,36.3813131313,0.545454545455,13024.1051999,2545183.05289,527459561.359,29.3585858586,0.578282828283,2466.11616162,1.17804860793e-05,Class 3
0.284307723702,1744.41414141,1346367.62286,4740.40212859,0.621951076204,1.0,17013.7896554,1.0959055433,1.18414549293,0.00261925575794,0.850096002565,0.555969110596,1.0,1.0,0.648209822334,43.095959596,0.530303030303,17198.8117972,3618055.20722,785003586.526,17.4747474747,0.020202020202,3864.27272727,6.49924241785e-06,Class 3
0.621926334048,670.313131313,348528.160422,2154.65662669,0.827285872151,1.0,7814.47413992,0.543275487961,0.562667425989,0.00506320280416,0.440285773192,0.702676315014,1.0,1.0,0.842270822326,19.797979798,0.787878787879,7855.96489061,1618182.2277,340605668.941,6.68686868687,0.242424242424,1796.72222222,2.49741585604e-06,Class 3
0.545862667075,1579.6969697,278183.732714,2129.60785775,0.770036098977,1.0,7170.82764475,0.605107345629,0.66005134878,0.00445261459888,0.54336819468,0.430881252736,1.0,1.0,0.782618533031,20.5252525253,0.737373737374,7218.85883,1386802.36371,281739218.479,15.3939393939,-0.59595959596,1410.11111111,5.88554822451e-06,Class 3
0.279155188246,1852.21717172,1351981.8684,4759.90544298,0.588228787706,1.0,17092.7747467,1.06802199179,1.19349574103,0.00236099129513,0.912170089623,0.548034429961,1.0,1.0,0.618596513701,43.4621212121,0.525252525253,17274.5919424,3614345.93227,779044039.321,18.4292929293,-0.234848484848,3856.27272727,6.90088902841e-06,Class 3
0.530609121518,859.318181818,543086.73648,3052.15757366,0.776941282769,1.0,10653.9959555,0.673704918297,0.710595783192,0.00439880950246,0.541870965092,0.676113470745,1.0,1.0,0.795593437441,26.0126262626,0.727272727273,10722.0158691,2314275.60478,512794132.073,8.81313131313,1.40151515152,2466.08080808,3.20160049447e-06,Class 3
0.370115294358,2539.41414141,537476.241414,3442.67667088,0.621250206849,1.0,10895.7481861,0.914715786429,0.995878456956,0.00285520106965,0.874632383689,0.418554579047,1.0,1.0,0.642897274442,31.1565656566,0.606060606061,11006.9620497,2115937.19494,430025114.892,24.2323232323,0.530303030303,2117.37373737,9.46120976237e-06,Class 3
0.421181512091,2480.62121212,395353.693763,3035.57337227,0.676132489317,1.0,9348.05488639,0.800210607895,0.865982811177,0.00340839717208,0.734853569452,0.413700580957,1.0,1.0,0.688768189298,27.0934343434,0.646464646465,9432.44326813,1818538.48626,375227983.966,23.7424242424,0.537878787879,1738.37878788,9.24216229488e-06,Class 3
0.474849505153,1550.61616162,410976.75653,2663.8157176,0.730026063037,1.0,8874.47553109,0.703724803747,0.773028307803,0.00384561340002,0.626276731434,0.481615789299,1.0,1.0,0.745251124343,25.0505050505,0.686868686869,8942.92953707,1723670.28874,348129871.638,15.696969697,0.323232323232,1848.46969697,5.77720054666e-06,Class 3
0.799867360473,1006.71717172,17053.1093759,598.359514949,0.899060665716,1.0,1469.60939729,0.252517857776,0.276843513991,0.0062624586199,0.238964866539,0.134524229629,1.0,1.0,0.900423910692,6.0,0.893939393939,1475.23130475,204316.173084,32412979.078,9.86868686869,-0.237373737374,117.222222222,3.75077155698e-06,Class 3
0.487960412203,2274.43939394,297787.674651,2601.95713174,0.710559206934,1.0,7970.69585729,0.714204204958,0.769491142832,0.00381970724248,0.683696473485,0.471220976018,1.0,1.0,0.723615097055,23.1843434343,0.69696969697,8034.9704146,1544161.48337,318730024.192,21.3484848485,0.25,1440.49494949,8.47398139867e-06,Class 3
0.738036935007,939.383838384,98236.8900217,1056.45902568,0.868009962741,1.0,3399.17906103,0.356159935987,0.372511166987,0.00577582141451,0.336613783333,0.449350466406,1.0,1.0,0.874206344178,10.3434343434,0.858585858586,3413.14165828,621874.953437,121234158.27,9.25252525253,-0.282828282828,618.601010101,3.49990472109e-06,Class 3
0.453576165697,2396.50505051,357160.649058,2822.23230535,0.697653077633,1.0,8843.56242912,0.78638840668,0.837335110843,0.00360209551919,0.736935386475,0.431806304031,1.0,1.0,0.710998557374,25.5757575758,0.671717171717,8921.79569869,1705513.0867,347303053.696,22.1212121212,-0.0353535353535,1631.72222222,8.92876691897e-06,Class 3
0.537802265075,1379.96464646,400499.066639,2627.157258,0.773797222989,1.0,9024.96675548,0.664791495623,0.704723067544,0.00444265069213,0.584599293286,0.579510849837,1.0,1.0,0.786447242871,23.5075757576,0.732323232323,9085.56637419,1872853.42813,401378607.114,13.2272727273,0.0479797979798,1926.76767677,5.14139650242e-06,Class 3
0.400775431078,1583.43939394,882590.547478,4073.17051558,0.690927604689,1.0,14501.8076249,0.889209197703,0.95346642584,0.00336176608852,0.743391638423,0.585164108757,1.0,1.0,0.711992511742,35.4015151515,0.631313131313,14624.7219929,3167083.09612,705732664.999,14.7323232323,0.234848484848,3260.87373737,5.89949154324e-06,Class 3
0.402050811142,1773.41414141,565290.197668,3056.02010523,0.674932860552,1.0,10689.9397881,0.798708957635,0.900072499126,0.00326810536513,0.729190519031,0.460970804448,1.0,1.0,0.693905347392,29.8939393939,0.631313131313,10782.9399537,2092590.32409,424356608.965,18.0808080808,-0.792929292929,2252.84848485,6.60728902539e-06,Class 3
0.453372104887,1581.92424242,568110.134132,3181.42272518,0.727917971071,1.0,11146.5109579,0.785240710814,0.843416524897,0.00378144584059,0.654817077367,0.561319249239,1.0,1.0,0.744157582117,28.7853535354,0.671717171717,11234.5092404,2352105.78972,513159225.905,15.3585858586,-0.239898989899,2413.5959596,5.89384647493e-06,Class 3
0.88286909499,508.48989899,29816.9044217,460.821715076,0.948119600035,1.0,1356.95215296,0.148347254086,0.158617071033,0.00691170678335,0.137726482337,0.473383041887,1.0,1.0,0.949735508268,4.33080808081,0.939393939394,1359.22956864,232370.214121,42470185.2795,4.56060606061,-0.0277777777778,212.752525253,1.89450374318e-06,Class 3
0.388633812876,1778.27272727,722646.092869,3816.11282934,0.668766365501,1.0,12649.3453524,0.875590481354,0.959606926797,0.00320234358061,0.784308391001,0.550434044359,1.0,1.0,0.687662857612,32.9696969697,0.621212121212,12761.9901431,2646986.27888,571436610.773,18.0,1.5101010101,2746.44444444,6.62539087778e-06,Class 3
0.590960106112,2138.56060606,142158.96665,1856.20279146,0.779879970063,1.0,5309.80951829,0.557305498137,0.59624120501,0.00462479090742,0.538004066166,0.351275294216,1.0,1.0,0.786604337167,16.5075757576,0.767676767677,5345.26650045,981695.371005,198695995.295,19.4292929293,-0.0681818181818,801.934343434,7.96773167224e-06,Class 3
0.40786654423,1950.14646465,525046.814489,3003.60304399,0.677995968308,1.0,10388.5136471,0.803856926751,0.904185330109,0.0032645183587,0.735056233645,0.439754895979,1.0,1.0,0.697084047362,29.345959596,0.636363636364,10480.3933944,2012066.25929,404160783.824,18.9848484848,-1.02777777778,2133.02020202,7.26574861046e-06,Class 3
0.646668707275,1143.04040404,189099.188209,1792.25416457,0.821124766313,1.0,5409.68300368,0.461578655265,0.491985725534,0.00512776891986,0.4208721934,0.578939403384,1.0,1.0,0.830664413793,15.3484848485,0.80303030303,5436.84904465,1060676.8222,220148898.936,11.404040404,1.35858585859,1073.69191919,4.25867717011e-06,Class 3
0.569533721049,1981.17171717,113779.541853,1650.49643098,0.775359331035,1.0,4479.96875666,0.517184276131,0.581272670179,0.0045327244091,0.481694654809,0.166280652458,1.0,1.0,0.782018379037,15.8080808081,0.752525252525,4511.41627949,721703.544617,126949981.323,19.3434343434,0.262626262626,632.808080808,7.38134079265e-06,Class 3
0.553004795429,1608.33333333,266051.839639,2224.09688869,0.772601943857,1.0,7013.20771746,0.613814530129,0.660975211971,0.00439203404587,0.568859292318,0.47973135455,1.0,1.0,0.78248715683,20.095959596,0.742424242424,7060.91596384,1357620.6669,276609336.112,15.5252525253,0.535353535354,1363.45959596,5.99224001565e-06,Class 3
0.207478828691,2514.34343434,1496089.2503,5010.37300927,0.552368200523,1.0,17417.1270937,1.1574518931,1.29917815441,0.00194649277457,0.941895451244,0.423933952072,1.0,1.0,0.577802735256,46.8484848485,0.449494949495,17629.7590825,3544428.17279,740634585.13,24.9191919192,-0.252525252525,3779.58585859,9.36780269867e-06,Class 3
0.359708193042,704.055555556,1546793.54584,5067.49942972,0.717675578246,1.0,19318.4163034,0.913888274278,0.999239347699,0.00362959590181,0.663001825868,0.712299337393,1.0,1.0,0.743717062199,43.5782828283,0.59595959596,19474.1604398,4447026.39298,1029664276.3,7.44949494949,0.0984848484848,4693.20707071,2.6231315274e-06,Class 3
0.466840118355,1193.38888889,685984.675492,3389.17233061,0.713618580346,1.0,12435.1170315,0.754031932771,0.822879944372,0.00367503131656,0.662758093691,0.662166655064,1.0,1.0,0.736428294671,30.345959596,0.681818181818,12524.1793792,2713802.97051,605097547.892,11.8333333333,-0.320707070707,2833.17171717,4.44626279019e-06,Class 3
0.138251198857,2102.91919192,3108175.99351,6454.44276937,0.486063569895,1.0,23268.6418693,1.28986851812,1.49509176374,0.00149771841481,0.979112581941,0.538246895037,1.0,1.0,0.525810221703,58.6313131313,0.363636363636,23565.8206356,4986604.438,1085466276.61,21.8484848485,0.308080808081,5366.64141414,7.8349408486e-06,Class 3
0.538210386695,2022.5,231274.583393,2236.19142783,0.744102593814,1.0,6746.33728932,0.630789506937,0.68229042249,0.00421826351225,0.586711272649,0.367741296834,1.0,1.0,0.758082685479,20.1186868687,0.732323232323,6795.44484641,1267156.91386,253554827.804,18.7424242424,0.280303030303,1193.55050505,7.53531943937e-06,Class 3
0.460004081216,1393.62626263,706609.526999,3723.55908881,0.726794489522,1.0,12997.7477958,0.772160724782,0.837717479603,0.0038260841428,0.673804692554,0.583693050295,1.0,1.0,0.744480305403,31.2222222222,0.676767676768,13091.6347138,2888396.48591,656119433.506,13.303030303,0.878787878788,2924.98989899,5.19229620172e-06,Class 3
0.575655545353,1285.1969697,298001.360907,2266.56366583,0.784767267729,1.0,7384.46207838,0.57895953289,0.61959714702,0.00457178292354,0.52702591413,0.568654703682,1.0,1.0,0.797774380871,20.0025252525,0.757575757576,7429.19958126,1497186.76233,316785502.242,12.7424242424,0.815656565657,1536.31313131,4.78831629625e-06,Class 3
0.433119069483,1096.21212121,934033.449184,4210.07936975,0.706249352981,1.0,15194.342361,0.794263968207,0.892371354211,0.00357021101761,0.681684829269,0.644054947991,1.0,1.0,0.731275957108,35.0606060606,0.656565656566,15302.9099664,3469408.89747,802769608.809,10.8686868687,0.914141414141,3552.22222222,4.08420692541e-06,Class 3
0.460208142026,1519.2020202,537781.195538,3057.83481482,0.718041967236,1.0,10639.3461067,0.751772921706,0.823661640335,0.00377666316535,0.656710088528,0.554599752047,1.0,1.0,0.737222085492,28.0404040404,0.676767676768,10721.348729,2185380.23409,462454849.07,15.0,-0.010101010101,2300.97474747,5.66015946361e-06,Class 3
0.453066013672,1443.94444444,603402.213841,3173.13563553,0.717992058121,1.0,11396.4128081,0.782200003787,0.857874744737,0.00376988770876,0.681501742957,0.572949250777,1.0,1.0,0.736084178095,29.3661616162,0.671717171717,11485.8466772,2379980.86601,510184422.718,14.3181818182,-0.54797979798,2510.93434343,5.37976892044e-06,Class 3
0.737934904602,485.055555556,204865.43264,1526.75803136,0.886508747098,1.0,5369.90797816,0.356159935987,0.378592581041,0.00578339398363,0.312817993952,0.704683559377,1.0,1.0,0.894402047885,13.3308080808,0.858585858586,5387.93979591,1135159.9006,244735577.386,4.74242424242,0.542929292929,1225.92929293,1.80719335325e-06,Class 3
0.773033363942,937.797979798,88784.8245092,1077.33481482,0.884671104586,1.0,3238.62198473,0.305265023989,0.320468559123,0.0059802807809,0.305265023989,0.452320492536,1.0,1.0,0.890058087537,9.32828282828,0.878787878788,3249.33641838,627188.330264,129876069.888,8.64646464646,0.277777777778,578.03030303,3.49399621625e-06,Class 3
0.530660136721,1828.3989899,279479.219682,2389.55672139,0.759355442948,1.0,7365.27837318,0.650869892671,0.705662065004,0.00432746793017,0.592290827017,0.417989975893,1.0,1.0,0.771203960142,21.2803030303,0.727272727273,7418.92780096,1412371.46417,285620099.991,17.1363636364,0.628787878788,1397.96464646,6.81214855451e-06,Class 3
0.453525150495,1855.38888889,429083.124193,2738.06240321,0.714889658388,1.0,9328.24713466,0.744411992779,0.836187414977,0.00382369280518,0.671936025949,0.44238322961,1.0,1.0,0.731432194513,26.3712121212,0.671717171717,9404.5692151,1809314.37977,365105855.564,17.9848484848,-0.623737373737,1887.70707071,6.91270603809e-06,Class 3
0.454188348128,2046.55050505,342273.207646,2559.94774096,0.712873972779,1.0,8214.66779936,0.718977913784,0.800444245948,0.00372445229401,0.664126855991,0.355154337818,1.0,1.0,0.724725236067,24.5984848485,0.671717171717,8283.35677823,1528509.30284,299621376.443,20.1868686869,-0.239898989899,1559.58585859,7.62492549041e-06,Class 3
0.646515661667,1327.12626263,155368.880039,1562.18132682,0.836978656091,1.0,4893.69017827,0.465551609698,0.497321824293,0.00525610403873,0.404966758611,0.410511177824,1.0,1.0,0.842336036251,14.5782828283,0.80303030303,4919.71031359,923614.887434,186139598.514,12.8636363636,0.00252525252525,898.373737374,4.94453415341e-06,Class 3
0.453372104887,1743.12121212,485521.634419,2905.00077126,0.709292553652,1.0,10080.1331394,0.77193018684,0.841523513736,0.00361564643236,0.693065961414,0.486439397832,1.0,1.0,0.724954479921,27.3838383838,0.671717171717,10162.3796633,2031170.00239,424687023.018,17.0404040404,-0.60101010101,2105.24242424,6.49442529289e-06,Class 3
0.704060810121,809.96969697,172516.633228,1366.3648022,0.881181379206,1.0,4875.21957531,0.396578573728,0.414077500595,0.00584556876172,0.317054803668,0.52883887288,1.0,1.0,0.887107912826,13.4090909091,0.838383838384,4895.49550929,954705.534316,193837067.399,7.76767676768,-0.550505050505,1021.59090909,3.01774061947e-06,Class 4
0.827058463422,450.909090909,117919.081068,934.297330606,0.931170469536,1.0,3600.06719545,0.222091802134,0.237295337269,0.00662076070642,0.178245547117,0.632887363816,1.0,1.0,0.935399253788,8.43939393939,0.909090909091,3606.98793353,837433.667662,202614114.869,4.36363636364,-0.636363636364,789.151515152,1.67997233034e-06,Class 4
0.77298234874,851.343434343,84238.6357329,999.128217601,0.892863500974,1.0,3033.88163727,0.304117328123,0.32161625499,0.00611977547532,0.277073589062,0.466761800333,1.0,1.0,0.897210729301,9.0,0.878787878788,3044.17511788,573357.351721,116110606.413,8.23232323232,0.252525252525,548.348484848,3.17188861824e-06,Class 4
0.75563717988,1447.34343434,24776.0333399,868.670910151,0.871761580086,1.0,2096.80916495,0.311718704909,0.335299045829,0.00584676443053,0.311718704909,0.218010361866,1.0,1.0,0.873905158197,8.0404040404,0.868686868687,2106.23509263,300921.490783,47332880.8465,13.0,-0.227272727273,164.848484848,5.39243269036e-06,Class 4
0.428680746863,1646.15151515,503754.264453,2903.23672455,0.715483143813,1.0,9958.26988385,0.735222840939,0.828548339574,0.00360568252562,0.620902620532,0.449368831837,1.0,1.0,0.730658780686,28.0606060606,0.651515151515,10038.4989815,1930311.55578,387688701.499,16.6262626263,-0.217171717172,2098.52525253,6.13314092077e-06,Class 4
0.729313335374,431.131313131,205649.7374,1438.27965384,0.891790721388,1.0,5276.68513973,0.363530358067,0.392044417175,0.00591850455909,0.292146972808,0.723273636308,1.0,1.0,0.900292679029,13.4292929293,0.853535353535,5295.24172141,1089566.89719,229494750.696,4.49494949495,0.030303030303,1216.23737374,1.60628537194e-06,Class 4
0.02096724824,753.767676768,24058727.0854,11733.370484,0.445229494058,1.0,45777.2566895,1.5542630196,1.92396351078,0.0012817009166,0.926065857454,0.467637522773,1.0,1.0,0.502173919566,102.090909091,0.0858585858586,46403.1650169,10654392.1869,2462014121.27,8.44444444444,-0.383838383838,11413.9444444,2.8083462188e-06,Class 4
0.0720844811754,2976.42424242,4342361.11684,7292.20373843,0.38631084669,1.0,25004.7521867,1.45203978505,1.67266400368,0.000978001039036,1.09258744112,0.462162087168,1.0,1.0,0.430868253908,65.696969697,0.252525252525,25380.1164058,5205116.63506,1104997610.53,29.7878787879,1.75252525253,5601.94949495,1.10893979994e-05,Class 4
0.401234567901,1252.63131313,800074.106893,3720.47457177,0.715614630244,1.0,12998.1957939,0.842828932449,0.934074487812,0.0035044492331,0.642466594576,0.576729577984,1.0,1.0,0.734927798967,33.3156565657,0.631313131313,13107.7210459,2716699.91567,580191983.766,12.8939393939,1.28535353535,2964.29292929,4.66698496128e-06,Class 4
0.695643301704,636.878787879,234926.339253,1569.89715699,0.86201607842,1.0,6011.77344268,0.408830331495,0.43126297655,0.0056466891831,0.338650490462,0.702185173456,1.0,1.0,0.873685269398,15.2070707071,0.833333333333,6035.5245497,1260996.32514,271108102.757,6.33333333333,-0.863636363636,1349.8989899,2.37284801524e-06,Class 4
0.864146515662,837.853535354,-0.00846414719896,418.359357121,0.929299053281,1.0,835.400467386,0.161578930933,0.179823173095,0.00669409506005,0.161578930933,0.00624031123752,1.0,1.0,0.929942811174,3.83585858586,0.929292929293,837.614038333,92061.615069,10182998.1694,7.67171717172,-0.00252525252525,0.0,3.12162869335e-06,Class 4
0.930721354964,203.580808081,21815.605855,315.426513055,0.965872776515,1.0,845.114701108,0.0932337097785,0.0962744168054,0.00721062398567,0.0932337097785,0.750924270175,1.0,1.0,0.96781218336,2.57323232323,0.964646464646,845.905073686,152798.218175,29327732.0287,2.10606060606,0.517676767677,160.621212121,7.58490195606e-07,Class 4
0.495816753393,1763.34343434,312555.0462,2653.30601116,0.728947524167,1.0,7655.30076083,0.661793695265,0.723779876225,0.00389304159612,0.618955524827,0.450812015547,1.0,1.0,0.743413169804,22.6717171717,0.70202020202,7713.4620497,1429335.16594,279963885.949,17.3838383838,2.67676767677,1487.88383838,6.56976813799e-06,Class 4
0.799969390878,950.611111111,59443.3349871,849.404022525,0.90791274369,1.0,2542.76718518,0.253665553642,0.270762099937,0.00633340163591,0.229587955622,0.367855964967,1.0,1.0,0.910490947656,7.69444444444,0.893939393939,2550.02944237,479250.844995,99177172.93,8.5202020202,-0.255050505051,399.974747475,3.5417346773e-06,Class 4
0.679165391287,1307.34848485,100374.911965,1202.69332177,0.835252952601,1.0,3718.11831413,0.413598285944,0.445859094288,0.00531827881681,0.394144086224,0.375201636465,1.0,1.0,0.840672476125,12.0934343434,0.823232323232,3737.19894995,645427.594021,121044477.619,12.8636363636,-0.542929292929,607.651515152,4.87084719501e-06,Class 4
0.576522803796,1641.03030303,194202.265385,1865.34128578,0.78191591307,1.0,5787.81127582,0.544918271118,0.588042380885,0.00457776126758,0.508654185706,0.422747655602,1.0,1.0,0.790152948424,17.601010101,0.757575757576,5824.77896889,1075637.01852,214254515.669,16.202020202,-0.00505050505051,1046.21212121,6.11406058987e-06,Class 4
0.77318640955,569.909090909,115188.082962,1039.77341962,0.892479204226,1.0,3492.68338417,0.291802669197,0.311346438043,0.00598705623749,0.276599134062,0.638526355786,1.0,1.0,0.898831553907,9.74242424242,0.878787878788,3503.3610396,679998.49296,138097961.78,5.83838383838,0.237373737374,733.515151515,2.12333599575e-06,Class 4
0.854657687991,510.292929293,57042.9166454,701.84294298,0.934138785529,1.0,2082.5546133,0.192301386385,0.202571203332,0.00661876792507,0.185072276465,0.653421936767,1.0,1.0,0.937398067783,5.98484848485,0.924242424242,2086.74740323,393530.781017,78449867.2389,4.59595959596,0.515151515152,394.207070707,1.90122137447e-06,Class 4
1.0,0.0,-0.00787401574803,6.103515625e-05,1.0,1.0,0.0,-0.0,-0.0,0.00775146484375,-0.0,nan,1.0,1.0,1.0,0.0,1.0,0.000244140625,-3.81469726562e-06,5.96046447754e-08,0.0,0.0,0.0,0.0,Class 4
0.911437608407,352.570707071,14205.2274615,256.586550934,0.960609606465,1.0,767.593422794,0.110368398668,0.120638215615,0.0071364925195,0.0966719178986,0.264963170253,1.0,1.0,0.961630015943,2.7904040404,0.954545454545,768.638975201,119678.971019,20665031.4484,3.5404040404,-0.244949494949,104.060606061,1.31358857985e-06,Class 4
1.0,0.0,-0.00787401574803,6.103515625e-05,1.0,1.0,0.0,-0.0,-0.0,0.00775146484375,-0.0,nan,1.0,1.0,1.0,0.0,1.0,0.000244140625,-3.81469726562e-06,5.96046447754e-08,0.0,0.0,0.0,0.0,Class 4
0.873635343332,778.156565657,-0.00841935840701,414.778785783,0.934349097063,1.0,776.10195918,0.145645709298,0.163889951459,0.00676902363877,0.145645709298,0.00638763081996,1.0,1.0,0.934946079223,3.56313131313,0.934343434343,777.93411409,85494.6553892,9462614.32822,7.12626262626,0.255050505051,0.0,2.89921300176e-06,Class 4
0.940465258647,258.777777778,7588.42397305,107.236329975,0.974749944504,1.0,485.197320526,0.0795142008554,0.0825549078823,0.007363271037,0.0657832678887,0.391521033946,1.0,1.0,0.974994705536,1.81313131313,0.969696969697,485.654600201,74319.3737064,12855611.0651,2.55555555556,-0.772727272727,56.7474747475,9.64140034297e-07,Class 4
0.622640546883,1596.21717172,115464.887438,1504.59065447,0.819205495182,1.0,4228.12728077,0.476571037274,0.521990538773,0.0050034193637,0.431210858082,0.235020104315,1.0,1.0,0.824206589556,14.2398989899,0.787878787879,4254.155705,702387.924186,125314764.053,15.3585858586,0.325757575758,664.707070707,5.94709828603e-06,Class 4
0.790990715233,1211.26262626,24887.0548872,880.63981798,0.894541410924,1.0,1881.04702733,0.259422831376,0.284302698982,0.00619430549776,0.242841525305,0.217508033628,1.0,1.0,0.896816047757,6.9696969697,0.888888888889,1887.77675929,280910.409353,46108372.1824,10.7777777778,0.893939393939,169.237373737,4.51285577941e-06,Class 4
0.809152127334,960.333333333,49860.0222865,817.47709702,0.914250765667,1.0,2303.24133338,0.234776463646,0.24997999878,0.00647927323065,0.197084536125,0.338203864722,1.0,1.0,0.915834911807,7.28787878788,0.89898989899,2309.57505475,399990.182547,74487739.2605,8.41414141414,-1.11022302463e-16,337.424242424,3.57795719898e-06,Class 4
0.901897765534,540.151515152,-0.00828913616562,270.03502,0.949499677548,1.0,538.952610363,0.116078848843,0.131282383978,0.00698783103087,0.116078848843,0.00431951480808,1.0,1.0,0.949978869786,2.61111111111,0.949494949495,539.988564848,55861.9670471,5780729.92689,5.22222222222,0.0,0.0,2.01246685405e-06,Class 4
0.352362003877,2699.6969697,601297.305695,3574.51584386,0.602734199384,1.0,11777.3441667,0.915079624934,1.01752724465,0.00272487316943,0.872294278097,0.475153897313,1.0,1.0,0.624408037582,32.8939393939,0.590909090909,11894.8534638,2349361.62299,491092727.898,25.7070707071,-0.611111111111,2299.3030303,1.00583827225e-05,Class 4
0.421589633711,2246.08080808,354711.522656,2599.26971066,0.690296054357,1.0,8389.7598597,0.762235664776,0.8512209297,0.00342314375407,0.696133311039,0.312007029028,1.0,1.0,0.703589680743,25.8585858586,0.646464646465,8466.40428454,1518290.36205,289642565.561,22.0202020202,-0.772727272727,1555.48484848,8.36832453672e-06,Class 4
0.82700744822,795.292929293,43371.240767,798.033599545,0.909845400859,1.0,1982.45155019,0.222837117429,0.240336044296,0.00640275042685,0.222837117429,0.326457233894,1.0,1.0,0.913037102265,6.34848484848,0.909090909091,1987.6640699,347928.212894,66548304.5446,7.42424242424,0.878787878788,298.191919192,2.9630587244e-06,Class 4
0.979951025406,107.161616162,-0.00795458880189,53.5727409594,0.989899941926,1.0,107.111190871,0.024522513609,0.0275632206359,0.007595230786,0.024522513609,0.000807568550043,1.0,1.0,0.989996114996,0.520202020202,0.989898989899,107.129347676,11032.6240221,1136187.88991,1.0404040404,0.0,0.0,3.99256864977e-07,Class 4
0.827109478625,891.303030303,14819.4145376,497.572346389,0.909900485434,1.0,1300.93814952,0.21356316553,0.236147641403,0.00640514176447,0.21356316553,0.180930824964,1.0,1.0,0.912130145637,5.25757575758,0.909090909091,1305.05548404,177959.272376,26959865.2599,8.50505050505,-0.510101010101,103.52020202,3.32076788658e-06,Class 4
0.854606672788,498.267676768,48116.4271485,556.548593232,0.927626956735,1.0,1831.08937565,0.196489789278,0.205611910359,0.00661677514372,0.196489789278,0.548429702972,1.0,1.0,0.930764598423,5.55808080808,0.924242424242,1835.07205601,333413.179934,64620770.589,4.93434343434,-0.260101010101,334.287878788,1.85641834895e-06,Class 4
0.873329252117,452.151515152,38677.2917107,442.196715076,0.938291136132,1.0,1541.20215383,0.169226050218,0.178348171299,0.00676304529472,0.169226050218,0.517747847154,1.0,1.0,0.940907008176,4.75757575758,0.934343434343,1544.09683505,275533.431681,52544638.747,4.39393939394,-0.535353535354,273.060606061,1.68460128636e-06,Class 4
0.764258749107,936.227272727,67105.1863487,875.954527576,0.887766058933,1.0,2673.33733671,0.304712181488,0.329037837703,0.00605122379692,0.283774996154,0.391287501678,1.0,1.0,0.891936380813,8.67929292929,0.873737373737,2683.28102066,461505.567082,85909548.6429,9.07575757576,-0.270202020202,436.898989899,3.4881441621e-06,Class 4
0.670747882869,1152.85353535,149324.043167,1347.36125106,0.849516444717,1.0,4623.77626455,0.436040463039,0.468340544469,0.00538204781998,0.388541247355,0.473693008838,1.0,1.0,0.855347762844,13.7803030303,0.818181818182,4646.76018732,851747.541726,165102584.411,11.0050505051,-1.01767676768,873.691919192,4.29523839589e-06,Class 4
0.687327823691,1589.15656566,53664.8405991,1184.28983376,0.833653596718,1.0,2915.57630996,0.408754136882,0.439715418541,0.00531509036666,0.405713429855,0.272516682092,1.0,1.0,0.837996175634,10.6691919192,0.828282828283,2932.186955,452973.937105,78081118.293,15.1262626263,0.522727272727,335.924242424,5.92079226768e-06,Class 4
0.911386593205,398.181818182,22866.9500714,367.86219803,0.956049271782,1.0,1063.11965618,0.117597508588,0.123678922642,0.0070599697157,0.117597508588,0.482809179783,1.0,1.0,0.958345880628,3.31818181818,0.954545454545,1064.45952444,186130.068304,34824726.4629,3.51515151515,0.010101010101,166.621212121,1.483523953e-06,Class 4
1.0,0.0,-0.00787401574803,6.103515625e-05,1.0,1.0,0.0,-0.0,-0.0,0.00775146484375,-0.0,nan,1.0,1.0,1.0,0.0,1.0,0.000244140625,-3.81469726562e-06,5.96046447754e-08,0.0,0.0,0.0,0.0,Class 4
0.960106111621,164.005050505,7868.6452082,171.434483384,0.98232463607,1.0,401.547863079,0.0520409700707,0.0550816770976,0.00744019239706,0.0520409700707,0.501016072517,1.0,1.0,0.982467635291,1.33585858586,0.979797979798,401.739985302,68670.2624486,12975047.1615,1.58080808081,0.275252525253,59.4545454545,6.11041011236e-07,Class 4
0.590705030099,1099.04040404,328339.057615,2257.99295876,0.807185916092,1.0,7824.32856905,0.574956255822,0.609551728984,0.00487070012586,0.489321792236,0.587239746881,1.0,1.0,0.818975325304,20.2878787879,0.767676767677,7869.38881737,1634377.48663,353147183.02,10.898989899,0.207070707071,1692.9040404,4.09474438626e-06,Class 4
0.845627997143,649.368686869,33212.5284281,568.68937606,0.92282215383,1.0,1573.72844418,0.183330833782,0.202874602628,0.00655021624667,0.183330833782,0.332840191961,1.0,1.0,0.925583775175,5.28535353535,0.919191919192,1577.24061662,269236.811637,51276895.8382,6.31818181818,0.0530303030303,232.050505051,2.41938219504e-06,Class 4
0.845423936333,674.328282828,33113.8292501,626.847283257,0.92640459523,1.0,1595.31924982,0.199833895601,0.213144419575,0.00661876792507,0.183179265305,0.378216453543,1.0,1.0,0.928900969362,5.35606060606,0.919191919192,1599.22609641,269281.316317,49953627.7416,6.43939393939,0.542929292929,231.308080808,2.51237528708e-06,Class 4
0.911386593205,270.449494949,30882.7469727,387.947267475,0.962614919069,1.0,1164.32377853,0.117597508588,0.123678922642,0.00713529685069,0.103901027819,0.56443483826,1.0,1.0,0.964215164954,3.43181818182,0.954545454545,1165.70999793,216702.215961,42692592.4493,2.66161616162,0.270202020202,223.868686869,1.00762587721e-06,Class 4
1.0,0.0,-0.00787401574803,6.103515625e-05,1.0,1.0,0.0,-0.0,-0.0,0.00775146484375,-0.0,nan,1.0,1.0,1.0,0.0,1.0,0.000244140625,-3.81469726562e-06,5.96046447754e-08,0.0,0.0,0.0,0.0,Class 4
0.488878685848,2520.36363636,172928.487952,2304.56311343,0.728425451097,1.0,5977.53746604,0.662664016319,0.731300751253,0.00394525246746,0.617357130229,0.254972645782,1.0,1.0,0.736552552617,20.2323232323,0.69696969697,6029.46299667,1001853.77364,181812705.852,23.7878787879,1.59090909091,877.590909091,9.39023243677e-06,Class 4
0.950260177533,132.196969697,27534.8287204,197.377112803,0.98003627606,1.0,950.97279556,0.0688239749156,0.0688239749156,0.00743979384079,0.0550816770976,0.926425143845,1.0,1.0,0.981238955169,2.33585858586,0.974747474747,951.46536409,206499.886546,46532345.0653,1.21717171717,-0.608585858586,204.853535354,4.92532210424e-07,Class 4
0.808897051321,1067.44444444,7486.98408387,610.904180353,0.899503733404,1.0,1270.37460302,0.234031148351,0.261397511593,0.0062636542887,0.234031148351,0.0811385459719,1.0,1.0,0.901160043387,5.56060606061,0.89898989899,1275.17795879,155630.672441,20689883.4674,10.1111111111,0.252525252525,52.0202020202,3.97702589501e-06,Class 4
0.950260177533,388.555555556,-0.00807784298272,234.339312929,0.974749120485,1.0,388.166558975,0.0627425608618,0.0688239749156,0.00736366959327,0.0627425608618,0.00244233907983,1.0,1.0,0.974949636068,1.56565656566,0.974747474747,388.457946161,48229.9806672,5992220.7036,3.13131313131,0.318181818182,0.0,1.44765895231e-06,Class 4
0.854912764004,584.691919192,69389.1039419,733.905206237,0.947074339479,1.0,2509.62543532,0.181286254144,0.193449082252,0.00691130822708,0.138874178203,0.448744959855,1.0,1.0,0.948002414651,6.39141414141,0.924242424242,2513.82805348,553960.513541,130667937.71,5.17676767677,-0.320707070707,482.383838384,2.1784130456e-06,Class 4
0.590705030099,1354.16161616,300832.362879,2355.71888995,0.781211198529,1.0,7584.97380563,0.575701571117,0.609551728984,0.00456181901679,0.562391047143,0.605750508888,1.0,1.0,0.792957453159,19.9949494949,0.767676767677,7629.43742848,1566310.54286,336818846.617,12.9191919192,0.909090909091,1569.13131313,5.04526098903e-06,Class 4
0.453372104887,1578.08585859,568000.396948,3196.68519361,0.735688447993,1.0,11018.9565312,0.769291860385,0.841523513736,0.00384959896272,0.620523323573,0.55246505786,1.0,1.0,0.753981219137,28.946969697,0.671717171717,11105.6304525,2255224.21451,474247553.415,14.7525252525,0.255050505051,2382.33838384,5.8795456352e-06,Class 4
0.87338026732,592.277777778,41499.9361061,637.643369116,0.940003609852,1.0,1767.06868008,0.172266757245,0.175307464272,0.00676304529472,0.169226050218,0.433521950781,1.0,1.0,0.941687597095,5.02272727273,0.934343434343,1770.18632369,353003.696984,76739663.7818,5.22727272727,0.35101010101,294.555555556,2.20667602096e-06,Class 4
0.930721354964,476.419191919,-0.00816157637054,197.452949293,0.964649190542,1.0,475.71460353,0.0871522957247,0.0962744168054,0.00721142109821,0.0871522957247,0.00327460955448,1.0,1.0,0.964952622337,2.04292929293,0.964646464646,476.291752979,55979.1506371,6627117.50937,4.08585858586,-0.320707070707,0.0,1.77501646386e-06,Class 4
0.960106111621,247.080808081,-0.00803640612508,123.52302505,0.979799642428,1.0,246.864440255,0.0490002630438,0.0550816770976,0.00744059095333,0.0490002630438,0.00162405456445,1.0,1.0,0.979979459435,1.11616161616,0.979797979798,247.01129212,27381.2581021,3040190.54183,2.23232323232,-5.55111512313e-17,0.0,9.2056010691e-07,Class 4
0.921130496888,355.590909091,6891.35593065,254.526102702,0.962124727828,1.0,558.77579766,0.0947789067379,0.103901027819,0.00713728963204,0.0947789067379,0.18706044938,1.0,1.0,0.962470286244,2.2803030303,0.959595959596,559.489038333,76652.573649,11816428.6319,3.55050505051,0.255050505051,51.0101010101,1.32484108269e-06,Class 4
0.854759718396,666.606060606,22107.4116137,434.697425303,0.929492856942,1.0,1287.67018992,0.177097851251,0.196489789278,0.00662036215015,0.177097851251,0.304041907975,1.0,1.0,0.930713814341,4.70202020202,0.924242424242,1290.67606485,197638.017932,33366827.6725,6.36363636364,-0.525252525253,156.090909091,2.48360425557e-06,Class 4
0.83629221508,865.525252525,7294.22842846,484.189454975,0.914446110361,1.0,1067.86925748,0.197084536125,0.220664877046,0.00647688189303,0.197084536125,0.0737514138004,1.0,1.0,0.915927310698,4.68686868687,0.914141414141,1071.23256737,131446.81952,17755288.6509,8.37373737374,-2.22044604925e-16,51.5,3.22472645766e-06,Class 4
0.979951025406,130.247474747,-0.00795479656475,130.229622273,0.989899776181,1.0,130.185033963,0.0275632206359,0.0275632206359,0.00759483222973,0.0275632206359,nan,1.0,1.0,0.989987290835,0.573232323232,0.989898989899,130.211891868,14805.0722532,1684926.61849,1.14646464646,0.573232323232,0.0,4.85268889193e-07,Class 4
1.0,0.0,-0.00787401574803,6.103515625e-05,1.0,1.0,0.0,-0.0,-0.0,0.00775146484375,-0.0,nan,1.0,1.0,1.0,0.0,1.0,0.000244140625,-3.81469726562e-06,5.96046447754e-08,0.0,0.0,0.0,0.0,Class 4
0.921028466483,470.661616162,-0.00820387735953,220.967074924,0.959599500742,1.0,469.794609812,0.100860320792,0.109982441872,0.00713569540696,0.100860320792,0.00328443744317,1.0,1.0,0.959969824734,2.17424242424,0.959595959596,470.525970151,51232.5015239,5614978.30459,4.34848484848,-0.0631313131313,0.0,1.75356520427e-06,Class 4
0.950260177533,258.676767677,-0.00807784298272,156.627507374,0.974749941753,1.0,258.360020106,0.0627425608618,0.0688239749156,0.00736366959327,0.0627425608618,0.00244233907983,1.0,1.0,0.974994614307,1.27777777778,0.974747474747,258.597150706,26177.0986167,2650417.38078,2.55555555556,0.262626262626,0.0,9.63763696409e-07,Class 4
0.662381389654,1028.74242424,204475.629247,1726.29259576,0.827218723078,1.0,5671.5214077,0.460994869226,0.488915443858,0.00512298624463,0.441602931198,0.57478380545,1.0,1.0,0.837109219338,15.3813131313,0.813131313131,5698.71062924,1148194.55244,243576354.922,10.2171717172,0.482323232323,1167.73232323,3.83283203337e-06,Class 4
1.0,0.0,-0.00787401574803,6.103515625e-05,1.0,1.0,0.0,-0.0,-0.0,0.00775146484375,-0.0,nan,1.0,1.0,1.0,0.0,1.0,0.000244140625,-3.81469726562e-06,5.96046447754e-08,0.0,0.0,0.0,0.0,Class 4
1.0,0.0,-0.00787401574803,6.103515625e-05,1.0,1.0,0.0,-0.0,-0.0,0.00775146484375,-0.0,nan,1.0,1.0,1.0,0.0,1.0,0.000244140625,-3.81469726562e-06,5.96046447754e-08,0.0,0.0,0.0,0.0,Class 4
0.729619426589,1070.36868687,75314.9408211,1064.11085649,0.868589502921,1.0,2965.15880595,0.342838893355,0.375693186175,0.00564947907699,0.328228842697,0.343409491843,1.0,1.0,0.872143967114,9.85101010101,0.853535353535,2977.93506106,501434.551437,91576708.0437,10.4898989899,0.512626262626,477.045454545,3.98792087686e-06,Class 4
0.662738496072,872.424242424,189446.719866,1584.47015258,0.855653143824,1.0,5155.62718513,0.42221099317,0.46952350583,0.00533182972999,0.356257356281,0.505642049187,1.0,1.0,0.862291721635,14.7525252525,0.813131313131,5179.44184768,978451.727414,193120144.998,8.81818181818,0.737373737374,1076.98484848,3.25043033538e-06,Class 4
0.591419242934,1893.10606061,176917.252295,1739.32108376,0.787277454378,1.0,5756.56234815,0.537913560109,0.57266086409,0.00468935702312,0.507270785291,0.441971323003,1.0,1.0,0.79591418654,17.3156565657,0.767676767677,5792.44831864,1072094.08494,213610529.528,17.2373737374,-1.65909090909,975.106060606,7.05323060532e-06,Class 4
0.670645852464,787.585858586,230930.106746,1764.32195182,0.866050443149,1.0,5949.17524481,0.442715361569,0.470635936202,0.00551675983916,0.359585565802,0.602108040669,1.0,1.0,0.874428886868,15.8232323232,0.818181818182,5976.01129212,1193540.8614,247164004.73,7.41414141414,0.747474747475,1297.35353535,2.93434414357e-06,Class 4
0.401234567901,1252.63131313,800074.106893,3720.47457177,0.715614630244,1.0,12998.1957939,0.842828932449,0.934074487812,0.0035044492331,0.642466594576,0.576729577984,1.0,1.0,0.734927798967,33.3156565657,0.631313131313,13107.7210459,2716699.91567,580191983.766,12.8939393939,1.28535353535,2964.29292929,4.66698496128e-06,Class 4
0.864146515662,837.853535354,-0.00846414719896,418.359357121,0.929299053281,1.0,835.400467386,0.161578930933,0.179823173095,0.00669409506005,0.161578930933,0.00624031123752,1.0,1.0,0.929942811174,3.83585858586,0.929292929293,837.614038333,92061.615069,10182998.1694,7.67171717172,-0.00252525252525,0.0,3.12162869335e-06,Class 4
0.930721354964,203.580808081,21815.605855,315.426513055,0.965872776515,1.0,845.114701108,0.0932337097785,0.0962744168054,0.00721062398567,0.0932337097785,0.750924270175,1.0,1.0,0.96781218336,2.57323232323,0.964646464646,845.905073686,152798.218175,29327732.0287,2.10606060606,0.517676767677,160.621212121,7.58490195606e-07,Class 4
1.0,0.0,-0.00787401574803,6.103515625e-05,1.0,1.0,0.0,-0.0,-0.0,0.00775146484375,-0.0,nan,1.0,1.0,1.0,0.0,1.0,0.000244140625,-3.81469726562e-06,5.96046447754e-08,0.0,0.0,0.0,0.0,Class 4
1.0,0.0,-0.00787401574803,6.103515625e-05,1.0,1.0,0.0,-0.0,-0.0,0.00775146484375,-0.0,nan,1.0,1.0,1.0,0.0,1.0,0.000244140625,-3.81469726562e-06,5.96046447754e-08,0.0,0.0,0.0,0.0,Class 4
0.873635343332,778.156565657,-0.00841935840701,414.778785783,0.934349097063,1.0,776.10195918,0.145645709298,0.163889951459,0.00676902363877,0.145645709298,0.00638763081996,1.0,1.0,0.934946079223,3.56313131313,0.934343434343,777.93411409,85494.6553892,9462614.32822,7.12626262626,0.255050505051,0.0,2.89921300176e-06,Class 4
0.622640546883,1596.21717172,115464.887438,1504.59065447,0.819205495182,1.0,4228.12728077,0.476571037274,0.521990538773,0.0050034193637,0.431210858082,0.235020104315,1.0,1.0,0.824206589556,14.2398989899,0.787878787879,4254.155705,702387.924186,125314764.053,15.3585858586,0.325757575758,664.707070707,5.94709828603e-06,Class 4
0.421589633711,2246.08080808,354711.522656,2599.26971066,0.690296054357,1.0,8389.7598597,0.762235664776,0.8512209297,0.00342314375407,0.696133311039,0.312007029028,1.0,1.0,0.703589680743,25.8585858586,0.646464646465,8466.40428454,1518290.36205,289642565.561,22.0202020202,-0.772727272727,1555.48484848,8.36832453672e-06,Class 4
0.82700744822,795.292929293,43371.240767,798.033599545,0.909845400859,1.0,1982.45155019,0.222837117429,0.240336044296,0.00640275042685,0.222837117429,0.326457233894,1.0,1.0,0.913037102265,6.34848484848,0.909090909091,1987.6640699,347928.212894,66548304.5446,7.42424242424,0.878787878788,298.191919192,2.9630587244e-06,Class 4
0.729313335374,431.131313131,205649.7374,1438.27965384,0.891790721388,1.0,5276.68513973,0.363530358067,0.392044417175,0.00591850455909,0.292146972808,0.723273636308,1.0,1.0,0.900292679029,13.4292929293,0.853535353535,5295.24172141,1089566.89719,229494750.696,4.49494949495,0.030303030303,1216.23737374,1.60628537194e-06,Class 4
0.854606672788,498.267676768,48116.4271485,556.548593232,0.927626956735,1.0,1831.08937565,0.196489789278,0.205611910359,0.00661677514372,0.196489789278,0.548429702972,1.0,1.0,0.930764598423,5.55808080808,0.924242424242,1835.07205601,333413.179934,64620770.589,4.93434343434,-0.260101010101,334.287878788,1.85641834895e-06,Class 4
0.764258749107,936.227272727,67105.1863487,875.954527576,0.887766058933,1.0,2673.33733671,0.304712181488,0.329037837703,0.00605122379692,0.283774996154,0.391287501678,1.0,1.0,0.891936380813,8.67929292929,0.873737373737,2683.28102066,461505.567082,85909548.6429,9.07575757576,-0.270202020202,436.898989899,3.4881441621e-06,Class 4
1.0,0.0,-0.00787401574803,6.103515625e-05,1.0,1.0,0.0,-0.0,-0.0,0.00775146484375,-0.0,nan,1.0,1.0,1.0,0.0,1.0,0.000244140625,-3.81469726562e-06,5.96046447754e-08,0.0,0.0,0.0,0.0,Class 4
0.960106111621,164.005050505,7868.6452082,171.434483384,0.98232463607,1.0,401.547863079,0.0520409700707,0.0550816770976,0.00744019239706,0.0520409700707,0.501016072517,1.0,1.0,0.982467635291,1.33585858586,0.979797979798,401.739985302,68670.2624486,12975047.1615,1.58080808081,0.275252525253,59.4545454545,6.11041011236e-07,Class 4
0.428680746863,1646.15151515,503754.264453,2903.23672455,0.715483143813,1.0,9958.26988385,0.735222840939,0.828548339574,0.00360568252562,0.620902620532,0.449368831837,1.0,1.0,0.730658780686,28.0606060606,0.651515151515,10038.4989815,1930311.55578,387688701.499,16.6262626263,-0.217171717172,2098.52525253,6.13314092077e-06,Class 4
0.721252933374,1341.90909091,42461.6830752,971.580553459,0.852392592177,1.0,2423.12242461,0.342221911409,0.376969215389,0.00558172451113,0.345262618436,0.248866022454,1.0,1.0,0.855832701199,9.13131313131,0.848484848485,2434.93458757,366231.596548,61756520.7056,13.1414141414,0.262626262626,273.398989899,4.99961120326e-06,Class 4
0.598663401694,811.621212121,343036.680342,1829.38318919,0.813122440021,1.0,7753.96339967,0.556248308328,0.590250297014,0.00481809069825,0.47027417476,0.692655118658,1.0,1.0,0.825939078771,20.1691919192,0.772727272727,7797.26997268,1588162.78151,333009264.207,8.42929292929,-2.99242424242,1746.72727273,3.02389374393e-06,Class 4
0.141363126212,2310.0,2573417.99137,6010.08931293,0.459538765856,1.0,21023.1450319,1.27698962285,1.49522390261,0.0013582237204,1.04178046884,0.405349791515,1.0,1.0,0.501535274374,55.6313131313,0.368686868687,21302.2000547,4295108.06476,891781510.883,23.6161616162,1.0404040404,4748.91919192,8.60647115201e-06,Class 4
0.755688195082,727.545454545,102034.247742,1116.40583755,0.893833575763,1.0,3301.68546283,0.313459885251,0.334151349963,0.00605401369081,0.272950967817,0.490789938807,1.0,1.0,0.898382267191,9.84343434343,0.868686868687,3313.31432242,608358.17903,118021244.023,7.32323232323,1.03535353535,646.595959596,2.71064890317e-06,Class 4
0.729619426589,1070.36868687,75314.9408211,1064.11085649,0.868589502921,1.0,2965.15880595,0.342838893355,0.375693186175,0.00564947907699,0.328228842697,0.343409491843,1.0,1.0,0.872143967114,9.85101010101,0.853535353535,2977.93506106,501434.551437,91576708.0437,10.4898989899,0.512626262626,477.045454545,3.98792087686e-06,Class 4
0.940465258647,250.464646465,18191.2440674,131.264896894,0.970902958906,1.0,791.027422824,0.0825549078823,0.0825549078823,0.00728634967693,0.0825549078823,0.889682447959,1.0,1.0,0.972402404744,2.29292929293,0.969696969697,791.634713838,153278.807964,32157022.0865,2.28282828283,-1.14141414141,135.328282828,9.33167426145e-07,Class 4
0.101112131415,4184.34343434,2184677.58333,6318.25369109,0.367548148395,1.0,20335.0149572,1.40467665514,1.62365207839,0.000907058023017,1.29777928495,0.358114150351,1.0,1.0,0.395117325903,56.404040404,0.308080808081,20646.4345876,4113020.56021,864257473.99,40.8080808081,1.06060606061,4116.4040404,1.55897969947e-05,Class 4
0.242271196817,1206.72222222,2173172.77685,6219.03651937,0.662869501108,1.0,21765.0096675,0.999386442914,1.10717433318,0.00297038383161,0.727071071035,0.591146544277,1.0,1.0,0.687653622046,51.7702020202,0.474747474747,21967.729253,4867603.90909,1106664750.27,13.2373737374,3.43181818182,5191.06060606,4.49593939136e-06,Class 4
0.940465258647,267.439393939,7800.28242829,217.78044298,0.969893620863,1.0,500.19353612,0.0795142008554,0.0825549078823,0.0072867482332,0.0795142008554,0.335240460456,1.0,1.0,0.970782391715,1.84090909091,0.969696969697,500.657914595,77743.6956379,13636003.1795,2.62121212121,0.255050505051,58.3333333333,9.9641100816e-07,Class 4
0.720742781349,695.46969697,167840.883189,1353.34057556,0.878191603275,1.0,4692.76519426,0.387239032336,0.405483274498,0.00577741563959,0.330532369279,0.600497489409,1.0,1.0,0.885752162262,12.7853535354,0.848484848485,4711.62035146,921185.149328,186666223.627,6.76262626263,0.00757575757576,1004.23737374,2.59114280695e-06,Class 4
0.950260177533,210.439393939,6917.72495789,210.280995379,0.974943670153,1.0,418.019368571,0.0688239749156,0.0688239749156,0.00736287248073,0.0688239749156,0.501426266563,1.0,1.0,0.975785481962,1.54292929293,0.974747474747,418.343204999,63708.7464956,10767622.4541,2.08585858586,0.517676767677,52.0,7.84043538176e-07,Class 4
0.83629221508,865.525252525,7294.22842846,484.189454975,0.914446110361,1.0,1067.86925748,0.197084536125,0.220664877046,0.00647688189303,0.197084536125,0.0737514138004,1.0,1.0,0.915927310698,4.68686868687,0.914141414141,1071.23256737,131446.81952,17755288.6509,8.37373737374,-2.22044604925e-16,51.5,3.22472645766e-06,Class 4
0.921028466483,477.646464646,-0.00820409838758,305.820373535,0.95959943295,1.0,476.772326759,0.100860320792,0.109982441872,0.00713569540696,0.100860320792,0.00410389455226,1.0,1.0,0.959966419999,2.19191919192,0.959595959596,477.509713838,52245.1791855,5741516.28989,4.38383838384,0.580808080808,0.0,1.77958896919e-06,Class 4
0.94051627385,376.303030303,10891.8341285,315.859593863,0.974749177221,1.0,701.453794533,0.0795142008554,0.0795142008554,0.007363271037,0.0657832678887,0.233895234608,1.0,1.0,0.974953017032,2.18181818182,0.969696969697,702.005294646,128747.908495,26647943.0354,3.08080808081,0.343434343434,81.4595959596,1.40200916654e-06,Class 4
0.130547903275,4054.94444444,1800595.40775,5662.00889942,0.382121214526,1.0,19145.8850191,1.34877539077,1.5329398924,0.00104814694252,1.27689982286,0.411069912022,1.0,1.0,0.411911512936,52.9267676768,0.353535353535,19426.3034323,3876390.16804,815370078.707,39.3888888889,-1.77525252525,3843.66666667,1.51076893438e-05,Class 4
0.808897051321,863.535353535,41239.7762741,738.436929722,0.9060536986,1.0,1978.92666175,0.24997999878,0.263290522754,0.00633140885457,0.23641468497,0.302088200868,1.0,1.0,0.909547800782,6.69191919192,0.89898989899,1985.13755475,329678.229811,60011877.3338,8.13131313131,0.257575757576,280.505050505,3.21731260127e-06,Class 4
0.864809713295,662.676767677,7179.83661315,459.559956868,0.934349940229,1.0,866.60682861,0.142529927628,0.159131708382,0.00677699476417,0.128892097725,0.142905657297,1.0,1.0,0.934990576918,3.80808080808,0.929292929293,868.519814848,108168.504785,15092095.0143,6.59595959596,0.762626262626,51.5202020202,2.46896471174e-06,Class 4
0.510356086114,2001.79292929,199453.949295,2074.30056609,0.750609302211,1.0,6005.22933709,0.617862652508,0.683256819774,0.00423141586916,0.552832598432,0.282615648478,1.0,1.0,0.758661804594,19.648989899,0.712121212121,6052.18127318,1038446.5126,192769340.0,19.8737373737,0.55303030303,1012.9040404,7.4581701724e-06,Class 4
0.864809713295,662.676767677,7179.83661315,459.559956868,0.934349940229,1.0,866.60682861,0.142529927628,0.159131708382,0.00677699476417,0.128892097725,0.142905657297,1.0,1.0,0.934990576918,3.80808080808,0.929292929293,868.519814848,108168.504785,15092095.0143,6.59595959596,0.762626262626,51.5202020202,2.46896471174e-06,Class 4
0.622538516478,860.717171717,301647.683302,1994.03943919,0.84572854921,1.0,7210.33488641,0.49217695298,0.536046378041,0.00526208238278,0.383569251691,0.596413730744,1.0,1.0,0.856378740577,18.7777777778,0.787878787879,7245.88723909,1475630.14982,309813813.743,8.35353535354,-0.287878787879,1596.58585859,3.20681277421e-06,Class 4
0.979951025406,99.0,-0.00795458880189,49.4922485352,0.989900020404,1.0,98.9515563265,0.024522513609,0.0275632206359,0.007595230786,0.024522513609,0.000807568550043,1.0,1.0,0.99,0.5,0.989898989899,98.9689941406,9796.36010361,969686.582504,1.0,0.0,0.0,3.68848763658e-07,Class 4
0.979951025406,99.0,-0.00795458880189,49.4922485352,0.989900020404,1.0,98.9515563265,0.024522513609,0.0275632206359,0.007595230786,0.024522513609,0.000807568550043,1.0,1.0,0.99,0.5,0.989898989899,98.9689941406,9796.36010361,969686.582504,1.0,0.0,0.0,3.68848763658e-07,Class 4
0.455871849811,2328.22727273,251563.407003,2488.53383629,0.707807847363,1.0,7045.93591709,0.683294441583,0.768458582892,0.00375235123289,0.619321262709,0.263313537468,1.0,1.0,0.718357311416,22.7398989899,0.671717171717,7106.20021257,1235119.55548,231849285.269,22.8737373737,1.2803030303,1194.84848485,8.67438132383e-06,Class 4
0.83608815427,643.47979798,50770.6788887,748.986724545,0.924765762981,1.0,2033.73757687,0.223705584073,0.232827705154,0.00661637658745,0.199530496305,0.526502446751,1.0,1.0,0.927337980304,6.22474747475,0.914141414141,2038.86877318,371354.080532,73047367.368,6.11616161616,0.770202020202,348.944444444,2.3974416962e-06,Class 4
0.630190796857,1271.9040404,173890.025786,1419.78683503,0.821284383477,1.0,5147.25014038,0.480944986449,0.533039386478,0.00506121002281,0.439138077326,0.424702774825,1.0,1.0,0.829520998837,15.4873737374,0.792929292929,5175.8454146,943420.576739,182139693.445,12.4696969697,-1.84090909091,976.227272727,4.73879023024e-06,Class 4
0.82700744822,632.196969697,59222.8505177,845.052065454,0.912345907501,1.0,2236.46092632,0.237295337269,0.240336044296,0.00640035908924,0.237295337269,0.619757373395,1.0,1.0,0.915922547917,6.7196969697,0.909090909091,2242.36309136,413381.803637,81604296.4079,6.16666666667,1.26515151515,402.646464646,2.35540475415e-06,Class 4
0.82700744822,632.196969697,59222.8505177,845.052065454,0.912345907501,1.0,2236.46092632,0.237295337269,0.240336044296,0.00640035908924,0.237295337269,0.619757373395,1.0,1.0,0.915922547917,6.7196969697,0.909090909091,2242.36309136,413381.803637,81604296.4079,6.16666666667,1.26515151515,402.646464646,2.35540475415e-06,Class 4
0.606774818896,1796.35353535,111209.67724,1464.0673748,0.798970704552,1.0,4309.21069004,0.510463323136,0.558369320272,0.00487468568856,0.470675169502,0.27110062233,1.0,1.0,0.805543860094,14.7070707071,0.777777777778,4338.0608502,711587.985397,127150829.891,17.1919191919,-0.590909090909,635.656565657,6.69275535967e-06,Class 4
0.921028466483,395.863636364,7451.65736554,280.882715707,0.962124394366,1.0,615.513037002,0.100860320792,0.109982441872,0.00713569540696,0.100860320792,0.252773896409,1.0,1.0,0.962453149726,2.39646464646,0.959595959596,616.32016207,88086.5054795,14096873.1905,3.74242424242,0.265151515152,55.1515151515,1.47488699848e-06,Class 4
0.647076828895,1364.2020202,115717.419229,1524.41309765,0.829234135171,1.0,4051.04908549,0.43725299905,0.476630359581,0.0051365371578,0.399033032821,0.320972912374,1.0,1.0,0.834658374357,13.3585858586,0.80303030303,4073.38755475,689819.545448,126158585.624,13.5050505051,1.58080808081,677.505050505,5.08266897506e-06,Class 4
0.827109478625,711.555555556,41676.4469554,669.481516212,0.912438408784,1.0,1852.20761733,0.219644579583,0.236147641403,0.00640514176447,0.21545617669,0.419474284939,1.0,1.0,0.916032780759,6.09595959596,0.909090909091,1857.13439818,319572.432853,60358201.5781,6.9595959596,0.262626262626,286.48989899,2.65107461556e-06,Class 4
0.560555045404,1616.66666667,282868.346734,2087.488145,0.780311476155,1.0,7368.32724891,0.613826325959,0.644787607618,0.00451359370815,0.533217840177,0.496190785397,1.0,1.0,0.79362131668,20.4747474747,0.747474747475,7416.94279465,1462613.0988,305441000.766,14.8585858586,-1.61111111111,1450.38888889,6.02328789138e-06,Class 4
0.721252933374,1341.90909091,42461.6830752,971.580553459,0.852392592177,1.0,2423.12242461,0.342221911409,0.376969215389,0.00558172451113,0.345262618436,0.248866022454,1.0,1.0,0.855832701199,9.13131313131,0.848484848485,2434.93458757,366231.596548,61756520.7056,13.1414141414,0.262626262626,273.398989899,4.99961120326e-06,Class 4
0.695541271299,1430.63131313,62496.6136347,1154.28691394,0.842811169331,1.0,2979.36178787,0.396667503388,0.433558368282,0.00538005503863,0.392479100494,0.239191200746,1.0,1.0,0.846675979704,10.5631313131,0.833333333333,2995.3046949,479836.372556,85459703.4397,13.7929292929,0.492424242424,391.333333333,5.33016758685e-06,Class 4
0.687735945312,1104.37373737,113915.094606,1269.8062479,0.850501544779,1.0,3830.64009228,0.395228164448,0.423364187541,0.00545498361734,0.352091319635,0.359027812477,1.0,1.0,0.857259096898,12.1212121212,0.828282828283,3848.88913303,674310.474665,126455344.452,10.9595959596,0.282828282828,686.318181818,4.11461502673e-06,Class 4
0.970003060912,151.525252525,-0.00799581263183,6.103515625e-05,0.984850000151,1.0,151.40172395,0.0413280730106,0.0413280730106,0.00751711375713,0.0413280730106,nan,1.0,1.0,0.984998509655,0.757575757576,0.984848484848,151.478148181,15147.4438142,1514810.64871,1.51515151515,-0.757575757576,0.0,5.64544465221e-07,Class 4
0.738138965412,786.96969697,110827.163544,1169.92801242,0.885244297748,1.0,3534.49316033,0.336767997959,0.366429752934,0.00591970022789,0.283024851728,0.469158173931,1.0,1.0,0.89130927136,10.5909090909,0.858585858586,3547.98477697,646810.945434,124474168.613,7.83838383838,0.808080808081,690.419191919,2.93204848246e-06,Class 4
0.662738496072,872.424242424,189446.719866,1584.47015258,0.855653143824,1.0,5155.62718513,0.42221099317,0.46952350583,0.00533182972999,0.356257356281,0.505642049187,1.0,1.0,0.862291721635,14.7525252525,0.813131313131,5179.44184768,978451.727414,193120144.998,8.81818181818,0.737373737374,1076.98484848,3.25043033538e-06,Class 4
0.940567289052,320.934343434,-0.00811927946892,100.994379217,0.969699847714,1.0,320.500592285,0.0703920797747,0.0764734938285,0.00728874101455,0.0703920797747,0.00366968299433,1.0,1.0,0.96998923829,1.55808080808,0.969696969697,320.837207524,33089.7110064,3418169.08465,3.11616161616,-0.54797979798,0.0,1.19571955344e-06,Class 4
0.790888684828,797.388888889,56764.1413406,855.708552197,0.901819465713,1.0,2300.48811545,0.26605845682,0.288491101875,0.00619191416015,0.252517857776,0.415182656211,1.0,1.0,0.90536202979,7.53787878788,0.888888888889,2307.96852066,394410.030214,73091104.1284,7.83333333333,0.775252525253,377.762626263,2.97086773556e-06,Class 4
0.979951025406,101.01010101,-0.00795458880189,50.4972201261,0.989899999899,1.0,100.961161932,0.024522513609,0.0275632206359,0.007595230786,0.024522513609,0.000807568550043,1.0,1.0,0.9899989999,0.505050505051,0.989898989899,100.978779494,10096.2759885,1009469.84492,1.0101010101,0.0,0.0,3.76337887621e-07,Class 4
0.845627997143,649.368686869,33212.5284281,568.68937606,0.92282215383,1.0,1573.72844418,0.183330833782,0.202874602628,0.00655021624667,0.183330833782,0.332840191961,1.0,1.0,0.925583775175,5.28535353535,0.919191919192,1577.24061662,269236.811637,51276895.8382,6.31818181818,0.0530303030303,232.050505051,2.41938219504e-06,Class 4
1.0,0.0,-0.00787401574803,6.103515625e-05,1.0,1.0,0.0,-0.0,-0.0,0.00775146484375,-0.0,nan,1.0,1.0,1.0,0.0,1.0,0.000244140625,-3.81469726562e-06,5.96046447754e-08,0.0,0.0,0.0,0.0,Class 4
0.670594837262,1124.85353535,168315.902861,1517.36077758,0.86110131982,1.0,5014.30372926,0.444760203548,0.473676643228,0.00557694183589,0.362510995549,0.477355872652,1.0,1.0,0.866261793197,14.3308080808,0.818181818182,5038.70557874,963172.663429,194652425.625,10.5808080808,-0.244949494949,978.686868687,4.19091753344e-06,Class 4
0.921028466483,372.01010101,7239.04519302,264.798040833,0.964649826267,1.0,585.402143144,0.100860320792,0.109982441872,0.00721142109821,0.0871522957247,0.150685048265,1.0,1.0,0.9649878629,2.33333333333,0.959595959596,586.187744141,82292.7917664,13006845.7509,3.62626262626,0.252525252525,53.5808080808,1.38601480632e-06,Class 4
0.854606672788,560.545454545,39722.3716927,552.089391843,0.927882973108,1.0,1666.23824886,0.196489789278,0.205611910359,0.00661677514372,0.196489789278,0.456981072442,1.0,1.0,0.930758828059,5.29797979798,0.924242424242,1670.03275677,292645.123603,55383810.8696,5.46464646465,-0.0252525252525,277.454545455,2.08844947356e-06,Class 4
0.892306907458,551.282828283,7343.09154546,436.262766212,0.944526790187,1.0,763.525280182,0.140767189363,0.147996299283,0.00691130822708,0.140767189363,0.254660231837,1.0,1.0,0.945485203226,3.15656565657,0.944444444444,765.08578707,101736.566331,15120314.2327,5.31313131313,1.0404040404,53.5,2.05393928927e-06,Class 4
0.808897051321,573.585858586,70496.3169912,831.755821767,0.91235223399,1.0,2443.50408381,0.249234683486,0.263290522754,0.0063322059671,0.232628662649,0.487670267612,1.0,1.0,0.917004269221,7.43939393939,0.89898989899,2450.39386788,439929.520837,83543575.9163,5.75757575758,0.757575757576,469.318181818,2.13703469486e-06,Class 4
0.302724211815,1752.21717172,1094744.86413,4382.77034197,0.681704956479,1.0,15203.7639129,0.963866368306,1.05904977681,0.00302697882192,0.688713740669,0.512817827769,1.0,1.0,0.698562518629,39.845959596,0.545454545455,15353.9694676,3147224.24957,670067545.361,17.2777777778,1.03787878788,3401.06060606,6.52831451967e-06,Class 4
0.845423936333,674.328282828,33113.8292501,626.847283257,0.92640459523,1.0,1595.31924982,0.199833895601,0.213144419575,0.00661876792507,0.183179265305,0.378216453543,1.0,1.0,0.928900969362,5.35606060606,0.919191919192,1599.22609641,269281.316317,49953627.7416,6.43939393939,0.542929292929,231.308080808,2.51237528708e-06,Class 4
0.799816345271,830.060606061,59563.3766249,840.778943611,0.897329891476,1.0,2424.90206291,0.25859927183,0.277991209857,0.00619111704761,0.25859927183,0.465441712716,1.0,1.0,0.900652841584,7.43434343434,0.893939393939,2432.0608502,458145.764043,95367970.0037,8.12121212121,0.252525252525,400.616161616,3.09259422532e-06,Class 4
0.414141414141,1530.8989899,753586.885377,3775.00290194,0.698618365094,1.0,13113.0918754,0.82771156687,0.900497431611,0.00342553509168,0.690355558622,0.64129287591,1.0,1.0,0.719782614261,32.7626262626,0.641414141414,13218.8313679,2839218.57182,632354818.354,14.9494949495,0.671717171717,2922.49494949,5.703739391e-06,Class 4
0.720997857361,1235.06565657,104164.613454,1239.65410144,0.860360214721,1.0,3828.02386273,0.370887801335,0.390279739363,0.00571045818627,0.343997107879,0.399192684821,1.0,1.0,0.864672356631,11.2803030303,0.848484848485,3843.91643732,737285.905961,153915228.5,11.5909090909,-0.128787878788,652.388888889,4.60153980263e-06,Class 4
0.799663299663,1266.36363636,21071.968376,743.920042096,0.895151171188,1.0,1838.65527894,0.262787674723,0.287113330938,0.00618952282253,0.262787674723,0.189504288774,1.0,1.0,0.897299198713,6.70707070707,0.893939393939,1845.21741586,285233.000667,50262590.8404,11.0303030303,-0.292929292929,144.818181818,4.71814809711e-06,Class 4
0.773492500765,1079.24242424,33543.2185256,707.237119116,0.881459158681,1.0,1969.19424833,0.273092428822,0.299183609935,0.00598984613137,0.270051721795,0.249363700764,1.0,1.0,0.885109733188,7.34343434343,0.878787878788,1976.68269364,301429.291845,51692720.2483,10.4949494949,-0.535353535354,224.474747475,4.02098216029e-06,Class 4
0.590705030099,1099.04040404,328339.057615,2257.99295876,0.807185916092,1.0,7824.32856905,0.574956255822,0.609551728984,0.00487070012586,0.489321792236,0.587239746881,1.0,1.0,0.818975325304,20.2878787879,0.767676767677,7869.38881737,1634377.48663,353147183.02,10.898989899,0.207070707071,1692.9040404,4.09474438626e-06,Class 4
0.921028466483,203.641414141,30701.5129778,328.213444874,0.96063762039,1.0,1097.11821859,0.106941734846,0.109982441872,0.00713489829442,0.106941734846,0.667766160805,1.0,1.0,0.963421078372,3.13888888889,0.959595959596,1098.25355853,208880.065279,41750399.1699,2.12626262626,0.0126262626263,223.702020202,7.58715998339e-07,Class 4
0.950311192735,341.388888889,-0.0080780551626,275.715733384,0.97474935167,1.0,341.024609075,0.0627425608618,0.0657832678887,0.00736366959327,0.0627425608618,0.00325516559337,1.0,1.0,0.974963198578,1.46717171717,0.974747474747,341.297434797,39750.8732786,4635478.88356,2.93434343434,0.891414141414,0.0,1.27192797569e-06,Class 4
0.930721354964,476.419191919,-0.00816157637054,197.452949293,0.964649190542,1.0,475.71460353,0.0871522957247,0.0962744168054,0.00721142109821,0.0871522957247,0.00327460955448,1.0,1.0,0.964952622337,2.04292929293,0.964646464646,476.291752979,55979.1506371,6627117.50937,4.08585858586,-0.320707070707,0.0,1.77501646386e-06,Class 4
0.950260177533,388.555555556,-0.00807784298272,234.339312929,0.974749120485,1.0,388.166558975,0.0627425608618,0.0688239749156,0.00736366959327,0.0627425608618,0.00244233907983,1.0,1.0,0.974949636068,1.56565656566,0.974747474747,388.457946161,48229.9806672,5992220.7036,3.13131313131,0.318181818182,0.0,1.44765895231e-06,Class 4
0.873329252117,560.848484848,49771.1832617,631.684088813,0.937425883053,1.0,1962.43485733,0.178348171299,0.178348171299,0.00676184962592,0.178348171299,0.557974410758,1.0,1.0,0.939870388065,5.35353535354,0.934343434343,1965.8878704,398316.760364,86354822.1812,4.91919191919,1.11022302463e-16,351.343434343,2.08957848723e-06,Class 4
0.560299969391,703.232323232,441946.8256,2467.60919929,0.807456084626,1.0,9005.60243619,0.596881610482,0.658098131592,0.00459529774345,0.48127892708,0.628607491762,1.0,1.0,0.820741359062,23.1363636364,0.747474747475,9059.0390699,1843978.83881,383441553.628,7.34343434343,0.262626262626,2089.31313131,2.62006437362e-06,Class 4
0.970003060912,152.53030303,-0.00799539280899,102.009451818,0.984849989899,1.0,152.41535989,0.0382873659837,0.0413280730106,0.0075175123134,0.0382873659837,0.00161925738346,1.0,1.0,0.984998009605,0.760101010101,0.984848484848,152.483040858,15297.4017567,1534702.27991,1.5202020202,0.255050505051,0.0,5.68289027202e-07,Class 4
0.921079481686,269.595959596,25014.9221134,410.728596389,0.95996246313,1.0,1001.2566955,0.102753331952,0.106941734846,0.00713569540696,0.102753331952,0.751132757945,1.0,1.0,0.961606458087,2.96464646465,0.959595959596,1002.2796002,190439.337041,39125893.0227,2.74747474747,0.833333333333,183.217171717,1.00444582206e-06,Class 4
0.979951025406,105.090909091,-0.00795458880189,52.5374663382,0.989899960683,1.0,105.040979204,0.024522513609,0.0275632206359,0.007595230786,0.024522513609,0.000807568550043,1.0,1.0,0.989997057958,0.515151515152,0.989898989899,105.058956262,10714.3473417,1092696.01756,1.0303030303,0.0,0.0,3.91541938281e-07,Class 4
0.873329252117,310.651515152,53089.2669294,580.254795884,0.941137679986,1.0,1790.78838236,0.166185343191,0.178348171299,0.00676384240726,0.163144636165,0.608465520857,1.0,1.0,0.94495755932,5.15404040404,0.934343434343,1793.8649853,335446.394936,65501887.6138,3.17676767677,0.522727272727,370.883838384,1.15740835648e-06,Class 4
