0.663944636678,0.847058823529,6.71161010784,1.12132352941,0.915294117647,1.0,4.04088452522,0.272129691459,0.300141755326,0.144870242215,0.135483564135,0.353158690471,1.0,1.0,0.929411764706,0.441176470588,0.805882352941,3.81470588235,18.0073529412,95.2330882353,0.282352941176,-0.0176470588235,0.9,0.00376470588235,Class 1
0.442698961938,1.48235294118,22.9758053082,2.22426470588,0.851764705882,1.0,8.03094019218,0.402397362141,0.451246363332,0.118711072664,0.194299687378,0.303108799869,1.0,1.0,0.876470588235,0.9,0.617647058824,7.76764705882,38.7073529412,205.633088235,0.494117647059,-0.0352941176471,1.95882352941,0.00658823529412,Class 1
0.754256055363,0.952941176471,1.35063533644,0.636029411765,0.904705882353,1.0,1.85242732403,0.202887725369,0.234477050051,0.140164359862,0.146712859852,0.105886153727,1.0,1.0,0.920588235294,0.247058823529,0.864705882353,1.76764705882,6.43970588235,31.1036764706,0.317647058824,-0.0176470588235,0.264705882353,0.00423529411765,Class 1
0.813425605536,0.635294117647,1.28599478591,0.503676470588,0.936470588235,1.0,1.59211896181,0.167491192617,0.188312596446,0.154697231834,0.110813658488,0.202353683697,1.0,1.0,0.947058823529,0.194117647059,0.9,1.55588235294,5.88382352941,29.7272058824,0.211764705882,-0.0176470588235,0.264705882353,0.00282352941176,Class 1
0.663944636678,0.847058823529,6.71161010784,1.12132352941,0.915294117647,1.0,4.04088452522,0.272129691459,0.300141755326,0.144870242215,0.135483564135,0.353158690471,1.0,1.0,0.929411764706,0.441176470588,0.805882352941,3.81470588235,18.0073529412,95.2330882353,0.282352941176,-0.0176470588235,0.9,0.00376470588235,Class 1
0.754256055363,0.952941176471,1.35063533644,0.636029411765,0.904705882353,1.0,1.85242732403,0.202887725369,0.234477050051,0.140164359862,0.146712859852,0.105886153727,1.0,1.0,0.920588235294,0.247058823529,0.864705882353,1.76764705882,6.43970588235,31.1036764706,0.317647058824,-0.0176470588235,0.264705882353,0.00423529411765,Class 1
0.438892733564,0.952941176471,39.4476679559,2.88602941176,0.904705882353,1.0,10.7717292715,0.39936466526,0.430953989942,0.140164359862,0.146712859852,0.497013341446,1.0,1.0,0.920588235294,1.11176470588,0.576470588235,10.4147058824,54.4308823529,294.838970588,0.317647058824,0.0176470588235,2.85882352941,0.00423529411765,Class 1
0.53384083045,1.16470588235,14.3255226445,1.73897058824,0.883529411765,1.0,6.25162942242,0.350710842664,0.389435101638,0.131167820069,0.16731931634,0.33919215924,1.0,1.0,0.902941176471,0.688235294118,0.705882352941,5.96764705882,29.3367647059,155.815441176,0.388235294118,-0.0176470588235,1.48235294118,0.00517647058824,Class 1
0.442698961938,1.48235294118,22.9758053082,2.22426470588,0.851764705882,1.0,8.03094019218,0.402397362141,0.451246363332,0.118711072664,0.194299687378,0.303108799869,1.0,1.0,0.876470588235,0.9,0.617647058824,7.76764705882,38.7073529412,205.633088235,0.494117647059,-0.0352941176471,1.95882352941,0.00658823529412,Class 1
0.674809688581,0.688235294118,7.62322154729,1.07720588235,0.931176470588,1.0,4.30465045782,0.265267180664,0.285766245545,0.152188581315,0.117287103683,0.468598030006,1.0,1.0,0.942647058824,0.45,0.811764705882,4.06176470588,19.6882352941,105.309558824,0.229411764706,-0.0441176470588,1.00588235294,0.00305882352941,Class 1
0.494602076125,1.32352941176,17.0904182505,1.82720588235,0.867647058824,1.0,6.88068899596,0.373579122684,0.415310875092,0.124783737024,0.181349741726,0.327889794778,1.0,1.0,0.889705882353,0.767647058824,0.670588235294,6.60294117647,32.5529411765,172.650735294,0.441176470588,-0.0617647058824,1.64117647059,0.00588235294118,Class 1
0.372456747405,1.69411764706,37.5649975719,2.88602941176,0.830588235294,1.0,10.4227695055,0.440873776247,0.496897903982,0.111098615917,0.210048255322,0.288644060227,1.0,1.0,0.858823529412,1.16470588235,0.517647058824,10.2029411765,51.8102941176,276.521323529,0.564705882353,-0.0352941176471,2.64705882353,0.00752941176471,Class 1
0.637162629758,1.05882352941,6.3928076463,1.16544117647,0.894117647059,1.0,4.002195878,0.287398553045,0.322557951819,0.135596885813,0.157306046251,0.269581334926,1.0,1.0,0.911764705882,0.458823529412,0.788235294118,3.77941176471,17.3985294118,90.7683823529,0.352941176471,-0.0176470588235,0.847058823529,0.00470588235294,Class 1
0.563114186851,2.22352941176,1.19618717504,1.16544117647,0.777647058824,1.0,2.64496615627,0.288278338307,0.362650454883,0.0944896193772,0.24280570778,0.000270353677026,1.0,1.0,0.814705882353,0.441176470588,0.729411764706,2.43823529412,7.68382352941,31.2272058824,0.741176470588,0.0,0.211764705882,0.00988235294118,Class 1
0.636747404844,1.21764705882,4.97304193244,1.03308823529,0.878235294118,1.0,3.55965918356,0.284372175559,0.323700205818,0.129005190311,0.172123107047,0.201505879989,1.0,1.0,0.898529411765,0.432352941176,0.788235294118,3.35588235294,14.7382352941,75.3095588235,0.405882352941,-0.0441176470588,0.688235294118,0.00541176470588,Class 1
0.854878892734,0.423529411765,1.24487404804,0.459558823529,0.957647058824,1.0,1.41322005613,0.139414713461,0.153580830904,0.165077854671,0.0824127316616,0.292337343686,1.0,1.0,0.964705882353,0.158823529412,0.923529411765,1.41470588235,5.51323529412,28.8095588235,0.141176470588,0.0,0.264705882353,0.00188235294118,Class 1
0.442698961938,1.48235294118,22.9758053082,2.22426470588,0.851764705882,1.0,8.03094019218,0.402397362141,0.451246363332,0.118711072664,0.194299687378,0.303108799869,1.0,1.0,0.876470588235,0.9,0.617647058824,7.76764705882,38.7073529412,205.633088235,0.494117647059,-0.0352941176471,1.95882352941,0.00658823529412,Class 1
0.637162629758,1.05882352941,6.3928076463,1.16544117647,0.894117647059,1.0,4.002195878,0.287398553045,0.322557951819,0.135596885813,0.157306046251,0.269581334926,1.0,1.0,0.911764705882,0.458823529412,0.788235294118,3.77941176471,17.3985294118,90.7683823529,0.352941176471,-0.0176470588235,0.847058823529,0.00470588235294,Class 1
0.636470588235,1.21764705882,4.97302557269,1.07720588235,0.878235294118,1.0,3.55965918356,0.284372175559,0.324598508785,0.129005190311,0.172123107047,0.193500096495,1.0,1.0,0.898529411765,0.432352941176,0.788235294118,3.35588235294,14.7382352941,75.3095588235,0.405882352941,-0.0264705882353,0.688235294118,0.00541176470588,Class 1
0.754256055363,0.688235294118,3.24976064275,0.724264705882,0.931176470588,1.0,2.60364999553,0.212349440273,0.234477050051,0.152188581315,0.117287103683,0.322854337685,1.0,1.0,0.942647058824,0.291176470588,0.864705882353,2.47352941176,10.8735294118,56.8683823529,0.229411764706,-0.0264705882353,0.529411764706,0.00305882352941,Class 1
0.640207612457,0.847058823529,8.39225377219,1.16544117647,0.915294117647,1.0,4.59691608227,0.287398553045,0.312785318716,0.144870242215,0.135483564135,0.412624820992,1.0,1.0,0.929411764706,0.494117647059,0.788235294118,4.34411764706,20.9455882353,111.380147059,0.282352941176,-0.0529411764706,1.05882352941,0.00376470588235,Class 1
0.813702422145,0.741176470588,0.602706359946,0.503676470588,0.925882352941,1.0,1.28858353954,0.161419832092,0.186210537617,0.149714532872,0.123547569362,0.0834556795104,1.0,1.0,0.938235294118,0.176470588235,0.9,1.27352941176,4.11029411765,19.4213235294,0.247058823529,0.0,0.158823529412,0.00329411764706,Class 1
0.813494809689,0.688235294118,0.941589564167,0.503676470588,0.931176470588,1.0,1.44027574914,0.164876612788,0.187798199832,0.152188581315,0.117287103683,0.138660968157,1.0,1.0,0.942647058824,0.185294117647,0.9,1.41470588235,4.99705882353,24.5742647059,0.229411764706,-0.00882352941176,0.211764705882,0.00305882352941,Class 1
0.588027681661,0.847058823529,12.9240204089,1.51838235294,0.915294117647,1.0,5.87996157898,0.318120604224,0.345161852578,0.144870242215,0.135483564135,0.449645546546,1.0,1.0,0.929411764706,0.617647058824,0.747058823529,5.57941176471,27.8014705882,149.056617647,0.282352941176,-0.0352941176471,1.42941176471,0.00376470588235,Class 1
0.496124567474,0.582352941176,34.4225673085,2.44485294118,0.941764705882,1.0,10.0795507207,0.358971485435,0.375437578827,0.157240484429,0.104110907827,0.649854459146,1.0,1.0,0.951470588235,0.997058823529,0.635294117647,9.63823529412,50.8441176471,277.086029412,0.194117647059,-0.0441176470588,2.7,0.00258823529412,Class 1
0.706920415225,1.05882352941,2.57579195426,0.8125,0.894117647059,1.0,2.50790555731,0.237094423075,0.272253821849,0.135596885813,0.157306046251,0.148837172918,1.0,1.0,0.911764705882,0.317647058824,0.835294117647,2.36764705882,9.56323529412,47.7095588235,0.352941176471,-0.0176470588235,0.423529411765,0.00470588235294,Class 1
0.58553633218,0.688235294118,15.5478767463,1.73897058824,0.931176470588,1.0,6.51518719252,0.31656559918,0.339487186225,0.152188581315,0.117287103683,0.522136472135,1.0,1.0,0.942647058824,0.661764705882,0.741176470588,6.17941176471,31.4411764706,169.897794118,0.229411764706,0.00882352941176,1.64117647059,0.00305882352941,Class 1
0.539723183391,0.635294117647,23.1378340824,2.04779411765,0.936470588235,1.0,8.11957191896,0.339186265685,0.360007669513,0.154697231834,0.110813658488,0.585827448419,1.0,1.0,0.947058823529,0.811764705882,0.694117647059,7.73235294118,40.1632352941,218.109558824,0.211764705882,-0.0176470588235,2.11764705882,0.00282352941176,Class 1
0.575709342561,0.794117647059,15.0264761289,1.69485294118,0.920588235294,1.0,6.39406372614,0.324162108711,0.350638359945,0.147275086505,0.129609026659,0.473127400729,1.0,1.0,0.933823529412,0.661764705882,0.735294117647,6.07352941176,30.6470588235,164.974264706,0.264705882353,-0.00882352941176,1.58823529412,0.00352941176471,Class 1
0.406574394464,1.8,23.9627431487,2.40073529412,0.82,1.0,8.2087485844,0.420674619995,0.480730257437,0.1075,0.217322011274,0.230593176946,1.0,1.0,0.85,0.952941176471,0.582352941176,7.97941176471,39.2632352941,207.009558824,0.6,-0.0176470588235,1.95882352941,0.008,Class 1
0.65875432526,0.370588235294,12.6744956461,1.38602941176,0.962941176471,1.0,5.78004217334,0.265559686646,0.27625837057,0.167759515571,0.0745532402139,0.691051879642,1.0,1.0,0.969117647059,0.555882352941,0.794117647059,5.43823529412,27.9470588235,152.374264706,0.123529411765,-0.0264705882353,1.48235294118,0.00164705882353,Class 1
0.763667820069,0.688235294118,2.8341005223,0.724264705882,0.931176470588,1.0,2.41161469185,0.205341979947,0.228263566991,0.152188581315,0.117287103683,0.284154774962,1.0,1.0,0.942647058824,0.273529411765,0.870588235294,2.29705882353,9.89411764706,51.4860294118,0.229411764706,-0.00882352941176,0.476470588235,0.00305882352941,Class 1
0.462629757785,1.48235294118,19.2493729805,2.04779411765,0.851764705882,1.0,7.32633719933,0.390973196854,0.439822198046,0.118711072664,0.194299687378,0.286816972524,1.0,1.0,0.876470588235,0.829411764706,0.641176470588,7.06176470588,34.7897058824,184.103676471,0.494117647059,-0.0352941176471,1.74705882353,0.00658823529412,Class 1
0.640761245675,0.476470588235,12.8853538167,1.43014705882,0.952352941176,1.0,5.84197591822,0.279973181901,0.294607954363,0.162430795848,0.0899362824013,0.625307493063,1.0,1.0,0.960294117647,0.573529411765,0.782352941176,5.50882352941,28.1323529412,152.833088235,0.158823529412,-0.0264705882353,1.48235294118,0.00211764705882,Class 1
0.671141868512,1.27058823529,2.6625199362,0.944852941176,0.872941176471,1.0,2.66881311238,0.256018900082,0.298517252411,0.12687716263,0.17679841111,0.102315457509,1.0,1.0,0.894117647059,0.352941176471,0.811764705882,2.50882352941,9.93382352941,48.6272058824,0.423529411765,0.0,0.423529411765,0.00564705882353,Class 1
0.725467128028,0.9,2.92924383179,0.768382352941,0.91,1.0,2.57573238095,0.228625314848,0.258048522986,0.1425,0.141181741505,0.217887778163,1.0,1.0,0.925,0.308823529412,0.847058823529,2.43823529412,10.2647058824,52.4036764706,0.3,-0.0264705882353,0.476470588235,0.004,Class 1
0.566574394464,0.688235294118,17.9546202491,1.78308823529,0.931176470588,1.0,7.06063456666,0.326861418634,0.348989028413,0.152188581315,0.117287103683,0.546022641436,1.0,1.0,0.942647058824,0.714705882353,0.723529411765,6.70882352941,34.3794117647,186.044852941,0.229411764706,-0.0264705882353,1.8,0.00305882352941,Class 1
0.706851211073,0.952941176471,3.38681254885,0.856617647059,0.904705882353,1.0,2.80551410954,0.240920392,0.272509716682,0.140164359862,0.146712859852,0.214767740555,1.0,1.0,0.920588235294,0.335294117647,0.835294117647,2.65,11.3367647059,58.0154411765,0.317647058824,-0.0176470588235,0.529411764706,0.00423529411765,Class 1
0.494602076125,1.32352941176,17.0904182505,1.82720588235,0.867647058824,1.0,6.88068899596,0.373579122684,0.415310875092,0.124783737024,0.181349741726,0.327889794778,1.0,1.0,0.889705882353,0.767647058824,0.670588235294,6.60294117647,32.5529411765,172.650735294,0.441176470588,-0.0617647058824,1.64117647059,0.00588235294118,Class 1
0.645190311419,1.37647058824,3.15605727067,0.988970588235,0.862352941176,1.0,2.93415202012,0.27178687209,0.317630046179,0.122724913495,0.185781239561,0.103922558257,1.0,1.0,0.885294117647,0.388235294118,0.794117647059,2.75588235294,11.0985294118,54.4683823529,0.458823529412,-0.0176470588235,0.476470588235,0.00611764705882,Class 1
0.427335640138,1.32352941176,30.6637192927,2.48897058824,0.867647058824,1.0,9.35438541491,0.410783842927,0.453766968403,0.124783737024,0.181349741726,0.371583939773,1.0,1.0,0.889705882353,1.01470588235,0.588235294118,9.07352941176,46.2647058824,248.003676471,0.441176470588,-0.0441176470588,2.38235294118,0.00588235294118,Class 1
0.523114186851,1.11176470588,16.5702498578,1.78308823529,0.888823529412,1.0,6.75804892969,0.357031894552,0.392682610514,0.133365051903,0.162382102656,0.382873727169,1.0,1.0,0.907352941176,0.732352941176,0.694117647059,6.46176470588,32.1823529412,171.733088235,0.370588235294,-0.0441176470588,1.64117647059,0.00494117647059,Class 1
0.430657439446,2.43529411765,9.98338836928,1.87132352941,0.756470588235,1.0,5.45638183436,0.389225067979,0.470569135498,0.0888148788927,0.253559808334,0.0623607788385,1.0,1.0,0.797058823529,0.741176470588,0.617647058824,5.22647058824,22.7455882353,112.880147059,0.811764705882,-0.0176470588235,1.00588235294,0.0108235294118,Class 1
0.575709342561,1.11176470588,10.6560132837,1.43014705882,0.888823529412,1.0,5.31750027682,0.326136956069,0.36178767203,0.133365051903,0.162382102656,0.333053205585,1.0,1.0,0.907352941176,0.591176470588,0.741176470588,5.05,24.3470588235,128.674264706,0.370588235294,-0.0441176470588,1.21764705882,0.00494117647059,Class 1
0.372456747405,1.69411764706,37.5649975719,2.88602941176,0.830588235294,1.0,10.4227695055,0.440873776247,0.496897903982,0.111098615917,0.210048255322,0.288644060227,1.0,1.0,0.858823529412,1.16470588235,0.517647058824,10.2029411765,51.8102941176,276.521323529,0.564705882353,-0.0352941176471,2.64705882353,0.00752941176471,Class 1
0.664567474048,0.794117647059,7.19548170957,1.16544117647,0.920588235294,1.0,4.19049301994,0.271819558566,0.2982958098,0.147275086505,0.129609026659,0.379571378662,1.0,1.0,0.933823529412,0.45,0.805882352941,3.95588235294,18.8941176471,100.386029412,0.264705882353,-0.00882352941176,0.952941176471,0.00352941176471,Class 1
0.855570934256,0.582352941176,0.260730868593,0.283088235294,0.941764705882,1.0,0.953544904085,0.131545245165,0.148011338557,0.157240484429,0.104110907827,0.117571995629,1.0,1.0,0.951470588235,0.132352941176,0.923529411765,0.991176470588,2.85294117647,13.3507352941,0.194117647059,-0.0441176470588,0.105882352941,0.00258823529412,Class 1
0.78553633218,1.05882352941,-0.391078233387,0.459558823529,0.894117647059,1.0,0.972529159539,0.157306046251,0.192465445025,0.135596885813,0.157306046251,0.0175873981131,1.0,1.0,0.911764705882,0.176470588235,0.882352941176,0.955882352941,1.72794117647,4.65073529412,0.352941176471,-0.0176470588235,0.0,0.00470588235294,Class 1
0.717093425606,1.16470588235,1.39586367849,0.680147058824,0.883529411765,1.0,2.02129864893,0.223147731041,0.261170394648,0.131167820069,0.16731931634,0.0735751792828,1.0,1.0,0.902941176471,0.282352941176,0.841176470588,1.90882352941,6.81029411765,32.0213235294,0.388235294118,-0.0352941176471,0.264705882353,0.00517647058824,Class 1
0.745674740484,0.582352941176,4.50151147782,0.8125,0.941764705882,1.0,3.09719431104,0.2190836269,0.237503587438,0.157240484429,0.104110907827,0.431955291585,1.0,1.0,0.951470588235,0.326470588235,0.858823529412,2.93235294118,13.6264705882,72.5566176471,0.194117647059,-0.0264705882353,0.688235294118,0.00258823529412,Class 1
0.764152249135,0.952941176471,0.9808077267,0.680147058824,0.904705882353,1.0,1.6596298014,0.19396728058,0.225556605262,0.140164359862,0.146712859852,0.0794543083179,1.0,1.0,0.920588235294,0.229411764706,0.870588235294,1.59117647059,5.46029411765,25.7213235294,0.317647058824,0.0176470588235,0.211764705882,0.00423529411765,Class 2
0.773494809689,0.794117647059,1.69038119215,0.724264705882,0.920588235294,1.0,1.91720139362,0.194478154428,0.220268029714,0.147275086505,0.129609026659,0.181878801842,1.0,1.0,0.933823529412,0.238235294118,0.876470588235,1.83823529412,7.14117647059,35.7977941176,0.264705882353,0.0264705882353,0.317647058824,0.00352941176471,Class 2
0.396055363322,1.64117647059,30.7265140675,2.75367647059,0.835882352941,1.0,9.34463485015,0.427932022692,0.48245430708,0.11294982699,0.206264981707,0.286156576522,1.0,1.0,0.863235294118,1.05,0.558823529412,9.10882352941,45.8411764706,243.997794118,0.547058823529,0.0264705882353,2.32941176471,0.00729411764706,Class 2
0.624705882353,0.847058823529,9.59695621471,1.51838235294,0.915294117647,1.0,4.9654070827,0.296831405968,0.322218171639,0.144870242215,0.135483564135,0.429316802153,1.0,1.0,0.929411764706,0.529411764706,0.776470588235,4.69705882353,22.9044117647,122.144852941,0.282352941176,0.0529411764706,1.16470588235,0.00376470588235,Class 2
0.758408304498,0.317647058824,6.17645707151,0.988970588235,0.968235294118,1.0,3.66941169758,0.20584781918,0.215604334154,0.170475778547,0.0663118708952,0.650049831073,1.0,1.0,0.973529411765,0.352941176471,0.864705882353,3.46176470588,17.0808823529,92.9389705882,0.105882352941,0.0176470588235,0.9,0.00141176470588,Class 2
0.660553633218,0.582352941176,9.81169520819,1.38602941176,0.941764705882,1.0,4.9797254758,0.271999796064,0.290419756601,0.157240484429,0.104110907827,0.536873372724,1.0,1.0,0.951470588235,0.502941176471,0.8,4.69705882353,23.4205882353,126.380147059,0.194117647059,0.0264705882353,1.21764705882,0.00258823529412,Class 2
0.572525951557,1.37647058824,7.8829940152,1.51838235294,0.862352941176,1.0,4.58363052607,0.324384798885,0.369635496677,0.122724913495,0.185781239561,0.214175883871,1.0,1.0,0.885294117647,0.547058823529,0.741176470588,4.34411764706,19.9132352941,102.909558824,0.458823529412,0.0352941176471,0.952941176471,0.00611764705882,Class 2
0.834394463668,0.370588235294,2.31483012689,0.591911764706,0.962941176471,1.0,1.96236397663,0.156085277893,0.168297528191,0.167759515571,0.0745532402139,0.44785929829,1.0,1.0,0.969117647059,0.202941176471,0.911764705882,1.90882352941,8.35882352941,44.7272058824,0.123529411765,0.00882352941176,0.423529411765,0.00164705882353,Class 2
0.475363321799,1.21764705882,22.1617870454,2.26838235294,0.878235294118,1.0,7.885763175,0.383999513224,0.42422584645,0.129005190311,0.172123107047,0.370716477237,1.0,1.0,0.898529411765,0.855882352941,0.647058823529,7.59117647059,38.2441176471,204.486029412,0.405882352941,0.0264705882353,1.95882352941,0.00541176470588,Class 2
0.457993079585,1.69411764706,16.3302050302,2.09191176471,0.830588235294,1.0,6.74543592562,0.391308747726,0.447813446297,0.111098615917,0.210048255322,0.217789920164,1.0,1.0,0.858823529412,0.794117647059,0.641176470588,6.49705882353,31.2426470588,163.491911765,0.564705882353,0.0176470588235,1.53529411765,0.00752941176471,Class 2
0.539930795848,0.635294117647,23.1323213193,2.18014705882,0.936470588235,1.0,8.11957191896,0.339186265685,0.358699295634,0.154697231834,0.110813658488,0.596424290054,1.0,1.0,0.947058823529,0.811764705882,0.694117647059,7.73235294118,40.1632352941,218.109558824,0.211764705882,0.0352941176471,2.11764705882,0.00282352941176,Class 2
0.976678200692,0.105882352941,-0.338613675774,0.106617647059,0.989411764706,1.0,0.104693166926,0.0277782194884,0.0313197488492,0.181686851211,0.0277782194884,0.000964835740077,1.0,1.0,0.991176470588,0.0176470588235,0.988235294118,0.320588235294,0.0602941176471,0.521323529412,0.0352941176471,0.0,0.0,0.000470588235294,Class 2
0.691280276817,0.688235294118,6.5462437368,1.16544117647,0.931176470588,1.0,3.93046646313,0.254820567035,0.276948176814,0.152188581315,0.117287103683,0.428646750544,1.0,1.0,0.942647058824,0.414705882353,0.823529411765,3.70882352941,17.7294117647,94.5448529412,0.229411764706,0.0264705882353,0.9,0.00305882352941,Class 2
0.58276816609,0.582352941176,17.6721307278,1.82720588235,0.941764705882,1.0,7.00344934965,0.314923307601,0.334285437088,0.157240484429,0.104110907827,0.583845478688,1.0,1.0,0.951470588235,0.697058823529,0.735294117647,6.63823529412,34.1941176471,185.586029412,0.194117647059,0.00882352941176,1.8,0.00258823529412,Class 2
0.716055363322,1.00588235294,2.5545614413,0.856617647059,0.899411764706,1.0,2.46722567017,0.232013088016,0.265590357623,0.137863321799,0.152085171617,0.157982494733,1.0,1.0,0.916176470588,0.308823529412,0.841176470588,2.33235294118,9.47058823529,47.4801470588,0.335294117647,0.00882352941176,0.423529411765,0.00447058823529,Class 2
0.534602076125,0.529411764706,26.683731101,2.3125,0.947058823529,1.0,8.79341117631,0.337572188933,0.353177776908,0.1598183391,0.0971595259374,0.656781928123,1.0,1.0,0.955882352941,0.864705882353,0.682352941176,8.36764705882,43.8955882353,239.180147059,0.176470588235,0.0352941176471,2.32941176471,0.00235294117647,Class 2
0.637162629758,0.370588235294,14.8053632266,1.65073529412,0.962941176471,1.0,6.33719591127,0.277133287801,0.287831971725,0.167759515571,0.0745532402139,0.702376247858,1.0,1.0,0.969117647059,0.608823529412,0.776470588235,5.96764705882,30.8852941176,168.521323529,0.123529411765,0.0264705882353,1.64117647059,0.00164705882353,Class 2
0.763806228374,0.9,1.3395865283,0.680147058824,0.91,1.0,1.8096563888,0.197441771004,0.227469589725,0.1425,0.141181741505,0.113951857449,1.0,1.0,0.925,0.238235294118,0.870588235294,1.73235294118,6.34705882353,30.8742647059,0.3,0.00882352941176,0.264705882353,0.004,Class 2
0.692179930796,0.635294117647,7.01819154367,1.20955882353,0.936470588235,1.0,4.08131560881,0.253960656441,0.27347368639,0.154697231834,0.110813658488,0.47589765039,1.0,1.0,0.947058823529,0.423529411765,0.823529411765,3.85,18.6161764706,99.6977941176,0.211764705882,0.0352941176471,0.952941176471,0.00282352941176,Class 2
0.562975778547,0.635294117647,19.4984357298,2.04779411765,0.936470588235,1.0,7.39529685901,0.327431484187,0.344670475972,0.154697231834,0.110813658488,0.599469946211,1.0,1.0,0.947058823529,0.741176470588,0.717647058824,7.02647058824,36.2455882353,196.580147059,0.211764705882,0.0529411764706,1.90588235294,0.00282352941176,Class 2
0.56124567474,0.529411764706,21.8561578819,2.09191176471,0.947058823529,1.0,7.88650397731,0.324163336188,0.339768924163,0.1598183391,0.0971595259374,0.644946090367,1.0,1.0,0.955882352941,0.776470588235,0.711764705882,7.48529411765,38.9985294118,212.268382353,0.176470588235,0.0352941176471,2.06470588235,0.00235294117647,Class 2
0.572664359862,0.688235294118,17.1336654665,1.82720588235,0.931176470588,1.0,6.87906821161,0.323528259284,0.346449846328,0.152188581315,0.117287103683,0.531837627146,1.0,1.0,0.942647058824,0.697058823529,0.729411764706,6.53235294118,33.4,180.6625,0.229411764706,0.00882352941176,1.74705882353,0.00305882352941,Class 2
0.514186851211,0.741176470588,25.4447366175,2.26838235294,0.925882352941,1.0,8.53154700283,0.355687652269,0.380112152865,0.149714532872,0.123547569362,0.547277656803,1.0,1.0,0.938235294118,0.864705882353,0.670588235294,8.15588235294,42.3073529412,229.333088235,0.247058823529,0.0176470588235,2.22352941176,0.00329411764706,Class 2
0.784290657439,0.582352941176,2.78848620908,0.856617647059,0.941764705882,1.0,2.32828419791,0.192465445025,0.205789427145,0.157240484429,0.104110907827,0.432561212592,1.0,1.0,0.951470588235,0.255882352941,0.882352941176,2.22647058824,9.70882352941,51.0272058824,0.194117647059,0.0617647058824,0.476470588235,0.00258823529412,Class 2
0.520069204152,1.00588235294,18.8223414998,2.04779411765,0.899411764706,1.0,7.23516403285,0.357835113015,0.390872048223,0.137863321799,0.152085171617,0.423885858783,1.0,1.0,0.916176470588,0.767647058824,0.688235294118,6.92058823529,34.9352941176,187.421323529,0.335294117647,0.0264705882353,1.8,0.00447058823529,Class 2
0.526851211073,0.688235294118,24.2736699291,2.22426470588,0.931176470588,1.0,8.32590368649,0.347610518697,0.369738128476,0.152188581315,0.117287103683,0.570450504062,1.0,1.0,0.942647058824,0.838235294118,0.682352941176,7.94411764706,41.2352941176,223.721323529,0.229411764706,0.0264705882353,2.17058823529,0.00305882352941,Class 2
0.733633217993,0.264705882353,8.20158288568,1.20955882353,0.973529411765,1.0,4.39730084545,0.218298015068,0.218298015068,0.173226643599,0.0576271518667,0.799751481383,1.0,1.0,0.977941176471,0.414705882353,0.847058823529,4.13235294118,20.9058823529,114.238970588,0.0882352941176,0.0441176470588,1.11176470588,0.00117647058824,Class 2
0.575155709343,0.635294117647,17.8061649491,1.95955882353,0.936470588235,1.0,7.03196203537,0.321009232601,0.338248224386,0.154697231834,0.110813658488,0.592868157825,1.0,1.0,0.947058823529,0.705882352941,0.729411764706,6.67352941176,34.2867647059,185.815441176,0.211764705882,0.0529411764706,1.8,0.00282352941176,Class 2
0.65169550173,0.635294117647,9.89326430249,1.43014705882,0.936470588235,1.0,5.01363376771,0.278302015921,0.29781504587,0.154697231834,0.110813658488,0.518402704143,1.0,1.0,0.947058823529,0.511764705882,0.794117647059,4.73235294118,23.5132352941,126.609558824,0.211764705882,0.0352941176471,1.21764705882,0.00282352941176,Class 2
0.644359861592,0.635294117647,10.5188786263,1.51838235294,0.936470588235,1.0,5.19881595624,0.282758993528,0.299997985313,0.154697231834,0.110813658488,0.546205651394,1.0,1.0,0.947058823529,0.529411764706,0.788235294118,4.90882352941,24.4926470588,131.991911765,0.211764705882,0.0529411764706,1.27058823529,0.00282352941176,Class 2
0.617093425606,0.370588235294,17.1080274405,1.82720588235,0.962941176471,1.0,6.89161457073,0.287789850272,0.295123843082,0.167759515571,0.0745532402139,0.736545866361,1.0,1.0,0.969117647059,0.661764705882,0.758823529412,6.49705882353,33.8235294118,184.668382353,0.123529411765,0.0441176470588,1.8,0.00164705882353,Class 2
0.63107266436,0.9,8.46266518593,1.38602941176,0.91,1.0,4.63206668422,0.292740098876,0.322163307014,0.1425,0.141181741505,0.369887055681,1.0,1.0,0.925,0.502941176471,0.782352941176,4.37941176471,21.0382352941,111.609558824,0.3,0.0264705882353,1.05882352941,0.004,Class 2
0.443252595156,1.05882352941,34.099118655,2.75367647059,0.894117647059,1.0,9.9313982783,0.399409706162,0.433796206543,0.135596885813,0.157306046251,0.457385835381,1.0,1.0,0.911764705882,1.04117647059,0.594117647059,9.60294117647,49.7191176471,268.386029412,0.352941176471,0.0352941176471,2.59411764706,0.00470588235294,Class 2
0.725467128028,0.847058823529,3.33121770052,0.900735294118,0.915294117647,1.0,2.72534103623,0.230036459118,0.258048522986,0.144870242215,0.135483564135,0.249454283259,1.0,1.0,0.929411764706,0.317647058824,0.847058823529,2.57941176471,11.1514705882,57.5566176471,0.282352941176,0.0176470588235,0.529411764706,0.00376470588235,Class 2
0.562629757785,1.05882352941,12.6278053918,1.73897058824,0.894117647059,1.0,5.82748557386,0.334012474786,0.368398975167,0.135596885813,0.157306046251,0.366647497833,1.0,1.0,0.911764705882,0.635294117647,0.729411764706,5.54411764706,27.1926470588,144.591911765,0.352941176471,0.0352941176471,1.37647058824,0.00470588235294,Class 2
0.639584775087,0.847058823529,8.39284413029,1.29779411765,0.915294117647,1.0,4.59691608227,0.287398553045,0.315730787931,0.144870242215,0.135483564135,0.37503193036,1.0,1.0,0.929411764706,0.494117647059,0.788235294118,4.34411764706,20.9455882353,111.380147059,0.282352941176,0.0,1.05882352941,0.00376470588235,Class 2
0.444083044983,1.11176470588,32.0920754197,2.62132352941,0.888823529412,1.0,9.60225209475,0.399669968248,0.43679517797,0.133365051903,0.162382102656,0.429431729186,1.0,1.0,0.907352941176,1.01470588235,0.6,9.28529411765,47.8529411765,257.850735294,0.370588235294,0.00882352941176,2.48823529412,0.00494117647059,Class 2
0.42553633218,1.58823529412,24.300118624,2.40073529412,0.841176470588,1.0,8.26515482642,0.411492263539,0.46461520395,0.114835640138,0.202380905869,0.275895587238,1.0,1.0,0.867647058824,0.935294117647,0.6,8.01470588235,39.8720588235,211.474264706,0.529411764706,0.0,2.01176470588,0.00705882352941,Class 2
0.707750865052,1.21764705882,1.4073326396,0.8125,0.878235294118,1.0,2.06299846042,0.227863420481,0.268535454241,0.129005190311,0.172123107047,0.0600061819385,1.0,1.0,0.898529411765,0.291176470588,0.835294117647,1.94411764706,6.90294117647,32.2507352941,0.405882352941,0.00882352941176,0.264705882353,0.00541176470588,Class 2
0.644775086505,1.27058823529,4.02970562596,1.07720588235,0.872941176471,1.0,3.22757238494,0.276475697351,0.31897404968,0.12687716263,0.17679841111,0.146826099336,1.0,1.0,0.894117647059,0.405882352941,0.794117647059,3.03823529412,12.8720588235,64.7742647059,0.423529411765,0.0,0.582352941176,0.00564705882353,Class 2
0.763944636678,0.635294117647,3.22301807807,0.8125,0.936470588235,1.0,2.5626870934,0.206043575313,0.226864979142,0.154697231834,0.110813658488,0.338909952142,1.0,1.0,0.947058823529,0.282352941176,0.870588235294,2.43823529412,10.7808823529,56.6389705882,0.211764705882,0.0176470588235,0.529411764706,0.00282352941176,Class 2
0.613356401384,0.688235294118,12.6095026698,1.65073529412,0.931176470588,1.0,5.78402687954,0.301385856601,0.321884921482,0.152188581315,0.117287103683,0.526507034823,1.0,1.0,0.942647058824,0.591176470588,0.764705882353,5.47352941176,27.5235294118,148.368382353,0.229411764706,0.0441176470588,1.42941176471,0.00305882352941,Class 2
0.729896193772,0.423529411765,6.78860631399,1.07720588235,0.957647058824,1.0,3.9345479794,0.226779369322,0.240299993499,0.165077854671,0.0824127316616,0.580145315661,1.0,1.0,0.964705882353,0.388235294118,0.847058823529,3.70882352941,18.2455882353,98.7801470588,0.141176470588,0.0176470588235,0.952941176471,0.00188235294118,Class 2
0.404567474048,1.37647058824,36.4059857804,2.97426470588,0.862352941176,1.0,10.2613748335,0.42332053607,0.467575755627,0.122724913495,0.185781239561,0.370532404011,1.0,1.0,0.885294117647,1.11176470588,0.552941176471,9.99117647059,51.2544117647,275.144852941,0.458823529412,0.0529411764706,2.64705882353,0.00611764705882,Class 2
0.487543252595,1.16470588235,21.064241843,2.22426470588,0.883529411765,1.0,7.67940462258,0.377080641703,0.41510330531,0.131167820069,0.16731931634,0.385303228713,1.0,1.0,0.902941176471,0.829411764706,0.658823529412,7.37941176471,37.1720588235,198.874264706,0.388235294118,0.0352941176471,1.90588235294,0.00517647058824,Class 2
0.460761245675,1.37647058824,21.6879378784,2.35661764706,0.862352941176,1.0,7.79606926028,0.392649140981,0.436904360539,0.122724913495,0.185781239561,0.331595789669,1.0,1.0,0.885294117647,0.864705882353,0.635294117647,7.52058823529,37.5426470588,199.791911765,0.458823529412,0.0529411764706,1.90588235294,0.00611764705882,Class 2
0.725467128028,0.847058823529,3.33121770052,0.900735294118,0.915294117647,1.0,2.72534103623,0.230036459118,0.258048522986,0.144870242215,0.135483564135,0.249454283259,1.0,1.0,0.929411764706,0.317647058824,0.847058823529,2.57941176471,11.1514705882,57.5566176471,0.282352941176,0.0176470588235,0.529411764706,0.00376470588235,Class 2
0.526297577855,1.21764705882,14.4413391601,1.82720588235,0.878235294118,1.0,6.28330842264,0.354976841898,0.395648875657,0.129005190311,0.172123107047,0.321491545996,1.0,1.0,0.898529411765,0.697058823529,0.7,6.00294117647,29.4294117647,156.044852941,0.405882352941,0.00882352941176,1.48235294118,0.00541176470588,Class 2
0.558269896194,1.32352941176,9.68021991371,1.60661764706,0.867647058824,1.0,5.09136545104,0.334570130988,0.378378296756,0.124783737024,0.181349741726,0.249880095905,1.0,1.0,0.889705882353,0.591176470588,0.729411764706,4.83823529412,22.7588235294,118.827205882,0.441176470588,0.0264705882353,1.11176470588,0.00588235294118,Class 2
0.710726643599,0.529411764706,6.90239573989,1.12132352941,0.947058823529,1.0,4.00807776356,0.240920392,0.258113642191,0.1598183391,0.0971595259374,0.514011694169,1.0,1.0,0.955882352941,0.405882352941,0.835294117647,3.77941176471,18.4308823529,99.2389705882,0.176470588235,0.0176470588235,0.952941176471,0.00235294117647,Class 2
0.823598615917,0.529411764706,1.62265500358,0.547794117647,0.947058823529,1.0,1.70021857792,0.162524812489,0.180232459293,0.1598183391,0.0971595259374,0.268841727974,1.0,1.0,0.955882352941,0.194117647059,0.905882352941,1.66176470588,6.67794117647,34.6507352941,0.176470588235,0.0,0.317647058824,0.00235294117647,Class 3
0.62830449827,1.16470588235,5.96142793634,1.25367647059,0.883529411765,1.0,3.89134923225,0.291349297187,0.33007355616,0.131167820069,0.16731931634,0.22813873749,1.0,1.0,0.902941176471,0.458823529412,0.782352941176,3.67352941176,16.6044117647,85.8448529412,0.388235294118,0.0176470588235,0.794117647059,0.00517647058824,Class 3
0.522698961938,1.11176470588,16.5759035217,1.91544117647,0.888823529412,1.0,6.75804892969,0.357031894552,0.394157104274,0.133365051903,0.162382102656,0.369154351742,1.0,1.0,0.907352941176,0.732352941176,0.694117647059,6.46176470588,32.1823529412,171.733088235,0.370588235294,0.00882352941176,1.64117647059,0.00494117647059,Class 3
0.572249134948,1.37647058824,7.88351076051,1.43014705882,0.862352941176,1.0,4.58363052607,0.324384798885,0.370424680574,0.122724913495,0.185781239561,0.204131998027,1.0,1.0,0.885294117647,0.547058823529,0.741176470588,4.34411764706,19.9132352941,102.909558824,0.458823529412,0.0,0.952941176471,0.00611764705882,Class 3
0.513702422145,1.64117647059,10.1675615727,1.69485294118,0.835882352941,1.0,5.29582489247,0.357031894552,0.411884388085,0.11294982699,0.206264981707,0.177809219885,1.0,1.0,0.863235294118,0.644117647059,0.694117647059,5.05,23.3147058824,120.203676471,0.547058823529,0.00882352941176,1.11176470588,0.00729411764706,Class 3
0.662283737024,1.05882352941,4.85048618881,1.03308823529,0.894117647059,1.0,3.44603307421,0.270257267298,0.305416666072,0.135596885813,0.157306046251,0.231300618629,1.0,1.0,0.911764705882,0.405882352941,0.805882352941,3.25,14.4602941176,74.6213235294,0.352941176471,-0.0176470588235,0.688235294118,0.00470588235294,Class 3
0.773356401384,0.688235294118,2.43134148705,0.680147058824,0.931176470588,1.0,2.21887752408,0.198032818617,0.220954405662,0.152188581315,0.117287103683,0.260646085758,1.0,1.0,0.942647058824,0.255882352941,0.876470588235,2.12058823529,8.91470588235,46.1036764706,0.229411764706,-0.00882352941176,0.423529411765,0.00305882352941,Class 3
0.55660899654,0.794117647059,17.4093656387,1.87132352941,0.920588235294,1.0,6.93766933021,0.33463581406,0.361112065294,0.147275086505,0.129609026659,0.48852309024,1.0,1.0,0.933823529412,0.714705882353,0.717647058824,6.60294117647,33.5852941176,181.121323529,0.264705882353,0.00882352941176,1.74705882353,0.00352941176471,Class 3
0.549342560554,0.847058823529,17.53981909,1.73897058824,0.915294117647,1.0,6.96712326234,0.33989651228,0.365283277951,0.144870242215,0.135483564135,0.493217822767,1.0,1.0,0.929411764706,0.723529411765,0.711764705882,6.63823529412,33.6779411765,181.350735294,0.282352941176,-0.0529411764706,1.74705882353,0.00376470588235,Class 3
0.322975778547,2.64705882353,28.5445084787,2.84191176471,0.735294117647,1.0,9.05230777375,0.456405942437,0.544841962252,0.0836937716263,0.263094511128,0.10606807988,1.0,1.0,0.779411764706,1.12941176471,0.476470588235,8.89705882353,42.7044117647,221.444852941,0.882352941176,-0.0176470588235,2.06470588235,0.0117647058824,Class 3
0.389134948097,1.64117647059,32.9290955827,2.79779411765,0.835882352941,1.0,9.69464566248,0.43169605678,0.486548550312,0.11294982699,0.206264981707,0.288778331755,1.0,1.0,0.863235294118,1.08529411765,0.547058823529,9.46176470588,47.8,254.7625,0.547058823529,0.00882352941176,2.43529411765,0.00729411764706,Class 3
0.618892733564,0.741176470588,11.350319848,1.43014705882,0.925882352941,1.0,5.44940962094,0.298938142277,0.323362642873,0.149714532872,0.123547569362,0.468501769615,1.0,1.0,0.938235294118,0.564705882353,0.770588235294,5.15588235294,25.6573529412,137.833088235,0.247058823529,-0.0176470588235,1.32352941176,0.00329411764706,Class 3
0.630173010381,0.952941176471,7.94687750492,1.29779411765,0.904705882353,1.0,4.48319060083,0.293016616916,0.324890381163,0.140164359862,0.146712859852,0.327890355634,1.0,1.0,0.920588235294,0.494117647059,0.782352941176,4.23823529412,20.1514705882,106.456617647,0.317647058824,0.0,1.00588235294,0.00423529411765,Class 3
0.390519031142,1.53529411765,35.9090887603,2.84191176471,0.846470588235,1.0,10.1654465981,0.431051097989,0.482359218893,0.116756055363,0.198393410652,0.319907380924,1.0,1.0,0.872058823529,1.12058823529,0.541176470588,9.92058823529,50.5529411765,270.450735294,0.511764705882,-0.00882352941176,2.59411764706,0.00682352941176,Class 3
0.566574394464,0.688235294118,17.9546202491,1.91544117647,0.931176470588,1.0,7.06063456666,0.326861418634,0.348989028413,0.152188581315,0.117287103683,0.546022641436,1.0,1.0,0.942647058824,0.714705882353,0.723529411765,6.70882352941,34.3794117647,186.044852941,0.229411764706,0.0264705882353,1.8,0.00305882352941,Class 3
0.381384083045,2.17058823529,22.1064854389,2.48897058824,0.782941176471,1.0,7.90128539785,0.429989134276,0.502559328528,0.0959948096886,0.239918269883,0.155817323353,1.0,1.0,0.819117647059,0.961764705882,0.558823529412,7.69705882353,36.9735294118,192.468382353,0.723529411765,0.00882352941176,1.8,0.00964705882353,Class 3
0.51785467128,1.32352941176,13.9028738989,1.82720588235,0.867647058824,1.0,6.1682418919,0.359405399548,0.403623409455,0.124783737024,0.181349741726,0.287397134861,1.0,1.0,0.889705882353,0.697058823529,0.694117647059,5.89705882353,28.6352941176,151.121323529,0.441176470588,0.00882352941176,1.42941176471,0.00588235294118,Class 3
0.525259515571,1.27058823529,13.7913757618,1.73897058824,0.872941176471,1.0,6.13619316506,0.355378451737,0.397663667527,0.12687716263,0.17679841111,0.303533233219,1.0,1.0,0.894117647059,0.688235294118,0.7,5.86176470588,28.5426470588,150.891911765,0.423529411765,-0.0176470588235,1.42941176471,0.00564705882353,Class 3
0.803667820069,0.794117647059,0.607626763083,0.547794117647,0.920588235294,1.0,1.33334877502,0.167431521275,0.193907772509,0.147275086505,0.129609026659,0.0757790981857,1.0,1.0,0.933823529412,0.185294117647,0.894117647059,1.30882352941,4.20294117647,19.6507352941,0.264705882353,0.00882352941176,0.158823529412,0.00352941176471,Class 3
0.573771626298,1.21764705882,9.52261902033,1.47426470588,0.878235294118,1.0,5.02287465019,0.326136956069,0.366808989828,0.129005190311,0.172123107047,0.271234986036,1.0,1.0,0.898529411765,0.573529411765,0.741176470588,4.76764705882,22.5735294118,118.368382353,0.405882352941,-0.00882352941176,1.11176470588,0.00541176470588,Class 3
0.794809688581,0.370588235294,3.92142860901,0.724264705882,0.962941176471,1.0,2.74428197509,0.184029037414,0.196241287712,0.167759515571,0.0745532402139,0.531223054887,1.0,1.0,0.969117647059,0.273529411765,0.888235294118,2.61470588235,12.2764705882,66.2566176471,0.123529411765,-0.00882352941176,0.635294117647,0.00164705882353,Class 3
0.513148788927,1.74705882353,8.9937848205,1.60661764706,0.825294117647,1.0,5.0076910788,0.354629184342,0.413025705695,0.10928200692,0.213733170105,0.144966779087,1.0,1.0,0.854411764706,0.626470588235,0.694117647059,4.76764705882,21.5411764706,109.897794118,0.582352941176,-0.00882352941176,1.00588235294,0.00776470588235,Class 3
0.524221453287,1.32352941176,13.1515085896,1.78308823529,0.867647058824,1.0,5.98951007306,0.35557894685,0.399796956758,0.124783737024,0.181349741726,0.281057818544,1.0,1.0,0.889705882353,0.679411764706,0.7,5.72058823529,27.6558823529,145.738970588,0.441176470588,0.00882352941176,1.37647058824,0.00588235294118,Class 3
0.434671280277,1.58823529412,22.3440285205,2.3125,0.841176470588,1.0,7.91427389834,0.406260715753,0.459383656164,0.114835640138,0.202380905869,0.2684043656,1.0,1.0,0.867647058824,0.9,0.611764705882,7.66176470588,37.9132352941,200.709558824,0.529411764706,0.0,1.90588235294,0.00705882352941,Class 3
0.505674740484,1.32352941176,15.4623954747,1.82720588235,0.867647058824,1.0,6.52493173465,0.366712633695,0.410520799463,0.124783737024,0.181349741726,0.304033173634,1.0,1.0,0.889705882353,0.732352941176,0.682352941176,6.25,30.5941176471,161.886029412,0.441176470588,-0.0264705882353,1.53529411765,0.00588235294118,Class 3
0.49508650519,1.27058823529,17.8157173893,2.00367647059,0.872941176471,1.0,7.02784232032,0.372937026321,0.41543537865,0.12687716263,0.17679841111,0.327147207591,1.0,1.0,0.894117647059,0.776470588235,0.670588235294,6.74411764706,33.4397058824,177.803676471,0.423529411765,0.0,1.69411764706,0.00564705882353,Class 3
0.670795847751,1.16470588235,3.50100538367,0.988970588235,0.883529411765,1.0,2.96375100299,0.260821786664,0.299778609632,0.131167820069,0.16731931634,0.153869147342,1.0,1.0,0.902941176471,0.370588235294,0.811764705882,2.79117647059,11.7073529412,58.9330882353,0.388235294118,0.0,0.529411764706,0.00517647058824,Class 3
0.42124567474,1.58823529412,25.3007171748,2.48897058824,0.841176470588,1.0,8.44047724957,0.413968826863,0.466921329331,0.114835640138,0.202380905869,0.281835653906,1.0,1.0,0.867647058824,0.952941176471,0.594117647059,8.19117647059,40.8514705882,216.856617647,0.529411764706,0.0176470588235,2.06470588235,0.00705882352941,Class 3
0.636747404844,1.42941176471,3.18238152218,1.03308823529,0.857058823529,1.0,2.97318258863,0.275936879036,0.323700205818,0.120700692042,0.190096715556,0.0940848786213,1.0,1.0,0.880882352941,0.397058823529,0.788235294118,2.79117647059,11.1911764706,54.6977941176,0.476470588235,-0.00882352941176,0.476470588235,0.00635294117647,Class 3
0.429757785467,1.8,19.2112523152,2.18014705882,0.82,1.0,7.33469320876,0.406880981539,0.46693661898,0.1075,0.217322011274,0.211367830187,1.0,1.0,0.85,0.864705882353,0.611764705882,7.09705882353,34.3661764706,180.097794118,0.6,-0.0176470588235,1.69411764706,0.008,Class 3
0.727058823529,0.635294117647,5.00530265747,1.03308823529,0.936470588235,1.0,3.32665069679,0.23162441365,0.251137443599,0.154697231834,0.110813658488,0.42869270394,1.0,1.0,0.947058823529,0.352941176471,0.847058823529,3.14411764706,14.6985294118,78.1683823529,0.211764705882,0.0352941176471,0.741176470588,0.00282352941176,Class 3
0.614671280277,1.8,1.54158148124,1.03308823529,0.82,1.0,2.51035623207,0.272050845308,0.33225684444,0.1075,0.217322011274,0.0142349866789,1.0,1.0,0.85,0.388235294118,0.770588235294,2.33235294118,7.92205882353,34.7742647059,0.6,0.0,0.264705882353,0.008,Class 3
0.545813148789,1.21764705882,12.2195992272,1.69485294118,0.878235294118,1.0,5.74499299553,0.343365746158,0.384037779917,0.129005190311,0.172123107047,0.302002512768,1.0,1.0,0.898529411765,0.644117647059,0.717647058824,5.47352941176,26.4911764706,139.897794118,0.405882352941,0.00882352941176,1.32352941176,0.00541176470588,Class 3
0.328512110727,2.11764705882,43.280306504,3.28308823529,0.788235294118,1.0,11.3515258985,0.462369534926,0.533072335194,0.0975346020761,0.236948712831,0.207736283795,1.0,1.0,0.823529411765,1.30588235294,0.447058823529,11.1911764706,56.4691176471,299.886029412,0.705882352941,-0.0176470588235,2.85882352941,0.00941176470588,Class 3
0.471003460208,0.635294117647,40.5040444283,2.79779411765,0.936470588235,1.0,10.9999605177,0.373237615586,0.394486791751,0.154697231834,0.110813658488,0.615500517871,1.0,1.0,0.947058823529,1.09411764706,0.6,10.5558823529,55.8338235294,304.227205882,0.211764705882,0.0,2.96470588235,0.00282352941176,Class 3
0.589134948097,0.794117647059,13.5362420019,1.60661764706,0.920588235294,1.0,6.0302985194,0.316655590056,0.34313184129,0.147275086505,0.129609026659,0.461490823195,1.0,1.0,0.933823529412,0.626470588235,0.747058823529,5.72058823529,28.6882352941,154.209558824,0.264705882353,-0.00882352941176,1.48235294118,0.00352941176471,Class 3
0.364982698962,1.8,66.089719391,4.65073529412,0.82,1.0,17.1585924384,0.444401473857,0.50460747299,0.1075,0.217322011274,0.260501711926,1.0,1.0,0.85,1.83529411765,0.511764705882,16.8029411765,88.2338235294,476.127205882,0.6,0.0,4.60588235294,0.008,Class 3
0.536678200692,1.37647058824,11.1025629591,1.69485294118,0.862352941176,1.0,5.48502516627,0.347354350296,0.393197524386,0.122724913495,0.185781239561,0.249764582753,1.0,1.0,0.885294117647,0.635294117647,0.711764705882,5.22647058824,24.8102941176,129.821323529,0.458823529412,0.0176470588235,1.21764705882,0.00611764705882,Class 3
0.501730103806,1.05882352941,20.7487404464,2.18014705882,0.894117647059,1.0,7.62165312895,0.368480433183,0.402866933564,0.135596885813,0.157306046251,0.418572426102,1.0,1.0,0.911764705882,0.811764705882,0.670588235294,7.30882352941,36.9867647059,198.415441176,0.352941176471,0.0352941176471,1.90588235294,0.00470588235294,Class 3
0.581522491349,1.21764705882,8.8931670008,1.5625,0.878235294118,1.0,4.84145820838,0.321487670184,0.360815700442,0.129005190311,0.172123107047,0.27672149646,1.0,1.0,0.898529411765,0.555882352941,0.747058823529,4.59117647059,21.5941176471,112.986029412,0.405882352941,0.0441176470588,1.05882352941,0.00541176470588,Class 3
0.476262975779,1.05882352941,25.549824054,2.35661764706,0.894117647059,1.0,8.51169878066,0.382071119529,0.417230518303,0.135596885813,0.157306046251,0.430597770423,1.0,1.0,0.911764705882,0.9,0.641176470588,8.19117647059,41.8838235294,225.327205882,0.352941176471,0.0176470588235,2.17058823529,0.00470588235294,Class 3
0.528788927336,1.11176470588,15.7679762986,1.82720588235,0.888823529412,1.0,6.57893496808,0.353564619986,0.390689829707,0.133365051903,0.162382102656,0.363695383602,1.0,1.0,0.907352941176,0.714705882353,0.7,6.28529411765,31.2029411765,166.350735294,0.370588235294,-0.00882352941176,1.58823529412,0.00494117647059,Class 3
0.438961937716,1.32352941176,27.4951166759,2.44485294118,0.867647058824,1.0,8.82577341,0.404288894566,0.448506904473,0.124783737024,0.181349741726,0.35492732668,1.0,1.0,0.889705882353,0.961764705882,0.605882352941,8.54411764706,43.3264705882,231.856617647,0.441176470588,-0.00882352941176,2.22352941176,0.00588235294118,Class 3
0.608027681661,0.423529411765,17.2511380228,1.73897058824,0.957647058824,1.0,6.91915644887,0.295049632024,0.309215749467,0.165077854671,0.0824127316616,0.659997175269,1.0,1.0,0.964705882353,0.670588235294,0.752941176471,6.53235294118,33.9161764706,184.897794118,0.141176470588,0.0,1.8,0.00188235294118,Class 3
0.783806228374,0.529411764706,3.17039404808,0.768382352941,0.947058823529,1.0,2.4801424491,0.192721339859,0.209914590049,0.1598183391,0.0971595259374,0.397551677477,1.0,1.0,0.955882352941,0.264705882353,0.882352941176,2.36764705882,10.5955882353,56.1801470588,0.176470588235,0.0176470588235,0.529411764706,0.00235294117647,Class 3
0.444498269896,1.85294117647,15.8650478632,2.09191176471,0.814705882353,1.0,6.66518368965,0.396879094071,0.458819357583,0.105752595156,0.220816919619,0.182194576077,1.0,1.0,0.845588235294,0.802941176471,0.629411764706,6.42647058824,30.5411764706,158.797794118,0.617647058824,0.00882352941176,1.48235294118,0.00823529411765,Class 3
0.460276816609,2.11764705882,10.2145672337,1.87132352941,0.788235294118,1.0,5.42536981619,0.37953012765,0.450232927918,0.0975346020761,0.236948712831,0.100818354962,1.0,1.0,0.823529411765,0.705882352941,0.647058823529,5.19117647059,23.1691176471,116.886029412,0.705882352941,0.0176470588235,1.05882352941,0.00941176470588,Class 3
0.515294117647,1.48235294118,11.9947608005,1.73897058824,0.851764705882,1.0,5.73040558875,0.359110265256,0.408691676307,0.118711072664,0.194299687378,0.228912978593,1.0,1.0,0.876470588235,0.670588235294,0.694117647059,5.47352941176,25.975,135.6625,0.494117647059,0.0,1.27058823529,0.00658823529412,Class 3
0.487335640138,1.69411764706,12.3862527716,1.82720588235,0.830588235294,1.0,5.86255395128,0.372937026321,0.429601496093,0.111098615917,0.210048255322,0.186943111189,1.0,1.0,0.858823529412,0.705882352941,0.670588235294,5.61470588235,26.3455882353,136.580147059,0.564705882353,0.0,1.27058823529,0.00752941176471,Class 3
0.45723183391,1.48235294118,20.1582695535,2.22426470588,0.851764705882,1.0,7.50268781953,0.393975546969,0.443374325862,0.118711072664,0.194299687378,0.287057376938,1.0,1.0,0.876470588235,0.847058823529,0.635294117647,7.23823529412,35.7691176471,189.486029412,0.494117647059,0.0176470588235,1.8,0.00658823529412,Class 3
0.64491349481,1.16470588235,4.93182963535,1.07720588235,0.883529411765,1.0,3.52191634082,0.279804090173,0.318528349147,0.131167820069,0.16731931634,0.203020385965,1.0,1.0,0.902941176471,0.423529411765,0.794117647059,3.32058823529,14.6455882353,75.0801470588,0.388235294118,-0.0176470588235,0.688235294118,0.00517647058824,Class 4
0.834809688581,0.317647058824,2.6760625823,0.547794117647,0.968235294118,1.0,2.11604621943,0.155398901945,0.16515541692,0.170475778547,0.0663118708952,0.540218078626,1.0,1.0,0.973529411765,0.211764705882,0.911764705882,2.05,9.24558823529,49.8801470588,0.105882352941,-0.0176470588235,0.476470588235,0.00141176470588,Class 4
0.753910034602,0.741176470588,2.8575267212,0.768382352941,0.925882352941,1.0,2.45295500486,0.211451137305,0.23624184283,0.149714532872,0.123547569362,0.256306258709,1.0,1.0,0.938235294118,0.282352941176,0.864705882353,2.33235294118,9.98676470588,51.7154411765,0.247058823529,0.0,0.476470588235,0.00329411764706,Class 4
0.765051903114,1.05882352941,0.280439950899,0.636029411765,0.894117647059,1.0,1.36013917981,0.184440722654,0.219600121428,0.135596885813,0.157306046251,0.0172689886104,1.0,1.0,0.911764705882,0.211764705882,0.870588235294,1.30882352941,3.68676470588,15.4154411765,0.352941176471,0.0176470588235,0.105882352941,0.00470588235294,Class 4
0.45598615917,1.53529411765,19.3969228488,2.22426470588,0.846470588235,1.0,7.35671019788,0.394388524039,0.445343574843,0.116756055363,0.198393410652,0.272274516062,1.0,1.0,0.872058823529,0.838235294118,0.635294117647,7.09705882353,34.8823529412,184.333088235,0.511764705882,0.0264705882353,1.74705882353,0.00682352941176,Class 4
0.73321799308,0.264705882353,8.20143304808,1.12132352941,0.973529411765,1.0,4.39730084545,0.218298015068,0.226894640163,0.173226643599,0.0576271518667,0.708951169239,1.0,1.0,0.977941176471,0.414705882353,0.847058823529,4.13235294118,20.9058823529,114.238970588,0.0882352941176,0.00882352941176,1.11176470588,0.00117647058824,Class 4
0.691141868512,0.688235294118,57.4445152877,6.50367647059,0.931176470588,1.0,27.765083187,0.254820567035,0.27774215408,0.152188581315,0.117287103683,0.413537527287,1.0,1.0,0.942647058824,2.58529411765,0.823529411765,25.4147058824,138.197058824,756.574264706,0.229411764706,-0.00882352941176,7.41176470588,0.00305882352941,Class 4
0.339515570934,2.43529411765,61.8865482219,4.91544117647,0.756470588235,1.0,17.2017751881,0.450807811866,0.53181813452,0.0888148788927,0.253559808334,0.134003708432,1.0,1.0,0.797058823529,1.90588235294,0.5,16.8735294118,87.3867647059,468.115441176,0.811764705882,0.0352941176471,4.5,0.0108235294118,Class 4
0.408096885813,1.42941176471,33.2689968213,2.79779411765,0.857058823529,1.0,9.76020707952,0.421428572396,0.468812559418,0.120700692042,0.190096715556,0.344178340222,1.0,1.0,0.880882352941,1.06764705882,0.564705882353,9.49705882353,48.4088235294,259.227205882,0.476470588235,0.0264705882353,2.48823529412,0.00635294117647,Class 4
0.650726643599,0.688235294118,9.3616752599,1.20955882353,0.931176470588,1.0,4.86244915924,0.279804090173,0.300303155054,0.152188581315,0.117287103683,0.493823092314,1.0,1.0,0.942647058824,0.502941176471,0.794117647059,4.59117647059,22.6264705882,121.456617647,0.229411764706,-0.0441176470588,1.16470588235,0.00305882352941,Class 4
0.794602076125,0.952941176471,-0.0598105548038,0.503676470588,0.904705882353,1.0,1.07656124953,0.162093485301,0.193967249548,0.140164359862,0.146712859852,0.0036208732349,1.0,1.0,0.920588235294,0.176470588235,0.888235294118,1.06176470588,2.52205882353,9.57426470588,0.317647058824,0.0,0.0529411764706,0.00423529411765,Class 4
0.876885813149,0.582352941176,-0.363698349977,0.283088235294,0.941764705882,1.0,0.552772493384,0.104110907827,0.123473037314,0.157240484429,0.104110907827,0.00808621340455,1.0,1.0,0.951470588235,0.0970588235294,0.935294117647,0.638235294118,0.894117647059,2.58602941176,0.194117647059,-0.00882352941176,0.0,0.00258823529412,Class 4
0.543321799308,1.69411764706,7.0583325448,1.69485294118,0.830588235294,1.0,4.43544724714,0.336527636843,0.389132781431,0.111098615917,0.210048255322,0.149906770358,1.0,1.0,0.858823529412,0.564705882353,0.717647058824,4.20294117647,18.5102941176,93.5213235294,0.564705882353,0.0882352941176,0.847058823529,0.00752941176471,Class 4
0.813356401384,0.582352941176,1.63593901025,0.547794117647,0.941764705882,1.0,1.74413488781,0.169378239295,0.188740368782,0.157240484429,0.104110907827,0.251502922024,1.0,1.0,0.951470588235,0.202941176471,0.9,1.69705882353,6.77058823529,34.8801470588,0.194117647059,-0.00882352941176,0.317647058824,0.00258823529412,Class 4
0.725467128028,1.00588235294,2.14426318543,0.768382352941,0.899411764706,1.0,2.27717964848,0.224471253379,0.258048522986,0.137863321799,0.152085171617,0.137409897453,1.0,1.0,0.916176470588,0.291176470588,0.847058823529,2.15588235294,8.49117647059,42.0977941176,0.335294117647,-0.00882352941176,0.370588235294,0.00447058823529,Class 4
0.56491349481,1.8,4.37911064501,1.25367647059,0.82,1.0,3.60615179935,0.314923307601,0.374978945042,0.1075,0.217322011274,0.0710753004121,1.0,1.0,0.85,0.494117647059,0.735294117647,3.39117647059,13.7985294118,67.0683823529,0.6,-0.0176470588235,0.582352941176,0.008,Class 4
0.795432525952,0.317647058824,4.31928106527,0.768382352941,0.968235294118,1.0,2.89788645516,0.182356626534,0.192981214616,0.170475778547,0.0663118708952,0.575611618666,1.0,1.0,0.973529411765,0.282352941176,0.888235294118,2.75588235294,13.1632352941,71.4095588235,0.105882352941,0.0,0.688235294118,0.00141176470588,Class 4
0.854948096886,0.423529411765,1.24490459764,0.503676470588,0.957647058824,1.0,1.41322005613,0.139414713461,0.152935337638,0.165077854671,0.0824127316616,0.323213651865,1.0,1.0,0.964705882353,0.158823529412,0.923529411765,1.41470588235,5.51323529412,28.8095588235,0.141176470588,0.0176470588235,0.264705882353,0.00188235294118,Class 4
1.0,0.0,-0.333333333333,0.0625,1.0,1.0,0.0,-0.0,-0.0,0.1875,-0.0,nan,1.0,1.0,1.0,0.0,1.0,0.25,-0.125,0.0625,0.0,0.0,0.0,0.0,Class 4
0.953771626298,0.211764705882,-0.343998476408,0.150735294118,0.978823529412,1.0,0.207273767794,0.0484125532609,0.0554956119824,0.176012110727,0.0484125532609,0.00218973698188,1.0,1.0,0.982352941176,0.0352941176471,0.976470588235,0.391176470588,0.245588235294,0.980147058824,0.0705882352941,0.0,0.0,0.000941176470588,Class 4
1.0,0.0,-0.333333333333,0.0625,1.0,1.0,0.0,-0.0,-0.0,0.1875,-0.0,nan,1.0,1.0,1.0,0.0,1.0,0.25,-0.125,0.0625,0.0,0.0,0.0,0.0,Class 4
0.834394463668,0.688235294118,0.264932055536,0.415441176471,0.931176470588,1.0,1.04589635484,0.144656352039,0.167577939083,0.152188581315,0.117287103683,0.0578924503929,1.0,1.0,0.942647058824,0.15,0.911764705882,1.06176470588,3.03823529412,13.8095588235,0.229411764706,-0.00882352941176,0.105882352941,0.00305882352941,Class 4
0.953702422145,0.158823529412,-0.0530297841657,0.150735294118,0.984117647059,1.0,0.363963969902,0.0541588838559,0.0590371413431,0.178832179931,0.0385370716971,0.262009227964,1.0,1.0,0.986764705882,0.0441176470588,0.976470588235,0.532352941176,1.13235294118,6.13308823529,0.0529411764706,-0.00882352941176,0.0529411764706,0.000705882352941,Class 4
0.689688581315,1.27058823529,1.82043893542,0.944852941176,0.872941176471,1.0,2.29325723848,0.240731849035,0.282374656692,0.12687716263,0.17679841111,0.0768724513654,1.0,1.0,0.894117647059,0.317647058824,0.823529411765,2.15588235294,7.975,37.8625,0.423529411765,0.0352941176471,0.317647058824,0.00564705882353,Class 4
0.765051903114,1.05882352941,0.280439950899,0.636029411765,0.894117647059,1.0,1.36013917981,0.184440722654,0.219600121428,0.135596885813,0.157306046251,0.0172689886104,1.0,1.0,0.911764705882,0.211764705882,0.870588235294,1.30882352941,3.68676470588,15.4154411765,0.352941176471,0.0176470588235,0.105882352941,0.00470588235294,Class 4
0.813494809689,0.688235294118,0.941589564167,0.547794117647,0.931176470588,1.0,1.44027574914,0.164876612788,0.187798199832,0.152188581315,0.117287103683,0.138660968157,1.0,1.0,0.942647058824,0.185294117647,0.9,1.41470588235,4.99705882353,24.5742647059,0.229411764706,0.00882352941176,0.211764705882,0.00305882352941,Class 4
0.866297577855,0.635294117647,-0.366620997615,0.327205882353,0.936470588235,1.0,0.60064094096,0.110813658488,0.132062834652,0.154697231834,0.110813658488,0.00845862332687,1.0,1.0,0.947058823529,0.105882352941,0.929411764706,0.673529411765,0.986764705882,2.81544117647,0.211764705882,0.0,0.0,0.00282352941176,Class 4
0.449134948097,2.01176470588,12.9800520164,1.82720588235,0.798823529412,1.0,6.06099796897,0.390645320995,0.456719191412,0.10071799308,0.230757535551,0.142601870885,1.0,1.0,0.832352941176,0.758823529412,0.635294117647,5.82647058824,26.9014705882,137.956617647,0.670588235294,-0.0529411764706,1.27058823529,0.00894117647059,Class 4
0.527958477509,1.95882352941,5.5857047099,1.38602941176,0.804117647059,1.0,4.07710003995,0.33629317493,0.401500423246,0.102361591696,0.22753285056,0.0722086536047,1.0,1.0,0.836764705882,0.555882352941,0.705882352941,3.85,16.0352941176,78.5213235294,0.652941176471,-0.0264705882353,0.688235294118,0.00870588235294,Class 4
0.844636678201,0.582352941176,0.588268371664,0.503676470588,0.941764705882,1.0,1.15256981744,0.142130564648,0.160550525185,0.157240484429,0.104110907827,0.149721741595,1.0,1.0,0.951470588235,0.15,0.917647058824,1.16764705882,3.83235294118,18.7330882353,0.194117647059,0.0264705882353,0.158823529412,0.00258823529412,Class 4
1.0,0.0,-0.333333333333,0.0625,1.0,1.0,0.0,-0.0,-0.0,0.1875,-0.0,nan,1.0,1.0,1.0,0.0,1.0,0.25,-0.125,0.0625,0.0,0.0,0.0,0.0,Class 4
0.834117647059,0.635294117647,0.593012728338,0.459558823529,0.936470588235,1.0,1.19820314568,0.148784498242,0.170033674407,0.154697231834,0.110813658488,0.109398455586,1.0,1.0,0.947058823529,0.158823529412,0.911764705882,1.20294117647,3.925,18.9625,0.211764705882,0.0,0.158823529412,0.00282352941176,Class 4
0.898131487889,0.423529411765,-0.0551825578419,0.238970588235,0.957647058824,1.0,0.61031668745,0.0979566511603,0.111477275337,0.165077854671,0.0824127316616,0.0670724553869,1.0,1.0,0.964705882353,0.0882352941176,0.947058823529,0.708823529412,1.59558823529,7.28014705882,0.141176470588,-0.0176470588235,0.0529411764706,0.00188235294118,Class 4
0.865674740484,0.529411764706,0.258598463363,0.371323529412,0.947058823529,1.0,0.906892886116,0.124626099436,0.14233374624,0.1598183391,0.0971595259374,0.0908442633511,1.0,1.0,0.955882352941,0.123529411765,0.929411764706,0.955882352941,2.76029411765,13.1213235294,0.176470588235,0.0,0.105882352941,0.00235294117647,Class 4
0.736539792388,0.582352941176,4.96389943629,0.856617647059,0.941764705882,1.0,3.28783166946,0.225157907494,0.243577868031,0.157240484429,0.104110907827,0.446566814541,1.0,1.0,0.951470588235,0.344117647059,0.852941176471,3.10882352941,14.6058823529,77.9389705882,0.194117647059,-0.0264705882353,0.741176470588,0.00258823529412,Class 4
0.681314878893,0.794117647059,6.13239597919,1.07720588235,0.920588235294,1.0,3.81738746518,0.261117475239,0.287593726473,0.147275086505,0.129609026659,0.356301909346,1.0,1.0,0.933823529412,0.414705882353,0.817647058824,3.60294117647,16.9352941176,89.6213235294,0.264705882353,-0.00882352941176,0.847058823529,0.00352941176471,Class 4
0.726505190311,1.16470588235,1.01352754608,0.768382352941,0.883529411765,1.0,1.8307848749,0.214297522525,0.253021781498,0.131167820069,0.16731931634,0.0486399856338,1.0,1.0,0.902941176471,0.264705882353,0.847058823529,1.73235294118,5.83088235294,26.6389705882,0.388235294118,0.0176470588235,0.211764705882,0.00517647058824,Class 4
0.965190311419,0.0529411764706,0.240673635829,0.194852941176,0.994705882353,1.0,0.470693950364,0.0434153291843,0.0434153291843,0.184576124567,0.0156674326741,0.824385523008,1.0,1.0,0.995588235294,0.0441176470588,0.982352941176,0.638235294118,1.92647058824,11.0566176471,0.0176470588235,0.00882352941176,0.105882352941,0.000235294117647,Class 4
1.0,0.0,-0.333333333333,0.0625,1.0,1.0,0.0,-0.0,-0.0,0.1875,-0.0,nan,1.0,1.0,1.0,0.0,1.0,0.25,-0.125,0.0625,0.0,0.0,0.0,0.0,Class 4
0.965190311419,0.105882352941,-0.0526130946231,0.194852941176,0.989411764706,1.0,0.313402726688,0.0434153291843,0.0434153291843,0.181686851211,0.0277782194884,0.688637086323,1.0,1.0,0.991176470588,0.0352941176471,0.982352941176,0.497058823529,1.03970588235,5.90367647059,0.0352941176471,0.0176470588235,0.0529411764706,0.000470588235294,Class 4
0.547889273356,1.11176470588,13.4622742764,1.69485294118,0.888823529412,1.0,6.04007739473,0.342511708649,0.37963691837,0.133365051903,0.162382102656,0.345679613064,1.0,1.0,0.907352941176,0.661764705882,0.717647058824,5.75588235294,28.2647058824,150.203676471,0.370588235294,-0.00882352941176,1.42941176471,0.00494117647059,Class 4
0.783183391003,0.741176470588,1.67651907008,0.636029411765,0.925882352941,1.0,1.87431117446,0.188517222201,0.213307927726,0.149714532872,0.123547569362,0.181318141309,1.0,1.0,0.938235294118,0.229411764706,0.882352941176,1.80294117647,7.04852941176,35.5683823529,0.247058823529,0.0,0.317647058824,0.00329411764706,Class 4
0.783598615917,0.847058823529,0.964903559872,0.636029411765,0.915294117647,1.0,1.57265582849,0.182873341695,0.210885405562,0.144870242215,0.135483564135,0.100975067522,1.0,1.0,0.929411764706,0.211764705882,0.882352941176,1.52058823529,5.275,25.2625,0.282352941176,0.0176470588235,0.211764705882,0.00376470588235,Class 4
0.876193771626,0.370588235294,0.89695187023,0.415441176471,0.962941176471,1.0,1.16779158927,0.122530868364,0.134743118662,0.167759515571,0.0745532402139,0.298080313471,1.0,1.0,0.969117647059,0.132352941176,0.935294117647,1.20294117647,4.44117647059,23.1977941176,0.123529411765,0.00882352941176,0.211764705882,0.00164705882353,Class 4
0.965190311419,0.158823529412,-0.341295456397,0.106617647059,0.984117647059,1.0,0.15622823948,0.0385370716971,0.0434153291843,0.178832179931,0.0385370716971,0.00193541461767,1.0,1.0,0.986764705882,0.0264705882353,0.982352941176,0.355882352941,0.152941176471,0.750735294118,0.0529411764706,-0.00882352941176,0.0,0.000705882352941,Class 4
0.55660899654,1.64117647059,6.42377234289,1.47426470588,0.835882352941,1.0,4.21943231548,0.32775556635,0.382277850738,0.11294982699,0.206264981707,0.131878448734,1.0,1.0,0.863235294118,0.538235294118,0.729411764706,3.99117647059,17.4382352941,87.9095588235,0.547058823529,0.0264705882353,0.794117647059,0.00729411764706,Class 4
0.953702422145,0.158823529412,-0.0530297841657,0.150735294118,0.984117647059,1.0,0.363963969902,0.0541588838559,0.0590371413431,0.178832179931,0.0385370716971,0.262009227964,1.0,1.0,0.986764705882,0.0441176470588,0.976470588235,0.532352941176,1.13235294118,6.13308823529,0.0529411764706,-0.00882352941176,0.0529411764706,0.000705882352941,Class 4
0.824567474048,0.794117647059,-0.0583748596944,0.459558823529,0.920588235294,1.0,0.939895033407,0.145039745527,0.171515996762,0.147275086505,0.129609026659,0.0101078714973,1.0,1.0,0.933823529412,0.15,0.905882352941,0.955882352941,2.24411764706,8.88602941176,0.264705882353,0.00882352941176,0.0529411764706,0.00352941176471,Class 4
0.942491349481,0.264705882353,-0.34673320416,0.194852941176,0.973529411765,1.0,0.257857273597,0.0576271518667,0.0662237769619,0.173226643599,0.0576271518667,0.003294459662,1.0,1.0,0.977941176471,0.0441176470588,0.970588235294,0.426470588235,0.338235294118,1.20955882353,0.0882352941176,0.00882352941176,0.0,0.00117647058824,Class 4
0.803183391003,0.635294117647,1.6493317676,0.591911764706,0.936470588235,1.0,1.78778471098,0.175982404775,0.19723158094,0.154697231834,0.110813658488,0.220150984713,1.0,1.0,0.947058823529,0.211764705882,0.894117647059,1.73235294118,6.86323529412,35.1095588235,0.211764705882,0.0,0.317647058824,0.00282352941176,Class 4
0.585605536332,0.952941176471,11.7292745848,1.65073529412,0.904705882353,1.0,5.58094293168,0.320293169201,0.351021988466,0.140164359862,0.146712859852,0.396319266776,1.0,1.0,0.920588235294,0.6,0.747058823529,5.29705882353,26.0279411765,138.750735294,0.317647058824,0.0352941176471,1.32352941176,0.00423529411765,Class 4
0.490934256055,1.05882352941,22.6171835792,2.18014705882,0.894117647059,1.0,7.97806883318,0.37418542065,0.409600714258,0.135596885813,0.157306046251,0.41532103722,1.0,1.0,0.911764705882,0.847058823529,0.658823529412,7.66176470588,38.9455882353,209.180147059,0.352941176471,0.0,2.01176470588,0.00470588235294,Class 4
0.876262975779,0.423529411765,0.574191339713,0.415441176471,0.957647058824,1.0,1.0137831185,0.120577001219,0.134097625396,0.165077854671,0.0824127316616,0.220578562527,1.0,1.0,0.964705882353,0.123529411765,0.935294117647,1.06176470588,3.55441176471,18.0448529412,0.141176470588,0.0176470588235,0.158823529412,0.00188235294118,Class 4
0.953702422145,0.158823529412,-0.0530297841657,0.194852941176,0.984117647059,1.0,0.363963969902,0.0541588838559,0.0590371413431,0.178832179931,0.0385370716971,0.262009227964,1.0,1.0,0.986764705882,0.0441176470588,0.976470588235,0.532352941176,1.13235294118,6.13308823529,0.0529411764706,0.00882352941176,0.0529411764706,0.000705882352941,Class 4
0.965190311419,0.158823529412,-0.341295456397,0.106617647059,0.984117647059,1.0,0.15622823948,0.0385370716971,0.0434153291843,0.178832179931,0.0385370716971,0.00193541461767,1.0,1.0,0.986764705882,0.0264705882353,0.982352941176,0.355882352941,0.152941176471,0.750735294118,0.0529411764706,-0.00882352941176,0.0,0.000705882352941,Class 4
0.919930795848,0.264705882353,0.248447414999,0.283088235294,0.973529411765,1.0,0.668423161725,0.085251924138,0.0938485492332,0.173226643599,0.0576271518667,0.251818073478,1.0,1.0,0.977941176471,0.0794117647059,0.958823529412,0.779411764706,2.29705882353,11.9742647059,0.0882352941176,0.00882352941176,0.105882352941,0.00117647058824,Class 4
0.876332179931,0.476470588235,0.256530011329,0.327205882353,0.952352941176,1.0,0.859909062695,0.117434889947,0.133229552288,0.162430795848,0.0899362824013,0.115146182992,1.0,1.0,0.960294117647,0.114705882353,0.935294117647,0.920588235294,2.66764705882,12.8919117647,0.158823529412,-0.00882352941176,0.105882352941,0.00211764705882,Class 4
0.898062283737,0.423529411765,-0.0551810237203,0.283088235294,0.957647058824,1.0,0.61031668745,0.0979566511603,0.112122768603,0.165077854671,0.0824127316616,0.0543413135755,1.0,1.0,0.964705882353,0.0882352941176,0.947058823529,0.708823529412,1.59558823529,7.28014705882,0.141176470588,0.0,0.0529411764706,0.00188235294118,Class 4
0.976747404844,0.105882352941,-0.338623919419,0.150735294118,0.989411764706,1.0,0.104693166926,0.0277782194884,0.0277782194884,0.181686851211,0.0277782194884,nan,1.0,1.0,0.991176470588,0.0176470588235,0.988235294118,0.320588235294,0.0602941176471,0.521323529412,0.0352941176471,0.0176470588235,0.0,0.000470588235294,Class 4
1.0,0.0,-0.333333333333,0.0625,1.0,1.0,0.0,-0.0,-0.0,0.1875,-0.0,nan,1.0,1.0,1.0,0.0,1.0,0.25,-0.125,0.0625,0.0,0.0,0.0,0.0,Class 4
0.855847750865,0.688235294118,-0.369577134966,0.371323529412,0.931176470588,1.0,0.648177475942,0.117287103683,0.140208690727,0.152188581315,0.117287103683,0.00989898750912,1.0,1.0,0.942647058824,0.114705882353,0.923529411765,0.708823529412,1.07941176471,3.04485294118,0.229411764706,0.00882352941176,0.0,0.00305882352941,Class 4
0.976678200692,0.105882352941,-0.338613675774,0.106617647059,0.989411764706,1.0,0.104693166926,0.0277782194884,0.0313197488492,0.181686851211,0.0277782194884,0.000964835740077,1.0,1.0,0.991176470588,0.0176470588235,0.988235294118,0.320588235294,0.0602941176471,0.521323529412,0.0352941176471,0.0,0.0,0.000470588235294,Class 4
0.607197231834,0.952941176471,9.75820758158,1.47426470588,0.904705882353,1.0,5.03380441787,0.307267510379,0.338856835061,0.140164359862,0.146712859852,0.363533930307,1.0,1.0,0.920588235294,0.547058823529,0.764705882353,4.76764705882,23.0897058824,122.603676471,0.317647058824,0.0176470588235,1.16470588235,0.00423529411765,Class 4
0.953771626298,0.211764705882,-0.343998476408,0.150735294118,0.978823529412,1.0,0.207273767794,0.0484125532609,0.0554956119824,0.176012110727,0.0484125532609,0.00218973698188,1.0,1.0,0.982352941176,0.0352941176471,0.976470588235,0.391176470588,0.245588235294,0.980147058824,0.0705882352941,0.0,0.0,0.000941176470588,Class 4
1.0,0.0,-0.333333333333,0.0625,1.0,1.0,0.0,-0.0,-0.0,0.1875,-0.0,nan,1.0,1.0,1.0,0.0,1.0,0.25,-0.125,0.0625,0.0,0.0,0.0,0.0,Class 4
0.793771626298,0.529411764706,2.76527687703,0.768382352941,0.947058823529,1.0,2.28628648252,0.185662441224,0.201268029199,0.1598183391,0.0971595259374,0.406350571208,1.0,1.0,0.955882352941,0.247058823529,0.888235294118,2.19117647059,9.61617647059,50.7977941176,0.176470588235,0.0352941176471,0.476470588235,0.00235294117647,Class 4
0.727543252595,0.582352941176,5.44059192569,1.03308823529,0.941764705882,1.0,3.47788248203,0.231031937353,0.24945189789,0.157240484429,0.104110907827,0.4599566764,1.0,1.0,0.951470588235,0.361764705882,0.847058823529,3.28529411765,15.5852941176,83.3213235294,0.194117647059,0.0264705882353,0.794117647059,0.00258823529412,Class 4
0.620692041522,1.11176470588,6.99646621757,1.20955882353,0.888823529412,1.0,4.22276049645,0.297507769778,0.334144520672,0.133365051903,0.162382102656,0.269295918465,1.0,1.0,0.907352941176,0.485294117647,0.776470588235,3.99117647059,18.4705882353,96.3801470588,0.370588235294,-0.0264705882353,0.9,0.00494117647059,Class 4
0.625121107266,0.794117647059,10.1427598733,1.43014705882,0.920588235294,1.0,5.11524001182,0.295879109417,0.322355360651,0.147275086505,0.129609026659,0.426376819266,1.0,1.0,0.933823529412,0.538235294118,0.776470588235,4.83823529412,23.7911764706,127.297794118,0.264705882353,0.00882352941176,1.21764705882,0.00352941176471,Class 4
0.408096885813,1.42941176471,33.2689968213,2.79779411765,0.857058823529,1.0,9.76020707952,0.421428572396,0.468812559418,0.120700692042,0.190096715556,0.344178340222,1.0,1.0,0.880882352941,1.06764705882,0.564705882353,9.49705882353,48.4088235294,259.227205882,0.476470588235,0.0264705882353,2.48823529412,0.00635294117647,Class 4
0.794602076125,0.952941176471,-0.0598105548038,0.503676470588,0.904705882353,1.0,1.07656124953,0.162093485301,0.193967249548,0.140164359862,0.146712859852,0.0036208732349,1.0,1.0,0.920588235294,0.176470588235,0.888235294118,1.06176470588,2.52205882353,9.57426470588,0.317647058824,0.0,0.0529411764706,0.00423529411765,Class 4
0.876885813149,0.582352941176,-0.363698349977,0.283088235294,0.941764705882,1.0,0.552772493384,0.104110907827,0.123473037314,0.157240484429,0.104110907827,0.00808621340455,1.0,1.0,0.951470588235,0.0970588235294,0.935294117647,0.638235294118,0.894117647059,2.58602941176,0.194117647059,-0.00882352941176,0.0,0.00258823529412,Class 4
1.0,0.0,-0.333333333333,0.0625,1.0,1.0,0.0,-0.0,-0.0,0.1875,-0.0,nan,1.0,1.0,1.0,0.0,1.0,0.25,-0.125,0.0625,0.0,0.0,0.0,0.0,Class 4
1.0,0.0,-0.333333333333,0.0625,1.0,1.0,0.0,-0.0,-0.0,0.1875,-0.0,nan,1.0,1.0,1.0,0.0,1.0,0.25,-0.125,0.0625,0.0,0.0,0.0,0.0,Class 4
0.834394463668,0.688235294118,0.264932055536,0.415441176471,0.931176470588,1.0,1.04589635484,0.144656352039,0.167577939083,0.152188581315,0.117287103683,0.0578924503929,1.0,1.0,0.942647058824,0.15,0.911764705882,1.06176470588,3.03823529412,13.8095588235,0.229411764706,-0.00882352941176,0.105882352941,0.00305882352941,Class 4
0.689688581315,1.27058823529,1.82043893542,0.944852941176,0.872941176471,1.0,2.29325723848,0.240731849035,0.282374656692,0.12687716263,0.17679841111,0.0768724513654,1.0,1.0,0.894117647059,0.317647058824,0.823529411765,2.15588235294,7.975,37.8625,0.423529411765,0.0352941176471,0.317647058824,0.00564705882353,Class 4
0.527958477509,1.95882352941,5.5857047099,1.38602941176,0.804117647059,1.0,4.07710003995,0.33629317493,0.401500423246,0.102361591696,0.22753285056,0.0722086536047,1.0,1.0,0.836764705882,0.555882352941,0.705882352941,3.85,16.0352941176,78.5213235294,0.652941176471,-0.0264705882353,0.688235294118,0.00870588235294,Class 4
0.844636678201,0.582352941176,0.588268371664,0.503676470588,0.941764705882,1.0,1.15256981744,0.142130564648,0.160550525185,0.157240484429,0.104110907827,0.149721741595,1.0,1.0,0.951470588235,0.15,0.917647058824,1.16764705882,3.83235294118,18.7330882353,0.194117647059,0.0264705882353,0.158823529412,0.00258823529412,Class 4
0.73321799308,0.264705882353,8.20143304808,1.12132352941,0.973529411765,1.0,4.39730084545,0.218298015068,0.226894640163,0.173226643599,0.0576271518667,0.708951169239,1.0,1.0,0.977941176471,0.414705882353,0.847058823529,4.13235294118,20.9058823529,114.238970588,0.0882352941176,0.00882352941176,1.11176470588,0.00117647058824,Class 4
0.898131487889,0.423529411765,-0.0551825578419,0.238970588235,0.957647058824,1.0,0.61031668745,0.0979566511603,0.111477275337,0.165077854671,0.0824127316616,0.0670724553869,1.0,1.0,0.964705882353,0.0882352941176,0.947058823529,0.708823529412,1.59558823529,7.28014705882,0.141176470588,-0.0176470588235,0.0529411764706,0.00188235294118,Class 4
0.736539792388,0.582352941176,4.96389943629,0.856617647059,0.941764705882,1.0,3.28783166946,0.225157907494,0.243577868031,0.157240484429,0.104110907827,0.446566814541,1.0,1.0,0.951470588235,0.344117647059,0.852941176471,3.10882352941,14.6058823529,77.9389705882,0.194117647059,-0.0264705882353,0.741176470588,0.00258823529412,Class 4
1.0,0.0,-0.333333333333,0.0625,1.0,1.0,0.0,-0.0,-0.0,0.1875,-0.0,nan,1.0,1.0,1.0,0.0,1.0,0.25,-0.125,0.0625,0.0,0.0,0.0,0.0,Class 4
0.965190311419,0.105882352941,-0.0526130946231,0.194852941176,0.989411764706,1.0,0.313402726688,0.0434153291843,0.0434153291843,0.181686851211,0.0277782194884,0.688637086323,1.0,1.0,0.991176470588,0.0352941176471,0.982352941176,0.497058823529,1.03970588235,5.90367647059,0.0352941176471,0.0176470588235,0.0529411764706,0.000470588235294,Class 4
0.45598615917,1.53529411765,19.3969228488,2.22426470588,0.846470588235,1.0,7.35671019788,0.394388524039,0.445343574843,0.116756055363,0.198393410652,0.272274516062,1.0,1.0,0.872058823529,0.838235294118,0.635294117647,7.09705882353,34.8823529412,184.333088235,0.511764705882,0.0264705882353,1.74705882353,0.00682352941176,Class 4
0.744705882353,1.00588235294,1.36174930538,0.680147058824,0.899411764706,1.0,1.89496990182,0.208174301471,0.241751571077,0.137863321799,0.152085171617,0.0923128233337,1.0,1.0,0.916176470588,0.255882352941,0.858823529412,1.80294117647,6.53235294118,31.3330882353,0.335294117647,-0.00882352941176,0.264705882353,0.00447058823529,Class 4
0.637923875433,0.635294117647,11.1598693487,1.20955882353,0.936470588235,1.0,5.38361126707,0.287090430684,0.295883697836,0.154697231834,0.110813658488,0.614257099779,1.0,1.0,0.947058823529,0.547058823529,0.782352941176,5.08529411765,25.4720588235,137.374264706,0.211764705882,-0.0882352941176,1.32352941176,0.00282352941176,Class 4
0.310657439446,2.32941176471,56.8802247499,4.07720588235,0.767058823529,1.0,14.1430516826,0.469993793145,0.547907439082,0.0915830449827,0.248339471671,0.173319862593,1.0,1.0,0.805882352941,1.60588235294,0.405882352941,13.9794117647,71.5308823529,381.538970588,0.776470588235,0.0,3.65294117647,0.0103529411765,Class 4
0.744290657439,0.847058823529,2.49212893911,0.8125,0.915294117647,1.0,2.34400197621,0.215824471008,0.243836534875,0.144870242215,0.135483564135,0.207965710286,1.0,1.0,0.929411764706,0.282352941176,0.858823529412,2.22647058824,9.19264705882,46.7919117647,0.282352941176,0.0176470588235,0.423529411765,0.00376470588235,Class 4
0.793771626298,0.529411764706,2.76527687703,0.768382352941,0.947058823529,1.0,2.28628648252,0.185662441224,0.201268029199,0.1598183391,0.0971595259374,0.406350571208,1.0,1.0,0.955882352941,0.247058823529,0.888235294118,2.19117647059,9.61617647059,50.7977941176,0.176470588235,0.0352941176471,0.476470588235,0.00235294117647,Class 4
0.931280276817,0.264705882353,-0.0538809630382,0.150735294118,0.973529411765,1.0,0.463742301624,0.0732180913694,0.0796099152304,0.173226643599,0.0576271518667,0.208633102891,1.0,1.0,0.977941176471,0.0617647058824,0.964705882353,0.602941176471,1.31764705882,6.59191176471,0.0882352941176,-0.0264705882353,0.0529411764706,0.00117647058824,Class 4
0.268858131488,3.33529411765,48.566484117,4.07720588235,0.666470588235,1.0,13.0242078254,0.474341258458,0.585879157284,0.0708737024221,0.286316457685,0.047828917717,1.0,1.0,0.722058823529,1.59705882353,0.347058823529,12.8852941176,63.4970588235,332.074264706,1.11176470588,0.00882352941176,3.12352941176,0.0148235294118,Class 4
0.352733564014,1.64117647059,55.3479939502,3.90073529412,0.835882352941,1.0,13.4006368701,0.452171485891,0.503679092119,0.11294982699,0.206264981707,0.323099599733,1.0,1.0,0.863235294118,1.45588235294,0.423529411765,13.1676470588,68.3676470588,367.791911765,0.547058823529,0.0794117647059,3.54705882353,0.00729411764706,Class 4
0.854948096886,0.529411764706,0.583503641985,0.415441176471,0.947058823529,1.0,1.10662853825,0.135227690835,0.152935337638,0.1598183391,0.0971595259374,0.144275349754,1.0,1.0,0.955882352941,0.141176470588,0.923529411765,1.13235294118,3.73970588235,18.5036764706,0.176470588235,0.0,0.158823529412,0.00235294117647,Class 4
0.673633217993,0.741176470588,7.13587343336,1.12132352941,0.925882352941,1.0,4.15419618998,0.266072383056,0.290496883652,0.149714532872,0.123547569362,0.407711622329,1.0,1.0,0.938235294118,0.441176470588,0.811764705882,3.92058823529,18.8014705882,100.156617647,0.247058823529,-0.0176470588235,0.952941176471,0.00329411764706,Class 4
0.942422145329,0.211764705882,-0.0534529181136,0.238970588235,0.978823529412,1.0,0.414070881452,0.0640189757276,0.0697653063227,0.176012110727,0.0484125532609,0.231313113114,1.0,1.0,0.982352941176,0.0529411764706,0.970588235294,0.567647058824,1.225,6.3625,0.0705882352941,0.0176470588235,0.0529411764706,0.000941176470588,Class 4
0.898062283737,0.423529411765,-0.0551810237203,0.283088235294,0.957647058824,1.0,0.61031668745,0.0979566511603,0.112122768603,0.165077854671,0.0824127316616,0.0543413135755,1.0,1.0,0.964705882353,0.0882352941176,0.947058823529,0.708823529412,1.59558823529,7.28014705882,0.141176470588,0.0,0.0529411764706,0.00188235294118,Class 4
0.953771626298,0.211764705882,-0.343998476408,0.150735294118,0.978823529412,1.0,0.207273767794,0.0484125532609,0.0554956119824,0.176012110727,0.0484125532609,0.00218973698188,1.0,1.0,0.982352941176,0.0352941176471,0.976470588235,0.391176470588,0.245588235294,0.980147058824,0.0705882352941,0.0,0.0,0.000941176470588,Class 4
0.942422145329,0.211764705882,-0.0534529181136,0.238970588235,0.978823529412,1.0,0.414070881452,0.0640189757276,0.0697653063227,0.176012110727,0.0484125532609,0.231313113114,1.0,1.0,0.982352941176,0.0529411764706,0.970588235294,0.567647058824,1.225,6.3625,0.0705882352941,0.0176470588235,0.0529411764706,0.000941176470588,Class 4
0.291972318339,2.91176470588,35.5766085023,3.23897058824,0.708823529412,1.0,10.2566608877,0.470029075243,0.56739790708,0.0780709342561,0.27338892395,0.0852239806132,1.0,1.0,0.757352941176,1.27941176471,0.411764705882,10.1323529412,49.0441176471,254.886029412,0.970588235294,-0.00882352941176,2.38235294118,0.0129411764706,Class 4
0.783321799308,0.635294117647,2.4114980007,0.724264705882,0.936470588235,1.0,2.17672045694,0.191692546632,0.21251395046,0.154697231834,0.110813658488,0.293145442271,1.0,1.0,0.947058823529,0.247058823529,0.882352941176,2.08529411765,8.82205882353,45.8742647059,0.211764705882,0.0176470588235,0.423529411765,0.00282352941176,Class 4
0.82401384083,0.688235294118,0.597868665663,0.547794117647,0.931176470588,1.0,1.24353798323,0.15520881342,0.177336423198,0.152188581315,0.117287103683,0.111478118795,1.0,1.0,0.942647058824,0.167647058824,0.905882352941,1.23823529412,4.01764705882,19.1919117647,0.229411764706,0.0264705882353,0.158823529412,0.00305882352941,Class 4
0.579723183391,1.64117647059,4.78517752859,1.29779411765,0.835882352941,1.0,3.67582712437,0.310652097715,0.365504591247,0.11294982699,0.206264981707,0.0993800005016,1.0,1.0,0.863235294118,0.485294117647,0.747058823529,3.46176470588,14.5,71.7625,0.547058823529,0.00882352941176,0.635294117647,0.00729411764706,Class 4
0.82401384083,0.688235294118,0.597868665663,0.547794117647,0.931176470588,1.0,1.24353798323,0.15520881342,0.177336423198,0.152188581315,0.117287103683,0.111478118795,1.0,1.0,0.942647058824,0.167647058824,0.905882352941,1.23823529412,4.01764705882,19.1919117647,0.229411764706,0.0264705882353,0.158823529412,0.00305882352941,Class 4
0.667266435986,0.635294117647,8.69306811931,1.20955882353,0.936470588235,1.0,4.64204109272,0.268993051717,0.289814455545,0.154697231834,0.110813658488,0.48587506256,1.0,1.0,0.947058823529,0.476470588235,0.805882352941,4.37941176471,21.5544117647,115.844852941,0.211764705882,-0.0176470588235,1.11176470588,0.00282352941176,Class 4
0.98830449827,0.0529411764706,-0.335963130802,0.106617647059,0.994705882353,1.0,0.0526336767052,0.0156674326741,0.0156674326741,0.184576124567,0.0156674326741,nan,1.0,1.0,0.995588235294,0.00882352941176,0.994117647059,0.285294117647,-0.0323529411765,0.291911764706,0.0176470588235,0.00882352941176,0.0,0.000235294117647,Class 4
0.98830449827,0.0529411764706,-0.335963130802,0.106617647059,0.994705882353,1.0,0.0526336767052,0.0156674326741,0.0156674326741,0.184576124567,0.0156674326741,nan,1.0,1.0,0.995588235294,0.00882352941176,0.994117647059,0.285294117647,-0.0323529411765,0.291911764706,0.0176470588235,0.00882352941176,0.0,0.000235294117647,Class 4
0.43660899654,2.17058823529,12.510381015,2.09191176471,0.782941176471,1.0,5.98566076386,0.394411862131,0.466232408045,0.0959948096886,0.239918269883,0.113562298472,1.0,1.0,0.819117647059,0.767647058824,0.623529411765,5.75588235294,26.2,133.2625,0.723529411765,0.0441176470588,1.21764705882,0.00964705882353,Class 4
0.855294117647,0.317647058824,1.92778564458,0.547794117647,0.968235294118,1.0,1.72068763644,0.140208690727,0.149965205702,0.170475778547,0.0663118708952,0.490146838958,1.0,1.0,0.973529411765,0.176470588235,0.923529411765,1.69705882353,7.28676470588,39.1154411765,0.105882352941,0.0176470588235,0.370588235294,0.00141176470588,Class 4
0.694394463668,0.529411764706,7.98437859636,1.03308823529,0.947058823529,1.0,4.38455930451,0.251163480742,0.263947128464,0.1598183391,0.0971595259374,0.583745364201,1.0,1.0,0.955882352941,0.441176470588,0.823529411765,4.13235294118,20.3897058824,110.003676471,0.176470588235,-0.0529411764706,1.05882352941,0.00235294117647,Class 4
0.754532871972,0.741176470588,2.85794642264,0.900735294118,0.925882352941,1.0,2.45295500486,0.211451137305,0.232848505153,0.149714532872,0.123547569362,0.311404826276,1.0,1.0,0.938235294118,0.282352941176,0.864705882353,2.33235294118,9.98676470588,51.7154411765,0.247058823529,0.0529411764706,0.476470588235,0.00329411764706,Class 4
0.754532871972,0.741176470588,2.85794642264,0.900735294118,0.925882352941,1.0,2.45295500486,0.211451137305,0.232848505153,0.149714532872,0.123547569362,0.311404826276,1.0,1.0,0.938235294118,0.282352941176,0.864705882353,2.33235294118,9.98676470588,51.7154411765,0.247058823529,0.0529411764706,0.476470588235,0.00329411764706,Class 4
0.528096885813,1.53529411765,10.0032197497,1.65073529412,0.846470588235,1.0,5.22781090203,0.349990705765,0.40129882667,0.116756055363,0.198393410652,0.198073574733,1.0,1.0,0.872058823529,0.626470588235,0.705882352941,4.97941176471,23.1294117647,119.744852941,0.511764705882,0.00882352941176,1.11176470588,0.00682352941176,Class 4
0.908996539792,0.370588235294,-0.0547426507625,0.283088235294,0.962941176471,1.0,0.561849174235,0.0901129294018,0.1023251797,0.167759515571,0.0745532402139,0.0767264929803,1.0,1.0,0.969117647059,0.0794117647059,0.952941176471,0.673529411765,1.50294117647,7.05073529412,0.123529411765,0.00882352941176,0.0529411764706,0.00164705882353,Class 4
0.679930795848,1.05882352941,3.89809612388,1.07720588235,0.894117647059,1.0,3.07257204733,0.257772587935,0.292159088316,0.135596885813,0.157306046251,0.210731855098,1.0,1.0,0.911764705882,0.370588235294,0.817647058824,2.89705882353,12.5014705882,63.8566176471,0.352941176471,0.0352941176471,0.582352941176,0.00470588235294,Class 4
0.763806228374,0.9,1.3395865283,0.680147058824,0.91,1.0,1.8096563888,0.197441771004,0.227469589725,0.1425,0.141181741505,0.113951857449,1.0,1.0,0.925,0.238235294118,0.870588235294,1.73235294118,6.34705882353,30.8742647059,0.3,0.00882352941176,0.264705882353,0.004,Class 4
0.645605536332,1.05882352941,5.86307838496,1.07720588235,0.894117647059,1.0,3.81731735433,0.281878171108,0.316264671489,0.135596885813,0.157306046251,0.266990016053,1.0,1.0,0.911764705882,0.441176470588,0.794117647059,3.60294117647,16.4191176471,85.3860294118,0.352941176471,-0.0352941176471,0.794117647059,0.00470588235294,Class 4
0.744705882353,1.00588235294,1.36174930538,0.680147058824,0.899411764706,1.0,1.89496990182,0.208174301471,0.241751571077,0.137863321799,0.152085171617,0.0923128233337,1.0,1.0,0.916176470588,0.255882352941,0.858823529412,1.80294117647,6.53235294118,31.3330882353,0.335294117647,-0.00882352941176,0.264705882353,0.00447058823529,Class 4
0.697785467128,1.11176470588,2.59716424608,0.900735294118,0.888823529412,1.0,2.54839818408,0.24202998038,0.279155190101,0.133365051903,0.162382102656,0.13388629591,1.0,1.0,0.907352941176,0.326470588235,0.829411764706,2.40294117647,9.65588235294,47.9389705882,0.370588235294,0.00882352941176,0.423529411765,0.00494117647059,Class 4
0.726435986159,0.688235294118,4.57668301222,0.988970588235,0.931176470588,1.0,3.17582254771,0.231821121251,0.253948731029,0.152188581315,0.117287103683,0.375878648497,1.0,1.0,0.942647058824,0.344117647059,0.847058823529,3.00294117647,13.8117647059,73.0154411765,0.229411764706,0.0264705882353,0.688235294118,0.00305882352941,Class 4
0.942491349481,0.264705882353,-0.34673320416,0.194852941176,0.973529411765,1.0,0.257857273597,0.0576271518667,0.0662237769619,0.173226643599,0.0576271518667,0.003294459662,1.0,1.0,0.977941176471,0.0441176470588,0.970588235294,0.426470588235,0.338235294118,1.20955882353,0.0882352941176,0.00882352941176,0.0,0.00117647058824,Class 4
0.737093425606,0.529411764706,5.39558804755,0.988970588235,0.947058823529,1.0,3.43950236396,0.224332867202,0.241526117393,0.1598183391,0.0971595259374,0.479607289155,1.0,1.0,0.955882352941,0.352941176471,0.852941176471,3.25,15.4926470588,83.0919117647,0.176470588235,0.0176470588235,0.794117647059,0.00235294117647,Class 4
0.727543252595,0.582352941176,5.44059192569,1.03308823529,0.941764705882,1.0,3.47788248203,0.231031937353,0.24945189789,0.157240484429,0.104110907827,0.4599566764,1.0,1.0,0.951470588235,0.361764705882,0.847058823529,3.28529411765,15.5852941176,83.3213235294,0.194117647059,0.0264705882353,0.794117647059,0.00258823529412,Class 4
0.98830449827,0.0529411764706,-0.335963130802,0.0625,0.994705882353,1.0,0.0526336767052,0.0156674326741,0.0156674326741,0.184576124567,0.0156674326741,nan,1.0,1.0,0.995588235294,0.00882352941176,0.994117647059,0.285294117647,-0.0323529411765,0.291911764706,0.0176470588235,-0.00882352941176,0.0,0.000235294117647,Class 4
0.783460207612,0.741176470588,1.6766551089,0.724264705882,0.925882352941,1.0,1.87431117446,0.188517222201,0.211827574512,0.149714532872,0.123547569362,0.210279215036,1.0,1.0,0.938235294118,0.229411764706,0.882352941176,1.80294117647,7.04852941176,35.5683823529,0.247058823529,0.0352941176471,0.317647058824,0.00329411764706,Class 4
0.965121107266,0.105882352941,-0.0526115316859,0.150735294118,0.989411764706,1.0,0.313402726688,0.0434153291843,0.0469568585451,0.181686851211,0.0277782194884,0.309579972733,1.0,1.0,0.991176470588,0.0352941176471,0.982352941176,0.497058823529,1.03970588235,5.90367647059,0.0352941176471,0.0,0.0529411764706,0.000470588235294,Class 4
0.783183391003,0.741176470588,1.67651907008,0.636029411765,0.925882352941,1.0,1.87431117446,0.188517222201,0.213307927726,0.149714532872,0.123547569362,0.181318141309,1.0,1.0,0.938235294118,0.229411764706,0.882352941176,1.80294117647,7.04852941176,35.5683823529,0.247058823529,0.0,0.317647058824,0.00329411764706,Class 4
0.953771626298,0.211764705882,-0.343998476408,0.150735294118,0.978823529412,1.0,0.207273767794,0.0484125532609,0.0554956119824,0.176012110727,0.0484125532609,0.00218973698188,1.0,1.0,0.982352941176,0.0352941176471,0.976470588235,0.391176470588,0.245588235294,0.980147058824,0.0705882352941,0.0,0.0,0.000941176470588,Class 4
0.636747404844,1.11176470588,5.91205970357,1.16544117647,0.888823529412,1.0,3.85439166871,0.286684115166,0.323809324887,0.133365051903,0.162382102656,0.238884577322,1.0,1.0,0.907352941176,0.45,0.788235294118,3.63823529412,16.5117647059,85.6154411765,0.370588235294,-0.00882352941176,0.794117647059,0.00494117647059,Class 4
0.854878892734,0.476470588235,0.911545885997,0.415441176471,0.952352941176,1.0,1.25984273887,0.137786168563,0.153580830904,0.162430795848,0.0899362824013,0.2277340258,1.0,1.0,0.960294117647,0.15,0.923529411765,1.27352941176,4.62647058824,23.6566176471,0.158823529412,-0.00882352941176,0.211764705882,0.00211764705882,Class 4
0.855155709343,0.582352941176,0.260690445042,0.371323529412,0.941764705882,1.0,0.953544904085,0.131545245165,0.150907374651,0.157240484429,0.104110907827,0.08126537769,1.0,1.0,0.951470588235,0.132352941176,0.923529411765,0.991176470588,2.85294117647,13.3507352941,0.194117647059,-0.00882352941176,0.105882352941,0.00258823529412,Class 4
0.920207612457,0.370588235294,-0.352278311908,0.238970588235,0.962941176471,1.0,0.357727385103,0.0745532402139,0.0867654905117,0.167759515571,0.0745532402139,0.00477811203871,1.0,1.0,0.969117647059,0.0617647058824,0.958823529412,0.497058823529,0.523529411765,1.66838235294,0.123529411765,0.00882352941176,0.0,0.00164705882353,Class 4
0.855570934256,0.582352941176,0.260730868593,0.503676470588,0.941764705882,1.0,0.953544904085,0.131545245165,0.148011338557,0.157240484429,0.104110907827,0.117571995629,1.0,1.0,0.951470588235,0.132352941176,0.923529411765,0.991176470588,2.85294117647,13.3507352941,0.194117647059,0.0441176470588,0.105882352941,0.00258823529412,Class 4
0.393564013841,1.53529411765,34.7826262475,2.79779411765,0.846470588235,1.0,9.98996672066,0.429401653445,0.48070977435,0.116756055363,0.198393410652,0.317752959339,1.0,1.0,0.872058823529,1.10294117647,0.547058823529,9.74411764706,49.5735294118,265.068382353,0.511764705882,-0.00882352941176,2.54117647059,0.00682352941176,Class 4
0.783598615917,0.847058823529,0.964903559872,0.636029411765,0.915294117647,1.0,1.57265582849,0.182873341695,0.210885405562,0.144870242215,0.135483564135,0.100975067522,1.0,1.0,0.929411764706,0.211764705882,0.882352941176,1.52058823529,5.275,25.2625,0.282352941176,0.0176470588235,0.211764705882,0.00376470588235,Class 4
0.744705882353,1.00588235294,1.36174930538,0.680147058824,0.899411764706,1.0,1.89496990182,0.208174301471,0.241751571077,0.137863321799,0.152085171617,0.0923128233337,1.0,1.0,0.916176470588,0.255882352941,0.858823529412,1.80294117647,6.53235294118,31.3330882353,0.335294117647,-0.00882352941176,0.264705882353,0.00447058823529,Class 4
0.420968858131,1.37647058824,30.8803381726,2.66544117647,0.862352941176,1.0,9.38145756639,0.4142621306,0.460105304689,0.122724913495,0.185781239561,0.351234270862,1.0,1.0,0.885294117647,1.02352941176,0.582352941176,9.10882352941,46.3573529412,248.233088235,0.458823529412,0.0176470588235,2.38235294118,0.00611764705882,Class 4
0.725328719723,0.9,2.92916108238,0.8125,0.91,1.0,2.57573238095,0.228625314848,0.258653133569,0.1425,0.141181741505,0.207119330558,1.0,1.0,0.925,0.308823529412,0.847058823529,2.43823529412,10.2647058824,52.4036764706,0.3,-0.00882352941176,0.476470588235,0.004,Class 4
0.783321799308,0.794117647059,1.31783634199,0.591911764706,0.920588235294,1.0,1.72340029092,0.186037699226,0.21251395046,0.147275086505,0.129609026659,0.14065785683,1.0,1.0,0.933823529412,0.220588235294,0.882352941176,1.66176470588,6.16176470588,30.4154411765,0.264705882353,-0.00882352941176,0.264705882353,0.00352941176471,Class 4
0.681176470588,1.37647058824,1.44265333487,0.8125,0.862352941176,1.0,2.18696347611,0.241253543118,0.287096717207,0.122724913495,0.185781239561,0.0437039226802,1.0,1.0,0.885294117647,0.317647058824,0.817647058824,2.05,7.18088235294,32.9389705882,0.458823529412,-0.0176470588235,0.264705882353,0.00611764705882,Class 4
0.547889273356,1.11176470588,13.4622742764,1.69485294118,0.888823529412,1.0,6.04007739473,0.342511708649,0.37963691837,0.133365051903,0.162382102656,0.345679613064,1.0,1.0,0.907352941176,0.661764705882,0.717647058824,5.75588235294,28.2647058824,150.203676471,0.370588235294,-0.00882352941176,1.42941176471,0.00494117647059,Class 4
0.886989619377,0.370588235294,0.569583584477,0.371323529412,0.962941176471,1.0,0.966859036297,0.112765113912,0.12497736421,0.167759515571,0.0745532402139,0.239591293149,1.0,1.0,0.969117647059,0.114705882353,0.941176470588,1.02647058824,3.46176470588,17.8154411765,0.123529411765,0.00882352941176,0.158823529412,0.00164705882353,Class 4
0.931349480969,0.317647058824,-0.349499849204,0.238970588235,0.968235294118,1.0,0.308001809209,0.0663118708952,0.0760683858697,0.170475778547,0.0663118708952,0.0044058576061,1.0,1.0,0.973529411765,0.0529411764706,0.964705882353,0.461764705882,0.430882352941,1.43897058824,0.105882352941,0.0176470588235,0.0,0.00141176470588,Class 4
0.953702422145,0.158823529412,-0.0530297841657,0.194852941176,0.984117647059,1.0,0.363963969902,0.0541588838559,0.0590371413431,0.178832179931,0.0385370716971,0.262009227964,1.0,1.0,0.986764705882,0.0441176470588,0.976470588235,0.532352941176,1.13235294118,6.13308823529,0.0529411764706,0.00882352941176,0.0529411764706,0.000705882352941,Class 4
0.942491349481,0.264705882353,-0.34673320416,0.194852941176,0.973529411765,1.0,0.257857273597,0.0576271518667,0.0662237769619,0.173226643599,0.0576271518667,0.003294459662,1.0,1.0,0.977941176471,0.0441176470588,0.970588235294,0.426470588235,0.338235294118,1.20955882353,0.0882352941176,0.00882352941176,0.0,0.00117647058824,Class 4
0.854878892734,0.476470588235,0.911545885997,0.415441176471,0.952352941176,1.0,1.25984273887,0.137786168563,0.153580830904,0.162430795848,0.0899362824013,0.2277340258,1.0,1.0,0.960294117647,0.15,0.923529411765,1.27352941176,4.62647058824,23.6566176471,0.158823529412,-0.00882352941176,0.211764705882,0.00211764705882,Class 4
0.53937716263,0.952941176471,16.9960103092,1.91544117647,0.904705882353,1.0,6.84653455345,0.346558015944,0.378147340626,0.140164359862,0.146712859852,0.428814652637,1.0,1.0,0.920588235294,0.723529411765,0.705882352941,6.53235294118,32.8838235294,176.427205882,0.317647058824,0.0176470588235,1.69411764706,0.00423529411765,Class 4
0.98830449827,0.0529411764706,-0.335963130802,0.106617647059,0.994705882353,1.0,0.0526336767052,0.0156674326741,0.0156674326741,0.184576124567,0.0156674326741,nan,1.0,1.0,0.995588235294,0.00882352941176,0.994117647059,0.285294117647,-0.0323529411765,0.291911764706,0.0176470588235,0.00882352941176,0.0,0.000235294117647,Class 4
0.942491349481,0.105882352941,0.547270711774,0.283088235294,0.989411764706,1.0,0.726863581022,0.0662237769619,0.0662237769619,0.181686851211,0.0277782194884,0.776925834873,1.0,1.0,0.991176470588,0.0705882352941,0.970588235294,0.85,2.99852941176,16.6683823529,0.0352941176471,0.0176470588235,0.158823529412,0.000470588235294,Class 4
1.0,0.0,-0.333333333333,0.0625,1.0,1.0,0.0,-0.0,-0.0,0.1875,-0.0,nan,1.0,1.0,1.0,0.0,1.0,0.25,-0.125,0.0625,0.0,0.0,0.0,0.0,Class 4
0.855294117647,0.317647058824,1.92778564458,0.547794117647,0.968235294118,1.0,1.72068763644,0.140208690727,0.149965205702,0.170475778547,0.0663118708952,0.490146838958,1.0,1.0,0.973529411765,0.176470588235,0.923529411765,1.69705882353,7.28676470588,39.1154411765,0.105882352941,0.0176470588235,0.370588235294,0.00141176470588,Class 4
