0.691485969388,375.169642857,11674.3303749,327.869105748,0.833844887658,1.0,938.264677344,0.364265362679,0.398547538835,0.0105877311862,0.356860864708,0.324054265077,1.0,1.0,0.842376283626,5.93303571429,0.830357142857,946.036132812,85780.622624,8592487.54719,6.99107142857,-0.0223214285714,142.901785714,2.23727761666e-05,Class 1
0.440848214286,597.223214286,43402.0696794,705.254150391,0.712681007476,1.0,2119.19029713,0.703670480497,0.774532210341,0.00693807796556,0.632668416232,0.342100933932,1.0,1.0,0.723412314065,12.7366071429,0.660714285714,2152.95354353,200613.452109,19972449.8879,11.2946428571,0.28125,389.330357143,3.56146653897e-05,Class 1
0.830197704082,153.758928571,7148.10870484,149.652866908,0.933397901287,1.0,537.227965729,0.209206080685,0.219957151958,0.0132433832908,0.165507422048,0.430717201711,1.0,1.0,0.935507959199,3.29017857143,0.910714285714,539.527204241,48396.4983215,4622373.46312,2.91964285714,-0.459821428571,96.5446428571,9.16922293165e-06,Class 1
0.846460459184,108.232142857,10261.9922509,192.570556641,0.931784016964,1.0,659.775927782,0.198126646379,0.198126646379,0.0132384008291,0.176258493321,0.620307035289,1.0,1.0,0.937026784582,3.46428571429,0.919642857143,662.050083705,67925.26971,7272401.2291,2.10714285714,5.55111512313e-17,138.5625,6.45428955214e-06,Class 1
0.691485969388,375.169642857,11674.3303749,327.869105748,0.833844887658,1.0,938.264677344,0.364265362679,0.398547538835,0.0105877311862,0.356860864708,0.324054265077,1.0,1.0,0.842376283626,5.93303571429,0.830357142857,946.036132812,85780.622624,8592487.54719,6.99107142857,-0.0223214285714,142.901785714,2.23727761666e-05,Class 1
0.830197704082,153.758928571,7148.10870484,149.652866908,0.933397901287,1.0,537.227965729,0.209206080685,0.219957151958,0.0132433832908,0.165507422048,0.430717201711,1.0,1.0,0.935507959199,3.29017857143,0.910714285714,539.527204241,48396.4983215,4622373.46312,2.91964285714,-0.459821428571,96.5446428571,9.16922293165e-06,Class 1
0.45169005102,428.589285714,77035.3726558,847.307442801,0.736710280039,1.0,2923.36658703,0.725032288623,0.782845569661,0.00747120137117,0.598776345959,0.546229439087,1.0,1.0,0.754787465452,15.0357142857,0.669642857143,2964.56794085,309072.251574,33382580.9337,7.875,-0.00892857142857,634.464285714,2.55583902889e-05,Class 1
0.677295918367,374.071428571,11637.4674494,306.91960798,0.82901589699,1.0,929.534904398,0.372649361193,0.407199952546,0.0103685028699,0.372649361193,0.350590868531,1.0,1.0,0.835727194403,6.03571428571,0.821428571429,937.63936942,83731.7038618,8328156.43442,7.26785714286,-0.3125,141.080357143,2.23072855203e-05,Class 1
0.440848214286,597.223214286,43402.0696794,705.254150391,0.712681007476,1.0,2119.19029713,0.703670480497,0.774532210341,0.00693807796556,0.632668416232,0.342100933932,1.0,1.0,0.723412314065,12.7366071429,0.660714285714,2152.95354353,200613.452109,19972449.8879,11.2946428571,0.28125,389.330357143,3.56146653897e-05,Class 1
0.633290816327,180.919642857,47346.6885857,550.671840123,0.839950863438,1.0,2122.1243192,0.476618073222,0.500149178104,0.0101293447066,0.405059146008,0.722651926649,1.0,1.0,0.853747356529,10.1651785714,0.794642857143,2140.00711496,234032.163047,26161015.2505,3.52678571429,-0.513392857143,490.089285714,1.07889184289e-05,Class 1
0.453603316327,266.830357143,91619.9453882,790.937465123,0.767155378743,1.0,3145.1393698,0.661462589848,0.732436786594,0.00796197385204,0.502661013539,0.65365667328,1.0,1.0,0.784525433074,15.5580357143,0.669642857143,3183.92229353,341847.335829,37637344.2538,5.50892857143,-1.26339285714,729.758928571,1.59120972831e-05,Class 1
0.284757653061,577.910714286,121148.619261,991.786237444,0.625392490985,1.0,3535.90823926,0.906339084021,1.0350140949,0.00515933912628,0.749993853921,0.456147333322,1.0,1.0,0.648028655735,19.5357142857,0.526785714286,3603.46972656,358502.256736,37289312.1883,11.6607142857,-0.973214285714,757.0,3.44629884138e-05,Class 1
0.619419642857,105.1875,51766.2515187,541.578369141,0.862669903919,1.0,2141.92341812,0.460250354498,0.516034673201,0.0104008888712,0.343630253771,0.707378864233,1.0,1.0,0.874758139291,10.5401785714,0.785714285714,2159.79952567,226612.858882,24088294.5654,2.22321428571,-0.46875,513.982142857,6.27272605295e-06,Class 1
0.502869897959,684.714285714,14702.3511289,482.137799944,0.725518029652,1.0,1279.64604562,0.583686268703,0.6367733114,0.00787228954082,0.557465565678,0.249350476943,1.0,1.0,0.732957797562,9.27678571429,0.705357142857,1299.80566406,103123.213924,9172428.08709,12.9821428571,-0.25,154.0625,4.08320868813e-05,Class 1
0.606823979592,525.991071429,10569.7391774,354.819161551,0.800061615346,1.0,1000.18838727,0.451312498033,0.500940500526,0.00950155452806,0.422691034246,0.276212546103,1.0,1.0,0.804590024494,7.16517857143,0.776785714286,1012.0249721,79577.9825221,6900558.3831,9.72321428571,-0.513392857143,121.732142857,3.13668249304e-05,Class 1
0.706632653061,309.535714286,10360.4272811,243.568882533,0.863436508535,1.0,814.805039749,0.339444646316,0.369668897802,0.011061065051,0.305149217493,0.378792226041,1.0,1.0,0.866791001092,5.38392857143,0.839285714286,821.327985491,71065.9868731,6768455.86643,6.03571428571,-0.723214285714,128.116071429,1.84587782704e-05,Class 1
0.440848214286,597.223214286,43402.0696794,705.254150391,0.712681007476,1.0,2119.19029713,0.703670480497,0.774532210341,0.00693807796556,0.632668416232,0.342100933932,1.0,1.0,0.723412314065,12.7366071429,0.660714285714,2152.95354353,200613.452109,19972449.8879,11.2946428571,0.28125,389.330357143,3.56146653897e-05,Class 1
0.619419642857,105.1875,51766.2515187,541.578369141,0.862669903919,1.0,2141.92341812,0.460250354498,0.516034673201,0.0104008888712,0.343630253771,0.707378864233,1.0,1.0,0.874758139291,10.5401785714,0.785714285714,2159.79952567,226612.858882,24088294.5654,2.22321428571,-0.46875,513.982142857,6.27272605295e-06,Class 1
0.633769132653,368.839285714,21223.6235246,398.576136998,0.819650719342,1.0,1312.0810851,0.460491466311,0.484022571194,0.00990015146684,0.426406832184,0.448201876439,1.0,1.0,0.826779354129,7.75892857143,0.794642857143,1325.19182478,125295.682151,12702807.8266,7.07142857143,-0.473214285714,239.330357143,2.19952731727e-05,Class 1
0.566326530612,361.178571429,32273.9303881,497.893380301,0.802255785167,1.0,1667.4477198,0.527473915112,0.558946348359,0.00949657206633,0.430095532217,0.423929503872,1.0,1.0,0.812968706287,9.66964285714,0.75,1686.36369978,160915.168235,16246122.1134,7.17857142857,-0.25,331.598214286,2.15384359811e-05,Class 1
0.513871173469,445.1875,45537.5508234,631.734061105,0.739258182369,1.0,2140.71664555,0.642805822197,0.655585855806,0.00783492107781,0.580666201292,0.548600437543,1.0,1.0,0.757536379338,11.8169642857,0.714285714286,2169.21135603,215308.326185,22473844.1836,8.40178571429,-0.441964285714,431.375,2.65482042039e-05,Class 1
0.677614795918,398.946428571,7739.36927781,270.883893694,0.835766092735,1.0,770.257087823,0.358108780446,0.399795454574,0.0103809590242,0.358108780446,0.271512737806,1.0,1.0,0.839719567847,5.60714285714,0.821428571429,777.460797991,60270.0088283,5169250.63852,7.58928571429,-0.455357142857,94.8035714286,2.3790675282e-05,Class 1
0.766900510204,189.821428571,11226.2013997,214.629429408,0.898766469147,1.0,757.001156771,0.283364101557,0.301519670802,0.0119977678571,0.254283453163,0.454980179477,1.0,1.0,0.90270068085,4.60714285714,0.875,761.567940848,68984.6117859,6639392.96009,3.76785714286,-0.455357142857,143.080357143,1.13197653752e-05,Class 1
0.619897959184,150.491071429,46930.7262547,523.867710658,0.842852171521,1.0,2041.76734983,0.458221392163,0.49990806629,0.009765625,0.381176042726,0.641789048792,1.0,1.0,0.854716779338,10.1741071429,0.785714285714,2058.93457031,216198.459974,23151135.7956,3.11607142857,-0.504464285714,477.428571429,8.97434832547e-06,Class 1
0.452965561224,122.160714286,130692.170561,963.242431641,0.797886118482,1.0,3914.03427296,0.68537457683,0.74653443117,0.00837053571429,0.469403509642,0.713909023172,1.0,1.0,0.815862334697,17.8303571429,0.669642857143,3960.21861049,447480.714377,51088350.5769,2.66071428571,-1.00892857143,960.071428571,7.28490262766e-06,Class 1
0.620216836735,430.205357143,15975.9327511,386.293770926,0.793499613813,1.0,1145.40029088,0.457952976966,0.492503568319,0.00948162468112,0.447201905692,0.35124527782,1.0,1.0,0.802522749016,7.39732142857,0.785714285714,1157.81738281,102060.277409,9841940.92051,8.36607142857,-0.21875,182.133928571,2.56547627034e-05,Class 1
0.538584183673,231.767857143,64365.4546864,668.726248605,0.802835994093,1.0,2533.13549959,0.574092992798,0.64265734511,0.00888123804209,0.478733771921,0.670798706006,1.0,1.0,0.815782719184,12.7053571429,0.732142857143,2560.39494978,268288.406446,28783701.9259,4.64285714286,-0.508928571429,582.553571429,1.38211885988e-05,Class 1
0.362404336735,270.196428571,153645.592476,1097.53456334,0.730336526949,1.0,4091.25174488,0.844554000137,0.924580775091,0.00712492028061,0.62172530728,0.625396456476,1.0,1.0,0.752716069511,19.9642857143,0.598214285714,4155.48758371,445081.234693,48484230.9744,5.48214285714,-0.205357142857,971.946428571,1.61128287764e-05,Class 1
0.5390625,336.9375,52362.9337135,661.896449498,0.80021355283,1.0,2298.80289314,0.594277524378,0.626530738199,0.00888372927296,0.465572856213,0.569786435311,1.0,1.0,0.81179205681,11.9241071429,0.732142857143,2325.30510603,241115.49534,25940448.23,6.25892857143,-0.03125,497.464285714,2.00928497632e-05,Class 1
0.420918367347,470.857142857,65011.3399597,693.953927176,0.704137778546,1.0,2577.42663817,0.697368494081,0.771464330324,0.0068359375,0.603252812838,0.563317417958,1.0,1.0,0.720616981582,14.3482142857,0.642857142857,2615.17173549,260490.082925,27350939.02,9.53571428571,-1.4375,536.526785714,2.80789815065e-05,Class 1
0.565051020408,206.526785714,68523.4473716,699.97429548,0.829137248173,1.0,2749.81234678,0.544848703783,0.59525748685,0.00933962452168,0.429810355486,0.680075335436,1.0,1.0,0.839326808912,12.7544642857,0.75,2775.71916853,313747.192727,36210294.0392,3.97321428571,-0.78125,642.696428571,1.23159686216e-05,Class 1
0.677136479592,399.419642857,11018.2643012,318.487688337,0.828933245512,1.0,923.990125073,0.387726772333,0.412575488183,0.0103560467156,0.387726772333,0.406916290556,1.0,1.0,0.835637922637,6.08482142857,0.821428571429,932.517159598,80472.0319955,7641887.30734,7.47321428571,-0.254464285714,133.464285714,2.38188948288e-05,Class 1
0.489955357143,384.357142857,51964.4242307,592.111572266,0.754020999501,1.0,2241.31164741,0.63365740658,0.678803120913,0.00807906170281,0.536840341859,0.515358567724,1.0,1.0,0.769545425268,12.3928571429,0.696428571429,2270.77329799,225422.328164,23470370.7221,7.75,-1.38392857143,471.991071429,2.29206613299e-05,Class 1
0.647799744898,86.5982142857,55083.5824758,563.65007673,0.883044065521,1.0,2334.21695052,0.41565576091,0.468093506311,0.0113351004464,0.267466397463,0.672030167262,1.0,1.0,0.897042092334,10.5580357143,0.803571428571,2350.27943638,266720.090572,30575122.8489,1.75892857143,-0.78125,566.25,5.16417706371e-06,Class 1
0.676817602041,445.660714286,8627.11531311,327.279820033,0.828387771197,1.0,858.828571204,0.39310230797,0.423326559456,0.010348573023,0.39310230797,0.286769756493,1.0,1.0,0.834177082653,5.91964285714,0.821428571429,867.243164062,71069.7149004,6445770.11341,8.08928571429,-0.00892857142857,105.580357143,2.65764237507e-05,Class 1
0.691167091837,276.205357143,18593.2466384,317.987688337,0.844811449922,1.0,1148.52630389,0.387796467562,0.409298610109,0.0105752750319,0.369640898316,0.574111317584,1.0,1.0,0.853908503797,6.56696428571,0.830357142857,1157.74260603,112886.485713,11733313.6094,5.40178571429,-0.736607142857,220.589285714,1.64711637762e-05,Class 1
0.513871173469,382.910714286,63143.002295,751.229875837,0.775928549017,1.0,2672.38994741,0.5964549638,0.652239282504,0.00796695631378,0.502897434018,0.520524367028,1.0,1.0,0.787711399313,13.2410714286,0.714285714286,2701.97084263,293876.380567,33174053.3852,6.91071428571,-0.303571428571,580.178571429,2.28344053566e-05,Class 1
0.554528061224,603.464285714,11003.6529871,397.166817801,0.764887662877,1.0,1074.91079244,0.491944336924,0.550806813732,0.00889867665816,0.455202667038,0.190762854254,1.0,1.0,0.771387055422,8.00892857143,0.741071428571,1089.42843192,83001.0870754,7046452.40736,11.4285714286,-0.482142857143,121.741071429,3.59868439408e-05,Class 1
0.453603316327,266.830357143,91619.9453882,790.937465123,0.767155378743,1.0,3145.1393698,0.661462589848,0.732436786594,0.00796197385204,0.502661013539,0.65365667328,1.0,1.0,0.784525433074,15.5580357143,0.669642857143,3183.92229353,341847.335829,37637344.2538,5.50892857143,-1.26339285714,729.758928571,1.59120972831e-05,Class 1
0.648756377551,485.580357143,6426.48453765,257.511404855,0.812903700213,1.0,787.338720972,0.405953885407,0.446591363764,0.00992257254464,0.40057834977,0.26256003966,1.0,1.0,0.817121195491,5.96875,0.803571428571,796.120954241,59822.1412484,5076039.68219,9.11607142857,-1.18303571429,77.8214285714,2.89569821229e-05,Class 1
0.363839285714,393.107142857,116937.907282,947.624128069,0.694048968639,1.0,3580.42594366,0.786359836999,0.893645172237,0.00619818239796,0.633462138555,0.579416813678,1.0,1.0,0.713403901875,18.2053571429,0.598214285714,3634.79673549,385315.970481,42225267.4159,8.0,-1.02678571429,810.991071429,2.34424567235e-05,Class 1
0.419005102041,312.651785714,91618.0588041,784.76335798,0.742039412284,1.0,3050.55736569,0.706021173814,0.795107902109,0.00725197305485,0.540947811106,0.605658719697,1.0,1.0,0.758843444721,15.9419642857,0.642857142857,3093.08858817,315792.242096,33161135.9941,6.41964285714,-1.21875,695.607142857,1.86446013238e-05,Class 1
0.408641581633,802.75,31434.3397199,660.461181641,0.66377809984,1.0,1910.50891572,0.698154694537,0.794039661204,0.0065768494898,0.682793100774,0.268769816043,1.0,1.0,0.67484468272,12.5892857143,0.633928571429,1943.60588728,168128.213244,15917081.0462,15.0892857143,-0.482142857143,285.607142857,4.7871000252e-05,Class 1
0.41868622449,507.491071429,63510.0017366,738.531773158,0.692674860451,1.0,2589.5482715,0.71568001162,0.794058706338,0.00660923549107,0.629974473273,0.466062777276,1.0,1.0,0.710574234447,14.34375,0.642857142857,2628.3062221,264524.539093,28143138.3057,10.1160714286,-0.78125,530.651785714,3.0263600384e-05,Class 1
0.284757653061,577.910714286,121148.619261,991.786237444,0.625392490985,1.0,3535.90823926,0.906339084021,1.0350140949,0.00515933912628,0.749993853921,0.456147333322,1.0,1.0,0.648028655735,19.5357142857,0.526785714286,3603.46972656,358502.256736,37289312.1883,11.6607142857,-0.973214285714,757.0,3.44629884138e-05,Class 1
0.75143494898,222.196428571,13536.5121581,264.464808873,0.881604554266,1.0,898.858173981,0.29962514801,0.323156252892,0.0117511360013,0.27798856592,0.521498513266,1.0,1.0,0.886557110585,5.125,0.866071428571,904.271065848,89163.3374765,9427668.47953,4.48214285714,-0.276785714286,170.678571429,1.32504083315e-05,Class 1
0.782844387755,281.785714286,10299.2079437,191.132498605,0.898237520958,1.0,817.5458378,0.250936879861,0.269092449106,0.0120027503189,0.243532381889,0.476786550439,1.0,1.0,0.900894834475,4.57142857143,0.883928571429,821.500976562,83162.1718445,9169761.55678,4.80357142857,-1.375,135.071428571,1.68039414507e-05,Class 1
0.70774872449,356.607142857,5925.50460307,238.98992048,0.843251209353,1.0,649.781873323,0.313503697,0.34613779292,0.0108567841199,0.308128161363,0.261228456383,1.0,1.0,0.849279712208,4.86607142857,0.839285714286,655.17843192,50098.5842852,4315431.15827,6.98214285714,-0.25,74.7946428571,2.12658245102e-05,Class 1
0.863201530612,189.75,-0.0170820986578,94.8177664621,0.928598472663,1.0,188.711270107,0.1440052795,0.165507422048,0.013258330676,0.1440052795,0.00691941269366,1.0,1.0,0.929933992828,1.83928571429,0.928571428571,189.521065848,9786.25739833,506201.07119,3.67857142857,0.0,0.0,1.1315505821e-05,Class 1
0.691167091837,182.571428571,35435.9082081,424.799630301,0.876959301651,1.0,1767.17873792,0.38039196959,0.409298610109,0.0110560825893,0.313602911235,0.792907046467,1.0,1.0,0.885432852118,8.35714285714,0.830357142857,1778.70633371,198772.625946,22848600.6762,3.32142857143,-1.08035714286,399.294642857,1.08874206205e-05,Class 1
0.60618622449,411.446428571,20620.3911693,454.537074498,0.8023615534,1.0,1307.32527533,0.477140980447,0.519096069772,0.00948411591199,0.437768445386,0.425601763686,1.0,1.0,0.812455237479,8.09821428571,0.776785714286,1321.54227121,119353.647308,11582096.7451,7.80357142857,0.4375,227.776785714,2.45360972729e-05,Class 2
0.707270408163,454.866071429,-0.0187919369806,253.824741908,0.839342765179,1.0,449.722475797,0.306480081127,0.351513328557,0.0108493104273,0.306480081127,0.0190739204392,1.0,1.0,0.842256358217,4.27232142857,0.839285714286,454.333007812,24202.4973798,1290917.39075,8.54464285714,0.486607142857,0.0,2.71253738025e-05,Class 2
0.373405612245,472.607142857,107776.883473,1090.2136928,0.696933332715,1.0,3510.07047717,0.841181295174,0.896965613877,0.00686334103954,0.692779074802,0.57542981611,1.0,1.0,0.715697960888,17.8303571429,0.607142857143,3567.12932478,380562.762926,42180869.7848,9.30357142857,1.33928571429,774.1875,2.81833405852e-05,Class 2
0.538903061224,361.758928571,41702.448435,585.318882533,0.78733122058,1.0,1956.90257546,0.600970670982,0.631906273836,0.00883888711735,0.506660645875,0.467236666615,1.0,1.0,0.79822446693,10.9508928571,0.732142857143,1981.49818638,192814.500798,19629320.5833,7.09821428571,-0.00446428571429,405.276785714,2.15730448593e-05,Class 2
0.720982142857,199.517857143,26367.828664,453.096784319,0.885409608171,1.0,1442.14249267,0.350182464922,0.366309071833,0.0117486447704,0.283364101557,0.678572182233,1.0,1.0,0.891216359263,7.03571428571,0.848214285714,1450.99651228,160348.535056,18429944.5902,3.83928571429,0.732142857143,313.089285714,1.18979998624e-05,Class 2
0.606345663265,235.919642857,34290.9221871,499.894217355,0.836984614846,1.0,1645.49517218,0.469736482476,0.513720534135,0.00993004623724,0.400846764966,0.495109911798,1.0,1.0,0.846203687822,9.20089285714,0.776785714286,1661.41336496,159424.661861,15851586.3141,4.79464285714,0.477678571429,356.660714286,1.40687751886e-05,Class 2
0.579081632653,334.116071429,30639.4651285,510.060791016,0.807189851135,1.0,1590.39612405,0.497938536936,0.556020233171,0.00929976482781,0.422405857514,0.37067459997,1.0,1.0,0.817108968446,9.30803571429,0.758928571429,1607.5249721,150885.123984,14919904.3756,6.63392857143,0.46875,318.642857143,1.9924597371e-05,Class 2
0.592474489796,253.026785714,56906.7974602,758.73601423,0.850501451611,1.0,2492.57116018,0.49726417906,0.536921890852,0.0101642219388,0.375771623389,0.627939490487,1.0,1.0,0.858582584464,11.6473214286,0.767857142857,2514.03613281,283892.571285,32884920.2576,4.49107142857,1.09375,565.616071429,1.50889384275e-05,Class 2
0.429049744898,435.383928571,79429.6559712,885.012799944,0.723829119445,1.0,2953.31792935,0.713728703628,0.800448625186,0.00712492028061,0.609882002539,0.518475449724,1.0,1.0,0.741417694968,15.3883928571,0.651785714286,2994.81849888,310998.851018,33561419.3332,8.34821428571,0.495535714286,640.339285714,2.59635803853e-05,Class 2
0.275829081633,818.714285714,87717.4210136,1038.52396066,0.569041578266,1.0,3120.54589389,0.936477499564,1.03316771182,0.00434470663265,0.864003112597,0.377355139986,1.0,1.0,0.590440235717,18.375,0.517857142857,3186.20410156,306880.292903,31729599.004,15.8571428571,0.580357142857,592.446428571,4.88230106231e-05,Class 2
0.525829081633,243.339285714,70912.3916072,800.656773158,0.789162222208,1.0,2753.27203781,0.593005542662,0.658223321672,0.00848762356505,0.490626725957,0.632417347708,1.0,1.0,0.805399999739,13.3660714286,0.723214285714,2782.95521763,303071.805407,33826583.4468,4.82142857143,0.767857142857,635.321428571,1.45112363846e-05,Class 2
0.896205357143,159.017857143,-0.0167693360712,79.4636928013,0.946446994753,1.0,158.35443967,0.116284078991,0.132410685902,0.013766541773,0.116284078991,0.00482497545362,1.0,1.0,0.947401645293,1.45535714286,0.946428571429,158.836914062,8721.86843,481709.13898,2.91071428571,-5.55111512313e-17,0.0,9.48283261208e-06,Class 2
0.578922193878,314.5625,34307.5059987,553.469273158,0.788590404807,1.0,1703.18878367,0.516362521379,0.561395768808,0.00885134327168,0.490534038965,0.489528002924,1.0,1.0,0.802717011923,9.64732142857,0.758928571429,1721.64327567,166013.476977,16776502.2163,6.34821428571,0.772321428571,352.071428571,1.87585443996e-05,Class 2
0.540816326531,272.866071429,67618.2181811,792.721505301,0.84300204257,1.0,2711.78863678,0.543157389944,0.593297757813,0.00997737962372,0.362837133409,0.637783465839,1.0,1.0,0.851489662454,13.1741071429,0.732142857143,2738.4702846,295882.664494,32809772.9126,4.75892857143,0.602678571429,616.8125,1.62720296158e-05,Class 2
0.736766581633,339.357142857,3716.62013423,217.833949498,0.861832276355,1.0,527.649969648,0.295393271418,0.326597289468,0.0112927495217,0.295393271418,0.185279019994,1.0,1.0,0.865087548502,4.17857142857,0.857142857143,531.978655134,37896.7811497,3042533.14142,6.57142857143,0.0,48.2857142857,2.02371421628e-05,Class 2
0.488839285714,269.9375,80917.1175976,856.063302176,0.771287985455,1.0,2978.14626236,0.621258255071,0.693880532053,0.00793706154337,0.516940554224,0.609236153478,1.0,1.0,0.78735882648,14.5580357143,0.696428571429,3012.1187221,326232.305416,36236611.9252,5.34821428571,0.566964285714,686.0,1.60973878923e-05,Class 2
0.60618622449,132.205357143,56086.7319835,664.931605748,0.852992446961,1.0,2315.6223982,0.497593927224,0.519096069772,0.0101741868622,0.380210430158,0.767712824967,1.0,1.0,0.862802022595,11.1116071429,0.776785714286,2336.1030971,253555.523503,28022571.1098,2.83035714286,0.799107142857,551.321428571,7.88390244173e-06,Class 2
0.78268494898,245.642857143,5899.27323215,201.729875837,0.889318367196,1.0,554.490647746,0.247590306559,0.274467984743,0.0120077327806,0.240185808587,0.319557365257,1.0,1.0,0.89453160245,3.78571428571,0.883928571429,557.706333705,46665.157196,4332618.90805,4.73214285714,0.00892857142857,78.1339285714,1.46486070086e-05,Class 2
0.619419642857,186.991071429,40112.5001698,537.526471819,0.822555648281,1.0,1831.80829913,0.474347999073,0.516034673201,0.00969587053571,0.42823825249,0.666054881083,1.0,1.0,0.836582071013,9.51339285714,0.785714285714,1848.44573103,189934.732888,20141890.1378,4.0625,0.504464285714,415.660714286,1.11509805387e-05,Class 2
0.578603316327,251.330357143,53821.593405,696.770612444,0.824059173177,1.0,2338.58089055,0.534518090624,0.56880026678,0.00969836176658,0.423911912624,0.658793442211,1.0,1.0,0.836041161242,11.4419642857,0.758928571429,2361.3296596,256730.870863,28742039.7756,4.84821428571,0.763392857143,527.857142857,1.49877740145e-05,Class 2
0.452327806122,208.321428571,102097.8614,924.674909319,0.796257370235,1.0,3298.18219814,0.717627790651,0.764690000416,0.00852748325893,0.493828837638,0.691076980655,1.0,1.0,0.808479062623,16.1160714286,0.669642857143,3341.91503906,359599.422525,39555077.0939,4.41071428571,0.580357142857,783.901785714,1.24229899217e-05,Class 2
0.720822704082,78.5535714286,35535.4829702,456.953648158,0.890068871263,1.0,1687.16324976,0.355558000559,0.37168460747,0.011305205676,0.284910615341,0.78507061832,1.0,1.0,0.897814567508,7.82142857143,0.848214285714,1697.18401228,189618.16466,21529094.3009,1.80357142857,0.241071428571,404.901785714,4.68444476817e-06,Class 2
0.441485969388,324.035714286,93591.0365153,966.805489676,0.774806023678,1.0,3222.42950209,0.713372356001,0.760434565765,0.00810646524235,0.514027963479,0.652562744601,1.0,1.0,0.788687738312,15.9732142857,0.660714285714,3265.50432478,351649.12258,39035807.7577,6.23214285714,1.11607142857,735.866071429,1.93234677798e-05,Class 2
0.767378826531,211.928571429,16177.6537051,357.486293248,0.917044924912,1.0,1022.97287389,0.272613030283,0.288739637194,0.0127351721939,0.203830545048,0.598879735384,1.0,1.0,0.919910600764,5.36607142857,0.875,1028.08021763,107203.746813,11835289.9707,3.75,0.794642857143,204.205357143,1.26380974105e-05,Class 2
0.46412627551,313.267857143,88057.4956949,916.405936105,0.776103583881,1.0,3143.60911687,0.689309893028,0.749420551597,0.00844527264031,0.524197550745,0.605210774762,1.0,1.0,0.791623280909,15.4107142857,0.678571428571,3183.69963728,344587.45578,38299039.7848,6.05357142857,0.75,718.089285714,1.86813399791e-05,Class 2
0.451530612245,187.3125,110865.033041,999.771728516,0.78191813683,1.0,3482.55400187,0.735783359896,0.788221105298,0.00798439492985,0.506457898147,0.72030846279,1.0,1.0,0.79849174501,16.6294642857,0.669642857143,3528.87765067,386220.882843,43028808.4854,3.91964285714,1.25446428571,835.910714286,1.11701485328e-05,Class 2
0.727040816327,131.116071429,36904.4941904,559.507777623,0.93854409688,1.0,1841.70704108,0.28222437221,0.28222437221,0.0135049625319,0.141573021184,0.723880140746,1.0,1.0,0.941775183085,8.12053571429,0.848214285714,1849.78055246,218695.187339,26403717.1628,2.36607142857,1.06696428571,429.919642857,7.81894423967e-06,Class 2
0.636798469388,339.285714286,40720.531642,648.895612444,0.876809300123,1.0,2100.47333806,0.391215762632,0.427526901122,0.0113176618304,0.26878400843,0.518553283471,1.0,1.0,0.880891781075,9.92857142857,0.794642857143,2114.61704799,240717.42868,28513759.7501,5.58928571429,0.5625,444.142857143,2.02328826086e-05,Class 2
0.565210459184,245.705357143,59203.5356917,710.240199498,0.838230509265,1.0,2492.22678463,0.55022423942,0.589881951213,0.00957629145408,0.406350536508,0.615230602141,1.0,1.0,0.844368492452,12.0223214286,0.75,2516.88211496,277431.159419,31461377.5244,4.66964285714,0.299107142857,568.169642857,1.46523341186e-05,Class 2
0.513711734694,370.75,58487.389464,785.901192801,0.756321063654,1.0,2506.9879351,0.607206035074,0.657614818141,0.0080416932398,0.555108378007,0.599700736033,1.0,1.0,0.773117344927,12.7142857143,0.714285714286,2535.91169085,272500.576699,30540203.7088,7.21428571429,1.02678571429,541.6875,2.21092162484e-05,Class 2
0.580197704082,239.973214286,58093.8425878,746.338134766,0.838402988766,1.0,2485.97075127,0.481811930026,0.537596248729,0.010141800861,0.381528041126,0.611880106876,1.0,1.0,0.85013301744,11.8705357143,0.758928571429,2507.13323103,276500.217124,31243174.7172,4.47321428571,1.03125,567.160714286,1.43105048914e-05,Class 2
0.465082908163,503.741071429,44668.2879155,677.422677176,0.757183157222,1.0,2093.71840725,0.66374982581,0.720513911078,0.00823850047832,0.540860012412,0.433795617843,1.0,1.0,0.767759321639,12.3348214286,0.678571428571,2124.4859096,200105.426876,19978526.3973,9.65178571429,0.433035714286,405.571428571,3.00399737867e-05,Class 2
0.363360969388,524.901785714,109242.07179,1101.96034459,0.702663811016,1.0,3576.01736408,0.806656835482,0.903078632543,0.00690569196429,0.649844218913,0.542431937495,1.0,1.0,0.722384183531,18.21875,0.598214285714,3631.87541853,386301.71749,42771498.8307,9.66964285714,1.05803571429,777.3125,3.13018667283e-05,Class 2
0.722257653061,404.553571429,10951.5919486,388.745221819,0.875275044172,1.0,951.421699677,0.297744719521,0.32665136004,0.0117760483099,0.245735352099,0.251234410305,1.0,1.0,0.878218292864,5.64285714286,0.848214285714,957.349190848,92885.2333679,10016137.9671,6.89285714286,0.803571428571,138.375,2.41250502894e-05,Class 2
0.633609693878,230.714285714,35113.0787989,558.689697266,0.850508952287,1.0,1715.73845398,0.471242537585,0.48939810683,0.010366011639,0.37396697216,0.693630029669,1.0,1.0,0.858867827375,8.99107142857,0.794642857143,1731.34137835,177560.830553,18895126.9994,4.53571428571,1.23214285714,375.4375,1.37583601738e-05,Class 2
0.662308673469,319.607142857,25357.8409914,463.754987444,0.835171105094,1.0,1463.1427992,0.425243677588,0.441370284499,0.0103585379464,0.382351236696,0.493190917341,1.0,1.0,0.846491200013,7.875,0.8125,1475.37374442,150109.191201,16099855.5258,5.82142857143,0.258928571429,289.1875,1.90593754173e-05,Class 2
0.291454081633,184.089285714,269730.524184,1492.82976423,0.761163938468,1.0,5594.14171178,0.899109107023,0.963615534665,0.00760572783801,0.542186781666,0.656603429079,1.0,1.0,0.781476534935,25.3839285714,0.526785714286,5681.45298549,651612.929395,75816682.2486,4.0,0.357142857143,1375.13392857,1.0977936148e-05,Class 2
0.343909438776,625.321428571,99801.8966133,1077.18913923,0.674124864018,1.0,3444.72378125,0.849981811437,0.913439043309,0.00637755102041,0.687935033774,0.494587503511,1.0,1.0,0.693354367515,18.0357142857,0.580357142857,3503.06794085,370779.428192,41330544.3984,11.7142857143,0.776785714286,720.0,3.72902675362e-05,Class 2
0.782844387755,254.714285714,5299.18157895,197.472342355,0.906281799056,1.0,532.019737353,0.245561344224,0.269092449106,0.0125009964923,0.202091929163,0.21436456861,1.0,1.0,0.90790075121,3.75,0.883928571429,535.175083705,42479.0375671,3698885.59074,4.76785714286,-1.66533453694e-16,70.2321428571,1.51895703963e-05,Class 2
0.52662627551,504.848214286,26484.5169626,518.362130301,0.761300221972,1.0,1556.74457973,0.581986056191,0.634692216789,0.00844029017857,0.525246746515,0.334147210116,1.0,1.0,0.771541869667,9.87053571429,0.723214285714,1578.15108817,139579.74949,13282959.7016,9.6875,-0.0223214285714,268.633928571,3.01059968773e-05,Class 2
0.634088010204,278.696428571,28090.3810558,489.671282087,0.8476758325,1.0,1494.24971803,0.444364859401,0.476618073222,0.0105827487245,0.364265362679,0.543425541741,1.0,1.0,0.855542841757,8.33928571429,0.794642857143,1507.83356585,147364.377516,15122111.7051,5.41071428571,0.758928571429,307.544642857,1.66197157301e-05,Class 2
0.552295918367,313.169642857,53787.2298489,742.010288783,0.795309997808,1.0,2378.79326912,0.551075228929,0.600166401029,0.00905811543367,0.46835753854,0.536770280034,1.0,1.0,0.808099707683,11.7633928571,0.741071428571,2402.95019531,264380.18134,30312426.2429,6.20535714286,1.05803571429,522.8125,1.8675483092e-05,Class 2
0.846460459184,45.8928571429,13014.4611499,221.225690569,0.943207550877,1.0,732.595678509,0.179971077133,0.198126646379,0.0130067163584,0.166922628328,0.925132849768,1.0,1.0,0.946031297134,3.73214285714,0.919642857143,734.784458705,74786.46715,7746669.88532,1.01785714286,0.482142857143,172.339285714,2.73676359495e-06,Class 2
0.273756377551,622.4375,151606.536377,1262.19974191,0.568213549455,1.0,4118.25555178,0.989183660162,1.0997031018,0.00434470663265,0.887464788273,0.457389708721,1.0,1.0,0.602341741298,21.46875,0.517857142857,4199.5405971,437799.372694,47422305.8683,12.0625,1.00446428571,894.946428571,3.7118288034e-05,Class 2
0.501116071429,363.401785714,67330.3648864,800.263636998,0.749250994385,1.0,2738.27840426,0.645495420339,0.68180655883,0.00767299107143,0.586364528334,0.610479992464,1.0,1.0,0.763967150845,13.5848214286,0.705357142857,2771.24037388,301629.054177,34062437.7432,7.08035714286,0.272321428571,602.383928571,2.16710146067e-05,Class 2
0.331632653061,410.178571429,145054.10481,1213.95364816,0.685331587213,1.0,4006.25728657,0.90017100735,0.977457468601,0.00654197225765,0.701279139288,0.546126387309,1.0,1.0,0.710410983787,20.0803571429,0.571428571429,4075.24093192,434964.203565,47821836.627,8.23214285714,1.69642857143,916.892857143,2.44604901852e-05,Class 2
0.579400510204,353.419642857,32275.1907909,541.239641462,0.803386096695,1.0,1674.13909939,0.521738057015,0.5486157352,0.0092848174426,0.452560679795,0.538333843576,1.0,1.0,0.813880315808,9.54017857143,0.758928571429,1692.58523996,163661.201795,16725564.421,6.86607142857,0.513392857143,335.089285714,2.10757419025e-05,Class 2
0.620057397959,377.5625,26656.1144329,487.376081194,0.828313947289,1.0,1528.12053989,0.453895052296,0.497879103956,0.010141800861,0.389981734868,0.474175198283,1.0,1.0,0.837146738496,8.63839285714,0.785714285714,1542.51939174,149244.275752,15244390.4163,6.8125,0.191964285714,291.508928571,2.25154712334e-05,Class 2
0.579081632653,533.633928571,21684.7896794,529.64226423,0.778127258066,1.0,1453.2255775,0.504293839138,0.552673659869,0.00884137834821,0.496889341166,0.43866193588,1.0,1.0,0.788123763652,8.95089285714,0.758928571429,1469.90890067,132360.313298,12791172.6227,9.4375,0.504464285714,234.348214286,3.18225972334e-05,Class 2
0.766900510204,233.955357143,11288.5350778,275.488525391,0.886085854404,1.0,809.350252376,0.283364101557,0.301519670802,0.0117536272321,0.272613030283,0.507333919771,1.0,1.0,0.891354580695,4.70089285714,0.875,814.011579241,79398.6142883,8397619.46497,4.4375,0.245535714286,145.160714286,1.39516374472e-05,Class 2
0.862882653061,96.7142857143,7152.41375566,146.716203962,0.941084654193,1.0,488.612870674,0.170882957684,0.176258493321,0.0132458745217,0.160131886411,0.551216080536,1.0,1.0,0.944126602423,2.80357142857,0.928571428571,490.150530134,46367.0141645,4605484.42914,1.91071428571,-3.98986399475e-17,98.4464285714,5.76743643201e-06,Class 3
0.661989795918,284.330357143,28237.5301391,463.210623605,0.868936003019,1.0,1545.01598772,0.42859025089,0.452121355772,0.0110436264349,0.328680322375,0.501661995117,1.0,1.0,0.874182282501,8.10267857143,0.8125,1557.71135603,161609.336788,17573856.0698,5.15178571429,0.0223214285714,318.598214286,1.69556880703e-05,Class 3
0.430484693878,427.973214286,95278.3283327,966.758056641,0.740661493983,1.0,3449.1415369,0.697333681521,0.77127356947,0.00766551737883,0.577642419395,0.505103140576,1.0,1.0,0.756554292122,16.5669642857,0.651785714286,3492.79617746,392674.301562,45748737.6087,8.08035714286,-0.245535714286,766.723214286,2.55216516336e-05,Class 3
0.580357142857,422.982142857,20159.8543386,456.680768694,0.788612002036,1.0,1281.64833269,0.461627398446,0.52376701935,0.00910046635842,0.431777984853,0.383808980667,1.0,1.0,0.796833208808,8.30357142857,0.758928571429,1295.73088728,113016.619494,10678118.3105,8.39285714286,0.491071428571,218.446428571,2.52240152816e-05,Class 3
0.636639030612,514.776785714,3902.24591938,339.412911551,0.804165492362,1.0,695.732382808,0.371031231051,0.423911912624,0.0099948182398,0.349726630532,0.0967024046301,1.0,1.0,0.80887976415,5.82589285714,0.794642857143,703.513811384,46548.7882908,3439630.98325,9.84821428571,0.683035714286,47.3660714286,3.06980749158e-05,Class 3
0.721301020408,259.678571429,11598.8439883,285.211460658,0.875930258944,1.0,827.049677208,0.312553715464,0.355558000559,0.0115244339923,0.278123005462,0.391096516863,1.0,1.0,0.881342977362,5.29464285714,0.848214285714,832.910574777,72739.1515285,6837965.79586,5.10714285714,0.232142857143,143.473214286,1.54856094155e-05,Class 3
0.79830994898,170.857142857,9595.88534118,197.168770926,0.90525392547,1.0,670.222293233,0.258128201319,0.258128201319,0.0124785754145,0.236374105319,0.540031734475,1.0,1.0,0.911233624465,4.0,0.892857142857,673.786690848,62486.5055498,6173405.41644,3.39285714286,-0.25,125.857142857,1.01888537263e-05,Class 3
0.676658163265,353.883928571,17120.5397258,426.666259766,0.836269083944,1.0,1156.31053314,0.39310230797,0.425355521791,0.0105852399554,0.358889827043,0.453663076971,1.0,1.0,0.844624991103,6.75446428571,0.821428571429,1165.93345424,112754.520294,11799333.7713,6.63392857143,0.790178571429,203.223214286,2.11034290051e-05,Class 3
0.323022959184,686.419642857,87686.6264356,925.157331194,0.619425290745,1.0,3107.83405324,0.848034878954,0.963149075654,0.00509954958546,0.798105259456,0.364049981844,1.0,1.0,0.640887472669,17.6830357143,0.5625,3164.88881138,305871.625623,31069641.4536,12.9553571429,-0.709821428571,620.169642857,4.09337837386e-05,Class 3
0.266422193878,947.794642857,79354.3255827,1058.37496512,0.560591109865,1.0,3043.80372724,0.961710350874,1.07091218154,0.00431232063138,0.900963548384,0.342509663412,1.0,1.0,0.578209390781,18.3883928571,0.508928571429,3111.31849888,292243.590136,29541284.0753,17.8482142857,0.763392857143,541.455357143,5.65205575671e-05,Class 3
0.363042091837,499.803571429,97938.8281689,976.72429548,0.676297885267,1.0,3275.82295258,0.820486064861,0.909771779147,0.00637007732781,0.701764263153,0.449535747049,1.0,1.0,0.698132592252,17.3928571429,0.598214285714,3330.05901228,341130.526546,36362511.9714,9.83928571429,0.294642857143,708.107142857,2.98051658596e-05,Class 3
0.721460459184,233.6875,13570.6206412,307.53679548,0.870202327716,1.0,891.186381516,0.346124540253,0.353529038224,0.0112753109056,0.31381725586,0.449288021041,1.0,1.0,0.87701265564,5.50446428571,0.848214285714,898.000418527,80579.0570548,7704342.29231,4.6875,0.46875,166.25,1.39356641188e-05,Class 3
0.814094387755,71.0535714286,15821.9481371,225.028145926,0.935965762074,1.0,881.390424536,0.236374105319,0.241749640955,0.0129917689732,0.179971077133,0.724442723826,1.0,1.0,0.940031428028,4.5,0.901785714286,885.027762277,90764.4487697,9521688.45353,1.5,-0.25,203.633928571,4.23719157366e-06,Class 3
0.274234693878,544.964285714,157127.758229,1157.33367048,0.642748154761,1.0,4090.50316362,0.961256786207,1.08022992159,0.00542340959821,0.752757266659,0.471869780827,1.0,1.0,0.666672285647,21.4821428571,0.517857142857,4169.49428013,428378.894815,45539812.2737,10.5178571429,-0.4375,906.803571429,3.24982690236e-05,Class 3
0.183832908163,530.241071429,289314.350521,1569.20922852,0.526442009091,1.0,5290.36377759,1.07537508244,1.27156524986,0.00333326690051,0.918378946494,0.444523415822,1.0,1.0,0.564717008732,26.9419642857,0.419642857143,5401.73144531,568025.992375,61379733.9775,10.8482142857,1.51339285714,1218.71428571,3.16202684073e-05,Class 3
0.395886479592,666.223214286,54421.2404947,803.508335658,0.701488559801,1.0,2422.06281121,0.773712038981,0.838218466623,0.00674127072704,0.657207155198,0.404457929039,1.0,1.0,0.71392639006,14.4508928571,0.625,2464.38211496,228430.995636,22451281.2984,12.1339285714,0.433035714286,449.991071429,3.97293947791e-05,Class 3
0.465082908163,597.883928571,37441.6217835,634.55632673,0.709408265165,1.0,1968.2783612,0.678827236951,0.720513911078,0.00725197305485,0.637946698005,0.446811735614,1.0,1.0,0.723628726382,11.8883928571,0.678571428571,1998.61314174,187507.444349,18996481.0256,11.3839285714,-0.254464285714,350.553571429,3.56540662663e-05,Class 3
0.283003826531,350.848214286,200362.606402,1266.77284459,0.677861954797,1.0,4554.87942855,0.968478704925,1.07670076903,0.00586933992347,0.69002437518,0.56503668677,1.0,1.0,0.704702645893,22.6919642857,0.526785714286,4639.01269531,493782.986446,53868360.0019,7.02678571429,0.299107142857,1072.75,2.09223979501e-05,Class 3
0.678571428571,429.321428571,4280.06630109,268.018659319,0.826194836609,1.0,636.307164901,0.34806906054,0.386747005769,0.0104058713329,0.34806906054,0.139741091064,1.0,1.0,0.830228984427,5.125,0.821428571429,642.681780134,45692.4150434,3732436.75259,8.35714285714,0.0,53.5,2.56020507198e-05,Class 3
0.736447704082,378.473214286,1804.15167173,226.268938337,0.858083728826,1.0,468.394333086,0.299719611284,0.33400178744,0.0112852758291,0.299719611284,0.114080743203,1.0,1.0,0.861859990415,4.01339285714,0.857142857143,472.615373884,29923.7849252,2084220.83703,7.13392857143,0.245535714286,23.6607142857,2.25697805499e-05,Class 3
0.677455357143,240.580357143,20927.3744847,336.886962891,0.843629763717,1.0,1195.76516957,0.381371470132,0.409228914881,0.0105852399554,0.367343520785,0.561662426888,1.0,1.0,0.853344708789,6.95089285714,0.821428571429,1205.35532924,113172.073342,11168755.0783,4.91964285714,-0.46875,241.410714286,1.43467111023e-05,Class 3
0.477200255102,659.9375,31212.7544389,630.583112444,0.699405901528,1.0,1840.74551502,0.642785403248,0.699817903713,0.00727937659439,0.622332456471,0.398663945944,1.0,1.0,0.715063485299,11.3616071429,0.6875,1868.12541853,172164.252088,17291017.2429,12.2410714286,-0.0133928571429,302.401785714,3.93545540066e-05,Class 3
0.374202806122,552.544642857,81921.8240012,935.350969587,0.661340411791,1.0,2993.51928313,0.781339051801,0.876781082297,0.00605618223852,0.703899504908,0.440742703434,1.0,1.0,0.682303367364,16.3616071429,0.607142857143,3042.00041853,305755.154153,32228213.3936,10.8482142857,0.700892857143,622.875,3.29503142167e-05,Class 3
0.301977040816,538.482142857,131252.794154,1114.94248744,0.609176134193,1.0,3765.1169822,0.887016015165,1.03384659529,0.00492516342474,0.819552601926,0.438548927817,1.0,1.0,0.638828450559,19.9732142857,0.544642857143,3832.70075335,390457.942335,41211150.1344,10.6607142857,0.446428571429,824.178571429,3.2111714477e-05,Class 3
0.396524234694,578.4375,54057.9642255,736.168770926,0.683459153772,1.0,2329.90308043,0.720182060112,0.824120822047,0.00629035794005,0.646653678003,0.312839462497,1.0,1.0,0.697512155347,14.0401785714,0.625,2368.07631138,219334.044569,21591120.8745,11.4017857143,-0.00446428571429,447.848214286,3.44944026263e-05,Class 3
0.552614795918,346.196428571,43574.8166395,612.373849051,0.796578499328,1.0,2032.23402136,0.560508689236,0.592761903057,0.00926488759566,0.463311751068,0.559999963787,1.0,1.0,0.809278231393,10.9553571429,0.741071428571,2055.11369978,207321.76896,21877434.3238,6.67857142857,0.232142857143,427.571428571,2.06449944807e-05,Class 3
0.591996173469,413.125,23265.1755479,482.137799944,0.799109228761,1.0,1402.22956319,0.505986287998,0.553048497763,0.00946169483418,0.4635969278,0.405488297856,1.0,1.0,0.809030720791,8.5625,0.767857142857,1418.23423549,129487.169002,12653615.774,7.875,0.464285714286,251.544642857,2.46361967974e-05,Class 3
0.565529336735,428.276785714,30132.4641256,561.31413923,0.802163919329,1.0,1658.41600876,0.532068670175,0.579130879939,0.00927236128827,0.458985411202,0.415337791037,1.0,1.0,0.808982844851,9.68303571429,0.75,1677.53166853,158977.112231,16003415.2704,8.02678571429,0.558035714286,312.616071429,2.55397547391e-05,Class 3
0.540178571429,616.0625,18138.7153465,513.468157087,0.756246371257,1.0,1373.28681805,0.537400972207,0.602999633317,0.00865702726403,0.506127720858,0.257485732886,1.0,1.0,0.764113762881,9.08482142857,0.732142857143,1391.3921596,120721.137743,11588671.0154,11.4375,0.227678571429,194.116071429,3.67381228187e-05,Class 3
0.397321428571,646.928571429,51410.8133986,742.147844587,0.680173244163,1.0,2334.87333959,0.731644482754,0.812389984209,0.00656937579719,0.662939038462,0.318925900626,1.0,1.0,0.695834568051,14.0892857143,0.625,2373.81124442,219743.694131,21691683.9115,12.3571428571,-0.241071428571,432.160714286,3.85787826918e-05,Class 3
0.63424744898,381.6875,17364.3662789,400.442766462,0.827358606938,1.0,1162.17735446,0.429555863457,0.467895964283,0.0101393096301,0.386903576762,0.343946434691,1.0,1.0,0.834619302508,7.32589285714,0.794642857143,1173.6655971,104261.238486,9989744.29681,7.24107142857,0.227678571429,198.223214286,2.27614604904e-05,Class 3
0.610012755102,532.723214286,4051.40986687,300.904820033,0.781672679075,1.0,716.521060708,0.376548791814,0.437483268654,0.0093844666773,0.376548791814,0.107669855085,1.0,1.0,0.786695163189,6.15625,0.776785714286,724.883231027,47153.1222578,3466862.58407,10.5089285714,-0.245535714286,48.2321428571,3.17682879169e-05,Class 3
0.592793367347,475.3125,15856.0690749,450.261683873,0.773998126446,1.0,1168.42155779,0.489591265891,0.532863966183,0.00905313297194,0.484215730254,0.303427651618,1.0,1.0,0.785199635231,7.79910714286,0.767857142857,1182.48144531,100963.123513,9463138.77727,9.20535714286,0.691964285714,177.035714286,2.83446712018e-05,Class 3
0.29368622449,572.660714286,129089.768429,1104.68523298,0.603708280782,1.0,3734.92546021,0.922928737367,1.0206681454,0.00495754942602,0.802558695353,0.44014143641,1.0,1.0,0.634215839805,19.9910714286,0.535714285714,3805.37709263,387531.146681,41063563.9654,11.3571428571,0.0892857142857,808.803571429,3.41499111776e-05,Class 3
0.407047193878,295.089285714,132264.916408,1127.29153878,0.756181009537,1.0,4008.45236532,0.790693087902,0.833697372997,0.0076979033801,0.566622932925,0.649145616707,1.0,1.0,0.776051367719,18.6696428571,0.633928571429,4064.54227121,460326.643402,53335811.0815,5.625,0.580357142857,942.946428571,1.75972834267e-05,Class 3
0.488839285714,303.508928571,68181.6520215,746.49382673,0.767819945582,1.0,2627.6363191,0.648847284623,0.697227105355,0.00824846540179,0.53240631867,0.614634654073,1.0,1.0,0.7842131796,13.5848214286,0.696428571429,2660.77608817,275986.142347,29584691.6116,6.15178571429,0.0491071428571,589.741071429,1.8099378382e-05,Class 3
0.193080357143,464.276785714,294051.453778,1500.76084682,0.587850844473,1.0,5350.74787393,1.0656920912,1.21843503736,0.00429737324617,0.796786255572,0.509724915916,1.0,1.0,0.618450844875,26.7901785714,0.428571428571,5460.46470424,584602.951307,64278355.1921,9.77678571429,0.299107142857,1249.88392857,2.76865700728e-05,Class 3
0.476721938776,609.133928571,36024.6105365,670.565534319,0.740937994116,1.0,1946.25388983,0.642715974042,0.709251364019,0.00803421954719,0.562781291175,0.371982757671,1.0,1.0,0.751219817806,11.7276785714,0.6875,1974.52608817,183473.471309,18302268.1277,11.1517857143,0.46875,341.714285714,3.63249460581e-05,Class 3
0.501913265306,402.571428571,61448.2699183,790.783726283,0.77371015,1.0,2604.38910958,0.640119884702,0.658275453948,0.00862464126276,0.53003970784,0.517667351131,1.0,1.0,0.787117936091,13.2589285714,0.705357142857,2636.27218192,280405.396855,31043564.0181,7.53571428571,0.526785714286,558.839285714,2.40068476594e-05,Class 3
0.363201530612,401.339285714,122803.441903,1085.9293736,0.709040799233,1.0,3705.91099207,0.82815897803,0.90439624351,0.00677863919005,0.629462177352,0.569137802364,1.0,1.0,0.72982733633,18.6428571429,0.598214285714,3764.65276228,400858.758201,43992389.8957,7.85714285714,0.767857142857,841.410714286,2.39333703489e-05,Class 3
0.440369897959,307.276785714,103221.535625,999.447509766,0.725586089668,1.0,3467.80510881,0.706679209397,0.787312243949,0.00731425382653,0.607011095151,0.595935066408,1.0,1.0,0.750160392241,16.6294642857,0.660714285714,3512.23479353,387814.800254,43868161.1289,6.1875,0.772321428571,801.758928571,1.83240698678e-05,Class 3
0.342155612245,625.178571429,80934.3547624,888.540980748,0.668040676351,1.0,2952.38232977,0.84416333963,0.946672023695,0.00620814732143,0.692242328507,0.293853780503,1.0,1.0,0.686654130882,16.8303571429,0.580357142857,3006.39718192,290966.373138,29626504.1908,11.9464285714,-0.419642857143,595.830357143,3.72817484277e-05,Class 3
0.578603316327,262.151785714,51123.3265094,648.086739676,0.844825663545,1.0,2245.54899808,0.537864663926,0.56880026678,0.0101542570153,0.379499078791,0.621722383014,1.0,1.0,0.853925466048,11.2544642857,0.758928571429,2268.06738281,240298.008157,26238384.3228,4.79464285714,0.263392857143,501.830357143,1.56330964808e-05,Class 3
0.846460459184,164.482142857,4832.28349022,148.653424944,0.93357891758,1.0,428.409277243,0.187375575105,0.198126646379,0.0132433832908,0.165507422048,0.440379328354,1.0,1.0,0.935782216451,2.8125,0.919642857143,430.13155692,35713.6587481,3163890.57524,3.0,0.0,66.5,9.80868851094e-06,Class 3
0.691167091837,260.071428571,20458.8042418,370.136125837,0.850532151737,1.0,1210.64831596,0.398547538835,0.409298610109,0.0105777662628,0.367611935981,0.56584247519,1.0,1.0,0.859373303757,6.79464285714,0.830357142857,1220.47307478,119409.540898,12328887.4402,5.0,1.52655665886e-16,240.3125,1.55090369638e-05,Class 3
0.649234693878,399.75,12780.2225051,349.338692801,0.827604136933,1.0,991.776086432,0.39547122933,0.430464756853,0.0103809590242,0.358108780446,0.265813980933,1.0,1.0,0.833853941174,6.60714285714,0.803571428571,1001.24651228,85258.7552011,7953723.89445,7.66071428571,-0.00892857142857,150.580357143,2.38385952672e-05,Class 3
0.442283163265,643.410714286,31412.0038006,617.526471819,0.714983934981,1.0,1783.47769016,0.643291406731,0.736192109515,0.00748365752551,0.582112908655,0.241765461744,1.0,1.0,0.72494834347,11.6964285714,0.660714285714,1811.69963728,156281.138258,14610877.793,12.4107142857,0.0357142857143,292.4375,3.83689996458e-05,Class 3
0.332429846939,502.205357143,100436.615096,939.737130301,0.685936203395,1.0,3199.23779547,0.819051998929,0.953926363719,0.00625298947704,0.673037563491,0.351064178452,1.0,1.0,0.705554647608,17.84375,0.571428571429,3254.79729353,315928.249333,31824105.9559,9.83035714286,0.00446428571429,688.705357143,2.99483933707e-05,Class 3
0.552933673469,432.919642857,36962.1160589,602.54460798,0.783957436557,1.0,1894.54980881,0.52727570885,0.589415329755,0.00886878188776,0.472110054523,0.52008537566,1.0,1.0,0.79437862972,10.6026785714,0.741071428571,1915.30957031,186651.047307,19128151.5279,7.9375,0.263392857143,370.928571429,2.58166257643e-05,Class 3
0.706154336735,321.0,12646.4738449,315.104596819,0.852687325464,1.0,931.743517763,0.367639935468,0.382448931411,0.0110386439732,0.335373468979,0.406281049192,1.0,1.0,0.860191315973,5.80357142857,0.839285714286,939.418387277,84353.0384391,8181091.00723,6.03571428571,-2.35922392733e-16,154.785714286,1.91424367249e-05,Class 3
0.76705994898,139.535714286,15394.8794575,288.005266462,0.917877754565,1.0,903.473795306,0.27798856592,0.296144135166,0.0124935227997,0.210814038101,0.625638394351,1.0,1.0,0.921417498623,5.07142857143,0.875,908.402762277,87042.6468724,8679229.70238,2.80357142857,0.482142857143,192.375,8.32103919493e-06,Class 4
0.830516581633,112.303571429,15742.8646507,229.284005301,0.938404718133,1.0,943.682759661,0.196426047076,0.209206080685,0.0132483657526,0.158102924076,0.650074391593,1.0,1.0,0.942600158343,4.33928571429,0.910714285714,946.512137277,110527.828408,13366729.2066,2.05357142857,-0.5625,208.6875,6.69708414345e-06,Class 4
0.721460459184,357.830357143,6576.31416348,263.027587891,0.850460711129,1.0,686.793983709,0.319246862068,0.350182464922,0.0110511001276,0.319246862068,0.262543584519,1.0,1.0,0.85572607443,4.83482142857,0.848214285714,692.262695312,56780.97389,5259896.29407,6.83035714286,0.00446428571429,83.7589285714,2.13387693764e-05,Class 4
0.783322704082,299.767857143,1854.11693102,174.825578962,0.884492367783,1.0,396.996561983,0.227137359782,0.256312415498,0.0120226801658,0.227137359782,0.118082617539,1.0,1.0,0.887708138325,3.30357142857,0.883928571429,399.534458705,26484.5779201,1967866.85379,5.69642857143,-2.22044604925e-16,25.0446428571,1.7876284229e-05,Class 4
0.398278061224,427.392857143,76813.3764914,832.539864676,0.761809494656,1.0,2777.64622755,0.710254807109,0.786492072589,0.00813137755102,0.493567641567,0.429235384913,1.0,1.0,0.770897282741,15.4375,0.625,2819.07128906,276328.300245,28265571.5479,8.58928571429,0.4375,598.401785714,2.54870427555e-05,Class 4
0.647959183673,220.419642857,30785.7877297,458.018101283,0.864469649297,1.0,1551.3871513,0.444562401429,0.462717970674,0.0108219068878,0.338464879752,0.634624286779,1.0,1.0,0.870485544055,8.34375,0.803571428571,1564.98479353,156750.314205,16309975.8514,4.40178571429,0.227678571429,336.401785714,1.314445192e-05,Class 4
0.0339604591837,322.616071429,1878930.80266,2829.86492048,0.496859814673,1.0,10817.5386379,1.32643365045,1.62273003264,0.00311902104592,0.808591022042,0.427550548292,1.0,1.0,0.540987209406,49.4776785714,0.0892857142857,11072.1109096,1260422.8694,144927560.405,6.75892857143,-0.290178571429,2688.91964286,1.92388091394e-05,Class 4
0.0744579081633,808.071428571,548885.15891,1914.72708566,0.495918285107,1.0,6437.08165951,1.32986292043,1.50022460544,0.00295210857781,0.891440297013,0.443631727415,1.0,1.0,0.518753328023,33.7053571429,0.241071428571,6610.39494978,691370.113756,75090742.8519,15.7857142857,1.03571428571,1451.63392857,4.81883370423e-05,Class 4
0.335459183673,349.526785714,131700.424106,1052.53233119,0.732699454649,1.0,3658.87123267,0.81071077209,0.891448898411,0.00697046396684,0.563264631777,0.596735836872,1.0,1.0,0.744264858795,19.1383928571,0.571428571429,3717.88546317,380453.630803,40107167.3195,7.29464285714,0.691964285714,842.6875,2.08435961968e-05,Class 4
0.594387755102,340.607142857,29772.7950714,458.776750837,0.799916664505,1.0,1587.52354058,0.452837191229,0.505717872802,0.00954390545281,0.407101257729,0.520470675748,1.0,1.0,0.812785060239,9.07142857143,0.767857142857,1602.61704799,155115.219417,15884841.205,6.80357142857,-0.491071428571,315.785714286,2.03116843619e-05,Class 4
0.930165816327,118.089285714,-0.0164622879221,59.0127999442,0.96429651552,1.0,117.776334448,0.0776654728912,0.0884165441649,0.0142946827168,0.0776654728912,0.00318465136469,1.0,1.0,0.964896259497,1.02678571429,0.964285714286,117.961914062,6780.09582955,389732.100162,2.05357142857,0.0,0.0,7.04210803635e-06,Class 4
0.830357142857,221.223214286,1606.15349033,122.132777623,0.912529735656,1.0,308.489066348,0.198455009411,0.214581616322,0.0127376634247,0.198455009411,0.207234532637,1.0,1.0,0.915204008672,2.54910714286,0.910714285714,310.155552455,20595.2205418,1512180.53842,4.22321428571,-0.21875,22.3125,1.31923719051e-05,Class 4
0.543526785714,476.196428571,23478.862546,581.544328962,0.769710063599,1.0,1434.41999971,0.517060492333,0.562024310557,0.00872429049745,0.456880600465,0.378709503644,1.0,1.0,0.779439247639,9.27678571429,0.732142857143,1452.18066406,126829.071625,11984041.4799,9.35714285714,1.88392857143,244.285714286,2.83973831855e-05,Class 4
0.751594387755,299.142857143,12304.6035596,306.140869141,0.878651652372,1.0,919.803011158,0.305000683647,0.317780717255,0.011511977838,0.294249612373,0.398726652462,1.0,1.0,0.883128893695,5.21428571429,0.866071428571,925.42061942,91965.3541827,9891113.54993,5.30357142857,-1.83880688454e-16,156.732142857,1.78390131294e-05,Class 4
0.677933673469,387.803571429,9981.04735307,305.438023158,0.832671376252,1.0,863.604186751,0.36294748569,0.396448881272,0.0103809590242,0.357571950053,0.315013236592,1.0,1.0,0.838287287444,5.91071428571,0.821428571429,871.315708705,71612.5831517,6436510.55244,7.32142857143,-0.205357142857,121.0625,2.31261848216e-05,Class 4
0.453762755102,575.169642857,36201.0670058,600.432163783,0.716020898286,1.0,1888.52366063,0.659277679219,0.72634989959,0.00767049984056,0.568989739662,0.37863457735,1.0,1.0,0.727981710427,11.7723214286,0.669642857143,1917.66336496,175314.926928,17362912.2789,11.4732142857,-0.450892857143,335.991071429,3.42995280201e-05,Class 4
0.782525510204,89.5446428571,17057.283816,281.516148158,0.918764288568,1.0,937.058710922,0.269092449106,0.27984352038,0.0122568558673,0.221548647631,0.687569921834,1.0,1.0,0.9233194624,5.03125,0.883928571429,941.773856027,92369.4739249,9293848.37668,1.90178571429,0.459821428571,213.214285714,5.33988367583e-06,Class 4
0.798469387755,161.982142857,10760.5453266,243.890311105,0.924125241453,1.0,717.395655505,0.231250523135,0.252752665682,0.0125059789541,0.199794551631,0.630901317721,1.0,1.0,0.925071593269,4.20535714286,0.892857142857,720.707449777,66071.6948111,6335566.01066,2.98214285714,0.455357142857,139.8125,9.65960411277e-06,Class 4
1.0,0.0,-0.015873015873,0.000244140625,1.0,1.0,0.0,-0.0,-0.0,0.015380859375,-0.0,nan,1.0,1.0,1.0,0.0,1.0,0.0009765625,-3.0517578125e-05,9.53674316406e-07,0.0,0.0,0.0,0.0,Class 4
0.863201530612,184.017857143,-0.0170820986578,91.9525320871,0.928599172958,1.0,182.994556387,0.1440052795,0.165507422048,0.013258330676,0.1440052795,0.00691941269366,1.0,1.0,0.929952042501,1.8125,0.928571428571,183.792271205,9326.66962978,473419.106806,3.625,5.55111512313e-17,0.0,1.09736765938e-05,Class 4
0.964764030612,48.2857142857,-0.0161636153719,24.1285923549,0.982149458674,1.0,48.2149788687,0.0389032426815,0.0442787783184,0.0148327885842,0.0389032426815,0.00157667087692,1.0,1.0,0.982479784367,0.464285714286,0.982142857143,48.2286551339,2506.33304705,130250.997097,0.928571428571,0.0,0.0,2.87945866177e-06,Class 4
0.896205357143,168.678571429,-0.0167693360712,78.2943289621,0.946445859297,1.0,167.963414803,0.121659614628,0.132410685902,0.0137640505421,0.121659614628,0.00482497545362,1.0,1.0,0.947372124137,1.5,0.946428571429,168.492047991,9506.19514247,538449.916557,3.0,-0.0535714285714,0.0,1.00589373222e-05,Class 4
0.964764030612,47.3660714286,-0.0161649669809,0.000244140625,0.982149589335,1.0,47.2865907144,0.0442787783184,0.0442787783184,0.0148302973533,0.0442787783184,1.1512925465,1.0,1.0,0.982483024051,0.459821428571,0.982142857143,47.3095703125,2435.37459455,125381.166933,0.919642857143,-0.459821428571,0.0,2.82461690102e-06,Class 4
0.60794005102,478.321428571,9809.63427954,349.625802176,0.80006714969,1.0,920.390126965,0.425414586414,0.481467320314,0.00954141422194,0.396793122626,0.119197390147,1.0,1.0,0.804733769934,6.86607142857,0.776785714286,931.035574777,70479.1216736,5895635.04569,9.28571428571,-0.0267857142857,113.392857143,2.85241049239e-05,Class 4
0.721301020408,359.25,6981.41376473,298.590366908,0.849467307568,1.0,708.47533347,0.32665136004,0.355558000559,0.0110461176658,0.32665136004,0.353780995616,1.0,1.0,0.854858985972,4.88392857143,0.848214285714,714.140485491,60409.9850595,5797512.9234,6.83928571429,0.517857142857,88.875,2.14234280168e-05,Class 4
0.782844387755,336.446428571,1964.08931549,194.686349051,0.888428379843,1.0,439.166608842,0.245561344224,0.269092449106,0.0120052415497,0.245561344224,0.163556609678,1.0,1.0,0.890299496035,3.47321428571,0.883928571429,442.08468192,30664.1592712,2356529.04962,5.98214285714,1.11022302463e-16,26.5178571429,2.00635653278e-05,Class 4
0.798150510204,325.892857143,-0.0177439797212,162.854596819,0.892893097824,1.0,323.220881353,0.231250523135,0.263503736956,0.0122419084821,0.231250523135,0.00995112168333,1.0,1.0,0.894780064078,2.94642857143,0.892857142857,325.525530134,18096.4290641,1012070.93113,5.89285714286,1.11022302463e-16,0.0,1.94342161898e-05,Class 4
0.41868622449,685.607142857,40055.941072,656.783168248,0.678948442882,1.0,2083.64767689,0.711128294254,0.786654208367,0.00693060427296,0.621648929761,0.384995907045,1.0,1.0,0.695685046726,12.8571428571,0.642857142857,2118.10811942,196610.244947,19854598.8769,13.125,-0.767857142857,358.526785714,4.08853313092e-05,Class 4
0.480070153061,533.4375,29133.5059929,514.721784319,0.72148374257,1.0,1638.36221527,0.569444399764,0.642715974042,0.00736407844388,0.556932781352,0.239192353366,1.0,1.0,0.732679584372,10.7276785714,0.6875,1661.13323103,143066.375606,13293560.4404,10.6696428571,-0.674107142857,282.258928571,3.18108834592e-05,Class 4
0.78268494898,251.5,5964.54788112,233.597342355,0.886360420919,1.0,563.59131997,0.258341377833,0.274467984743,0.0119977678571,0.258341377833,0.356081698808,1.0,1.0,0.891170499383,3.8125,0.883928571429,566.988699777,47953.2689601,4503818.98254,4.85714285714,0.508928571429,78.9910714286,1.49978904558e-05,Class 4
1.0,0.0,-0.015873015873,0.000244140625,1.0,1.0,0.0,-0.0,-0.0,0.015380859375,-0.0,nan,1.0,1.0,1.0,0.0,1.0,0.0009765625,-3.0517578125e-05,9.53674316406e-07,0.0,0.0,0.0,0.0,Class 4
0.87962372449,103.839285714,4740.85813617,96.0585588728,0.959834022441,1.0,368.613274752,0.143601983518,0.148977519155,0.0140256297832,0.105056199423,0.541564144322,1.0,1.0,0.960477733466,2.29464285714,0.9375,369.624860491,32136.5128566,2948725.35885,1.92857142857,-0.446428571429,66.5178571429,6.19232696679e-06,Class 4
0.846460459184,183.607142857,3908.75010226,133.95085798,0.920263145044,1.0,398.819920429,0.187375575105,0.198126646379,0.0129867865115,0.187375575105,0.404917794317,1.0,1.0,0.923318085429,2.66964285714,0.919642857143,400.452985491,34122.1919512,3230761.12895,3.5,-0.232142857143,54.2946428571,1.09491841569e-05,Class 4
0.814413265306,213.241071429,3402.05383496,163.614641462,0.903843183562,1.0,396.227962832,0.214871962771,0.230998569682,0.0124935227997,0.214871962771,0.312028316721,1.0,1.0,0.90757112297,2.97767857143,0.901785714286,398.36983817,29908.8050842,2499946.09123,4.20535714286,0.21875,46.375,1.27163667195e-05,Class 4
0.721460459184,231.6875,13714.3595394,260.958112444,0.88217740459,1.0,896.927229155,0.32259343537,0.350182464922,0.0115194515306,0.284816152066,0.448959400395,1.0,1.0,0.886394538453,5.51339285714,0.848214285714,903.249302455,81481.4220625,7830727.46592,4.61607142857,-0.450892857143,168.0625,1.38163966003e-05,Class 4
0.621173469388,247.053571429,32597.0407091,445.709228516,0.849434896736,1.0,1617.64506272,0.448519516659,0.471001425771,0.0101966079401,0.351035374443,0.543394299814,1.0,1.0,0.854455358784,8.91964285714,0.785714285714,1632.33244978,159282.880916,16147101.7697,4.89285714286,-0.464285714286,346.598214286,1.47327332047e-05,Class 4
0.707110969388,309.741071429,10875.377914,351.123849051,0.848980173914,1.0,840.494887863,0.327982223675,0.360946788864,0.0108343630421,0.327982223675,0.439008587684,1.0,1.0,0.854181248796,5.44196428571,0.839285714286,846.847516741,75183.406577,7353551.88764,6.16964285714,1.17410714286,134.446428571,1.84710244888e-05,Class 4
0.879783163265,110.839285714,3442.58538534,95.7371303013,0.940196568571,1.0,304.770404404,0.132850912245,0.143601983518,0.0135124362245,0.132850912245,0.446655539459,1.0,1.0,0.943587184874,2.04464285714,0.9375,305.58468192,25899.0180882,2408257.42099,2.26785714286,-0.196428571429,48.75,6.60976328166e-06,Class 4
1.0,0.0,-0.015873015873,0.000244140625,1.0,1.0,0.0,-0.0,-0.0,0.015380859375,-0.0,nan,1.0,1.0,1.0,0.0,1.0,0.0009765625,-3.0517578125e-05,9.53674316406e-07,0.0,0.0,0.0,0.0,Class 4
0.982302295918,27.0089285714,-0.0160176566127,26.9938267299,0.99107437919,1.0,26.9876582997,0.0221568561941,0.0221568561941,0.0151043327487,0.0221568561941,nan,1.0,1.0,0.991230867347,0.245535714286,0.991071428571,26.9792131696,1482.96039254,81516.4807411,0.491071428571,0.245535714286,0.0,1.6106439445e-06,Class 4
0.513392857143,331.660714286,54146.4819988,601.117989676,0.771139089004,1.0,2288.76597135,0.636112675593,0.668365889414,0.00825344786352,0.539429934542,0.574192617019,1.0,1.0,0.784683226261,12.2589285714,0.714285714286,2318.02218192,233979.845795,24553716.8448,6.64285714286,-1.16964285714,496.973214286,1.97781751942e-05,Class 4
0.846619897959,110.964285714,7214.15783715,136.585344587,0.934912757866,1.0,502.304951072,0.174595541497,0.192751110742,0.0132483657526,0.158102924076,0.596011154779,1.0,1.0,0.937638305322,2.98214285714,0.919642857143,503.985351562,46991.4661037,4658089.86297,2.33928571429,-0.276785714286,98.3482142857,6.61721750157e-06,Class 4
0.78268494898,227.973214286,7721.19483438,220.717041016,0.895197387756,1.0,628.874199836,0.258341377833,0.274467984743,0.012000259088,0.252965842196,0.490338821271,1.0,1.0,0.899119449062,4.03125,0.883928571429,632.470284598,55416.4412798,5265897.60405,4.33035714286,0.174107142857,101.25,1.35948997801e-05,Class 4
0.947385204082,22.3303571429,3129.65918706,68.7256905692,0.986610712858,1.0,205.999217613,0.0663654487815,0.0663654487815,0.0148302973533,0.0442787783184,0.878597923407,1.0,1.0,0.986782212885,1.12946428571,0.973214285714,206.154436384,19770.9253932,1948899.00647,0.455357142857,0.227678571429,45.9910714286,1.33164314221e-06,Class 4
0.964764030612,44.6428571429,-0.0161636153719,22.3077218192,0.982149997144,1.0,44.5749005289,0.0389032426815,0.0442787783184,0.0148327885842,0.0389032426815,0.00157667087692,1.0,1.0,0.982492997199,0.446428571429,0.982142857143,44.5880301339,2227.96017456,111328.386471,0.892857142857,0.0,0.0,2.66222139587e-06,Class 4
0.594228316327,406.4375,18802.6766894,444.086181641,0.830414146028,1.0,1217.13346109,0.461733821142,0.503688910467,0.0101542570153,0.370508554655,0.327363732095,1.0,1.0,0.833241090681,7.99553571429,0.767857142857,1230.6890346,104618.352901,9563227.89466,7.88392857143,0.683035714286,206.3125,2.42373960323e-05,Class 4
0.964764030612,35.4375,2367.54318037,35.4201660156,0.991073677582,1.0,177.040019733,0.0442787783184,0.0442787783184,0.0151043327487,0.0221568561941,0.757387257932,1.0,1.0,0.9912109375,0.84375,0.982142857143,177.083007812,20076.4560852,2388563.84269,0.5625,-0.28125,35.4375,2.11327134404e-06,Class 4
0.863201530612,184.017857143,-0.0170820986578,91.9525320871,0.928599172958,1.0,182.994556387,0.1440052795,0.165507422048,0.013258330676,0.1440052795,0.00691941269366,1.0,1.0,0.929952042501,1.8125,0.928571428571,183.792271205,9326.66962978,473419.106806,3.625,5.55111512313e-17,0.0,1.09736765938e-05,Class 4
0.879783163265,191.758928571,-0.0169235470444,113.535679408,0.937520653016,1.0,190.894232637,0.127475376608,0.143601983518,0.0135149274554,0.127475376608,0.00703293597608,1.0,1.0,0.938614191254,1.72767857143,0.9375,191.543945312,10667.4166216,596689.494818,3.45535714286,0.28125,0.0,1.14353057838e-05,Class 4
0.783482142857,182.919642857,15721.4929386,276.112688337,0.917039227861,1.0,988.254720044,0.241235004358,0.254283453163,0.0127526108099,0.188753133908,0.522044578268,1.0,1.0,0.919949099431,4.96875,0.883928571429,992.370954241,109950.605813,12899436.0995,3.49107142857,-0.28125,202.517857143,1.09081859474e-05,Class 4
0.538584183673,321.625,52959.6943804,716.98210798,0.77811934072,1.0,2297.04720173,0.600970670982,0.64265734511,0.0086595184949,0.504098758523,0.651170390916,1.0,1.0,0.795101824183,11.875,0.732142857143,2323.74874442,242735.596893,26352244.5568,6.26785714286,0.991071428571,500.901785714,1.91797078244e-05,Class 4
0.406568877551,465.830357143,81119.8836579,873.696114676,0.727123503054,1.0,2940.869204,0.756679326943,0.830619214892,0.00699537627551,0.607943653958,0.506487184713,1.0,1.0,0.739579017378,15.7991071429,0.633928571429,2986.1421596,300677.965589,31484358.6196,8.86607142857,0.21875,630.571428571,2.77792153773e-05,Class 4
0.913105867347,129.714285714,2244.77764735,130.700578962,0.959831277976,1.0,259.760494944,0.105056199423,0.11043173506,0.0140256297832,0.105056199423,0.502804916228,1.0,1.0,0.960404780192,1.61607142857,0.955357142857,260.227539062,23615.1299744,2382901.76216,2.16071428571,0.544642857143,32.6785714286,7.73535048784e-06,Class 4
1.0,0.0,-0.015873015873,0.000244140625,1.0,1.0,0.0,-0.0,-0.0,0.015380859375,-0.0,nan,1.0,1.0,1.0,0.0,1.0,0.0009765625,-3.0517578125e-05,9.53674316406e-07,0.0,0.0,0.0,0.0,Class 4
0.982302295918,34.3214285714,-0.0160176566127,0.000244140625,0.991073750697,1.0,34.2973886926,0.0221568561941,0.0221568561941,0.0151043327487,0.0221568561941,nan,1.0,1.0,0.991213151927,0.276785714286,0.991071428571,34.2878069196,2124.71252877,131665.781393,0.553571428571,-0.276785714286,0.0,2.04671580914e-06,Class 4
0.896524234694,135.732142857,-0.0167664670659,67.8241838728,0.946449714284,1.0,135.174155638,0.105533007717,0.121659614628,0.0137765066964,0.105533007717,0.00525023966799,1.0,1.0,0.947472258134,1.34821428571,0.946428571429,135.564592634,6820.33655221,343168.109709,2.69642857143,2.77555756156e-17,0.0,8.094217932e-06,Class 4
0.798788265306,296.258928571,1736.88275923,181.511683873,0.897355717463,1.0,388.302947049,0.216441527191,0.242001594408,0.0122568558673,0.216441527191,0.183098958748,1.0,1.0,0.899112091952,3.13839285714,0.892857142857,390.581891741,26334.0164054,1946458.89612,5.36607142857,0.209821428571,23.6785714286,1.76670336273e-05,Class 4
0.930165816327,98.5178571429,-0.0164622879221,49.2298758371,0.964298698888,1.0,98.2326435452,0.0776654728912,0.0884165441649,0.0142946827168,0.0776654728912,0.00318465136469,1.0,1.0,0.964953796204,0.9375,0.964285714286,98.4016462054,5171.39441354,272000.445329,1.875,-2.77555756156e-17,0.0,5.8749901764e-06,Class 4
0.930165816327,104.357142857,-0.0164636903001,80.1687709263,0.964298030056,1.0,104.043737633,0.0830410085281,0.0884165441649,0.014292191486,0.0830410085281,0.00477327694069,1.0,1.0,0.964936310891,0.964285714286,0.964285714286,104.237583705,5649.07928031,306818.111233,1.92857142857,0.5,0.0,6.22320873498e-06,Class 4
1.0,0.0,-0.015873015873,0.000244140625,1.0,1.0,0.0,-0.0,-0.0,0.015380859375,-0.0,nan,1.0,1.0,1.0,0.0,1.0,0.0009765625,-3.0517578125e-05,9.53674316406e-07,0.0,0.0,0.0,0.0,Class 4
0.913105867347,116.151785714,-0.0166151027281,69.6450544085,0.955374315816,1.0,115.707818926,0.0996806637865,0.11043173506,0.014028121014,0.0996806637865,0.00479895895411,1.0,1.0,0.956215913434,1.13839285714,0.955357142857,116.01046317,5916.50133841,301835.051952,2.27678571429,0.227678571429,0.0,6.92656762777e-06,Class 4
1.0,0.0,-0.015873015873,0.000244140625,1.0,1.0,0.0,-0.0,-0.0,0.015380859375,-0.0,nan,1.0,1.0,1.0,0.0,1.0,0.0009765625,-3.0517578125e-05,9.53674316406e-07,0.0,0.0,0.0,0.0,Class 4
0.579081632653,406.276785714,29537.126,537.096505301,0.77732914527,1.0,1639.33182969,0.505611450105,0.556020233171,0.00905313297194,0.479108609814,0.431177927935,1.0,1.0,0.789920854094,9.33482142857,0.758928571429,1656.78948103,163548.058851,17270857.3451,8.00892857143,0.441964285714,312.919642857,2.42278120352e-05,Class 4
0.964764030612,44.6428571429,-0.0161636153719,22.3077218192,0.982149997144,1.0,44.5749005289,0.0389032426815,0.0442787783184,0.0148327885842,0.0389032426815,0.00157667087692,1.0,1.0,0.982492997199,0.446428571429,0.982142857143,44.5880301339,2227.96017456,111328.386471,0.892857142857,0.0,0.0,2.66222139587e-06,Class 4
1.0,0.0,-0.015873015873,0.000244140625,1.0,1.0,0.0,-0.0,-0.0,0.015380859375,-0.0,nan,1.0,1.0,1.0,0.0,1.0,0.0009765625,-3.0517578125e-05,9.53674316406e-07,0.0,0.0,0.0,0.0,Class 4
0.736607142857,191.991071429,14875.2437558,300.27117048,0.88841972414,1.0,915.778237251,0.305095146921,0.331972825105,0.0115294164541,0.27477643216,0.457717261751,1.0,1.0,0.893470573902,5.45982142857,0.857142857143,921.66671317,83789.4814584,7985970.83274,3.79464285714,0.441964285714,182.589285714,1.14491493351e-05,Class 4
0.580676020408,362.366071429,24739.3232301,442.461739676,0.806485047413,1.0,1397.95928053,0.469968625285,0.516362521379,0.00933713329082,0.404137821366,0.390511121644,1.0,1.0,0.812680898214,8.67410714286,0.758928571429,1412.96135603,127179.278752,12224777.7465,7.34821428571,-0.0133928571429,262.919642857,2.16092510703e-05,Class 4
0.501116071429,432.392857143,52564.1959441,678.250523158,0.756411684219,1.0,2326.38045384,0.652899918311,0.68180655883,0.00786730707908,0.574952821253,0.546228599303,1.0,1.0,0.768238566427,12.5714285714,0.705357142857,2357.21526228,236566.169612,24785866.4496,8.07142857143,-0.294642857143,481.598214286,2.57852115518e-05,Class 4
0.620854591837,268.723214286,31744.1047638,464.491315569,0.843791809686,1.0,1604.38510666,0.436007898248,0.481752497045,0.0105852399554,0.362236400345,0.530541098683,1.0,1.0,0.854633089744,8.92410714286,0.785714285714,1618.64439174,155990.01236,15627045.9495,5.13392857143,-0.0669642857143,337.758928571,1.60249754703e-05,Class 4
0.335459183673,349.526785714,131700.424106,1052.53233119,0.732699454649,1.0,3658.87123267,0.81071077209,0.891448898411,0.00697046396684,0.563264631777,0.596735836872,1.0,1.0,0.744264858795,19.1383928571,0.571428571429,3717.88546317,380453.630803,40107167.3195,7.29464285714,0.691964285714,842.6875,2.08435961968e-05,Class 4
0.930165816327,118.089285714,-0.0164622879221,59.0127999442,0.96429651552,1.0,117.776334448,0.0776654728912,0.0884165441649,0.0142946827168,0.0776654728912,0.00318465136469,1.0,1.0,0.964896259497,1.02678571429,0.964285714286,117.961914062,6780.09582955,389732.100162,2.05357142857,0.0,0.0,7.04210803635e-06,Class 4
0.830357142857,221.223214286,1606.15349033,122.132777623,0.912529735656,1.0,308.489066348,0.198455009411,0.214581616322,0.0127376634247,0.198455009411,0.207234532637,1.0,1.0,0.915204008672,2.54910714286,0.910714285714,310.155552455,20595.2205418,1512180.53842,4.22321428571,-0.21875,22.3125,1.31923719051e-05,Class 4
1.0,0.0,-0.015873015873,0.000244140625,1.0,1.0,0.0,-0.0,-0.0,0.015380859375,-0.0,nan,1.0,1.0,1.0,0.0,1.0,0.0009765625,-3.0517578125e-05,9.53674316406e-07,0.0,0.0,0.0,0.0,Class 4
0.964764030612,48.2857142857,-0.0161636153719,24.1285923549,0.982149458674,1.0,48.2149788687,0.0389032426815,0.0442787783184,0.0148327885842,0.0389032426815,0.00157667087692,1.0,1.0,0.982479784367,0.464285714286,0.982142857143,48.2286551339,2506.33304705,130250.997097,0.928571428571,0.0,0.0,2.87945866177e-06,Class 4
0.896205357143,168.678571429,-0.0167693360712,78.2943289621,0.946445859297,1.0,167.963414803,0.121659614628,0.132410685902,0.0137640505421,0.121659614628,0.00482497545362,1.0,1.0,0.947372124137,1.5,0.946428571429,168.492047991,9506.19514247,538449.916557,3.0,-0.0535714285714,0.0,1.00589373222e-05,Class 4
0.60794005102,478.321428571,9809.63427954,349.625802176,0.80006714969,1.0,920.390126965,0.425414586414,0.481467320314,0.00954141422194,0.396793122626,0.119197390147,1.0,1.0,0.804733769934,6.86607142857,0.776785714286,931.035574777,70479.1216736,5895635.04569,9.28571428571,-0.0267857142857,113.392857143,2.85241049239e-05,Class 4
0.480070153061,533.4375,29133.5059929,514.721784319,0.72148374257,1.0,1638.36221527,0.569444399764,0.642715974042,0.00736407844388,0.556932781352,0.239192353366,1.0,1.0,0.732679584372,10.7276785714,0.6875,1661.13323103,143066.375606,13293560.4404,10.6696428571,-0.674107142857,282.258928571,3.18108834592e-05,Class 4
0.78268494898,251.5,5964.54788112,233.597342355,0.886360420919,1.0,563.59131997,0.258341377833,0.274467984743,0.0119977678571,0.258341377833,0.356081698808,1.0,1.0,0.891170499383,3.8125,0.883928571429,566.988699777,47953.2689601,4503818.98254,4.85714285714,0.508928571429,78.9910714286,1.49978904558e-05,Class 4
0.647959183673,220.419642857,30785.7877297,458.018101283,0.864469649297,1.0,1551.3871513,0.444562401429,0.462717970674,0.0108219068878,0.338464879752,0.634624286779,1.0,1.0,0.870485544055,8.34375,0.803571428571,1564.98479353,156750.314205,16309975.8514,4.40178571429,0.227678571429,336.401785714,1.314445192e-05,Class 4
0.846460459184,183.607142857,3908.75010226,133.95085798,0.920263145044,1.0,398.819920429,0.187375575105,0.198126646379,0.0129867865115,0.187375575105,0.404917794317,1.0,1.0,0.923318085429,2.66964285714,0.919642857143,400.452985491,34122.1919512,3230761.12895,3.5,-0.232142857143,54.2946428571,1.09491841569e-05,Class 4
0.721460459184,231.6875,13714.3595394,260.958112444,0.88217740459,1.0,896.927229155,0.32259343537,0.350182464922,0.0115194515306,0.284816152066,0.448959400395,1.0,1.0,0.886394538453,5.51339285714,0.848214285714,903.249302455,81481.4220625,7830727.46592,4.61607142857,-0.450892857143,168.0625,1.38163966003e-05,Class 4
1.0,0.0,-0.015873015873,0.000244140625,1.0,1.0,0.0,-0.0,-0.0,0.015380859375,-0.0,nan,1.0,1.0,1.0,0.0,1.0,0.0009765625,-3.0517578125e-05,9.53674316406e-07,0.0,0.0,0.0,0.0,Class 4
0.982302295918,27.0089285714,-0.0160176566127,26.9938267299,0.99107437919,1.0,26.9876582997,0.0221568561941,0.0221568561941,0.0151043327487,0.0221568561941,nan,1.0,1.0,0.991230867347,0.245535714286,0.991071428571,26.9792131696,1482.96039254,81516.4807411,0.491071428571,0.245535714286,0.0,1.6106439445e-06,Class 4
0.398278061224,427.392857143,76813.3764914,832.539864676,0.761809494656,1.0,2777.64622755,0.710254807109,0.786492072589,0.00813137755102,0.493567641567,0.429235384913,1.0,1.0,0.770897282741,15.4375,0.625,2819.07128906,276328.300245,28265571.5479,8.58928571429,0.4375,598.401785714,2.54870427555e-05,Class 4
0.863042091837,113.508928571,5111.50198928,139.343436105,0.936624724277,1.0,396.00509278,0.163478459713,0.170882957684,0.0132483657526,0.158102924076,0.550977537844,1.0,1.0,0.939856846585,2.50446428571,0.928571428571,397.303989955,34957.3899231,3300006.1852,2.29464285714,0.227678571429,71.0267857143,6.76896412114e-06,Class 4
0.578762755102,191.571428571,50600.8017955,478.629708426,0.813387050977,1.0,2129.89787187,0.537864663926,0.563424731143,0.00909299266582,0.461664391936,0.735422729342,1.0,1.0,0.825788868033,10.9553571429,0.758928571429,2151.81012835,221379.489384,23355457.2386,4.14285714286,-1.95535714286,490.401785714,1.1424124454e-05,Class 4
0.11399872449,808.366071429,295738.898201,1544.05158343,0.44759399809,1.0,5038.01236998,1.13508592257,1.3498717485,0.0027004942602,0.883704624185,0.344594821414,1.0,1.0,0.487042099848,28.2544642857,0.3125,5161.4780971,506646.704865,51876927.278,16.3303571429,0.959821428571,1089.16071429,4.82059077036e-05,Class 4
0.721301020408,156.482142857,19517.3763526,322.364362444,0.891096444273,1.0,1077.83059169,0.313871326432,0.355558000559,0.0115393813776,0.259967436217,0.507697119616,1.0,1.0,0.897059227537,6.11607142857,0.848214285714,1084.64718192,102524.064266,10054284.0816,3.23214285714,0.232142857143,232.232142857,9.3316184368e-06,Class 4
0.736607142857,191.991071429,14875.2437558,300.27117048,0.88841972414,1.0,915.778237251,0.305095146921,0.331972825105,0.0115294164541,0.27477643216,0.457717261751,1.0,1.0,0.893470573902,5.45982142857,0.857142857143,921.66671317,83789.4814584,7985970.83274,3.79464285714,0.441964285714,182.589285714,1.14491493351e-05,Class 4
0.862882653061,146.080357143,4088.71180532,72.5102887835,0.929011302578,1.0,373.750523946,0.170882957684,0.176258493321,0.0132408920599,0.170882957684,0.588928054177,1.0,1.0,0.931976845554,2.40625,0.928571428571,375.066266741,33681.5467137,3358935.08164,2.90178571429,-1.01339285714,57.3214285714,8.71132085156e-06,Class 4
0.0819515306122,1070.59821429,349662.350884,1715.05186244,0.3394584321,1.0,5519.83461808,1.31547196842,1.47858510375,0.00153958067602,1.16344314047,0.338987708905,1.0,1.0,0.381179047874,30.5758928571,0.258928571429,5675.17006138,573647.496926,61153861.9364,21.1696428571,0.629464285714,1152.09821429,6.38437961829e-05,Class 4
0.226721938776,320.678571429,289677.38432,1630.27675084,0.679233788711,1.0,5562.15191779,0.894684961877,0.976141814701,0.00593660315689,0.624254040008,0.55015396386,1.0,1.0,0.699306741733,26.9464285714,0.446428571429,5654.41838728,620479.704734,69913244.1133,7.23214285714,2.20535714286,1334.27678571,1.91232687308e-05,Class 4
0.964764030612,44.6428571429,-0.0161636153719,22.3077218192,0.982149997144,1.0,44.5749005289,0.0389032426815,0.0442787783184,0.0148327885842,0.0389032426815,0.00157667087692,1.0,1.0,0.982492997199,0.446428571429,0.982142857143,44.5880301339,2227.96017456,111328.386471,0.892857142857,0.0,0.0,2.66222139587e-06,Class 4
0.662468112245,190.419642857,28844.6621213,414.573904855,0.843227562136,1.0,1454.65711446,0.396337037069,0.435994748862,0.0103834502551,0.351147218646,0.560222814484,1.0,1.0,0.857016820363,7.92410714286,0.8125,1466.07296317,143895.125362,14613013.4725,3.9375,0.00446428571429,319.160714286,1.13554391419e-05,Class 4
0.947385204082,23.2678571429,3129.31930443,69.6450544085,0.979467717141,1.0,206.89981823,0.0663654487815,0.0663654487815,0.0145587531888,0.0663654487815,1.0,1.0,1.0,0.980826465201,1.13392857143,0.973214285714,207.055664062,19839.153377,1953490.48162,0.482142857143,0.232142857143,45.9821428571,1.38754979153e-06,Class 4
0.930165816327,98.5178571429,-0.0164622879221,49.2298758371,0.964298698888,1.0,98.2326435452,0.0776654728912,0.0884165441649,0.0142946827168,0.0776654728912,0.00318465136469,1.0,1.0,0.964953796204,0.9375,0.964285714286,98.4016462054,5171.39441354,272000.445329,1.875,-2.77555756156e-17,0.0,5.8749901764e-06,Class 4
0.930165816327,93.9017857143,-0.0164636903001,22.3077218192,0.964299346588,1.0,93.6046921172,0.0830410085281,0.0884165441649,0.014292191486,0.0830410085281,0.00477327694069,1.0,1.0,0.964969895301,0.915178571429,0.964285714286,93.7883649554,4813.65739659,247328.609135,1.83035714286,-0.46875,0.0,5.59971648407e-06,Class 4
0.913105867347,125.883928571,2202.07820123,99.8331124442,0.955608669434,1.0,253.442121429,0.11043173506,0.11043173506,0.0140231385523,0.11043173506,0.277482390012,1.0,1.0,0.957226244119,1.59375,0.955357142857,253.935686384,22866.6396092,2292701.06569,2.16964285714,0.0401785714286,32.0625,7.50693189207e-06,Class 4
0.0760522959184,1243.15178571,294041.743675,1610.44165039,0.313008539197,1.0,5142.99046672,1.30815868286,1.52217395027,0.00142996651786,1.20407353632,0.307679216437,1.0,1.0,0.352993653825,29.6383928571,0.25,5292.66224888,519696.541098,54279080.7438,24.2053571429,-0.334821428571,1013.30357143,7.41338143222e-05,Class 4
0.782525510204,221.625,7501.11817253,220.252755301,0.896457944612,1.0,611.168022505,0.261687951135,0.27984352038,0.0122419084821,0.234597096437,0.36830742486,1.0,1.0,0.901803932971,3.98214285714,0.883928571429,614.771065848,52969.8955122,4955011.67777,4.28571428571,0.223214285714,98.4107142857,1.32163318977e-05,Class 4
0.913265306122,113.410714286,-0.0166136813583,67.8241838728,0.955374715712,1.0,113.00398643,0.0922761658148,0.105056199423,0.0140331034758,0.0922761658148,0.00479895895411,1.0,1.0,0.956225759535,1.125,0.955357142857,113.271065848,5706.35644967,287503.916474,2.25,0.223214285714,0.0,6.76310723406e-06,Class 4
0.400031887755,704.285714286,32260.5653336,645.467878069,0.667770727313,1.0,1822.89836427,0.675261279585,0.76329881211,0.00648965640944,0.616292523357,0.229271522706,1.0,1.0,0.679916725962,12.4107142857,0.625,1854.41392299,155674.43318,14284658.4343,13.9285714286,0.0535714285714,287.919642857,4.19992047412e-05,Class 4
0.913265306122,113.410714286,-0.0166136813583,67.8241838728,0.955374715712,1.0,113.00398643,0.0922761658148,0.105056199423,0.0140331034758,0.0922761658148,0.00479895895411,1.0,1.0,0.956225759535,1.125,0.955357142857,113.271065848,5706.35644967,287503.916474,2.25,0.223214285714,0.0,6.76310723406e-06,Class 4
0.6484375,122.196428571,41652.200991,485.466761998,0.897337935405,1.0,1853.95114701,0.411329421043,0.449937937066,0.0115518375319,0.253343718819,0.713011005264,1.0,1.0,0.904115099987,9.30357142857,0.803571428571,1867.92731585,193936.738076,20499317.157,2.46428571429,-0.232142857143,436.723214286,7.28703240477e-06,Class 4
0.964923469388,42.875,-0.0161636094359,42.8479003906,0.982150291424,1.0,42.8084327876,0.0389032426815,0.0389032426815,0.0148327885842,0.0389032426815,nan,1.0,1.0,0.9825,0.4375,0.982142857143,42.8212890625,2096.85800171,102680.51674,0.875,0.4375,0.0,2.55679742859e-06,Class 4
0.964923469388,42.875,-0.0161636094359,42.8479003906,0.982150291424,1.0,42.8084327876,0.0389032426815,0.0389032426815,0.0148327885842,0.0389032426815,nan,1.0,1.0,0.9825,0.4375,0.982142857143,42.8212890625,2096.85800171,102680.51674,0.875,0.4375,0.0,2.55679742859e-06,Class 4
0.491549744898,524.946428571,26930.7957222,563.192766462,0.739891550588,1.0,1565.19805328,0.556483412232,0.63403828868,0.00793207908163,0.504091091409,0.256105056222,1.0,1.0,0.74982242883,10.2946428571,0.696428571429,1586.51771763,137161.650133,12876317.2274,10.5178571429,0.6875,265.714285714,3.13045289497e-05,Class 4
0.84693877551,116.553571429,7598.52949881,174.799072266,0.925124480472,1.0,528.752619739,0.18534661277,0.18534661277,0.0129892777423,0.18534661277,0.634093848461,1.0,1.0,0.928490088343,3.05357142857,0.919642857143,530.601422991,50977.0239999,5209422.81584,2.51785714286,0.241071428571,103.607142857,6.95052762033e-06,Class 4
0.594068877551,328.892857143,26218.7794238,374.512799944,0.81824841435,1.0,1429.51624303,0.464031198674,0.500610752362,0.00970832669005,0.41316084135,0.445410239426,1.0,1.0,0.826802420651,8.66964285714,0.767857142857,1444.31012835,130859.420188,12516498.6433,6.57142857143,-1.35714285714,279.125,1.96131174676e-05,Class 4
0.783163265306,264.8125,5777.63703516,254.798235212,0.89027175481,1.0,567.133008992,0.245561344224,0.261687951135,0.0120052415497,0.245561344224,0.463569696007,1.0,1.0,0.893696645726,3.84375,0.883928571429,570.368722098,47566.7643999,4371228.87401,4.95535714286,0.90625,76.5089285714,1.5791764876e-05,Class 4
0.783163265306,264.8125,5777.63703516,254.798235212,0.89027175481,1.0,567.133008992,0.245561344224,0.261687951135,0.0120052415497,0.245561344224,0.463569696007,1.0,1.0,0.893696645726,3.84375,0.883928571429,570.368722098,47566.7643999,4371228.87401,4.95535714286,0.90625,76.5089285714,1.5791764876e-05,Class 4
0.663903061224,459.964285714,5724.03735763,294.744384766,0.820592676063,1.0,732.342313306,0.369459358885,0.409117070678,0.0101816605548,0.364083823248,0.203059532317,1.0,1.0,0.825881889585,5.66071428571,0.8125,739.864815848,53444.4081377,4280705.2196,8.625,-0.0446428571429,70.1517857143,2.74293994859e-05,Class 4
0.879464285714,159.678571429,1624.67333844,129.050467355,0.939304362508,1.0,251.45880637,0.143601983518,0.154353054792,0.013502471301,0.143601983518,0.338189968752,1.0,1.0,0.941453063399,1.91071428571,0.9375,252.297851562,18289.5859419,1457971.21584,2.92857142857,0.482142857143,23.2142857143,9.52223348874e-06,Class 4
0.622289540816,480.705357143,6041.86130498,346.849853516,0.788158263523,1.0,758.590384578,0.392622731053,0.444123747587,0.00954390545281,0.392622731053,0.205047529898,1.0,1.0,0.795093988338,6.12946428571,0.785714285714,767.297293527,54136.4675249,4327711.86383,9.59821428571,0.683035714286,71.8392857143,2.86662675464e-05,Class 4
0.814572704082,169.348214286,7631.42317375,199.203927176,0.904047023341,1.0,574.843479985,0.210814038101,0.225623034045,0.0124935227997,0.210814038101,0.449882590417,1.0,1.0,0.909814531873,3.53125,0.901785714286,577.336356027,52646.5237296,5174056.72049,3.41964285714,0.236607142857,102.107142857,1.00988706431e-05,Class 4
0.579241071429,484.607142857,22053.0208587,430.380824498,0.789033868397,1.0,1420.41180608,0.520420446048,0.550644697535,0.00906060666454,0.477790998847,0.399463329202,1.0,1.0,0.796289315967,8.76785714286,0.758928571429,1437.29785156,131440.130585,13047071.3099,9.01785714286,-0.946428571429,238.446428571,2.88989456964e-05,Class 4
0.863042091837,113.508928571,5111.50198928,139.343436105,0.936624724277,1.0,396.00509278,0.163478459713,0.170882957684,0.0132483657526,0.158102924076,0.550977537844,1.0,1.0,0.939856846585,2.50446428571,0.928571428571,397.303989955,34957.3899231,3300006.1852,2.29464285714,0.227678571429,71.0267857143,6.76896412114e-06,Class 4
0.592952806122,489.723214286,13945.929858,426.641985212,0.786992294211,1.0,1105.38140985,0.468089123344,0.524141857244,0.00928232621173,0.441541193324,0.243965703366,1.0,1.0,0.793839701621,7.56696428571,0.767857142857,1118.38546317,94223.4910148,8831526.05338,9.47321428571,0.46875,157.401785714,2.92040362684e-05,Class 4
0.6640625,294.848214286,15602.5708275,364.221226283,0.851831455815,1.0,1014.26837071,0.360737249946,0.408137304113,0.0106450294962,0.312538968646,0.315980111099,1.0,1.0,0.856426132136,6.53125,0.8125,1022.74707031,88409.748897,8182030.56392,5.91964285714,0.683035714286,182.178571429,1.75829074312e-05,Class 4
0.947385204082,65.1964285714,-0.0163122680861,21.4240722656,0.973225289996,1.0,65.0389607133,0.0609899131447,0.0663654487815,0.0145612444196,0.0609899131447,0.00316767551854,1.0,1.0,0.973746498599,0.660714285714,0.973214285714,65.1148158482,3210.83810425,158344.709975,1.32142857143,-0.223214285714,0.0,3.88790812653e-06,Class 4
0.737723214286,206.401785714,13072.8380557,323.212297712,0.891995584274,1.0,849.035450678,0.284910615341,0.305095146921,0.0117909956952,0.234272929458,0.517473695206,1.0,1.0,0.895900667959,5.21875,0.857142857143,854.250418527,76473.23172,7258199.63403,4.13392857143,1.13839285714,162.125,1.23085144017e-05,Class 4
0.580676020408,362.366071429,24739.3232301,442.461739676,0.806485047413,1.0,1397.95928053,0.469968625285,0.516362521379,0.00933713329082,0.404137821366,0.390511121644,1.0,1.0,0.812680898214,8.67410714286,0.758928571429,1412.96135603,127179.278752,12224777.7465,7.34821428571,-0.0133928571429,262.919642857,2.16092510703e-05,Class 4
0.964764030612,49.2232142857,-0.0161649669809,0.000244140625,0.982149335336,1.0,49.1421521866,0.0442787783184,0.0442787783184,0.0148302973533,0.0442787783184,1.1512925465,1.0,1.0,0.98247666467,0.46875,0.982142857143,49.1655970982,2580.07553973,135410.211295,0.9375,-0.46875,0.0,2.93536531108e-06,Class 4
0.863201530612,90.2321428571,6577.57779891,158.874965123,0.952692712857,1.0,451.051886425,0.158102924076,0.165507422048,0.013766541773,0.119630652293,0.52368627687,1.0,1.0,0.954565961,2.69642857143,0.928571428571,452.396065848,41021.5007019,3903966.25028,1.82142857143,0.455357142857,90.625,5.38088188533e-06,Class 4
0.947385204082,44.6428571429,1504.85421565,44.6151994978,0.982149997144,1.0,133.71447008,0.0609899131447,0.0663654487815,0.0148327885842,0.0389032426815,0.294089535804,1.0,1.0,0.982492997199,0.892857142857,0.973214285714,133.817940848,11148.1636832,1003069.98095,0.892857142857,0.0,22.3214285714,2.66222139587e-06,Class 4
0.846619897959,110.964285714,7214.15783715,136.585344587,0.934912757866,1.0,502.304951072,0.174595541497,0.192751110742,0.0132483657526,0.158102924076,0.596011154779,1.0,1.0,0.937638305322,2.98214285714,0.919642857143,503.985351562,46991.4661037,4658089.86297,2.33928571429,-0.276785714286,98.3482142857,6.61721750157e-06,Class 4
0.964764030612,42.875,-0.0161636153719,21.4240722656,0.982150291424,1.0,42.8084327876,0.0389032426815,0.0442787783184,0.0148327885842,0.0389032426815,0.00157667087692,1.0,1.0,0.9825,0.4375,0.982142857143,42.8212890625,2096.85800171,102680.51674,0.875,0.0,0.0,2.55679742859e-06,Class 4
0.620057397959,266.607142857,29354.5569215,434.810511998,0.838748445492,1.0,1510.26485663,0.454163467493,0.494532530654,0.0101467833227,0.382577236896,0.501931591876,1.0,1.0,0.846646644233,8.59821428571,0.785714285714,1524.60477121,145069.071555,14408490.5379,5.32142857143,-0.241071428571,314.767857143,1.58987861761e-05,Class 4
0.947385204082,46.5,1565.31194356,46.4360700335,0.975006870766,1.0,139.119787381,0.0663654487815,0.0663654487815,0.0145587531888,0.0663654487815,0.501190608639,1.0,1.0,0.97653400983,0.910714285714,0.973214285714,139.244280134,11833.5120021,1086063.13775,0.928571428571,0.0,23.2142857143,2.77296980594e-06,Class 4
0.862882653061,166.151785714,4354.64851441,118.471784319,0.937758941499,1.0,408.736511039,0.170882957684,0.176258493321,0.0134999800702,0.148977519155,0.407240543812,1.0,1.0,0.939727992751,2.53125,0.928571428571,410.122070312,37915.1523568,3878701.38978,3.02678571429,-0.477678571429,61.0714285714,9.90825559114e-06,Class 4
0.913105867347,118.008928571,-0.0166151027281,71.5016392299,0.955374061817,1.0,117.56140176,0.0996806637865,0.11043173506,0.014028121014,0.0996806637865,0.00479895895411,1.0,1.0,0.956209554052,1.14732142857,0.955357142857,117.866489955,6061.20228359,311864.096313,2.29464285714,0.236607142857,0.0,7.03731603784e-06,Class 4
0.863042091837,111.660714286,4882.89927123,157.973458426,0.946446438563,1.0,381.536485055,0.160131886411,0.170882957684,0.0135049625319,0.138226447882,0.493142353934,1.0,1.0,0.947304190907,2.46428571429,0.928571428571,382.782226562,32876.6176453,3026520.37576,2.25,0.678571428571,67.8571428571,6.65874815535e-06,Class 4
0.305484693878,607.526785714,102772.316394,989.564418248,0.686317061682,1.0,3292.00799112,0.870446472084,0.955580367477,0.006103515625,0.622469542352,0.416784166617,1.0,1.0,0.696251651409,18.5223214286,0.544642857143,3353.42675781,328126.016702,33737571.9783,11.5982142857,-0.00446428571429,687.053571429,3.62291060878e-05,Class 4
0.78268494898,227.973214286,7721.19483438,220.717041016,0.895197387756,1.0,628.874199836,0.258341377833,0.274467984743,0.012000259088,0.252965842196,0.490338821271,1.0,1.0,0.899119449062,4.03125,0.883928571429,632.470284598,55416.4412798,5265897.60405,4.33035714286,0.174107142857,101.25,1.35948997801e-05,Class 4
0.736607142857,288.928571429,8271.28926266,249.674351283,0.863611473386,1.0,704.697003135,0.305095146921,0.331972825105,0.0112852758291,0.299719611284,0.354954303915,1.0,1.0,0.869218433437,4.71428571429,0.857142857143,709.768833705,61065.8244673,5836365.39771,5.67857142857,-1.19695919842e-16,105.357142857,1.72298968741e-05,Class 4
0.395408163265,478.321428571,85028.0864444,917.005824498,0.721706718227,1.0,3064.1446621,0.79856075483,0.857691646836,0.00712242904974,0.620364658616,0.500730435648,1.0,1.0,0.736870507554,16.0982142857,0.625,3112.91727121,326372.444741,35888444.415,9.32142857143,0.294642857143,659.151785714,2.85241049239e-05,Class 4
0.751913265306,274.392857143,12511.9883331,273.569719587,0.872781171612,1.0,900.443935457,0.281201163568,0.310376219283,0.0115269252232,0.281201163568,0.420718524987,1.0,1.0,0.878259225404,5.23214285714,0.866071428571,905.596958705,85400.0875462,8563789.75298,5.03571428571,-0.3125,157.964285714,1.63630775876e-05,Class 4
0.751594387755,324.598214286,8212.59290497,224.188023158,0.875664464832,1.0,741.319351701,0.305000683647,0.317780717255,0.0115094866071,0.29962514801,0.430921922535,1.0,1.0,0.879371890648,4.75446428571,0.866071428571,746.433454241,64888.3779951,6141578.06903,5.75892857143,-0.763392857143,105.607142857,1.93570117694e-05,Class 4
0.609534438776,380.553571429,18675.3426895,372.531215123,0.823611541239,1.0,1198.54889379,0.410162654299,0.446916728961,0.0102040816327,0.346534513602,0.339512578631,1.0,1.0,0.830101057517,7.76785714286,0.776785714286,1210.15499442,104087.056087,9612171.18606,7.48214285714,-0.473214285714,207.642857143,2.26938400669e-05,Class 4
0.513392857143,331.660714286,54146.4819988,601.117989676,0.771139089004,1.0,2288.76597135,0.636112675593,0.668365889414,0.00825344786352,0.539429934542,0.574192617019,1.0,1.0,0.784683226261,12.2589285714,0.714285714286,2318.02218192,233979.845795,24553716.8448,6.64285714286,-1.16964285714,496.973214286,1.97781751942e-05,Class 4
0.846619897959,117.214285714,7231.16309818,170.139474051,0.946445663475,1.0,509.475526398,0.18534661277,0.192751110742,0.0135074537628,0.136197485547,0.505023259786,1.0,1.0,0.947284923585,3.01785714286,0.919642857143,511.302315848,47544.5120719,4693110.97506,2.30357142857,0.241071428571,98.6160714286,6.98992849699e-06,Class 4
0.930165816327,120.285714286,-0.0164622879221,60.1107352121,0.964296365652,1.0,119.969989252,0.0776654728912,0.0884165441649,0.0142946827168,0.0776654728912,0.00318465136469,1.0,1.0,0.964891737541,1.03571428571,0.964285714286,120.157226562,6981.87210955,406171.133119,2.07142857143,5.55111512313e-17,0.0,7.17308932903e-06,Class 4
1.0,0.0,-0.015873015873,0.000244140625,1.0,1.0,0.0,-0.0,-0.0,0.015380859375,-0.0,nan,1.0,1.0,1.0,0.0,1.0,0.0009765625,-3.0517578125e-05,9.53674316406e-07,0.0,0.0,0.0,0.0,Class 4
0.879783163265,191.758928571,-0.0169235470444,113.535679408,0.937520653016,1.0,190.894232637,0.127475376608,0.143601983518,0.0135149274554,0.127475376608,0.00703293597608,1.0,1.0,0.938614191254,1.72767857143,0.9375,191.543945312,10667.4166216,596689.494818,3.45535714286,0.28125,0.0,1.14353057838e-05,Class 4
0.930165816327,73.875,2147.37622754,51.3007463728,0.964639008133,1.0,199.686907981,0.0830410085281,0.0884165441649,0.014292191486,0.0830410085281,0.501994042726,1.0,1.0,0.966277890467,1.23214285714,0.964285714286,199.93624442,18912.9631042,1993973.2971,1.44642857143,-0.276785714286,31.5535714286,4.40544396588e-06,Class 4
0.592633928571,212.026785714,42634.8022107,520.691650391,0.825797269131,1.0,1906.27887912,0.492937839193,0.534892928518,0.00971829161352,0.40805372091,0.610976353671,1.0,1.0,0.839423544664,10.1205357143,0.767857142857,1924.72698103,193228.685107,19990074.661,4.40178571429,-0.245535714286,428.491071429,1.26439542975e-05,Class 4
1.0,0.0,-0.015873015873,0.000244140625,1.0,1.0,0.0,-0.0,-0.0,0.015380859375,-0.0,nan,1.0,1.0,1.0,0.0,1.0,0.0009765625,-3.0517578125e-05,9.53674316406e-07,0.0,0.0,0.0,0.0,Class 4
0.913105867347,44.5535714286,5383.4788594,127.568882533,0.964773770658,1.0,351.451814298,0.11043173506,0.11043173506,0.0142897002551,0.0884165441649,0.919000990191,1.0,1.0,0.967119514472,1.875,0.955357142857,352.034458705,35542.8608442,3742698.09709,1.0,0.5,76.9285714286,2.65689695308e-06,Class 4
1.0,0.0,-0.015873015873,0.000244140625,1.0,1.0,0.0,-0.0,-0.0,0.015380859375,-0.0,nan,1.0,1.0,1.0,0.0,1.0,0.0009765625,-3.0517578125e-05,9.53674316406e-07,0.0,0.0,0.0,0.0,Class 4
0.768016581633,180.544642857,11025.782882,254.522565569,0.897349711428,1.0,738.904607553,0.249081925401,0.270584067948,0.0120251713967,0.227405774979,0.496913432236,1.0,1.0,0.902435493428,4.54017857143,0.875,742.79952567,66734.4699315,6370548.59674,3.66964285714,0.459821428571,140.705357143,1.07665557692e-05,Class 4
