0.698546712803,56.0264705882,2895.81246501,90.6771714154,0.883363891925,1.0,316.393939632,0.402323904306,0.455456523406,0.0223086072664,0.310156645918,0.344142491477,1.0,1.0,0.889660195296,3.44705882353,0.835294117647,320.921553309,16161.8351419,854024.121752,2.16764705882,-0.125,66.4382352941,5.35355165392e-05,Class 1
0.416029411765,74.8720588235,12622.3706231,217.094450827,0.793658459027,1.0,786.866107308,0.7260680834,0.857518900954,0.0163770544983,0.491020220255,0.34595810653,1.0,1.0,0.806032526099,8.21838235294,0.641176470588,808.156663603,41635.5858485,2202638.2596,3.04852941176,-0.1375,183.833823529,7.15432241472e-05,Class 1
0.816215397924,35.9691176471,1081.28277213,45.6546530331,0.931934496536,1.0,147.351214568,0.226781304969,0.251666262328,0.0256387867647,0.177941299405,0.316452429854,1.0,1.0,0.934694417743,1.79485294118,0.902941176471,148.483134191,6728.21342199,323369.673405,1.42794117647,-0.0183823529412,28.2397058824,3.43699196554e-05,Class 1
0.810497404844,25.5558823529,1755.17944773,56.3438993566,0.936528504193,1.0,202.19546606,0.255188931053,0.280987379312,0.0254669928633,0.185881200392,0.490718256044,1.0,1.0,0.93954437646,2.15147058824,0.9,203.792509191,10301.7654383,540503.504568,1.04411764706,-0.0382352941176,44.6926470588,2.44196599931e-05,Class 1
0.698546712803,56.0264705882,2895.81246501,90.6771714154,0.883363891925,1.0,316.393939632,0.402323904306,0.455456523406,0.0223086072664,0.310156645918,0.344142491477,1.0,1.0,0.889660195296,3.44705882353,0.835294117647,320.921553309,16161.8351419,854024.121752,2.16764705882,-0.125,66.4382352941,5.35355165392e-05,Class 1
0.816215397924,35.9691176471,1081.28277213,45.6546530331,0.931934496536,1.0,147.351214568,0.226781304969,0.251666262328,0.0256387867647,0.177941299405,0.316452429854,1.0,1.0,0.934694417743,1.79485294118,0.902941176471,148.483134191,6728.21342199,323369.673405,1.42794117647,-0.0183823529412,28.2397058824,3.43699196554e-05,Class 1
0.476634948097,52.6647058824,12031.0552814,215.663384651,0.836767778442,1.0,788.44014833,0.657704239614,0.775594134914,0.018712829801,0.412113347371,0.428447766146,1.0,1.0,0.847830254288,7.70441176471,0.688235294118,806.354273897,43761.6167251,2423652.58777,2.15294117647,0.0264705882353,188.902941176,5.03232169222e-05,Class 1
0.636596020761,57.3705882353,4493.05980902,121.663752298,0.864907128471,1.0,426.455190558,0.471759882145,0.540208464953,0.0207540819637,0.352666201697,0.378795177546,1.0,1.0,0.872056794762,4.48088235294,0.797058823529,433.571920956,22332.559556,1192672.43074,2.25294117647,-0.05,94.3294117647,5.48198743038e-05,Class 1
0.416029411765,74.8720588235,12622.3706231,217.094450827,0.793658459027,1.0,786.866107308,0.7260680834,0.857518900954,0.0163770544983,0.491020220255,0.34595810653,1.0,1.0,0.806032526099,8.21838235294,0.641176470588,808.156663603,41635.5858485,2202638.2596,3.04852941176,-0.1375,183.833823529,7.15432241472e-05,Class 1
0.650899653979,35.1205882353,5497.64922524,126.155847886,0.890821917182,1.0,482.085713025,0.436306978291,0.509028950256,0.0220544982699,0.300199226318,0.468272661568,1.0,1.0,0.897905233766,4.72647058824,0.805882352941,488.96640625,26262.7526281,1439050.83957,1.43529411765,-0.169117647059,113.755882353,3.35591161213e-05,Class 1
0.436591695502,83.8,10493.9763502,197.215498621,0.804687957631,1.0,718.592207488,0.676721603771,0.776334068518,0.0173111753893,0.422887565738,0.419467988674,1.0,1.0,0.813068212169,7.58235294118,0.655882352941,736.767141544,38150.9495261,2045941.34458,3.40588235294,-0.285294117647,163.714705882,8.00742263234e-05,Class 1
0.35571366782,83.3058823529,15557.9805479,242.374689798,0.779607027758,1.0,868.868096954,0.77219981645,0.8949134166,0.015501054282,0.470201740378,0.385405571737,1.0,1.0,0.789217283656,9.19411764706,0.589705882353,894.375965074,45831.6453901,2416013.18527,3.46176470588,-0.0676470588235,203.341176471,7.96020772983e-05,Class 1
0.693966262976,47.6367647059,3027.23769224,90.5842486213,0.892636836243,1.0,316.991207828,0.39639116437,0.444428659304,0.0227947934689,0.281998949583,0.387434758162,1.0,1.0,0.897913193877,3.48161764706,0.832352941176,321.487913603,15982.1943158,829289.858323,1.93382352941,-0.0610294117647,68.6794117647,4.5518819551e-05,Class 1
0.628879757785,100.748529412,1879.29931652,93.6467486213,0.830486296493,1.0,263.826938851,0.436887983399,0.496646601751,0.0200797469723,0.371610595683,0.151115336119,1.0,1.0,0.837848665897,3.54485294118,0.791176470588,268.948575368,11381.9116067,523296.954385,3.88676470588,0.0522058823529,42.2705882353,9.62692189244e-05,Class 1
0.600938581315,85.9676470588,3613.67007671,113.938476563,0.839757731242,1.0,380.566785403,0.495292753295,0.557471634907,0.0200068933824,0.376741218754,0.264991730902,1.0,1.0,0.846896054149,4.42058823529,0.773529411765,387.978170956,18687.289209,955630.031754,3.32647058824,-0.173529411765,75.7779411765,8.21454991298e-05,Class 1
0.831764705882,32.0338235294,1113.78160679,43.1093405331,0.934923206168,1.0,148.112833017,0.225356171792,0.249021605903,0.0258753243945,0.177618131515,0.373396967162,1.0,1.0,0.938636208382,1.71102941176,0.911764705882,149.180560662,7122.19638385,359818.632071,1.26911764706,-0.0801470588235,29.3926470588,3.060958992e-05,Class 1
0.416029411765,74.8720588235,12622.3706231,217.094450827,0.793658459027,1.0,786.866107308,0.7260680834,0.857518900954,0.0163770544983,0.491020220255,0.34595810653,1.0,1.0,0.806032526099,8.21838235294,0.641176470588,808.156663603,41635.5858485,2202638.2596,3.04852941176,-0.1375,183.833823529,7.15432241472e-05,Class 1
0.693966262976,47.6367647059,3027.23769224,90.5842486213,0.892636836243,1.0,316.991207828,0.39639116437,0.444428659304,0.0227947934689,0.281998949583,0.387434758162,1.0,1.0,0.897913193877,3.48161764706,0.832352941176,321.487913603,15982.1943158,829289.858323,1.93382352941,-0.0610294117647,68.6794117647,4.5518819551e-05,Class 1
0.592041522491,67.6867647059,4597.44660787,124.539671415,0.845614129879,1.0,428.748383296,0.50348936685,0.57096733492,0.0197102076125,0.37012562497,0.343628065673,1.0,1.0,0.852778830834,4.79191176471,0.767647058824,436.951516544,21395.8877097,1092790.51741,2.72205882353,-0.0698529411765,92.6147058824,6.46773904076e-05,Class 1
0.741444636678,51.7,1868.75843723,68.5988625919,0.898930261106,1.0,229.945425516,0.320839009987,0.361634971242,0.0235187337803,0.254984101869,0.317403771345,1.0,1.0,0.903678705901,2.69411764706,0.860294117647,232.630376838,10975.7662081,547558.359781,2.03235294118,-0.0955882352941,45.4,4.94014021589e-05,Class 1
0.630095155709,48.5397058824,4898.50319325,120.584800092,0.884974917925,1.0,442.743249081,0.473680567398,0.531662095239,0.0218936526817,0.308610510627,0.413968738646,1.0,1.0,0.89041885102,4.64926470588,0.792647058824,450.16953125,22942.4950281,1203830.22665,1.91911764706,-0.155147058824,100.697058824,4.63816156861e-05,Class 1
0.821271626298,36.4661764706,1041.61214224,43.5020795037,0.931544972712,1.0,144.188073745,0.232898492353,0.25655805263,0.0257085315744,0.18631123286,0.314136887588,1.0,1.0,0.934851003595,1.75220588235,0.905882352941,145.33203125,6589.55525333,316929.297179,1.42794117647,-0.0757352941176,27.325,3.48448790913e-05,Class 1
0.779671280277,48.3220588235,1143.22074476,52.0606272978,0.914819112845,1.0,162.755863679,0.26530970981,0.29633833388,0.0247241295415,0.209996304866,0.246585868145,1.0,1.0,0.91809308736,2.07426470588,0.882352941176,164.372104779,7211.83063247,339105.784395,1.90735294118,-0.0404411764706,29.1411764706,4.61736452822e-05,Class 1
0.520951557093,40.8264705882,10776.1057405,196.326528033,0.882493300733,1.0,746.107504428,0.596644292501,0.669109735097,0.0210856401384,0.320579540961,0.538911930164,1.0,1.0,0.887541317489,7.125,0.719117647059,760.978538603,41947.732373,2352133.74407,1.62941176471,-0.145588235294,180.482352941,3.90113131965e-05,Class 1
0.427244809689,37.2808823529,17904.0806088,258.179744945,0.871946035982,1.0,996.144695252,0.701285034662,0.786958825719,0.0201407060986,0.337641628347,0.550210342265,1.0,1.0,0.87779114812,9.27867647059,0.648529411765,1019.36511949,57374.5594123,3271550.66688,1.53970588235,-0.209558823529,246.1,3.56233629005e-05,Class 1
0.686747404844,78.4514705882,2033.40216201,84.9754250919,0.85376202479,1.0,263.725501068,0.39990915861,0.456125024321,0.0209289846453,0.357561576388,0.210311994186,1.0,1.0,0.86143632539,3.19779411765,0.827941176471,267.885340074,12457.7455681,622496.336198,2.99852941176,-0.0595588235294,47.5573529412,7.49634941681e-05,Class 1
0.58249567474,57.0441176471,6393.37384965,148.629377298,0.867161469867,1.0,537.444038107,0.525575278675,0.597619550873,0.0209097913062,0.339360027036,0.44413932151,1.0,1.0,0.874482908281,5.48970588235,0.761764705882,547.340303309,28733.6278694,1553204.13936,2.21470588235,-0.0852941176471,122.916176471,5.4507918698e-05,Class 1
0.510519031142,37.9367647059,11227.6941587,198.595921415,0.883572420109,1.0,754.062265108,0.614485862619,0.692467777252,0.0211532223183,0.31636833306,0.531139286066,1.0,1.0,0.889212790321,7.28455882353,0.711764705882,769.772472426,41838.8047708,2309907.43867,1.52794117647,-0.121323529412,183.413235294,3.62500845231e-05,Class 1
0.612387543253,34.0058823529,6715.36835041,143.961914063,0.906997218362,1.0,545.114341336,0.489531647743,0.547478849984,0.0231395977509,0.266669384271,0.554139089643,1.0,1.0,0.911830737707,5.36617647059,0.780882352941,554.044715074,29581.6207462,1609485.90484,1.35588235294,-0.105882352941,130.344117647,3.2493970404e-05,Class 1
0.389939446367,79.7132352941,13824.0159638,228.602079504,0.793628340657,1.0,830.248563464,0.73733544075,0.852840181241,0.0163866511678,0.445813578807,0.414090410253,1.0,1.0,0.802544423184,8.61691176471,0.619117647059,852.968795956,44663.9448213,2410198.49526,3.32205882353,-0.163970588235,193.851470588,7.61691604285e-05,Class 1
0.546647923875,23.0647058824,11520.7983426,201.49353171,0.916377133429,1.0,792.519628894,0.527857750418,0.577957192194,0.0228950854239,0.239345815811,0.633817027693,1.0,1.0,0.918820605861,7.20735294118,0.735294117647,805.660891544,45797.9142664,2626887.8012,0.926470588235,-0.194117647059,196.098529412,2.20392419917e-05,Class 1
0.751293252595,58.6691176471,1438.40950429,63.5473920037,0.888503702536,1.0,198.654098415,0.315234343267,0.35554941668,0.0229461775519,0.27577775362,0.237687938546,1.0,1.0,0.894246265745,2.44191176471,0.866176470588,201.027251838,9194.69329331,451909.138318,2.27794117647,-0.0551470588235,35.7411764706,5.60606707001e-05,Class 1
0.386820934256,78.4397058824,13911.7334584,227.27009421,0.80213385397,1.0,828.687818277,0.743655444368,0.847535399249,0.0170381433824,0.426377720114,0.433930765992,1.0,1.0,0.810959331331,8.64338235294,0.616176470588,851.688648897,44400.6342285,2386047.76757,3.27794117647,-0.196323529412,193.851470588,7.49522525246e-05,Class 1
0.688179065744,22.6955882353,5359.78430992,121.884064798,0.934914670589,1.0,474.965112309,0.378977690535,0.411452061291,0.0247714370675,0.197989200688,0.628873848791,1.0,1.0,0.937062322634,4.44926470588,0.827941176471,480.457766544,26630.2412598,1495995.13061,0.898529411765,-0.131617647059,114.717647059,2.16865354283e-05,Class 1
0.711349480969,70.3308823529,1778.94439676,75.469910386,0.871724213007,1.0,236.896821454,0.369279686609,0.417162818269,0.0221599264706,0.312428045971,0.239484867419,1.0,1.0,0.878247652534,2.88308823529,0.842647058824,240.302251838,11208.3924202,564460.371579,2.72205882353,-0.0801470588235,42.6720588235,6.72039497739e-05,Class 1
0.682115051903,68.5867647059,2345.44702682,84.0491383272,0.862194713985,1.0,279.341839247,0.394938453658,0.457543353883,0.0213258272059,0.336462955855,0.242159571435,1.0,1.0,0.869529753786,3.32573529412,0.825,283.612178309,13276.387905,659997.812649,2.69852941176,-0.143382352941,53.9632352941,6.55373761318e-05,Class 1
0.547573529412,38.3720588235,10556.9586572,199.374414063,0.899908559523,1.0,761.450719277,0.538822849794,0.595539873256,0.0222780601211,0.279906436294,0.552637635987,1.0,1.0,0.903744759263,6.97867647059,0.736764705882,774.460707721,44171.4181899,2555296.93486,1.46029411765,-0.130147058824,184.457352941,3.66660253309e-05,Class 1
0.696803633218,76.7647058824,1782.78424636,77.2329618566,0.856875875171,1.0,241.74135049,0.377422226726,0.431757261635,0.0213158250433,0.342139334594,0.220248537453,1.0,1.0,0.864297370464,2.99705882353,0.833823529412,245.378170956,11256.2836024,558781.442829,2.98823529412,-0.120588235294,42.3397058824,7.33517235379e-05,Class 1
0.436591695502,83.8,10493.9763502,197.215498621,0.804687957631,1.0,718.592207488,0.676721603771,0.776334068518,0.0173111753893,0.422887565738,0.419467988674,1.0,1.0,0.813068212169,7.58235294118,0.655882352941,736.767141544,38150.9495261,2045941.34458,3.40588235294,-0.285294117647,163.714705882,8.00742263234e-05,Class 1
0.694602076125,79.7647058824,1563.84939833,72.6083295037,0.850811778019,1.0,224.822827889,0.362686153805,0.417712658657,0.021024275519,0.341471241995,0.193311035617,1.0,1.0,0.858992395702,2.91323529412,0.832352941176,228.193244485,10012.6989172,477249.512524,3.11176470588,-0.160294117647,37.2882352941,7.62183426186e-05,Class 1
0.379061418685,79.1588235294,14773.8248919,233.794175092,0.796518231298,1.0,860.076562964,0.75525328504,0.851103725618,0.0163166360294,0.428779150766,0.461789895161,1.0,1.0,0.803980253463,8.875,0.610294117647,884.102803309,46561.658499,2526115.74693,3.28823529412,-0.248529411765,201.789705882,7.56393979808e-05,Class 1
0.401020761246,85.4632352941,12073.2159052,211.251711857,0.7961798189,1.0,767.54103141,0.722343322679,0.820223950129,0.0166503568339,0.427431285458,0.429337619308,1.0,1.0,0.80368914539,8.15661764706,0.627941176471,788.551516544,40609.477967,2165204.99618,3.52794117647,-0.2625,176.280882353,8.16635136667e-05,Class 1
0.471323529412,113.098529412,6714.29586611,170.770186121,0.773740706935,1.0,564.930230084,0.652337098834,0.764528472278,0.0163817852509,0.511258002984,0.211422011825,1.0,1.0,0.786343897568,6.43602941176,0.683823529412,579.693428309,28195.5997731,1438905.5995,4.35441176471,-0.0845588235294,117.05,0.00010807013414,Class 1
0.442573529412,80.8279411765,9613.75608005,186.592061121,0.808115346165,1.0,672.673318282,0.651029622217,0.743658476396,0.017333612673,0.411960881325,0.382664624409,1.0,1.0,0.815424643756,7.30367647059,0.660294117647,689.447104779,34611.8947409,1797785.15759,3.32205882353,-0.219852941176,152.610294118,7.72343061458e-05,Class 1
0.35571366782,83.3058823529,15557.9805479,242.374689798,0.779607027758,1.0,868.868096954,0.77219981645,0.8949134166,0.015501054282,0.470201740378,0.385405571737,1.0,1.0,0.789217283656,9.19411764706,0.589705882353,894.375965074,45831.6453901,2416013.18527,3.46176470588,-0.0676470588235,203.341176471,7.96020772983e-05,Class 1
0.728183391003,59.5397058824,2561.77829381,88.2486787684,0.883850512762,1.0,299.221759588,0.361336154173,0.414814390703,0.0226808499135,0.310020334208,0.301421961946,1.0,1.0,0.890941919875,3.15514705882,0.852941176471,302.866590074,15806.999348,868276.885317,2.22794117647,-0.0830882352941,61.0279411765,5.68925523157e-05,Class 1
0.875,26.5441176471,920.144745685,34.2256089154,0.953811360441,1.0,126.537040459,0.175743369548,0.189809632469,0.0270632839533,0.141613049067,0.43725925869,1.0,1.0,0.955839510503,1.34264705882,0.935294117647,127.118244485,6637.25787856,367246.135973,0.991176470588,-0.136764705882,25.2264705882,2.53639580433e-05,Class 1
0.787210207612,55.325,907.161575789,49.9941750919,0.906819638838,1.0,147.230474604,0.270822595236,0.297201061514,0.0242233455882,0.234542016092,0.224522415525,1.0,1.0,0.910438852858,1.93602941176,0.886764705882,148.774310662,6411.20551758,301273.262399,2.125,-0.0389705882353,23.4823529412,5.28652335482e-05,Class 1
0.74910899654,61.4441176471,1267.70842347,57.2685317096,0.891340983081,1.0,184.960239312,0.304725008112,0.342637515413,0.0232704368512,0.267583088607,0.228144784711,1.0,1.0,0.896026779731,2.37941176471,0.864705882353,187.176700368,8160.70203068,383047.612349,2.37941176471,-0.189705882353,31.5808823529,5.87122933498e-05,Class 1
0.738702422145,25.7455882353,3617.18137247,91.6463809743,0.941090405375,1.0,353.756457558,0.341451703174,0.372748289664,0.0257173172578,0.179545120017,0.620034794832,1.0,1.0,0.944062769909,3.46691176471,0.858823529412,357.512178309,19051.3812873,1035033.86729,0.960294117647,-0.146323529412,83.1573529412,2.46009314938e-05,Class 1
0.653352076125,74.7617647059,2843.1900575,101.936454504,0.852567830581,1.0,321.202651135,0.438734202427,0.502742921542,0.0206444636678,0.36372096241,0.2534293023,1.0,1.0,0.859986755779,3.75,0.807352941176,326.657582721,15562.2143009,785371.68605,2.9,0.0588235294118,63.2073529412,7.14378337398e-05,Class 2
0.777357266436,41.6558823529,1480.15583535,60.2911420037,0.922155437784,1.0,188.10736299,0.268104434822,0.294185725146,0.025066095372,0.191162350865,0.333475556526,1.0,1.0,0.925417765771,2.25147058824,0.880882352941,189.891038603,8730.06373794,423770.361496,1.65294117647,0.0941176470588,37.1985294118,3.980384906e-05,Class 2
0.367517301038,125.148529412,12428.2057214,244.808421415,0.733254872543,1.0,809.334983405,0.798552717357,0.92633830564,0.014184553417,0.575748017284,0.266625983403,1.0,1.0,0.748411331392,8.62720588235,0.601470588235,834.101516544,43552.4116067,2378477.40898,4.88970588235,0.171323529412,177.776470588,0.000119584387448,Class 2
0.681885813149,39.8941176471,3763.64142226,105.75814568,0.896343320339,1.0,364.352421237,0.411705542064,0.464108205227,0.0228744052768,0.282058125978,0.426708164126,1.0,1.0,0.902339851611,3.85735294118,0.825,369.574862132,18709.1442067,976969.985726,1.64705882353,0.122058823529,82.6602941176,3.81204129528e-05,Class 2
0.737396193772,27.2073529412,4013.64948685,109.511730239,0.925905194348,1.0,392.899565279,0.338304128187,0.371882791483,0.0248714586938,0.222210335689,0.560933751167,1.0,1.0,0.931211921913,3.63308823529,0.857352941176,396.797104779,22605.6614689,1317231.05559,1.08382352941,0.124264705882,92.6235294118,2.5997705693e-05,Class 2
0.636297577855,48.0352941176,4118.76575925,113.714119945,0.896086945189,1.0,386.264461969,0.425161544208,0.473065208948,0.0229815906142,0.259015825178,0.424336770807,1.0,1.0,0.900214771968,4.28823529412,0.795588235294,392.308318015,19019.8774673,952440.804048,1.95882352941,0.136764705882,86.3352941176,4.5899630223e-05,Class 2
0.650099480969,42.3970588235,4086.75262929,112.105204504,0.902015751587,1.0,381.868848649,0.411384470926,0.452995838415,0.0230215992647,0.243685305031,0.459900378668,1.0,1.0,0.905219245464,4.18088235294,0.804411764706,387.538097426,18946.2479291,953854.114621,1.73823529412,0.175,86.5455882353,4.05120725976e-05,Class 2
0.676955017301,47.5676470588,4574.77405282,126.649597886,0.890214245399,1.0,440.225354646,0.418099602665,0.478954545938,0.0224756704152,0.302734012791,0.415869391149,1.0,1.0,0.896734315219,4.26617647059,0.822058823529,446.12265625,24657.4201488,1404664.80126,1.82058823529,0.108823529412,99.9044117647,4.54527748957e-05,Class 2
0.447435121107,85.4544117647,11477.2495742,226.387465533,0.816964219579,1.0,781.799327422,0.704592199873,0.799817501307,0.0176554390138,0.440600314289,0.383798087693,1.0,1.0,0.824877052067,7.84926470588,0.666176470588,801.466590074,43203.8047708,2401977.10944,3.225,0.155147058824,179.492647059,8.16550824341e-05,Class 2
0.348525086505,140.657352941,10955.7164035,226.270461857,0.718972692948,1.0,741.252809577,0.784537798033,0.915056784254,0.0138173118512,0.572091522207,0.213928090944,1.0,1.0,0.732991922499,8.46397058824,0.582352941176,765.086443015,37530.8645824,1937127.39301,5.50441176471,-0.0227941176471,156.635294118,0.000134403683932,Class 2
0.552668685121,38.3808823529,8758.0090844,178.136454504,0.877428232256,1.0,646.924539223,0.554935976298,0.631064755481,0.020779763192,0.324527042759,0.49382767667,1.0,1.0,0.883904369957,6.3625,0.741176470588,659.152987132,35265.549888,1919372.90272,1.575,0.128676470588,155.589705882,3.66744565635e-05,Class 2
0.93089100346,17.2676470588,204.711902514,14.5200022978,0.968717273321,1.0,40.7589750987,0.0877485748807,0.0957196060689,0.02820839641,0.082966914336,0.256435365791,1.0,1.0,0.970117759748,0.566176470588,0.964705882353,40.8123621324,1663.02901827,74681.1469104,0.688235294118,-2.08166817117e-17,5.92058823529,1.64999221797e-05,Class 2
0.548464532872,56.0367647059,6993.53323607,160.19665671,0.855944229232,1.0,556.742661655,0.541924379748,0.615635907268,0.0198405060554,0.347408183391,0.406513524998,1.0,1.0,0.862173946649,5.86397058824,0.738235294118,567.698207721,28900.6240493,1512619.98157,2.28382352941,0.158088235294,128.280882353,5.35453529772e-05,Class 2
0.571794982699,51.2602941176,7591.77243154,170.465498621,0.891076538962,1.0,605.901721891,0.518097348586,0.561656198114,0.022213046064,0.295487719775,0.516545439751,1.0,1.0,0.895249155002,5.95955882353,0.752941176471,616.497840074,33415.3895249,1862680.69333,1.93676470588,0.113970588235,141.680882353,4.89812457349e-05,Class 2
0.736743079585,51.4338235294,1696.5130308,68.6235868566,0.896913903257,1.0,213.073354711,0.309840118877,0.34875433236,0.0232994971886,0.248006558476,0.270530538783,1.0,1.0,0.901025086869,2.62279411765,0.857352941176,215.576148897,9697.61113568,462283.685161,2.075,0.0742647058824,41.1985294118,4.91470599758e-05,Class 2
0.497625432526,58.9294117647,10064.4762766,200.797943474,0.838020152402,1.0,713.58229038,0.622353512407,0.718937238525,0.0186261894464,0.405493940817,0.412851629519,1.0,1.0,0.846327688199,7.09558823529,0.702941176471,729.088832721,39190.1770881,2157715.35978,2.38529411765,0.129411764706,167.982352941,5.63093920615e-05,Class 2
0.623996539792,33.0661764706,6084.98113984,140.443899357,0.906651990498,1.0,506.849309026,0.477435871978,0.524646157525,0.0232194798875,0.260657676379,0.560923281183,1.0,1.0,0.911441043922,5.05955882353,0.788235294118,515.022840074,27287.1724753,1478968.31002,1.375,0.1125,120.804411765,3.15960441331e-05,Class 2
0.776807958478,46.0,1342.35369286,59.2624655331,0.909014753646,1.0,179.249703879,0.282638029608,0.316544415947,0.0240685823962,0.234790156988,0.290392968719,1.0,1.0,0.912932077782,2.19117647059,0.880882352941,181.103170956,8244.33934685,399833.254559,1.83235294118,0.0955882352941,33.9117647059,4.39548259054e-05,Class 2
0.620951557093,42.8191176471,5637.62210212,139.614855239,0.88258767264,1.0,487.301252318,0.48190577878,0.543915170598,0.0217498378028,0.306384715999,0.487240561731,1.0,1.0,0.889104389103,4.93602941176,0.786764705882,495.353722426,26148.6221536,1418879.63825,1.775,0.183088235294,113.441176471,4.09153665565e-05,Class 2
0.511535467128,55.7058823529,9823.67744505,201.135351563,0.842313664423,1.0,707.148316563,0.616052746401,0.707864433606,0.0186818771626,0.394012930092,0.442260324644,1.0,1.0,0.849701538665,6.93529411765,0.713235294118,722.12890625,39331.3534783,2193865.61735,2.25882352941,0.232352941176,167.038235294,5.32291817551e-05,Class 2
0.575116782007,30.4676470588,8223.17907639,168.521564798,0.910740341286,1.0,616.295346126,0.538806198204,0.586340959763,0.0231713613754,0.250667943162,0.601087714449,1.0,1.0,0.914673938556,6.03088235294,0.755882352941,627.499126838,33744.2530532,1849704.73858,1.25294117647,0.133823529412,149.633823529,2.91130461352e-05,Class 2
0.570657439446,38.6205882353,7425.0105442,158.389763327,0.885818086795,1.0,573.223047944,0.539161183007,0.602387558143,0.0215076232699,0.304502517129,0.513380204722,1.0,1.0,0.890919871565,5.82058823529,0.752941176471,584.034053309,30514.2988597,1631889.37566,1.61470588235,0.1,136.716176471,3.69035050489e-05,Class 2
0.467573529412,35.7235294118,14531.9857177,239.705847886,0.880634200628,1.0,885.007684781,0.656019666075,0.728275029168,0.0208877595156,0.315380922228,0.590102376752,1.0,1.0,0.886091215563,8.30735294118,0.679411764706,904.303538603,50694.2871065,2887616.68802,1.50588235294,0.155882352941,217.663235294,3.41352503483e-05,Class 2
0.782910899654,28.8426470588,2838.32013133,90.9768037684,0.957410226603,1.0,305.750710151,0.236231638894,0.245882425512,0.0275045955882,0.110163720711,0.641268137384,1.0,1.0,0.958798553503,2.85808823529,0.882352941176,307.684972426,17623.358746,1042654.17429,1.06911764706,0.234558823529,69.8882352941,2.75602941331e-05,Class 2
0.476760380623,60.0573529412,11415.3506853,214.999965533,0.830055027825,1.0,772.019123754,0.655040722314,0.762155982947,0.018094182526,0.416392286086,0.403747554353,1.0,1.0,0.839415108956,7.57573529412,0.688235294118,789.549678309,42958.5985438,2391612.50554,2.41911764706,0.0875,182.845588235,5.73871846276e-05,Class 2
0.501712802768,51.5205882353,10287.2024908,199.609064798,0.852980153578,1.0,714.649587092,0.619445291806,0.710007499152,0.0194079801038,0.371305408007,0.469385781929,1.0,1.0,0.860808573142,7.10147058824,0.705882352941,730.090303309,39069.180351,2138895.87666,2.07058823529,0.157352941176,170.085294118,4.92299670963e-05,Class 2
0.712651384083,24.6029411765,5545.51885348,140.251711857,0.962662772455,1.0,510.918606296,0.285350158208,0.294860910275,0.0276778762976,0.107762034277,0.716878447255,1.0,1.0,0.964001125574,4.46911764706,0.836764705882,514.824862132,30565.1131405,1843475.88506,0.870588235294,0.177941176471,122.833823529,2.35090868733e-05,Class 2
0.650216262976,30.5514705882,7805.42709702,180.485167739,0.943476996564,1.0,659.561471505,0.350466199841,0.369445923868,0.0258173388841,0.165224826796,0.650967596805,1.0,1.0,0.945336587716,5.69485294118,0.797058823529,666.002251838,39911.1724753,2421107.82608,1.06617647059,0.205147058824,159.217647059,2.91931428448e-05,Class 2
0.528499134948,46.5941176471,9987.23660595,199.18939568,0.864759067631,1.0,719.368997717,0.584048700722,0.66936845576,0.0203631866349,0.345658692262,0.494283599277,1.0,1.0,0.872762361536,6.87205882353,0.725,733.368244485,40704.9917021,2306279.76803,1.9,0.136764705882,172.122058824,4.45225288999e-05,Class 2
0.641358131488,29.3044117647,5951.69289832,142.201528033,0.891032471885,1.0,502.594611269,0.463388828703,0.525223814747,0.021723615917,0.296335463192,0.548755530067,1.0,1.0,0.897588572202,4.90367647059,0.8,510.247104779,27524.0539321,1513658.15189,1.26617647059,0.263970588235,120.541176471,2.80015286387e-05,Class 2
0.564727508651,18.375,10797.7552048,204.280480239,0.914231071389,1.0,762.154702864,0.482728446126,0.551309516792,0.0230467398356,0.247899320896,0.603641269552,1.0,1.0,0.919425268115,6.9125,0.747058823529,773.544898897,43919.7149845,2511468.36755,0.801470588235,0.215441176471,189.223529412,1.75580418698e-05,Class 2
0.596401384083,61.3426470588,4859.45259439,129.870002298,0.850566696186,1.0,441.915021914,0.491205308472,0.565970212461,0.0198987618945,0.370675733586,0.335639575242,1.0,1.0,0.858206427461,4.85514705882,0.770588235294,450.003354779,22208.7184197,1136618.96548,2.48676470588,0.0875,97.4676470588,5.8615334175e-05,Class 2
0.480709342561,68.6485294118,10422.8244534,207.384248621,0.824836177736,1.0,731.12262939,0.661180522855,0.770179863096,0.0181448691609,0.438147418723,0.381566808935,1.0,1.0,0.834736676833,7.3125,0.691176470588,748.20078125,40213.7546904,2220790.97731,2.71911764706,0.108088235294,170.344117647,6.559639476e-05,Class 2
0.741634948097,55.7029411765,2718.07998236,96.3841567096,0.905958805528,1.0,313.362605828,0.328111557083,0.360381022155,0.0240479022491,0.250673311531,0.367100614125,1.0,1.0,0.911219792618,3.14705882353,0.860294117647,316.602435662,17247.9196548,985087.090675,1.99117647059,0.110294117647,65.4205882353,5.32263713442e-05,Class 2
0.610012975779,49.2367647059,5387.3380119,136.576068474,0.884212695047,1.0,469.908110609,0.484408735,0.542164379649,0.0217591641436,0.306550203233,0.447036497086,1.0,1.0,0.889208309057,4.95073529412,0.779411764706,478.032398897,24222.6254395,1261114.67866,1.94558823529,0.177205882353,107.507352941,4.70476830607e-05,Class 2
0.713827854671,40.6485294118,3325.28312801,99.5623736213,0.905723220015,1.0,340.45989933,0.367052501833,0.408385720023,0.0235008920848,0.263059730241,0.420715771876,1.0,1.0,0.910961031906,3.50955882353,0.844117647059,344.604457721,17914.3710736,961227.778168,1.59852941176,0.119852941176,76.2073529412,3.88412833393e-05,Class 2
0.439861591696,36.3132352941,16316.803641,250.38884421,0.860219606774,1.0,935.258056798,0.696209202951,0.797861323764,0.0198205017301,0.365046378938,0.517887270357,1.0,1.0,0.869383920396,8.83308823529,0.658823529412,957.167693015,53344.8171674,3020297.064,1.58970588235,0.0669117647059,230.764705882,3.46987377264e-05,Class 2
0.420514705882,74.7191176471,13801.4286372,240.291142004,0.795777605584,1.0,855.593183684,0.739972970688,0.866032351457,0.0163977346453,0.488311392948,0.362122167539,1.0,1.0,0.80795246566,8.48897058824,0.645588235294,878.053722426,47690.6385139,2661922.51651,3.00147058824,0.0683823529412,201.363235294,7.13970827823e-05,Class 2
0.749714532872,59.1191176471,1176.63639456,60.8614545037,0.894757643258,1.0,174.163836915,0.296060543154,0.331610064864,0.0237118836505,0.237419733762,0.235544698334,1.0,1.0,0.899295854989,2.29632352941,0.864705882353,176.225413603,7585.83234432,354713.861603,2.35441176471,0.0772058823529,29.4191176471,5.64906635622e-05,Class 2
0.718706747405,51.3352941176,2277.27662531,79.6491383272,0.893787258009,1.0,261.843885806,0.35729517576,0.398068985806,0.0228811634948,0.272075387015,0.328359105419,1.0,1.0,0.898485065025,3.02205882353,0.847058823529,265.283685662,12614.609556,630338.677109,2.02941176471,0.0191176470588,53.675,4.90529112119e-05,Class 2
0.789476643599,24.8897058824,2238.47035881,69.882410386,0.932845551742,1.0,243.448892774,0.282598268488,0.314171791974,0.0248303687284,0.201448387982,0.515756994736,1.0,1.0,0.935485999119,2.52132352941,0.888235294118,245.592693015,12573.1324707,661711.404454,1.00147058824,0.0816176470588,55.3323529412,2.37831019325e-05,Class 2
0.587582179931,41.9970588235,8447.07123086,187.19821921,0.902210125197,1.0,671.469249887,0.485572939306,0.533874256654,0.023196366782,0.268960741182,0.551338212331,1.0,1.0,0.907119139109,6.13529411765,0.761764705882,681.620082721,39516.5205739,2339462.49715,1.66176470588,0.214705882353,160.288235294,4.01298567202e-05,Class 2
0.815778546713,14.8308823529,2107.19050935,63.5797449449,0.952243636999,1.0,225.178517569,0.244447515891,0.271478855843,0.0264774816176,0.146841817611,0.617777470534,1.0,1.0,0.954950366383,2.26838235294,0.902941176471,226.773575368,11806.3875718,627914.114599,0.645588235294,0.118382352941,53.1264705882,1.41714967793e-05,Class 2
0.422543252595,86.2838235294,12969.2162613,241.423586857,0.802178495658,1.0,832.080715689,0.728543018023,0.845161354084,0.016971912846,0.469788005879,0.372134998196,1.0,1.0,0.812325934612,8.35220588235,0.647058823529,853.805560662,45910.444132,2540904.55722,3.30441176471,0.227205882353,192.401470588,8.24476182976e-05,Class 2
0.578192041522,53.7691176471,7989.22478792,180.614855239,0.863121265861,1.0,643.763610433,0.522276488979,0.604925479293,0.0205355211938,0.353490727018,0.421412327262,1.0,1.0,0.872000354146,6.07720588235,0.758823529412,654.671369485,36778.4174661,2113835.73848,2.05147058824,0.124264705882,150.604411765,5.13785262014e-05,Class 2
0.489156574394,62.8544117647,10336.5245695,208.946564798,0.840952097701,1.0,723.784862842,0.652725825236,0.745151828558,0.0191760380623,0.405761286092,0.431421921844,1.0,1.0,0.849763370143,7.21691176471,0.697058823529,740.401148897,39834.3193618,2201480.07208,2.50147058824,0.288970588235,169.836764706,6.00598853588e-05,Class 2
0.582132352941,47.6632352941,6049.97540183,143.074414063,0.883463517738,1.0,499.990334847,0.493833802114,0.555277147801,0.0218313419118,0.302493726644,0.457786007477,1.0,1.0,0.889087727705,5.34191176471,0.760294117647,508.966957721,25345.2983944,1294129.86992,1.92205882353,0.141911764706,115.658823529,4.55441132488e-05,Class 2
0.569987024221,66.3529411765,5878.16079635,146.61696921,0.869153688471,1.0,504.382839037,0.527846972692,0.591526396649,0.0211889057093,0.339316431363,0.410400926309,1.0,1.0,0.874944767315,5.42794117647,0.752941176471,514.211626838,25705.4909438,1328493.40017,2.49705882353,0.0573529411765,112.302941176,6.3402869081e-05,Class 2
0.602884948097,83.3397058824,3971.45529428,126.946380974,0.851446697508,1.0,404.380559541,0.497379889366,0.55845541145,0.0205802605969,0.360154389749,0.316862174228,1.0,1.0,0.857620402206,4.56838235294,0.775,412.083869485,20152.3821031,1037489.08297,3.13970588235,0.116911764706,82.4705882353,7.96343970233e-05,Class 2
0.689329584775,55.8441176471,2858.66251926,95.2779986213,0.888441088882,1.0,310.777447658,0.40185819559,0.448815054918,0.0227893868945,0.286395099403,0.34807113075,1.0,1.0,0.893967696179,3.47205882353,0.829411764706,315.332950368,15517.8706543,801406.467338,2.19411764706,0.0955882352941,65.0882352941,5.33612710656e-05,Class 2
0.713555363322,58.0411764706,2353.53532864,83.6752412684,0.882018572481,1.0,275.209552498,0.374513873629,0.421226002756,0.0224647221021,0.303315024057,0.307353379591,1.0,1.0,0.888723462428,3.11470588235,0.844117647059,278.960523897,13638.2900362,704305.848022,2.25882352941,-0.0205882352941,55.4235294118,5.54606479807e-05,Class 3
0.659930795848,64.4911764706,3589.40623959,111.248586857,0.860396562228,1.0,371.894696647,0.445298808088,0.518906345227,0.020929254974,0.360104522604,0.313109196821,1.0,1.0,0.868883178628,4.01617647059,0.811764705882,377.849862132,19086.8418629,1006759.16412,2.47647058824,0.0220588235294,78.5897058824,6.16238790044e-05,Class 3
0.495942906574,88.9073529412,9100.9328501,201.732226563,0.791950668496,1.0,702.712141616,0.632007941823,0.729732077582,0.0171381650087,0.498951242943,0.299997522872,1.0,1.0,0.805876798762,6.98308823529,0.701470588235,718.224310662,39345.6094698,2233708.84036,3.46911764706,-0.000735294117647,157.764705882,8.49545047879e-05,Class 3
0.548762975779,81.0941176471,5049.43676966,136.476068474,0.829204783221,1.0,458.988163926,0.54176951282,0.619935346086,0.0190485780709,0.394211671296,0.292971925353,1.0,1.0,0.83693481196,5.26029411765,0.738235294118,468.782950368,22529.8215734,1133013.95316,3.23823529412,-0.0382352941176,97.25,7.7488648329e-05,Class 3
0.611998269896,75.8176470588,3728.70059413,116.483605239,0.842681046713,1.0,380.353476009,0.483400827043,0.551725517425,0.0199322826557,0.377706657712,0.286684334835,1.0,1.0,0.850959454044,4.37352941176,0.780882352941,387.486994485,18589.4353487,937369.815646,2.96764705882,0.0220588235294,78.1897058824,7.24467712398e-05,Class 3
0.656297577855,63.275,2855.33093956,93.0860868566,0.869557479135,1.0,310.232429695,0.408968400626,0.464948113487,0.0214331477076,0.311506282083,0.262531170896,1.0,1.0,0.875159173484,3.68455882353,0.808823529412,315.175413603,14598.8113884,710217.748667,2.53088235294,-0.0580882352941,63.2044117647,6.04617741123e-05,Class 3
0.723845155709,46.8514705882,2477.19486527,79.6883846507,0.893698930847,1.0,276.21040803,0.351465039272,0.392723094041,0.0230355211938,0.271829472016,0.377796333877,1.0,1.0,0.899820831538,3.06691176471,0.85,279.635707721,13787.9013241,712000.95741,1.89264705882,-0.0654411764706,58.3867647059,4.47684398504e-05,Class 3
0.530276816609,58.8691176471,8042.5008261,173.015314798,0.834369685895,1.0,617.222224816,0.585486329649,0.681522808289,0.0189065203287,0.395459012333,0.405858857583,1.0,1.0,0.844959486665,6.2875,0.726470588235,630.036443015,33345.5315861,1818532.73692,2.45441176471,0.0242647058824,143.183823529,5.62517786388e-05,Class 3
0.509398788927,84.2691176471,7241.63374557,167.683697151,0.797206469942,1.0,586.508314059,0.625664460845,0.729759516275,0.0173501027249,0.464506322624,0.304030306914,1.0,1.0,0.810794870979,6.24485294118,0.711764705882,600.18828125,30980.196763,1666572.08792,3.37794117647,-0.133088235294,129.369117647,8.05224868561e-05,Class 3
0.322733564014,123.602941176,15586.7558032,263.077722886,0.706701702449,1.0,889.053072983,0.841509546066,1.00866209353,0.0124872945502,0.620854186235,0.23387798287,1.0,1.0,0.724344278277,9.56764705882,0.563235294118,918.161994485,46917.3120491,2486666.27804,4.87352941176,0.0985294117647,199.236764706,0.000118107516539,Class 3
0.351639273356,83.6029411765,16785.860699,255.520829504,0.748473911801,1.0,916.376408571,0.801670341369,0.954406900477,0.0139699124135,0.552331612171,0.330448357508,1.0,1.0,0.764291697787,9.47794117647,0.588235294118,943.760891544,49415.5967113,2660940.8659,3.51176470588,-0.0544117647059,215.630882353,7.98859287955e-05,Class 3
0.642357266436,45.9441176471,4355.58457596,113.168255974,0.883151425023,1.0,403.426016115,0.432836123191,0.495135350733,0.0218262056661,0.305381262309,0.40733405114,1.0,1.0,0.889357032859,4.35882352941,0.8,409.699494485,20254.9620261,1030479.95164,1.85882352941,-0.0235294117647,91.2102941176,4.3901428099e-05,Class 3
0.731306228374,42.9647058824,2365.22475516,77.1985868566,0.907598584405,1.0,263.308590735,0.336368812793,0.370920156913,0.0236107807093,0.241068783437,0.383499690686,1.0,1.0,0.911130295159,2.95882352941,0.854411764706,266.440670956,12913.1735151,653696.809126,1.72352941176,-0.00294117647059,56.0529411765,4.10544818943e-05,Class 3
0.320705017301,73.7661764706,21587.889908,283.424873621,0.77256203828,1.0,1034.68849829,0.842538050377,0.986385495584,0.0145700421713,0.515814342488,0.373128008332,1.0,1.0,0.783760804,10.5125,0.560294117647,1066.78313419,56215.0572639,3024894.20806,3.03382352941,-0.0713235294118,248.910294118,7.04865096625e-05,Class 3
0.416855536332,58.7323529412,15079.0495234,245.861914063,0.810833924884,1.0,882.894313263,0.736272480318,0.856759748528,0.0168313419118,0.448868712359,0.436031939979,1.0,1.0,0.82214519725,8.71764705882,0.642647058824,905.850965074,48950.9344066,2703254.22736,2.43823529412,0.166176470588,212.323529412,5.61210945336e-05,Class 3
0.449381487889,93.1529411765,9458.77835429,198.158237592,0.786306214258,1.0,682.472697277,0.682622814228,0.809266499086,0.0165011353806,0.492658304523,0.294597704717,1.0,1.0,0.798863223442,7.29852941176,0.667647058824,700.114568015,35674.4697122,1882318.87707,3.64705882353,-0.00294117647059,152.195588235,8.90113328694e-05,Class 3
0.488866782007,78.6779411765,8378.62092156,182.509983915,0.799091292978,1.0,633.079012064,0.643261500936,0.754189401713,0.0168395869377,0.46694944796,0.326271347784,1.0,1.0,0.810570580015,6.69191176471,0.697058823529,648.214751838,33398.9960277,1782515.67632,3.175,0.0345588235294,142.801470588,7.51798958046e-05,Class 3
0.398494809689,85.4088235294,12311.4301617,220.150057445,0.775777412062,1.0,773.661886156,0.733197006982,0.860966998708,0.0155322772491,0.506741062861,0.335372364536,1.0,1.0,0.788244463401,8.26029411765,0.626470588235,795.288832721,40540.4343491,2136850.11515,3.5,-0.0102941176471,177.985294118,8.16115210657e-05,Class 3
0.811076989619,46.2220588235,705.84286449,42.1345243566,0.915610770951,1.0,119.44929374,0.22704499527,0.256262612497,0.0248206368945,0.201198668621,0.202136777523,1.0,1.0,0.919044261294,1.63308823529,0.9,120.476516544,5020.76257181,229441.275192,1.85441176471,0.0183823529412,18.6647058824,4.41670119256e-05,Class 3
0.558698096886,91.2455882353,4565.95077979,134.041601563,0.818392103995,1.0,441.83960969,0.546391993161,0.625491256877,0.0186537629758,0.415430418735,0.255315668139,1.0,1.0,0.8272647864,5.05661764706,0.745588235294,451.332398897,22012.2527372,1134457.38859,3.56911764706,-0.0595588235294,90.3367647059,8.71887814244e-05,Class 3
0.856064013841,28.9279411765,786.533454873,34.7188993566,0.946832477827,1.0,113.089722009,0.191240970527,0.209065781086,0.0267294279844,0.141872582867,0.354169261904,1.0,1.0,0.949212612307,1.37426470588,0.925,113.764751838,5209.31827034,254712.052903,1.14852941176,-0.0375,21.2941176471,2.76417960481e-05,Class 3
0.507032871972,101.760294118,6178.83221427,162.58884421,0.788355101441,1.0,537.772896072,0.618107907183,0.726559247614,0.0170320609862,0.486441221252,0.233962932604,1.0,1.0,0.801354703049,6.00220588235,0.710294117647,550.734237132,27270.4544951,1415285.46245,3.91323529412,-0.0198529411765,112.617647059,9.72360002615e-05,Class 3
0.507824394464,77.8441176471,7316.44890178,169.40814568,0.811841665824,1.0,581.875590953,0.610457231081,0.709845166421,0.0179265787197,0.439421439918,0.33506751476,1.0,1.0,0.8225018312,6.24411764706,0.710294117647,595.192876838,30368.8407715,1610874.14841,3.17058823529,0.0411764705882,129.726470588,7.43831443248e-05,Class 3
0.39803200692,74.3352941176,15819.3228762,253.838292739,0.78056923613,1.0,919.12396044,0.762523818934,0.899923853747,0.0152968209343,0.513157357825,0.356550945993,1.0,1.0,0.79432209458,9.07352941176,0.627941176471,943.953170956,51190.4436667,2841870.95927,2.95882352941,-0.0235294117647,217.970588235,7.10303241646e-05,Class 3
0.479325259516,70.5191176471,8176.04353235,170.030939798,0.820757501634,1.0,604.868075543,0.592645093917,0.686390543064,0.0179226589533,0.401690454531,0.330065188322,1.0,1.0,0.828761416444,6.66102941176,0.688235294118,618.646001838,30361.755598,1536184.06774,2.92205882353,-0.0816176470588,137.447058824,6.73838160692e-05,Class 3
0.512430795848,82.3647058824,7277.16534244,172.944726562,0.818187665103,1.0,591.043261945,0.604681866786,0.685504213385,0.018073907872,0.414507665521,0.386106497379,1.0,1.0,0.8258735271,6.22058823529,0.713235294118,604.172288603,31663.4635656,1732179.57348,3.28235294118,0.0441176470588,130.839705882,7.8702745822e-05,Class 3
0.522097750865,65.3661764706,7527.42764688,167.411454504,0.828067533931,1.0,586.840695914,0.587980590167,0.688617254993,0.0183349102509,0.409146580879,0.373465983546,1.0,1.0,0.836858070793,6.19044117647,0.720588235294,599.510707721,30751.7927304,1627851.43139,2.68970588235,0.0419117647059,133.922058824,6.24599762363e-05,Class 3
0.451314878893,85.6838235294,9865.01345112,201.618072151,0.78560294653,1.0,698.091662967,0.685924420348,0.799779599203,0.0160326557093,0.490701590973,0.328762485352,1.0,1.0,0.797196867105,7.35514705882,0.669117647059,715.966590074,37035.003484,1983322.52052,3.43088235294,0.0419117647059,158.029411765,8.18742944815e-05,Class 3
0.667461072664,71.0044117647,2902.64583334,100.503182445,0.864700279816,1.0,325.93814152,0.430323944987,0.487211342732,0.0216110240052,0.335550947061,0.282894437821,1.0,1.0,0.872482205192,3.68308823529,0.816176470588,331.17578125,16279.2672363,846161.494993,2.71911764706,-0.000735294117647,65.2720588235,6.78475338617e-05,Class 3
0.493269896194,70.3632352941,8090.34012489,170.435535386,0.839054889994,1.0,605.888539998,0.603369633941,0.683061532151,0.0190128946799,0.387166550414,0.374134865369,1.0,1.0,0.846112087754,6.58455882353,0.698529411765,619.773943015,30695.3635484,1565843.88946,2.77794117647,-0.0786764705882,137.763235294,6.72348642934e-05,Class 3
0.647404844291,63.6970588235,3204.87632662,103.800425092,0.858213367311,1.0,337.410199745,0.42879673167,0.491353000885,0.0210763137976,0.331244287952,0.311612926365,1.0,1.0,0.866231994775,3.88235294118,0.802941176471,342.918612132,16489.7799029,834705.295626,2.60294117647,0.0794117647059,70.0470588235,6.08650680712e-05,Class 3
0.660441176471,69.0705882353,2380.22506001,87.8441750919,0.86516723324,1.0,279.321336522,0.36414026925,0.41433793774,0.0214308499135,0.287645774982,0.227268032341,1.0,1.0,0.870254327372,3.46470588235,0.810294117647,283.373023897,12712.7250776,605377.941042,2.77941176471,-0.0147058823529,53.7911764706,6.59996887189e-05,Class 3
0.623386678201,58.25,4318.91121918,121.253917739,0.853920219691,1.0,409.803118572,0.465900145957,0.537027953665,0.0203168252595,0.356526800852,0.350367499511,1.0,1.0,0.862584879607,4.46911764706,0.788235294118,416.801332721,20816.7807876,1081165.4891,2.39117647059,0.0955882352941,89.9161764706,5.5660187152e-05,Class 3
0.255147058824,108.055882353,23957.8128336,303.155112592,0.73071306572,1.0,1066.68924496,0.886354561487,1.03629153305,0.0132313743512,0.548589477374,0.333214815138,1.0,1.0,0.742074532912,11.35,0.492647058824,1103.3105239,56547.4608082,2982501.82736,4.43235294118,-0.00441176470588,249.522058824,0.000103251684715,Class 3
0.43973615917,32.0264705882,17201.172515,257.06595818,0.867749957995,1.0,965.383755128,0.691729887411,0.78550290267,0.0197337262111,0.349842626497,0.548298497027,1.0,1.0,0.875113567205,9.03235294118,0.658823529412,987.642876838,55198.4910472,3126220.16176,1.34411764706,0.0691176470588,239.467647059,3.06025638929e-05,Class 3
0.42999567474,48.2882352941,14864.8257037,233.859248621,0.818377186128,1.0,868.480596105,0.721001727173,0.845366358431,0.0170193555363,0.442034232688,0.440959653859,1.0,1.0,0.829362124412,8.56176470588,0.652941176471,890.51640625,47872.4603487,2621166.87911,2.07352941176,-0.0352941176471,211.091176471,4.61413255573e-05,Class 3
0.181721453287,74.6691176471,48036.7401292,391.85603171,0.74076423595,1.0,1430.73163634,0.990077343134,1.16395011675,0.0130349805363,0.530283484823,0.40198794651,1.0,1.0,0.752483477476,14.4477941176,0.405882352941,1483.36107537,78686.4184312,4246753.14065,3.26029411765,0.0830882352941,353.075,7.13493057976e-05,Class 3
0.571397058824,91.2941176471,4174.55691839,131.475149357,0.829328060816,1.0,417.334504126,0.541469609877,0.610214147723,0.0191971237024,0.407646937898,0.275159333196,1.0,1.0,0.836506071911,4.83970588235,0.754411764706,426.317509191,20488.2172306,1041215.34447,3.50588235294,0.0676470588235,84.0573529412,8.72351532036e-05,Class 3
0.488287197232,47.8735294118,12498.9545612,225.446197151,0.83862148807,1.0,827.210993873,0.62483556701,0.732928816142,0.0184438527249,0.40976523377,0.444332594879,1.0,1.0,0.848817327624,7.80441176471,0.695588235294,844.379273897,47195.0670468,2683705.10143,1.96470588235,0.0838235294118,199.613235294,4.57450576255e-05,Class 3
0.526076989619,72.5132352941,7308.77193329,170.758697151,0.830428557744,1.0,586.578423591,0.600660543366,0.689498153082,0.0189393652682,0.412899419135,0.360982207972,1.0,1.0,0.839540238608,6.12867647059,0.723529411765,599.414384191,31294.2210622,1695068.73256,2.91911764706,0.100735294118,132.107352941,6.92892746346e-05,Class 3
0.465051903114,52.3764705882,13547.3152985,237.782686121,0.822275187181,1.0,864.185858814,0.656798289698,0.775538408598,0.0172633272059,0.432608701599,0.416110078506,1.0,1.0,0.832905600989,8.18529411765,0.679411764706,883.21640625,49276.017334,2797914.03228,2.13529411765,0.130882352941,208.220588235,5.00477966576e-05,Class 3
0.477452422145,82.4470588235,8331.37749538,180.499505974,0.799777492785,1.0,625.984943561,0.639916012182,0.745569198588,0.0169466371107,0.464926368848,0.313059714016,1.0,1.0,0.810804848454,6.77058823529,0.688235294118,641.217141544,32226.5106474,1676287.68946,3.29117647059,-0.0176470588235,140.114705882,7.87814373262e-05,Class 3
0.491444636678,78.3632352941,8338.62705119,182.011546415,0.817828339733,1.0,633.081179801,0.631170403981,0.725041581788,0.0179072502163,0.429662672729,0.364769673694,1.0,1.0,0.826362598355,6.66985294118,0.698529411765,647.858501838,33483.4692239,1792339.69288,3.11911764706,0.00808823529412,142.789705882,7.48791818422e-05,Class 3
0.769074394464,32.4088235294,2180.74923904,69.9488625919,0.923455584645,1.0,242.770930737,0.291831917245,0.3259376542,0.0244915116782,0.210520323331,0.411404059883,1.0,1.0,0.926569353117,2.625,0.876470588235,245.09765625,12194.9537425,628726.82083,1.31176470588,0.0205882352941,53.3352941176,3.09679173051e-05,Class 3
0.771288927336,36.6044117647,2199.17574094,72.1121897978,0.914270169212,1.0,249.496143434,0.306580003931,0.346620630476,0.0240616890138,0.24425395127,0.369863675053,1.0,1.0,0.919177461852,2.64485294118,0.877941176471,251.98828125,12818.3715792,677125.112186,1.43676470588,-0.000735294117647,54.0102941176,3.49769684019e-05,Class 3
0.476526816609,91.0897058824,7703.72451129,178.825149357,0.813886175683,1.0,600.421908581,0.645401317695,0.736442493748,0.018259083045,0.428478342774,0.324544471412,1.0,1.0,0.823024984482,6.61544117647,0.686764705882,615.433869485,30683.5148236,1595478.66801,3.56029411765,0.0801470588235,131.498529412,8.70398296486e-05,Class 3
0.495402249135,80.575,7019.33488652,163.843439798,0.826506194444,1.0,557.931852105,0.599613096186,0.67814852857,0.0186778222318,0.393993214901,0.335925397049,1.0,1.0,0.83368135096,6.24779411765,0.7,570.999310662,27841.1637437,1409526.23617,3.22794117647,0.0375,122.995588235,7.69926108115e-05,Class 3
0.527002595156,66.2794117647,6915.88585288,157.680572151,0.836060942352,1.0,551.863284648,0.576927413973,0.657850933652,0.0188842182093,0.388836702729,0.369229791,1.0,1.0,0.843562476007,5.97058823529,0.723529411765,563.820082721,28256.058993,1464070.36793,2.71764705882,0.00294117647059,124.757352941,6.33326088094e-05,Class 3
0.641349480969,48.0338235294,4863.83362078,126.980939798,0.875909659502,1.0,445.028870888,0.459656060755,0.534192372448,0.0215529033304,0.334865251755,0.3964324465,1.0,1.0,0.883806321909,4.57426470588,0.8,452.08828125,23508.0958439,1257679.1581,1.92205882353,0.0757352941176,101.298529412,4.58982250176e-05,Class 3
0.554238754325,67.0897058824,6137.54377997,148.326619945,0.837582480271,1.0,518.451847042,0.550941251812,0.639232435116,0.0191930687716,0.391062765542,0.340162358416,1.0,1.0,0.846039185762,5.56544117647,0.742647058824,529.02578125,26794.7380084,1406560.08357,2.72205882353,-0.0227941176471,115.830882353,6.41068770023e-05,Class 3
0.739000865052,42.1147058824,2267.64279897,75.2092486213,0.917298264292,1.0,254.89127727,0.324763688546,0.357686886515,0.0244006812284,0.221972952806,0.411766455199,1.0,1.0,0.920310750832,2.875,0.858823529412,257.805744485,12388.6298225,620294.8623,1.65294117647,0.00441176470588,54.1014705882,4.02422731547e-05,Class 4
0.843096885813,24.7558823529,1613.04954567,52.687097886,0.954761941759,1.0,194.022874994,0.19187238647,0.205560257798,0.027072204801,0.128722140956,0.543923908532,1.0,1.0,0.95628039444,1.86911764706,0.917647058824,194.957215074,11069.8316148,655521.654476,0.967647058824,-0.0705882352941,42.6661764706,2.36552282382e-05,Class 4
0.723477508651,65.0676470588,1734.49732571,74.241785386,0.886246000771,1.0,228.760216766,0.358968880305,0.402598060578,0.0229287413495,0.289015911192,0.239846499841,1.0,1.0,0.891475349936,2.78235294118,0.85,231.934788603,10687.8239746,527246.205587,2.48529411765,-4.07660016855e-17,41.8897058824,6.21747195336e-05,Class 4
0.858762975779,32.6338235294,694.130244207,36.2656824449,0.940216110146,1.0,107.307562976,0.19060576204,0.204176469612,0.0262962262111,0.163826066216,0.353217446649,1.0,1.0,0.943277937369,1.32426470588,0.926470588235,107.953722426,4912.83253964,241374.898865,1.26617647059,0.0404411764706,18.9117647059,3.11829137362e-05,Class 4
0.461686851211,101.952941176,6604.00298277,165.865130974,0.803790556832,1.0,543.196714373,0.607653219423,0.678536651682,0.018215154628,0.407182574404,0.298274175366,1.0,1.0,0.811526091169,6.40441176471,0.672058823529,556.796920956,26217.0333151,1295740.36163,4.1,0.0514705882353,114.110294118,9.7420082173e-05,Class 4
0.738983564014,24.5573529412,3089.51267383,84.0143956801,0.934757832359,1.0,306.932956659,0.330689521961,0.360718915598,0.0253035791522,0.192637807421,0.544210647732,1.0,1.0,0.937948088334,3.20514705882,0.858823529412,310.265854779,15646.3490493,806903.71555,1.01911764706,0.0154411764706,71.6264705882,2.3465525505e-05,Class 4
0.0714186851211,41.1397058824,155547.699907,721.047943474,0.726872841595,1.0,2744.94983348,1.10100218921,1.32720771081,0.0119912413495,0.513179301232,0.365243075215,1.0,1.0,0.737942529721,25.3904411765,0.161764705882,2849.2136489,161553.061664,9214693.06983,1.91911764706,-0.0477941176471,703.604411765,3.93106219535e-05,Class 4
0.0945934256055,147.164705882,66914.8692597,457.306123621,0.629622466018,1.0,1583.51827445,1.11504201314,1.31194150542,0.00960085964533,0.628141428408,0.341725956716,1.0,1.0,0.64436804989,16.8897058824,0.251470588235,1653.38736213,85272.3797995,4527710.99731,6.08529411765,0.251470588235,377.610294118,0.000140621717967,Class 4
0.393879757785,72.3955882353,13778.3118227,232.018439798,0.817878797326,1.0,819.004099058,0.724018820299,0.815139785054,0.0180221399221,0.406255341187,0.46703816976,1.0,1.0,0.826592007119,8.57279411765,0.620588235294,841.168060662,43488.605552,2314682.39498,3.02205882353,0.136029411765,192.727941176,6.91768582001e-05,Class 4
0.641621972318,56.0735294118,4087.05541635,111.571289063,0.863232947373,1.0,396.056890606,0.444229940744,0.517196376388,0.0206921766869,0.343716523833,0.352462847681,1.0,1.0,0.87072689138,4.275,0.8,402.391038603,20229.5019732,1055773.53516,2.25588235294,-0.105882352941,86.8455882353,5.3580483113e-05,Class 4
0.858875432526,48.8029411765,68.3900719928,26.0049287684,0.928045582679,1.0,55.7913905531,0.172052912925,0.19410186711,0.025879649654,0.172052912925,0.0262583486446,1.0,1.0,0.930549935751,1.0,0.926470588235,56.20390625,1675.86823012,54168.5049325,1.85294117647,-0.00441176470588,1.91176470588,4.66331474584e-05,Class 4
0.886288927336,31.7794117647,271.938492619,22.5610868566,0.949188131583,1.0,61.8781304322,0.141557996448,0.157196745887,0.0270800443339,0.125812926311,0.155196959514,1.0,1.0,0.951261832066,0.910294117647,0.941176470588,62.1498621324,2379.86723058,100880.083646,1.22941176471,-0.0367647058824,7.64852941176,3.03664893803e-05,Class 4
0.477794117647,103.744117647,5786.47295787,163.948954504,0.787802029491,1.0,504.073710908,0.568521035841,0.661739312503,0.0171159980536,0.429843932776,0.218187636157,1.0,1.0,0.7973048924,6.03970588235,0.685294117647,515.979273897,23917.3804659,1165467.57634,4.17352941176,0.345588235294,103.435294118,9.91316223889e-05,Class 4
0.826306228374,42.6529411765,1187.9745463,51.9438074449,0.930334686497,1.0,166.516732908,0.240986394219,0.264391815219,0.0257788170415,0.194731201764,0.316711323502,1.0,1.0,0.933995605435,1.83088235294,0.908823529412,167.769715074,8552.62134364,466725.273737,1.56470588235,-0.0220588235294,31.3926470588,4.07565783428e-05,Class 4
0.726613321799,75.8926470588,1130.28288907,66.865222886,0.86966351498,1.0,184.513567613,0.332804059148,0.375248470581,0.0222523788927,0.305968059794,0.178749672116,1.0,1.0,0.875710362259,2.48455882353,0.851470588235,187.093060662,7945.07554285,370300.092784,2.93088235294,0.0404411764706,27.9544117647,7.25184367168e-05,Class 4
0.595683391003,93.6161764706,2851.47384998,105.340866268,0.826327280935,1.0,329.016848004,0.468199341745,0.53087540172,0.0194870512543,0.377435252165,0.218446122942,1.0,1.0,0.833465290373,4.14338235294,0.769117647059,335.525413603,15093.8673627,729968.253883,3.71029411765,-0.0757352941176,60.7352941176,8.94539725804e-05,Class 4
0.845237889273,13.0308823529,1580.44930904,49.5244140625,0.961305897899,1.0,176.218439948,0.211752602844,0.225647271777,0.0271616836073,0.125431839968,0.625645347057,1.0,1.0,0.963013499328,1.83161764706,0.919117647059,177.271001838,8941.38836455,461106.807823,0.563235294118,0.0757352941176,41.1735294118,1.24515253308e-05,Class 4
0.869826989619,18.2279411765,1071.24044009,40.1948184743,0.965092286987,1.0,132.779214366,0.170554470657,0.18173734761,0.0276770653114,0.108665940578,0.572286592467,1.0,1.0,0.966348004245,1.44191176471,0.932352941176,133.377251838,6546.9775764,333751.307688,0.695588235294,0.0919117647059,28.8764705882,1.74175213267e-05,Class 4
1.0,0.0,-0.0322580645161,0.0009765625,1.0,1.0,0.0,-0.0,-0.0,0.0302734375,-0.0,nan,1.0,1.0,1.0,0.0,1.0,0.00390625,-0.000244140625,1.52587890625e-05,0.0,0.0,0.0,0.0,Class 4
0.939333910035,14.9426470588,160.445554251,13.9838809743,0.973566512832,1.0,33.4715451793,0.0799178177363,0.0875693859988,0.0284707504325,0.0736966626755,0.231524968776,1.0,1.0,0.974428439752,0.481617647059,0.969117647059,33.5026194853,1312.46481216,56692.3638609,0.598529411765,0.0742647058824,4.66911764706,1.42782923921e-05,Class 4
0.994130622837,1.69411764706,-0.0323561550588,0.845829503676,0.997063920889,1.0,1.69296250505,0.00872098265742,0.00960636499761,0.030090154628,0.00872098265742,0.000195809686254,1.0,1.0,0.997176470588,0.0352941176471,0.997058823529,1.68920036765,40.3417595358,965.686711031,0.0705882352941,0.0,0.0,1.61879665739e-06,Class 4
0.826738754325,61.0147058824,80.9644615337,33.5698184743,0.909247233706,1.0,68.9111897787,0.207762248762,0.233991754621,0.0248829476644,0.206876866422,0.0428727445863,1.0,1.0,0.912811247042,1.23823529412,0.908823529412,69.59140625,2092.55837259,69542.2887503,2.32352941176,0.0367647058824,2.22058823529,5.83019733637e-05,Class 4
0.936496539792,18.4235294118,65.476250927,9.26173023897,0.969164910503,1.0,25.9328660019,0.0815382832329,0.0905822245823,0.0282934147924,0.0815382832329,0.144595659454,1.0,1.0,0.970250975604,0.442647058824,0.967647058824,25.9638327206,847.733659812,31321.0984154,0.738235294118,-0.0735294117647,1.91176470588,1.76044136491e-05,Class 4
0.612469723183,112.126470588,1427.02666928,88.5321346507,0.816227680451,1.0,235.221850701,0.419517210078,0.480352500837,0.0195903168253,0.368668173476,0.12202929104,1.0,1.0,0.823320783103,3.45882352941,0.779411764706,239.989200368,9310.2008588,396785.638917,4.37941176471,0.0191176470588,32.1808823529,0.00010714129335,Class 4
0.807988754325,44.4588235294,1016.06404547,48.6703699449,0.920141023832,1.0,148.886407572,0.253178819416,0.279346115793,0.0251234050606,0.206264515571,0.270266909409,1.0,1.0,0.923798820829,1.83088235294,0.898529411765,150.22265625,6903.41435834,343043.28086,1.74117647059,1.56125112838e-17,26.5544117647,4.2482170613e-05,Class 4
0.866894463668,37.2823529412,621.795884795,37.1291015625,0.945261442434,1.0,104.697116427,0.179034781201,0.194504383704,0.0265553362889,0.151281638288,0.343694101069,1.0,1.0,0.94714937086,1.28088235294,0.930882352941,105.266038603,4773.66249713,233486.350041,1.32058823529,0.0573529411765,17.075,3.5624768106e-05,Class 4
0.853408304498,52.2941176471,32.8632337182,26.5057559743,0.923932602797,1.0,55.2598349958,0.179805060049,0.202175160791,0.0257077205882,0.179805060049,0.0254603405356,1.0,1.0,0.926771302256,1.025,0.923529411765,55.7123621324,1562.08922047,45828.8935096,1.97941176471,-0.0191176470588,0.917647058824,4.99691051534e-05,Class 4
0.391708477509,143.004411765,8696.80310026,203.529653033,0.703854622145,1.0,664.404237288,0.738585723497,0.8942298411,0.0129621269464,0.625862553109,0.153437113162,1.0,1.0,0.720791298916,7.61544117647,0.622058823529,684.457398897,33458.7377097,1723732.51613,5.54558823529,-0.121323529412,135.838235294,0.000136646391801,Class 4
0.479446366782,130.991176471,3813.82919906,134.335994945,0.759313445074,1.0,408.0647525,0.54752951134,0.637328767639,0.0163412359429,0.449084271083,0.119143319397,1.0,1.0,0.769085515956,5.41323529412,0.685294117647,418.271185662,17948.6948271,828752.439006,5.23529411765,-0.114705882353,72.1573529412,0.000125167268629,Class 4
0.810337370242,34.5544117647,1531.43242365,59.2143956801,0.924608619843,1.0,189.649177926,0.262884031682,0.295604842541,0.0249493133651,0.221849458213,0.397170015827,1.0,1.0,0.928968366123,2.08455882353,0.9,191.254825368,9430.13693991,486430.504204,1.33676470588,0.100735294118,39.3044117647,3.30181120301e-05,Class 4
0.962197231834,12.5897058824,-0.0329031642018,5.82211626838,0.980911732088,1.0,12.5423410594,0.0510180340644,0.0567272436595,0.0290941284602,0.0510180340644,0.00149154557218,1.0,1.0,0.981602899279,0.244852941176,0.980882352941,12.5323988971,322.5758071,8340.29865238,0.489705882353,-0.0183823529412,0.0,1.20299637013e-05,Class 4
0.861548442907,38.2926470588,344.920150876,27.1628331801,0.940528040942,1.0,75.6719824743,0.176657874828,0.193557123016,0.0265574989187,0.147258579104,0.165921506424,1.0,1.0,0.942587875304,1.11397058824,0.927941176471,76.1533547794,2925.53239028,124532.816693,1.48382352941,-0.0566176470588,9.53382352941,3.65901442376e-05,Class 4
0.883252595156,16.9676470588,882.33974221,30.9884765625,0.962416399151,1.0,112.787586855,0.164139551184,0.178294233228,0.0275010813149,0.118172341802,0.505876118278,1.0,1.0,0.964141928389,1.24705882353,0.939705882353,113.271553309,5495.60637351,277129.873568,0.682352941176,-0.0588235294118,24.1529411765,1.62132602716e-05,Class 4
0.897162629758,21.2647058824,485.161167353,23.1033662684,0.960196747426,1.0,75.1587441874,0.13933529364,0.151513628125,0.0275044604239,0.113308334518,0.342186439392,1.0,1.0,0.961758712533,0.942647058824,0.947058823529,75.4329503676,3339.7964815,158428.863477,0.844117647059,-0.0397058823529,13.6,2.03192705432e-05,Class 4
0.795549307958,39.9779411765,1251.6140741,51.6256089154,0.927445228549,1.0,166.351314729,0.243434528156,0.267135092807,0.0254050875865,0.17599185196,0.346629385683,1.0,1.0,0.930208935049,2.02132352941,0.891176470588,167.758869485,7612.76450195,365865.427536,1.575,-0.0154411764706,32.0705882353,3.82005096624e-05,Class 4
0.700203287197,43.2588235294,2948.07664485,86.8285500919,0.908770499866,1.0,306.021621155,0.362806185955,0.403505249201,0.0237574340398,0.243861162937,0.414214464145,1.0,1.0,0.912639000705,3.42794117647,0.835294117647,310.011626838,14865.2929659,737914.745388,1.71176470588,-0.0573529411765,66.9014705882,4.13355229806e-05,Class 4
0.709878892734,90.0588235294,705.40971635,65.0557559743,0.857165628138,1.0,157.009083549,0.33443694535,0.377329052341,0.0218168793253,0.306594908634,0.0802283829226,1.0,1.0,0.862880608337,2.40294117647,0.841176470588,159.514935662,5946.48217773,247335.371471,3.47352941176,0.108823529412,17.5132352941,8.6054780641e-05,Class 4
0.970847750865,4.59852941176,162.880425542,7.63810891544,0.991188216501,1.0,23.8356136103,0.0419691659084,0.0441183221822,0.0296353265571,0.0275809005948,0.574329263206,1.0,1.0,0.991459276018,0.280147058824,0.985294117647,23.8147518382,1098.85365636,53284.1735145,0.186764705882,0.0198529411765,4.82058823529,4.39407738511e-06,Class 4
1.0,0.0,-0.0322580645161,0.0009765625,1.0,1.0,0.0,-0.0,-0.0,0.0302734375,-0.0,nan,1.0,1.0,1.0,0.0,1.0,0.00390625,-0.000244140625,1.52587890625e-05,0.0,0.0,0.0,0.0,Class 4
0.950683391003,7.56617647059,365.184315214,16.3752412684,0.984426102157,1.0,49.8443206674,0.0764379467474,0.0776575111192,0.0290923713235,0.0549564789791,0.681217437354,1.0,1.0,0.985173501596,0.533088235294,0.975,49.8721047794,2494.90315085,130097.023457,0.289705882353,0.0669117647059,10.6088235294,7.2297819464e-06,Class 4
0.58776816609,53.8970588235,5742.08755885,138.165866268,0.872494535173,1.0,491.724281252,0.509040786125,0.57344653653,0.0213729995675,0.321442099245,0.444576717908,1.0,1.0,0.878481533623,5.19264705882,0.764705882353,500.743979779,25583.6951718,1349748.67992,2.20294117647,-0.0191176470588,112.035294118,5.1500779074e-05,Class 4
0.816193771626,46.3985294118,688.246027252,42.6764361213,0.922902959496,1.0,118.149574918,0.227668210399,0.251451135973,0.0253061472751,0.186692378394,0.222380929082,1.0,1.0,0.925458551513,1.59632352941,0.902941176471,119.156295956,5064.2786219,238280.509547,1.81911764706,0.0433823529412,18.2882352941,4.43356365775e-05,Class 4
0.823875432526,43.7941176471,798.474038992,44.840222886,0.923096248358,1.0,127.206531658,0.226379128059,0.2516109587,0.0252059904844,0.20300878542,0.251998462676,1.0,1.0,0.926463732822,1.62794117647,0.907352941176,128.226332721,5612.42577838,265064.649823,1.68235294118,0.0735294117647,21.2088235294,4.18470177578e-05,Class 4
0.877871972318,20.7176470588,873.132860238,34.4411420037,0.964446933508,1.0,115.201223123,0.166481602411,0.176311071579,0.0278502108564,0.106282883401,0.519389814039,1.0,1.0,0.966004525563,1.29411764706,0.936764705882,115.715670956,5528.68229262,275439.450153,0.779411764706,0.0161764705882,23.8294117647,1.97965341226e-05,Class 4
0.913905709343,19.6529411765,578.192920548,26.1831456801,0.967182089086,1.0,84.8908426979,0.117901423119,0.127089428552,0.0281135110294,0.0960979976624,0.399465010582,1.0,1.0,0.968889381644,0.897058823529,0.955882352941,85.0796415441,4534.51820715,258786.821747,0.735294117647,-2.60208521397e-18,16.4117647059,1.877916539e-05,Class 4
0.536764705882,120.977941176,2954.89618674,124.646840533,0.79341489493,1.0,351.67757317,0.51475122332,0.586795562616,0.0181627108564,0.412826464266,0.151312305337,1.0,1.0,0.801305762476,4.67132352941,0.727941176471,359.866957721,15431.8174202,715059.927185,4.73382352941,0.171323529412,60.0132352941,0.000115599224844,Class 4
0.933555363322,14.8926470588,381.303564382,15.7096162684,0.969584125322,1.0,58.5991905777,0.102275107232,0.108472783613,0.0282873323962,0.0962729102169,0.456908405878,1.0,1.0,0.971751701892,0.656617647059,0.966176470588,58.6971047794,2937.90733284,157806.774158,0.583823529412,-0.0889705882353,10.9911764706,1.42305154074e-05,Class 4
0.859083044983,42.6897058824,197.154827417,27.7109949449,0.933481599964,1.0,63.9324930773,0.164432585332,0.185450811783,0.0262318879758,0.150542595156,0.0820164689861,1.0,1.0,0.936015130271,1.04926470588,0.926470588235,64.3371783088,2182.75532227,82503.7321456,1.66323529412,0.0375,5.47647058824,4.07917084786e-05,Class 4
0.953559688581,14.9661764706,83.5496890856,10.0532743566,0.97670365193,1.0,24.7222755454,0.0660030363099,0.0716495123827,0.0288239349048,0.0660030363099,0.19359453976,1.0,1.0,0.977830720002,0.361029411765,0.976470588235,24.7268841912,977.26308881,44347.4055027,0.563235294118,0.00220588235294,2.46176470588,1.4300775679e-05,Class 4
0.829407439446,44.5764705882,756.174174343,41.9130170037,0.926920871738,1.0,124.548464949,0.211580628156,0.232399877374,0.0256322988754,0.180343863144,0.287271795687,1.0,1.0,0.929675075763,1.54558823529,0.910294117647,125.429273897,5964.8462747,317168.992769,1.73235294118,-0.0205882352941,20.3088235294,4.25945870475e-05,Class 4
0.608611591696,55.5955882353,5642.27261328,143.993807445,0.855426300257,1.0,496.341083658,0.518793169324,0.600391073278,0.0200860996972,0.379258160671,0.38278018759,1.0,1.0,0.864563905709,5.06838235294,0.779411764706,505.326516544,26612.4726821,1446783.98868,2.19558823529,0.128676470588,112.748529412,5.31237913477e-05,Class 4
0.507616782007,50.6705882353,9693.25247109,186.215682445,0.879508730946,1.0,679.538054666,0.605407928568,0.674246976979,0.0213866511678,0.325295638219,0.504415796667,1.0,1.0,0.884761452288,6.91764705882,0.708823529412,694.198023897,36112.53505,1917644.94133,1.97941176471,3.46944695195e-18,161.313235294,4.84177583567e-05,Class 4
0.891600346021,16.2352941176,1049.35943173,39.3968405331,0.964482589565,1.0,131.103769814,0.153750331362,0.162424257487,0.0276732807093,0.115230573154,0.567515327678,1.0,1.0,0.966446689252,1.28529411765,0.944117647059,131.553170956,7207.83943876,409563.68381,0.632352941176,0.075,28.9088235294,1.55134679666e-05,Class 4
0.956418685121,11.5485294118,262.748451587,12.6578699449,0.980288936621,1.0,42.2504909678,0.0659305242657,0.0689650628797,0.0290023518599,0.0611401676468,0.407269990795,1.0,1.0,0.981702596655,0.455147058824,0.977941176471,42.2562959559,2164.18294175,118320.16451,0.413235294118,-0.0242647058824,7.70441176471,1.10350782556e-05,Class 4
0.956414359862,15.0691176471,36.204993899,7.39408318015,0.978264403118,1.0,19.274833018,0.0636527688386,0.0692992449113,0.0289126027249,0.0636527688386,0.121144367894,1.0,1.0,0.979174645536,0.316911764706,0.977941176471,19.2761488971,640.847900391,23760.7812552,0.557352941176,-0.0419117647059,1.07058823529,1.43991400592e-05,Class 4
0.950752595156,12.6558823529,90.1618181971,8.95327435662,0.978709980163,1.0,23.1593050328,0.0653620128788,0.070457288643,0.0289166576557,0.0557841822991,0.162553156739,1.0,1.0,0.979475280711,0.363235294118,0.975,23.1630974265,829.087129481,33061.18761,0.511764705882,0.0,2.64852941176,1.20931979457e-05,Class 4
0.859039792388,39.6073529412,389.773287553,28.8524471507,0.939831774746,1.0,81.8198796105,0.168718858365,0.185395166822,0.0265664197664,0.140382995184,0.182739804666,1.0,1.0,0.94204829348,1.16544117647,0.926470588235,82.2904871324,3275.53635398,144495.557057,1.51029411765,-0.0595588235294,10.7426470588,3.78463978936e-05,Class 4
0.930899653979,22.2029411765,32.7701398853,11.5330537684,0.965492807139,1.0,25.87657231,0.0833216631797,0.0934789716418,0.0281214857266,0.0833216631797,0.0361695262825,1.0,1.0,0.966713352007,0.470588235294,0.964705882353,25.9127297794,759.783763212,24384.3664445,0.867647058824,-0.0191176470588,0.955882352941,2.12157916087e-05,Class 4
0.956461937716,15.0632352941,-0.0330040264045,9.28204273897,0.977974053637,1.0,15.0004630254,0.0574550924572,0.06310156853,0.0289154411765,0.0574550924572,0.00202976347625,1.0,1.0,0.978759790919,0.2875,0.977941176471,14.9952665441,393.827725758,10400.7602189,0.575,0.0625,0.0,1.43935192375e-05,Class 4
1.0,0.0,-0.0322580645161,0.0009765625,1.0,1.0,0.0,-0.0,-0.0,0.0302734375,-0.0,nan,1.0,1.0,1.0,0.0,1.0,0.00390625,-0.000244140625,1.52587890625e-05,0.0,0.0,0.0,0.0,Class 4
0.970912629758,9.19117647059,-0.032751586582,4.58507582721,0.985317609472,1.0,9.16780798982,0.0332881512216,0.0377150629225,0.0293678362889,0.0332881512216,0.00125359850158,1.0,1.0,0.985859728507,0.183823529412,0.985294117647,9.14912683824,228.0601304,5687.2555156,0.367647058824,0.0,0.0,8.7825339485e-06,Class 4
0.959303633218,12.1161764706,33.564615773,7.49417509191,0.980912667008,1.0,16.0326448522,0.0567132559458,0.0624039415804,0.029093317474,0.0519219403651,0.0992831483948,1.0,1.0,0.981614426967,0.278676470588,0.979411764706,16.0268841912,509.558033663,18355.5858336,0.480882352941,0.0183823529412,0.994117647059,1.15774875523e-05,Class 4
0.698992214533,44.4102941176,3141.77272249,96.0671530331,0.891329083178,1.0,324.684838736,0.387554746449,0.433636851689,0.0227996593858,0.281086834894,0.435380874808,1.0,1.0,0.897657217196,3.49044117647,0.835294117647,329.076884191,16681.0682359,881258.900195,1.83970588235,0.109558823529,71.3838235294,4.24357988337e-05,Class 4
0.988287197232,3.67647058824,-0.0324545523967,1.83461626838,0.994127043789,1.0,3.67210798825,0.0156674326741,0.0174381973545,0.0299079530709,0.0156674326741,0.00043205685801,1.0,1.0,0.994343891403,0.0735294117647,0.994117647059,3.66199448529,91.2239056756,2274.9022154,0.147058823529,0.0,0.0,3.5130135794e-06,Class 4
1.0,0.0,-0.0322580645161,0.0009765625,1.0,1.0,0.0,-0.0,-0.0,0.0302734375,-0.0,nan,1.0,1.0,1.0,0.0,1.0,0.00390625,-0.000244140625,1.52587890625e-05,0.0,0.0,0.0,0.0,Class 4
0.814260380623,31.8441176471,1140.34188916,46.8572265625,0.940083328246,1.0,148.898740599,0.20848404665,0.230214959646,0.0262368890571,0.145693365204,0.345014563316,1.0,1.0,0.942187848644,1.82058823529,0.901470588235,149.922288603,6715.57974207,316888.437751,1.29705882353,0.0558823529412,29.6323529412,3.04283184193e-05,Class 4
0.742266435986,39.0044117647,2011.24714371,67.9823184743,0.920985137455,1.0,229.233576063,0.296660319451,0.325894397568,0.0247510272491,0.190449013728,0.370115249474,1.0,1.0,0.923529962412,2.70661764706,0.860294117647,231.684604779,10661.6300121,512021.367443,1.60147058824,0.0154411764706,48.3382352941,3.72702636666e-05,Class 4
0.580229238754,90.0617647059,4165.36218171,129.917061121,0.832502957253,1.0,419.277584656,0.528364378827,0.599218847313,0.019471912846,0.400584555156,0.277838688385,1.0,1.0,0.839968048566,4.78382352941,0.760294117647,427.916773897,20904.9833841,1079519.68909,3.45294117647,0.0176470588235,84.7617647059,8.60575910518e-05,Class 4
0.688062283737,50.0705882353,3098.26575593,96.0810317096,0.900097907883,1.0,323.706738172,0.389327186801,0.427221246322,0.0234234429066,0.264628833445,0.417075174814,1.0,1.0,0.904500545751,3.57941176471,0.827941176471,328.238465074,16155.9512954,830918.776848,1.96470588235,0.0573529411765,69.7647058824,4.78444345406e-05,Class 4
0.393879757785,72.3955882353,13778.3118227,232.018439798,0.817878797326,1.0,819.004099058,0.724018820299,0.815139785054,0.0180221399221,0.406255341187,0.46703816976,1.0,1.0,0.826592007119,8.57279411765,0.620588235294,841.168060662,43488.605552,2314682.39498,3.02205882353,0.136029411765,192.727941176,6.91768582001e-05,Class 4
0.858875432526,48.8029411765,68.3900719928,26.0049287684,0.928045582679,1.0,55.7913905531,0.172052912925,0.19410186711,0.025879649654,0.172052912925,0.0262583486446,1.0,1.0,0.930549935751,1.0,0.926470588235,56.20390625,1675.86823012,54168.5049325,1.85294117647,-0.00441176470588,1.91176470588,4.66331474584e-05,Class 4
0.886288927336,31.7794117647,271.938492619,22.5610868566,0.949188131583,1.0,61.8781304322,0.141557996448,0.157196745887,0.0270800443339,0.125812926311,0.155196959514,1.0,1.0,0.951261832066,0.910294117647,0.941176470588,62.1498621324,2379.86723058,100880.083646,1.22941176471,-0.0367647058824,7.64852941176,3.03664893803e-05,Class 4
1.0,0.0,-0.0322580645161,0.0009765625,1.0,1.0,0.0,-0.0,-0.0,0.0302734375,-0.0,nan,1.0,1.0,1.0,0.0,1.0,0.00390625,-0.000244140625,1.52587890625e-05,0.0,0.0,0.0,0.0,Class 4
0.994130622837,1.69411764706,-0.0323561550588,0.845829503676,0.997063920889,1.0,1.69296250505,0.00872098265742,0.00960636499761,0.030090154628,0.00872098265742,0.000195809686254,1.0,1.0,0.997176470588,0.0352941176471,0.997058823529,1.68920036765,40.3417595358,965.686711031,0.0705882352941,0.0,0.0,1.61879665739e-06,Class 4
0.826738754325,61.0147058824,80.9644615337,33.5698184743,0.909247233706,1.0,68.9111897787,0.207762248762,0.233991754621,0.0248829476644,0.206876866422,0.0428727445863,1.0,1.0,0.912811247042,1.23823529412,0.908823529412,69.59140625,2092.55837259,69542.2887503,2.32352941176,0.0367647058824,2.22058823529,5.83019733637e-05,Class 4
0.612469723183,112.126470588,1427.02666928,88.5321346507,0.816227680451,1.0,235.221850701,0.419517210078,0.480352500837,0.0195903168253,0.368668173476,0.12202929104,1.0,1.0,0.823320783103,3.45882352941,0.779411764706,239.989200368,9310.2008588,396785.638917,4.37941176471,0.0191176470588,32.1808823529,0.00010714129335,Class 4
0.479446366782,130.991176471,3813.82919906,134.335994945,0.759313445074,1.0,408.0647525,0.54752951134,0.637328767639,0.0163412359429,0.449084271083,0.119143319397,1.0,1.0,0.769085515956,5.41323529412,0.685294117647,418.271185662,17948.6948271,828752.439006,5.23529411765,-0.114705882353,72.1573529412,0.000125167268629,Class 4
0.810337370242,34.5544117647,1531.43242365,59.2143956801,0.924608619843,1.0,189.649177926,0.262884031682,0.295604842541,0.0249493133651,0.221849458213,0.397170015827,1.0,1.0,0.928968366123,2.08455882353,0.9,191.254825368,9430.13693991,486430.504204,1.33676470588,0.100735294118,39.3044117647,3.30181120301e-05,Class 4
0.738983564014,24.5573529412,3089.51267383,84.0143956801,0.934757832359,1.0,306.932956659,0.330689521961,0.360718915598,0.0253035791522,0.192637807421,0.544210647732,1.0,1.0,0.937948088334,3.20514705882,0.858823529412,310.265854779,15646.3490493,806903.71555,1.01911764706,0.0154411764706,71.6264705882,2.3465525505e-05,Class 4
0.883252595156,16.9676470588,882.33974221,30.9884765625,0.962416399151,1.0,112.787586855,0.164139551184,0.178294233228,0.0275010813149,0.118172341802,0.505876118278,1.0,1.0,0.964141928389,1.24705882353,0.939705882353,113.271553309,5495.60637351,277129.873568,0.682352941176,-0.0588235294118,24.1529411765,1.62132602716e-05,Class 4
0.795549307958,39.9779411765,1251.6140741,51.6256089154,0.927445228549,1.0,166.351314729,0.243434528156,0.267135092807,0.0254050875865,0.17599185196,0.346629385683,1.0,1.0,0.930208935049,2.02132352941,0.891176470588,167.758869485,7612.76450195,365865.427536,1.575,-0.0154411764706,32.0705882353,3.82005096624e-05,Class 4
1.0,0.0,-0.0322580645161,0.0009765625,1.0,1.0,0.0,-0.0,-0.0,0.0302734375,-0.0,nan,1.0,1.0,1.0,0.0,1.0,0.00390625,-0.000244140625,1.52587890625e-05,0.0,0.0,0.0,0.0,Class 4
0.950683391003,7.56617647059,365.184315214,16.3752412684,0.984426102157,1.0,49.8443206674,0.0764379467474,0.0776575111192,0.0290923713235,0.0549564789791,0.681217437354,1.0,1.0,0.985173501596,0.533088235294,0.975,49.8721047794,2494.90315085,130097.023457,0.289705882353,0.0669117647059,10.6088235294,7.2297819464e-06,Class 4
0.461686851211,101.952941176,6604.00298277,165.865130974,0.803790556832,1.0,543.196714373,0.607653219423,0.678536651682,0.018215154628,0.407182574404,0.298274175366,1.0,1.0,0.811526091169,6.40441176471,0.672058823529,556.796920956,26217.0333151,1295740.36163,4.1,0.0514705882353,114.110294118,9.7420082173e-05,Class 4
0.793611591696,59.9338235294,391.320878022,40.202722886,0.902648226944,1.0,100.044180864,0.223620739806,0.252725079733,0.0244578557526,0.196135056042,0.0739895387184,1.0,1.0,0.906289365319,1.59632352941,0.889705882353,101.026884191,3599.1161219,144105.289786,2.38088235294,-0.000735294117647,10.3720588235,5.72691473714e-05,Class 4
0.61758650519,33.9058823529,5837.64981771,121.488108915,0.894920430106,1.0,485.789652886,0.463159598008,0.518610152564,0.022506758218,0.28650208284,0.532244840634,1.0,1.0,0.901476009475,5.02058823529,0.783823529412,493.625229779,25148.6133818,1305774.06755,1.44117647059,-0.391176470588,115.242647059,3.23984164347e-05,Class 4
0.157309688581,165.080882353,29705.7380851,343.232134651,0.613188559358,1.0,1151.71378986,0.940156696245,1.14271175245,0.00901924740484,0.653532679395,0.179652313145,1.0,1.0,0.63010507442,13.1183823529,0.367647058824,1196.88754596,58292.3369054,2946166.80138,6.76617647059,0.100735294118,258.770588235,0.000157741335742,Class 4
0.798291522491,36.5205882353,1189.67664642,49.6884765625,0.928624267165,1.0,157.003505489,0.230735020568,0.257672219162,0.0254102238322,0.169278881542,0.293264514537,1.0,1.0,0.931193732194,1.95,0.892647058824,158.26640625,7020.48277516,329488.474998,1.49117647059,0.0382352941176,30.5573529412,3.48968716923e-05,Class 4
0.814260380623,31.8441176471,1140.34188916,46.8572265625,0.940083328246,1.0,148.898740599,0.20848404665,0.230214959646,0.0262368890571,0.145693365204,0.345014563316,1.0,1.0,0.942187848644,1.82058823529,0.901470588235,149.922288603,6715.57974207,316888.437751,1.29705882353,0.0558823529412,29.6323529412,3.04283184193e-05,Class 4
0.953555363322,7.96029411765,357.506995223,10.2940831801,0.982599931893,1.0,49.4914626853,0.0702129297339,0.0732032587861,0.0290024870242,0.0594136125282,0.763366849168,1.0,1.0,0.983741199545,0.513970588235,0.976470588235,49.5062959559,2556.32807043,137524.940544,0.304411764706,-0.144852941176,10.4176470588,7.60637700212e-06,Class 4
0.100363321799,261.110294118,36556.7602677,397.41540671,0.446304308149,1.0,1263.88091432,1.14615211478,1.44102607385,0.00471858780277,0.943767461048,0.0593858959287,1.0,1.0,0.482766093893,14.4875,0.292647058824,1325.36879596,65919.5851706,3452628.6283,10.1926470588,0.0345588235294,266.969117647,0.000249501250436,Class 4
0.272833044983,72.5691176471,29636.5495821,348.534432445,0.797355309839,1.0,1231.7037974,0.807095941989,0.88123538666,0.0167961991782,0.424168479603,0.554946332029,1.0,1.0,0.80763453159,12.1948529412,0.494117647059,1267.37725184,68979.4593779,3853684.32341,3.12794117647,0.446323529412,299.463235294,6.9342672441e-05,Class 4
0.878179065744,35.4073529412,206.893311308,23.9158662684,0.941848672457,1.0,58.1378602539,0.144462957071,0.163818970945,0.0266590073529,0.13615571267,0.0829531085216,1.0,1.0,0.944213716079,0.919852941176,0.936764705882,58.4224724265,2087.90853918,83976.8121318,1.39558823529,0.0183823529412,5.81029411765,3.38331311805e-05,Class 4
0.719593425606,61.9073529412,1618.21845273,68.8686236213,0.885732269972,1.0,214.631471104,0.324866972568,0.367150967966,0.0227618133651,0.260156285335,0.232449169403,1.0,1.0,0.889939929211,2.71985294118,0.847058823529,217.384237132,9615.54631491,455649.238212,2.45441176471,-0.0375,39.0382352941,5.91549330608e-05,Class 4
0.956457612457,4.67647058824,317.943864031,12.9892118566,0.989717451296,1.0,41.6313583747,0.0615036125647,0.0647109598939,0.0294539359862,0.0361158377592,0.652195655435,1.0,1.0,0.989986592928,0.461764705882,0.977941176471,41.6296415441,1972.01351965,96037.0435987,0.191176470588,0.0558823529412,9.26617647059,4.468553273e-06,Class 4
0.930899653979,22.2029411765,32.7701398853,11.5330537684,0.965492807139,1.0,25.87657231,0.0833216631797,0.0934789716418,0.0281214857266,0.0833216631797,0.0361695262825,1.0,1.0,0.966713352007,0.470588235294,0.964705882353,25.9127297794,759.783763212,24384.3664445,0.867647058824,-0.0191176470588,0.955882352941,2.12157916087e-05,Class 4
0.933620242215,23.1382352941,-0.033412684511,12.0383846507,0.96622679898,1.0,22.9899223631,0.0884802928202,0.0986164141162,0.0282028546713,0.0884802928202,0.00264432767815,1.0,1.0,0.967430768498,0.441176470588,0.966176470588,23.0318474265,605.862853286,16037.5848383,0.882352941176,0.0191176470588,0.0,2.21095022633e-05,Class 4
0.953546712803,9.43823529412,346.714358404,16.3925206801,0.981922889568,1.0,49.7746366506,0.0710983120741,0.0737544590947,0.0290916955017,0.0576126259996,0.545027038743,1.0,1.0,0.98329831133,0.510294117647,0.976470588235,49.7910386029,2648.4556497,148378.562277,0.352941176471,0.0485294117647,10.1191176471,9.01860846103e-06,Class 4
0.142564878893,229.694117647,27516.2656178,344.738476562,0.484923697109,1.0,1125.36306519,1.07169967661,1.34825854216,0.00572461613322,0.889874809742,0.0936120671708,1.0,1.0,0.52082690955,12.9529411765,0.360294117647,1176.50684743,58247.7430463,3039645.48814,9.14705882353,-0.235294117647,237.511764706,0.000219481846797,Class 4
0.81616349481,40.9897058824,928.638204219,46.2437155331,0.929649007438,1.0,137.095758429,0.226695732604,0.250009602372,0.0256366241349,0.176458084235,0.272023623207,1.0,1.0,0.932389247491,1.73014705882,0.902941176471,138.184604779,6101.71944221,288999.406046,1.58970588235,0.0566176470588,24.4058823529,3.91672909994e-05,Class 4
0.875968858131,35.7823529412,163.553969265,23.8441750919,0.942738944021,1.0,53.7174969533,0.128835414751,0.145951918445,0.0268625648789,0.110155383357,0.0636378723391,1.0,1.0,0.944855706385,0.9,0.935294117647,53.9436121324,1803.13555549,67853.8795074,1.43235294118,0.0558823529412,4.59558823529,3.41914585656e-05,Class 4
0.544805363322,126.785294118,2130.87105961,108.644726562,0.782959512693,1.0,297.773276854,0.474040855233,0.545665679698,0.0179304984862,0.390459746944,0.0940541756926,1.0,1.0,0.791031368958,4.26323529412,0.732352941176,304.570450368,12268.9318446,543406.064506,5.05294117647,0.025,44.7117647059,0.000121148381094,Class 4
0.875968858131,35.7823529412,163.553969265,23.8441750919,0.942738944021,1.0,53.7174969533,0.128835414751,0.145951918445,0.0268625648789,0.110155383357,0.0636378723391,1.0,1.0,0.944855706385,0.9,0.935294117647,53.9436121324,1803.13555549,67853.8795074,1.43235294118,0.0558823529412,4.59558823529,3.41914585656e-05,Class 4
0.685134083045,29.1382352941,4181.24800673,103.02845818,0.915828949154,1.0,386.37847644,0.374348667018,0.418301268225,0.023503595372,0.234587250062,0.522617738771,1.0,1.0,0.918672157664,3.99117647059,0.826470588235,391.220818015,19942.2589241,1037467.66122,1.22058823529,-0.0779411764706,90.7691176471,2.78427404249e-05,Class 4
0.997063148789,0.847058823529,-0.0323070725597,0.845829503676,0.998531960444,1.0,0.846742817236,0.00480365279968,0.00480365279968,0.0301816608997,0.00480365279968,nan,1.0,1.0,0.998588235294,0.0176470588235,0.998529411765,0.846553308824,20.1707576976,482.843363145,0.0352941176471,0.0176470588235,0.0,8.09398328694e-07,Class 4
0.997063148789,0.847058823529,-0.0323070725597,0.845829503676,0.998531960444,1.0,0.846742817236,0.00480365279968,0.00480365279968,0.0301816608997,0.00480365279968,nan,1.0,1.0,0.998588235294,0.0176470588235,0.998529411765,0.846553308824,20.1707576976,482.843363145,0.0352941176471,0.0176470588235,0.0,8.09398328694e-07,Class 4
0.530973183391,112.539705882,3347.50988391,125.97845818,0.793214201568,1.0,370.720278555,0.495031958042,0.572347410721,0.0178296658737,0.391565802369,0.152637506932,1.0,1.0,0.800768831199,4.82132352941,0.723529411765,378.820634191,16537.9336196,775906.597733,4.50147058824,0.127205882353,66.8705882353,0.000107536156076,Class 4
0.864243079585,18.6426470588,1082.15634817,40.2122817096,0.953809753383,1.0,134.079566501,0.181309317846,0.194809661353,0.0269010867215,0.133650126202,0.544815854024,1.0,1.0,0.956324229692,1.4625,0.929411764706,134.745634191,6677.7293457,345098.767046,0.780882352941,0.0742647058824,29.1161764706,1.78137892584e-05,Class 4
0.676349480969,59.5382352941,2542.61883903,82.4020795037,0.879405690959,1.0,285.212931381,0.37577760891,0.420209387043,0.0221297848183,0.289532867437,0.301385412839,1.0,1.0,0.884330587525,3.41764705882,0.820588235294,289.358318015,13288.4009967,641781.214227,2.39117647059,-0.188235294118,57.6676470588,5.68911471102e-05,Class 4
0.831799307958,26.475,1332.43030479,50.9860868566,0.943144955416,1.0,164.386682344,0.231061576533,0.248236078085,0.0262978481834,0.165065300646,0.471536706064,1.0,1.0,0.946026772407,1.80808823529,0.911764705882,165.556295956,8214.17659984,427911.817727,1.06911764706,0.124264705882,34.8823529412,2.5297913388e-05,Class 4
0.831799307958,26.475,1332.43030479,50.9860868566,0.943144955416,1.0,164.386682344,0.231061576533,0.248236078085,0.0262978481834,0.165065300646,0.471536706064,1.0,1.0,0.946026772407,1.80808823529,0.911764705882,165.556295956,8214.17659984,427911.817727,1.06911764706,0.124264705882,34.8823529412,2.5297913388e-05,Class 4
0.639662629758,65.2558823529,3062.17900523,98.6052045037,0.876919308511,1.0,325.1335887,0.415390513371,0.456136020865,0.0221305958045,0.287610656803,0.306398647543,1.0,1.0,0.881355301578,3.89117647059,0.797058823529,330.457582721,15171.0837862,730816.091106,2.6,-0.00588235294118,66.5426470588,6.23545858289e-05,Class 4
0.965047577855,9.50882352941,98.3756011699,9.13810891544,0.984136717926,1.0,21.0961799379,0.0540399172666,0.0566960642871,0.0291817149654,0.0531545349264,0.421492557884,1.0,1.0,0.984796048887,0.289705882353,0.982352941176,21.0873621324,855.757464959,38000.0923492,0.358823529412,0.0573529411765,2.91176470588,9.08605832176e-06,Class 4
0.685488754325,69.3308823529,1701.65674893,78.1906824449,0.872092011192,1.0,225.648691852,0.3182180252,0.364345715884,0.0222590019464,0.247894084674,0.195162053851,1.0,1.0,0.876621501592,2.98161764706,0.825,228.601148897,9738.87524414,446143.301395,2.81617647059,0.147794117647,40.0029411765,6.62484100803e-05,Class 4
0.808330449827,40.6867647059,1008.52660395,47.1795611213,0.920392996566,1.0,144.367796416,0.235336105399,0.264208105195,0.0249801308391,0.197002878426,0.276583696353,1.0,1.0,0.924096595726,1.80367647059,0.898529411765,145.56328125,6550.12833467,316858.198388,1.63970588235,0.0213235294118,26.3308823529,3.88778186805e-05,Class 4
0.619433391003,73.9661764706,3843.55473555,112.491417739,0.871017422803,1.0,388.922289485,0.47508125261,0.523504049829,0.0217049632353,0.324913243131,0.366568259638,1.0,1.0,0.876060657577,4.39191176471,0.785294117647,395.948575368,19222.349842,978346.078374,2.77794117647,-0.191911764706,80.7691176471,7.06776176012e-05,Class 4
0.793611591696,59.9338235294,391.320878022,40.202722886,0.902648226944,1.0,100.044180864,0.223620739806,0.252725079733,0.0244578557526,0.196135056042,0.0739895387184,1.0,1.0,0.906289365319,1.59632352941,0.889705882353,101.026884191,3599.1161219,144105.289786,2.38088235294,-0.000735294117647,10.3720588235,5.72691473714e-05,Class 4
0.724143598616,56.025,1833.47198563,72.1963809743,0.891917365772,1.0,228.29503777,0.336412258837,0.374378323843,0.0231122945502,0.266644650158,0.294072559124,1.0,1.0,0.896616111313,2.78602941176,0.85,231.23828125,10508.8353659,506655.444057,2.225,0.0169117647059,43.9764705882,5.35341113338e-05,Class 4
0.745038927336,48.5205882353,1521.64369297,63.3835133272,0.906600681102,1.0,195.300828183,0.279802010129,0.314367834665,0.0241239997837,0.203466847744,0.283587134113,1.0,1.0,0.909953578012,2.46323529412,0.861764705882,197.367509191,8703.70399529,408150.387553,1.99117647059,0.075,37.3647058824,4.63633480155e-05,Class 4
0.939394463668,16.3558823529,131.326097332,10.6397633272,0.973862183406,1.0,31.5277840973,0.0777572260638,0.0844062482314,0.0286513300173,0.0655055539646,0.226847526383,1.0,1.0,0.974964737088,0.469117647059,0.969117647059,31.5542738971,1197.51718463,50631.2420448,0.641176470588,-0.0544117647059,3.82794117647,1.5628694812e-05,Class 4
0.785860726644,30.9132352941,1665.57250329,57.9850758272,0.941257385335,1.0,195.651353788,0.240570623109,0.260397618426,0.0262440527682,0.139948602504,0.43975322785,1.0,1.0,0.943111194905,2.26397058824,0.885294117647,197.209972426,9211.69849782,447957.985655,1.26029411765,0.0375,41.7147058824,2.9538823381e-05,Class 4
0.742266435986,39.0044117647,2011.24714371,67.9823184743,0.920985137455,1.0,229.233576063,0.296660319451,0.325894397568,0.0247510272491,0.190449013728,0.370115249474,1.0,1.0,0.923529962412,2.70661764706,0.860294117647,231.684604779,10661.6300121,512021.367443,1.60147058824,0.0154411764706,48.3382352941,3.72702636666e-05,Class 4
0.94499567474,15.9588235294,66.4298577023,7.42220818015,0.973127656468,1.0,23.6411380408,0.0750531540046,0.0818020306945,0.0285568501298,0.0750531540046,0.151834828281,1.0,1.0,0.974238927195,0.391176470588,0.972058823529,23.6590533088,801.51995347,30758.1824314,0.635294117647,-0.0955882352941,1.94852941176,1.52492893455e-05,Class 4
0.813646193772,30.0441176471,1308.17088698,51.6743221507,0.937868417603,1.0,163.496396977,0.230086360493,0.250547553925,0.0258911386246,0.165178569191,0.408731503066,1.0,1.0,0.940401062989,1.91176470588,0.901470588235,164.72890625,7669.2778349,374004.518961,1.22058823529,0.114705882353,33.7897058824,2.87083469709e-05,Class 4
0.988287197232,3.67647058824,-0.0324545523967,1.83461626838,0.994127043789,1.0,3.67210798825,0.0156674326741,0.0174381973545,0.0299079530709,0.0156674326741,0.00043205685801,1.0,1.0,0.994343891403,0.0735294117647,0.994117647059,3.66199448529,91.2239056756,2274.9022154,0.147058823529,0.0,0.0,3.5130135794e-06,Class 4
0.816193771626,46.3985294118,688.246027252,42.6764361213,0.922902959496,1.0,118.149574918,0.227668210399,0.251451135973,0.0253061472751,0.186692378394,0.222380929082,1.0,1.0,0.925458551513,1.59632352941,0.902941176471,119.156295956,5064.2786219,238280.509547,1.81911764706,0.0433823529412,18.2882352941,4.43356365775e-05,Class 4
0.988278546713,3.53235294118,-0.0324546981825,1.76264935662,0.994127442783,1.0,3.52763072796,0.0174381973545,0.0192089620348,0.0299074124135,0.0174381973545,0.000392235811013,1.0,1.0,0.99434841629,0.0720588235294,0.994117647059,3.51824448529,85.9538344439,2103.1378111,0.144117647059,3.46944695195e-18,0.0,3.37530344709e-06,Class 4
0.666704152249,61.6882352941,2823.16061823,92.694910386,0.893899508345,1.0,308.370355575,0.397091648095,0.432297371878,0.023357888192,0.253286806197,0.336102846364,1.0,1.0,0.897560402797,3.61764705882,0.814705882353,313.058318015,14652.8466768,720108.508712,2.4,-0.0382352941176,63.0676470588,5.89455574515e-05,Class 4
0.925480103806,21.2926470588,100.292032901,13.9779986213,0.964759559611,1.0,32.7466370131,0.0819816000943,0.093033667205,0.0280482266436,0.0772018881964,0.124163723429,1.0,1.0,0.96600259762,0.5375,0.961764705882,32.7857077206,1124.99792337,43775.4737472,0.851470588235,0.0183823529412,2.90588235294,2.03459694464e-05,Class 4
0.877910899654,33.9338235294,292.048821706,24.5431640625,0.945018975776,1.0,66.0449459773,0.156859560424,0.172806663218,0.0268141760381,0.138687327288,0.196536164647,1.0,1.0,0.94709071948,0.968382352941,0.936764705882,66.3897518382,2602.09588982,114854.651996,1.32794117647,-0.0198529411765,8.17352941176,3.24251153379e-05,Class 4
0.902837370242,25.3191176471,265.476769371,22.0190831801,0.958146509321,1.0,55.1018047872,0.120022566609,0.133247656752,0.0275078395329,0.107808981559,0.188726303797,1.0,1.0,0.959524154354,0.788970588235,0.95,55.2728400735,2170.74039809,93745.4547128,0.989705882353,0.0742647058824,7.53676470588,2.41934219186e-05,Class 4
0.864519896194,26.9735294118,642.181840991,34.1231272978,0.950068088755,1.0,96.3580842833,0.160735442708,0.177190433673,0.0268290441176,0.124076055197,0.333500312652,1.0,1.0,0.951637863086,1.23529411765,0.929411764706,96.8215533088,4180.89984777,192653.324004,1.08529411765,0.127941176471,17.5382352941,2.57742780293e-05,Class 4
0.320506055363,97.6426470588,16952.1454953,257.864303768,0.790036772617,1.0,904.046624617,0.798707597251,0.892729639415,0.0167467290225,0.459109827568,0.394191108531,1.0,1.0,0.798694752868,9.81691176471,0.551470588235,932.321737132,46796.3939022,2427648.3914,3.91617647059,0.0169117647059,209.282352941,9.33014250526e-05,Class 4
0.823875432526,43.7941176471,798.474038992,44.840222886,0.923096248358,1.0,127.206531658,0.226379128059,0.2516109587,0.0252059904844,0.20300878542,0.251998462676,1.0,1.0,0.926463732822,1.62794117647,0.907352941176,128.226332721,5612.42577838,265064.649823,1.68235294118,0.0735294117647,21.2088235294,4.18470177578e-05,Class 4
0.826522491349,41.725,774.594750309,41.4404986213,0.923500772389,1.0,122.893235877,0.227477125365,0.251059781993,0.0252078827855,0.199220198348,0.269589744306,1.0,1.0,0.926907229579,1.57867647059,0.908823529412,123.887178309,5470.07728918,263119.269623,1.63970588235,0.000735294117647,20.6382352941,3.98698937153e-05,Class 4
0.408516435986,81.9514705882,13131.863503,231.871564798,0.810541593425,1.0,817.429941486,0.755305942449,0.859595853988,0.0174866187284,0.454535053072,0.390480401588,1.0,1.0,0.819357224696,8.38897058824,0.635294117647,840.111075368,44478.9433393,2431273.47978,3.25441176471,0.0345588235294,190.063235294,7.83078830957e-05,Class 4
0.754351211073,52.4485294118,1846.06821797,71.6159581801,0.90829115018,1.0,231.832338784,0.300662349789,0.326972579077,0.0243278276384,0.221083763135,0.347673923464,1.0,1.0,0.912094107622,2.59779411765,0.867647058824,234.220634191,11775.9776453,634069.22425,2.025,0.00955882352941,45.6044117647,5.01166517237e-05,Class 4
0.831647923875,41.025,1065.5631237,46.5109949449,0.92754936804,1.0,152.651310765,0.231542412775,0.254786460458,0.0255282223183,0.200441232521,0.314650430702,1.0,1.0,0.931771302666,1.73161764706,0.911764705882,153.772472426,7568.9672708,398778.011098,1.525,-0.0801470588235,28.2941176471,3.92010159298e-05,Class 4
0.775527681661,55.3514705882,866.096539035,48.4479434743,0.899254032588,1.0,142.54542314,0.249222224071,0.282204523858,0.0237358077422,0.221022722046,0.192244109553,1.0,1.0,0.902819584067,1.9625,0.879411764706,143.952987132,5954.15889534,269793.58112,2.21911764706,-0.0551470588235,22.2720588235,5.2890527246e-05,Class 4
0.58776816609,53.8970588235,5742.08755885,138.165866268,0.872494535173,1.0,491.724281252,0.509040786125,0.57344653653,0.0213729995675,0.321442099245,0.444576717908,1.0,1.0,0.878481533623,5.19264705882,0.764705882353,500.743979779,25583.6951718,1349748.67992,2.20294117647,-0.0191176470588,112.035294118,5.1500779074e-05,Class 4
0.894394463668,16.6205882353,716.126459824,28.7508846507,0.964597035991,1.0,95.4469736095,0.142212222422,0.154261957754,0.0275929930796,0.108601204883,0.482803944735,1.0,1.0,0.965890568441,1.08529411765,0.945588235294,95.7767003676,4547.82280273,225529.935694,0.664705882353,0.0220588235294,19.8558823529,1.58816317897e-05,Class 4
0.967936851211,10.7,34.6974241867,7.6041015625,0.98457945065,1.0,14.7854811775,0.0489125060393,0.0519028350915,0.0292720047578,0.0489125060393,0.170433502537,1.0,1.0,0.985088577774,0.236764705882,0.983823529412,14.7741268382,507.027731503,19425.2787348,0.397058823529,0.0426470588235,1.03235294118,1.02242747215e-05,Class 4
0.956418685121,11.5485294118,262.748451587,12.6578699449,0.980288936621,1.0,42.2504909678,0.0659305242657,0.0689650628797,0.0290023518599,0.0611401676468,0.407269990795,1.0,1.0,0.981702596655,0.455147058824,0.977941176471,42.2562959559,2164.18294175,118320.16451,0.413235294118,-0.0242647058824,7.70441176471,1.10350782556e-05,Class 4
0.953559688581,14.9661764706,83.5496890856,10.0532743566,0.97670365193,1.0,24.7222755454,0.0660030363099,0.0716495123827,0.0288239349048,0.0660030363099,0.19359453976,1.0,1.0,0.977830720002,0.361029411765,0.976470588235,24.7268841912,977.26308881,44347.4055027,0.563235294118,0.00220588235294,2.46176470588,1.4300775679e-05,Class 4
0.953538062284,11.3941176471,236.58994676,12.5963809743,0.979250555765,1.0,38.9735928513,0.0732032587861,0.0749740234665,0.0289116565744,0.0675284802309,0.438923306419,1.0,1.0,0.980542886331,0.45,0.976470588235,38.99140625,1881.18787626,97707.6471602,0.429411764706,-1.47451495458e-17,6.92647058824,1.08875316853e-05,Class 4
0.615147058824,43.2867647059,5056.32150472,123.539855239,0.886728480144,1.0,442.130102948,0.454155837772,0.509195516059,0.021820528763,0.275774963231,0.456042534079,1.0,1.0,0.89089758553,4.74926470588,0.782352941176,449.368060662,22387.7723719,1146769.05532,1.82205882353,0.0169117647059,101.816176471,4.13622218838e-05,Class 4
0.976630622837,6.28823529412,60.3864900243,5.85152803309,0.990454229048,1.0,13.4684998688,0.0354124785185,0.0375174252305,0.0296343804066,0.0306154392088,0.361479879271,1.0,1.0,0.99076611991,0.189705882353,0.988235294118,13.4505974265,525.897584444,22291.4394425,0.235294117647,0.0367647058824,1.80147058824,6.0086584262e-06,Class 4
0.953559688581,7.47941176471,285.649226696,14.2040096507,0.981048095839,1.0,40.703632648,0.0693275473938,0.0716495123827,0.0289128730536,0.0624332044668,0.722657180752,1.0,1.0,0.982313641696,0.460294117647,0.976470588235,40.7153033088,1974.026169,101247.758928,0.314705882353,0.0794117647059,8.33676470588,7.14687482593e-06,Class 4
0.988278546713,3.82647058824,-0.0324546981825,1.90952435662,0.99412668985,1.0,3.82154321976,0.0174381973545,0.0192089620348,0.0299074124135,0.0174381973545,0.000392235811013,1.0,1.0,0.994339701693,0.075,0.994117647059,3.81162683824,96.9340504366,2468.62116933,0.15,-3.46944695195e-18,0.0,3.65634453344e-06,Class 4
0.880977508651,20.0926470588,671.903571494,30.3427045037,0.964316831947,1.0,93.4439697305,0.142800493316,0.155311634435,0.0279487456747,0.0897215144013,0.399029940543,1.0,1.0,0.965709988269,1.14044117647,0.938235294118,93.7937959559,4195.92712833,197798.680979,0.813235294118,0.0742647058824,18.4955882353,1.91993218141e-05,Class 4
