0.679513184584,61.9756592292,2996.01193506,94.6539938039,0.866686919618,1.0,327.276591133,0.406882488476,0.464302916501,0.0212860522402,0.335508717045,0.340695490426,1.0,1.0,0.873903173807,3.61460446247,0.823529411765,332.094169942,16603.055822,873132.565249,2.43813387424,-0.139959432049,67.7545638945,5.92202024303e-05,Class 1
0.451320515616,80.1338742394,10614.9813075,203.704957293,0.797688039836,1.0,729.450901855,0.690156531763,0.809343214503,0.016926848952,0.481482900132,0.351535102569,1.0,1.0,0.810048468942,7.54563894523,0.669371196755,747.922770347,39145.2027224,2113266.00914,3.20486815416,-0.115618661258,167.417849899,7.65710976374e-05,Class 1
0.848598430769,33.0162271805,749.201372467,35.2099015118,0.939423265505,1.0,112.794456881,0.194711393406,0.209859757258,0.0261428403776,0.160344886259,0.30053415131,1.0,1.0,0.941968761203,1.4168356998,0.920892494929,113.509737893,5016.22375909,237154.138966,1.29208924949,-0.053752535497,20.2109533469,3.15483156038e-05,Class 1
0.822735333204,33.3103448276,1145.6257977,44.4102057714,0.936708600683,1.0,151.830916024,0.230463260355,0.251040366831,0.0260273801206,0.167301404675,0.38432562704,1.0,1.0,0.939439497039,1.77687626775,0.906693711968,152.975508684,7254.15625941,365726.973567,1.33062880325,-0.0811359026369,30.0263691684,3.18293566902e-05,Class 1
0.679513184584,61.9756592292,2996.01193506,94.6539938039,0.866686919618,1.0,327.276591133,0.406882488476,0.464302916501,0.0212860522402,0.335508717045,0.340695490426,1.0,1.0,0.873903173807,3.61460446247,0.823529411765,332.094169942,16603.055822,873132.565249,2.43813387424,-0.139959432049,67.7545638945,5.92202024303e-05,Class 1
0.848598430769,33.0162271805,749.201372467,35.2099015118,0.939423265505,1.0,112.794456881,0.194711393406,0.209859757258,0.0261428403776,0.160344886259,0.30053415131,1.0,1.0,0.941968761203,1.4168356998,0.920892494929,113.509737893,5016.22375909,237154.138966,1.29208924949,-0.053752535497,20.2109533469,3.15483156038e-05,Class 1
0.468090796506,64.6673427992,11434.6329799,212.721818347,0.834578130069,1.0,765.58416221,0.667252164965,0.771170196178,0.0187320404977,0.41277786583,0.409213349067,1.0,1.0,0.844774829747,7.65415821501,0.68154158215,783.658318015,41807.1468226,2283266.63667,2.51724137931,0.025354969574,180.22515213,6.1792212924e-05,Class 1
0.623952371744,68.8620689655,4454.0818645,124.485129707,0.86077467906,1.0,432.077365879,0.49312690141,0.558168618241,0.0208550691874,0.359942618151,0.335124640506,1.0,1.0,0.868228647929,4.59330628803,0.789046653144,439.750103005,22538.7885727,1203796.80676,2.60243407708,-0.104462474645,93.0081135903,6.58004402797e-05,Class 1
0.451320515616,80.1338742394,10614.9813075,203.704957293,0.797688039836,1.0,729.450901855,0.690156531763,0.809343214503,0.016926848952,0.481482900132,0.351535102569,1.0,1.0,0.810048468942,7.54563894523,0.669371196755,747.922770347,39145.2027224,2113266.00914,3.20486815416,-0.115618661258,167.417849899,7.65710976374e-05,Class 1
0.669441141498,34.4868154158,4977.30008254,118.563476563,0.884237571499,1.0,450.581094006,0.412266250744,0.480303220221,0.0214555139537,0.313067582387,0.484036813075,1.0,1.0,0.891698688171,4.41987829615,0.817444219067,456.598733836,24554.755223,1349117.3313,1.43204868154,-0.146044624746,105.803245436,3.29535210356e-05,Class 1
0.418479401273,83.6389452333,11726.5128094,209.42427778,0.799053314528,1.0,764.642242226,0.716816436061,0.813775238894,0.0166648133131,0.446278172452,0.428605371863,1.0,1.0,0.807128365422,7.98174442191,0.643002028398,785.022668927,41042.8366759,2218724.19072,3.39959432049,-0.279918864097,175.843813387,7.99203321009e-05,Class 1
0.308345230797,94.1643002028,19411.0689159,271.154120579,0.745553526783,1.0,975.992076442,0.836715048252,0.982477161536,0.0137003905012,0.547532471908,0.344293509667,1.0,1.0,0.757299649698,10.2545638945,0.547667342799,1007.05284134,52017.6213092,2761052.57838,3.89249492901,-0.145030425963,228.862068966,8.99777265636e-05,Class 1
0.709778686602,38.1825557809,3211.627894,89.3109410655,0.897651746625,1.0,325.988857672,0.368533611253,0.415170638436,0.0226957474046,0.272446979038,0.471025169344,1.0,1.0,0.903070186127,3.45436105477,0.841784989858,330.085549252,16747.4808189,879020.31572,1.57403651116,-0.105476673428,73.1906693712,3.64849476516e-05,Class 1
0.635447996083,100.931034483,1652.43982728,86.8276753455,0.828820099398,1.0,246.002924337,0.415920155984,0.479179411001,0.0199000148568,0.365565394645,0.128553978467,1.0,1.0,0.835778847033,3.39046653144,0.795131845842,250.626877852,10371.644509,468849.546971,3.91277890467,-0.0334685598377,37.6348884381,9.6443609764e-05,Class 1
0.606433270657,85.9290060852,3430.35688016,110.260991775,0.846875093387,1.0,368.300250431,0.488157518827,0.534513003921,0.0204945451779,0.349256925602,0.320041252282,1.0,1.0,0.852849499611,4.30527383367,0.776876267748,375.396147629,18057.6852195,925672.291255,3.32454361055,-0.189655172414,72.6348884381,8.21085761457e-05,Class 1
0.808137453764,37.1054766734,1257.51392287,48.720550599,0.930829914275,1.0,165.337469251,0.24886598498,0.268927376755,0.0255598817972,0.186297995087,0.375749109033,1.0,1.0,0.933645674796,1.94016227181,0.898580121704,166.725762234,7865.43430042,394299.606314,1.4584178499,-0.0821501014199,32.5253549696,3.54557558113e-05,Class 1
0.451320515616,80.1338742394,10614.9813075,203.704957293,0.797688039836,1.0,729.450901855,0.690156531763,0.809343214503,0.016926848952,0.481482900132,0.351535102569,1.0,1.0,0.810048468942,7.54563894523,0.669371196755,747.922770347,39145.2027224,2113266.00914,3.20486815416,-0.115618661258,167.417849899,7.65710976374e-05,Class 1
0.709778686602,38.1825557809,3211.627894,89.3109410655,0.897651746625,1.0,325.988857672,0.368533611253,0.415170638436,0.0226957474046,0.272446979038,0.471025169344,1.0,1.0,0.903070186127,3.45436105477,0.841784989858,330.085549252,16747.4808189,879020.31572,1.57403651116,-0.105476673428,73.1906693712,3.64849476516e-05,Class 1
0.593053252636,71.9756592292,4431.46710327,122.898796035,0.839126593878,1.0,421.047186755,0.508674854124,0.580908048768,0.0192910841474,0.401274622858,0.308573672585,1.0,1.0,0.846825123974,4.75253549696,0.768762677485,429.274190226,20774.1466404,1048346.99745,2.84381338742,-0.0993914807302,89.6206896552,6.87755993663e-05,Class 1
0.727157898202,49.9878296146,2117.97451512,72.4696631751,0.89913585962,1.0,247.740812612,0.341498538795,0.378044200277,0.0234265671158,0.260620275862,0.368084848643,1.0,1.0,0.9039166966,2.89452332657,0.851926977688,250.858368725,11755.6228701,578142.641231,1.97565922921,-0.105476673428,50.3975659229,4.77653553935e-05,Class 1
0.621096980444,51.5760649087,5043.69709197,123.396133763,0.869668778904,1.0,453.141921649,0.484772256711,0.545765335268,0.0209954729743,0.343211263134,0.415592318527,1.0,1.0,0.877380328347,4.76572008114,0.787018255578,460.960549252,23486.8643682,1232749.1362,2.05070993915,-0.183569979716,102.643002028,4.92829772598e-05,Class 1
0.819707137244,38.8559837728,844.897088564,40.2767118566,0.929018326761,1.0,126.800244269,0.209993702749,0.231804959085,0.0257056857298,0.167292549275,0.252937656186,1.0,1.0,0.932072119151,1.64503042596,0.904665314402,127.730579678,5510.23151613,255658.041617,1.56186612576,-0.052738336714,22.3204868154,3.71284348287e-05,Class 1
0.82318791684,40.9594320487,768.190285521,38.8962605382,0.926991240881,1.0,121.34138547,0.207028506325,0.229734716495,0.0255858539263,0.170971121685,0.252007432089,1.0,1.0,0.930098867304,1.5892494929,0.906693711968,122.221198339,5263.36522398,245744.773835,1.62880324544,-0.0760649087221,20.4137931034,3.91383631497e-05,Class 1
0.535764393188,48.4705882353,9283.44657652,181.314744311,0.888132412163,1.0,684.222339031,0.564362789967,0.622138830141,0.0220595588171,0.298504147855,0.559488949221,1.0,1.0,0.892823240801,6.64503042596,0.728194726166,697.247313958,38184.4901844,2139180.50859,1.91886409736,-0.176470588235,162.60851927,4.63155710308e-05,Class 1
0.437644261034,30.0101419878,17808.2892881,254.059292993,0.882786286196,1.0,996.682655829,0.660896996493,0.729547111058,0.0204143144425,0.307902122845,0.62296372076,1.0,1.0,0.88636308463,9.21805273834,0.655172413793,1018.31399753,57388.2075636,3268483.4549,1.2677484787,-0.284989858012,247.651115619,2.86758818798e-05,Class 1
0.659747622907,75.3286004057,2620.16498391,92.8289430939,0.846929057532,1.0,305.153758128,0.435017258572,0.493605704338,0.020642149159,0.36391038202,0.257161145006,1.0,1.0,0.856616938505,3.6014198783,0.811359026369,310.334788603,14757.0528508,748215.239289,2.95537525355,-0.134888438134,58.9756592292,7.19794677507e-05,Class 1
0.598862780756,59.4036511156,5775.39919908,138.168192587,0.860570345886,1.0,505.323635537,0.521006173365,0.589100483275,0.0204778304413,0.368990286866,0.425158883525,1.0,1.0,0.868205011573,5.19675456389,0.772819472617,514.58707055,26875.2313418,1447423.81919,2.30020283976,-0.180527383367,114.119675456,5.67625465855e-05,Class 1
0.456471740266,51.1298174442,13379.7752378,223.92846135,0.86628344302,1.0,830.307899974,0.672910605092,0.748345277859,0.0201875083252,0.349575124206,0.517580621953,1.0,1.0,0.87234366273,8.15720081136,0.67139959432,849.775965074,45688.2227607,2501787.07265,1.97768762677,-0.051724137931,200.170385396,4.88565700943e-05,Class 1
0.528950952277,33.430020284,10445.0612521,186.256427881,0.899977478779,1.0,718.758180099,0.579494195278,0.635440734888,0.0220659875619,0.275075279371,0.592566144443,1.0,1.0,0.903447587481,6.9645030426,0.724137931034,732.82870341,39588.3527683,2170218.22765,1.33671399594,-0.179513184584,175.283975659,3.19437113391e-05,Class 1
0.386691572481,83.1034482759,13951.8530388,228.783304149,0.785994085846,1.0,838.388424609,0.748706050847,0.853626866979,0.0158367909802,0.456186388774,0.43350259273,1.0,1.0,0.794464742085,8.67545638945,0.616632860041,861.644372781,45373.7560788,2465881.05923,3.44421906694,-0.259634888438,195.176470588,7.94086435023e-05,Class 1
0.619681627984,28.9736308316,7810.12282826,161.303714899,0.926816675958,1.0,624.196805425,0.458383126361,0.492529161242,0.02396761028,0.212420705375,0.637732027984,1.0,1.0,0.928474366586,5.7200811359,0.784989858012,633.048530996,35914.7844288,2065290.68287,1.07505070994,-0.146044624746,151.37525355,2.76854543273e-05,Class 1
0.727018008714,65.7545638945,1509.93681756,68.9003173333,0.874498612682,1.0,209.615050073,0.333925712043,0.381459717165,0.0222249061339,0.303680443213,0.210045371381,1.0,1.0,0.881202966401,2.64198782961,0.851926977688,212.375863654,9496.79760544,457285.152611,2.57403651116,-0.025354969574,36.8194726166,6.28310958364e-05,Class 1
0.367444424787,96.275862069,13906.400064,233.035332546,0.780387353713,1.0,834.11389629,0.776443630874,0.877231874186,0.0159656230264,0.459831116404,0.413225045972,1.0,1.0,0.789046125356,8.80324543611,0.600405679513,858.655021869,44740.175656,2417429.21583,3.92697768763,-0.200811359026,191.144016227,9.19954077421e-05,Class 1
0.678221264025,18.6713995943,5937.4239665,128.429348773,0.943642808671,1.0,509.548721501,0.374278223014,0.402004224748,0.0253793626427,0.171533356409,0.692425176614,1.0,1.0,0.94558029595,4.71298174442,0.821501014199,515.290163856,28775.2183553,1624432.48034,0.740365111562,-0.175456389452,124.448275862,1.78412634474e-05,Class 1
0.713201864645,70.430020284,1841.36963973,77.0340647978,0.873812727826,1.0,242.52274463,0.365489439135,0.412843117687,0.0221073886786,0.320720935663,0.261470120298,1.0,1.0,0.879875307353,2.92494929006,0.843813387424,245.937983329,11430.5366156,569228.413452,2.66937119675,-0.079107505071,44.0588235294,6.72986800022e-05,Class 1
0.68965928681,58.9898580122,2736.55190717,86.7817828505,0.874394856325,1.0,303.806295698,0.393418198806,0.439869550545,0.0218070377205,0.316215071901,0.341596047476,1.0,1.0,0.881297857171,3.43610547667,0.829614604462,308.20370341,14970.5455533,763508.352489,2.31643002028,-0.188640973631,62.5172413793,5.63671508503e-05,Class 1
0.533830626746,42.1257606491,11025.370066,206.039135792,0.906391821192,1.0,782.293824235,0.553242298105,0.596810971759,0.0230392995278,0.265280258944,0.586468290243,1.0,1.0,0.909834840487,7.20081135903,0.7261663286,796.126624303,45345.3003707,2622574.1538,1.57809330629,-0.119675456389,188.949290061,4.02528364232e-05,Class 1
0.650737094166,89.6693711968,2147.22895859,89.2906570899,0.841248830277,1.0,279.215968473,0.424123165392,0.479292862707,0.0204693444982,0.357280362032,0.222040980328,1.0,1.0,0.848744349624,3.4939148073,0.805273833671,284.093916392,12938.1012946,638040.981861,3.46247464503,-0.145030425963,48.8235294118,8.56826434784e-05,Class 1
0.418479401273,83.6389452333,11726.5128094,209.42427778,0.799053314528,1.0,764.642242226,0.716816436061,0.813775238894,0.0166648133131,0.446278172452,0.428605371863,1.0,1.0,0.807128365422,7.98174442191,0.643002028398,785.022668927,41042.8366759,2218724.19072,3.39959432049,-0.279918864097,175.843813387,7.99203321009e-05,Class 1
0.663516410271,86.5638945233,1937.41959319,82.188096238,0.846498869284,1.0,260.009009982,0.410855454859,0.464770461758,0.0209566433556,0.352518084937,0.206673583885,1.0,1.0,0.854538253857,3.30628803245,0.813387423935,264.451167913,11822.1152794,572028.400568,3.3509127789,-0.19878296146,44.677484787,8.27152372494e-05,Class 1
0.377845619608,96.1663286004,13602.471171,230.375849788,0.775879017642,1.0,832.922484358,0.749667068186,0.848755606086,0.015490667359,0.462967295419,0.431431146604,1.0,1.0,0.784311895063,8.70993914807,0.608519269777,856.305123289,44889.92068,2436982.44335,3.87829614604,-0.265720081136,190.578093306,9.18907441651e-05,Class 1
0.44410386383,60.1440162272,12074.7296992,204.0325435,0.837743941018,1.0,770.823938126,0.670468122721,0.746677520378,0.0184234607463,0.368888016306,0.509270887769,1.0,1.0,0.843200909921,7.88133874239,0.661257606491,789.544727751,41415.2629484,2227495.73495,2.48884381339,-0.305273833671,182.84178499,5.74699948374e-05,Class 1
0.492620829545,107.501014199,6146.67948287,160.155008003,0.778471394963,1.0,534.968529213,0.638377707128,0.740251135173,0.0165688964404,0.51521485755,0.242316585488,1.0,1.0,0.790393513778,6.08113590264,0.699797160243,548.572871767,26841.9214407,1381348.40317,4.20283975659,-0.139959432049,110.647058824,0.000102721486169,Class 1
0.450637525766,66.476673428,10432.8435763,187.661980619,0.82134896396,1.0,699.516048322,0.659030548658,0.749063029997,0.0177132130185,0.402927905062,0.44181232659,1.0,1.0,0.828409998445,7.41277890467,0.667342799189,716.773429577,36495.8110436,1910792.0387,2.78904665314,-0.30121703854,163.036511156,6.35211001587e-05,Class 1
0.308345230797,94.1643002028,19411.0689159,271.154120579,0.745553526783,1.0,975.992076442,0.836715048252,0.982477161536,0.0137003905012,0.547532471908,0.344293509667,1.0,1.0,0.757299649698,10.2545638945,0.547667342799,1007.05284134,52017.6213092,2761052.57838,3.89249492901,-0.145030425963,228.862068966,8.99777265636e-05,Class 1
0.716468695613,67.4827586207,2540.58604566,89.5011033373,0.884844291755,1.0,303.838205695,0.364863289477,0.405949277746,0.0226427745473,0.294078011618,0.289495419883,1.0,1.0,0.890642758915,3.24442190669,0.84584178499,307.632963045,16003.5272422,882461.956518,2.44421906694,-0.147058823529,60.2393509128,6.44824544955e-05,Class 1
0.867187274994,25.8823529412,1230.624906,40.1811236213,0.955530996281,1.0,157.835176868,0.178808039726,0.192641388984,0.0271976688278,0.129237554823,0.519829209268,1.0,1.0,0.958148994366,1.57403651116,0.931034482759,158.539403207,8564.27802665,482140.12042,0.920892494929,-0.204868154158,33.261663286,2.4731615599e-05,Class 1
0.758410855424,66.9492900609,878.793197685,55.7139583069,0.888581404272,1.0,154.037170374,0.29293404344,0.327777992514,0.0233136783568,0.261319024503,0.145854984281,1.0,1.0,0.893215376882,2.12576064909,0.870182555781,155.914656757,6446.53411184,293431.073228,2.58417849899,1.38777878078e-17,22.3732251521,6.39727041113e-05,Class 1
0.7137531938,66.2636916836,1607.33446959,68.9335323434,0.872411041891,1.0,217.020055747,0.342140286175,0.385005869929,0.0221313036093,0.304005035323,0.248900312156,1.0,1.0,0.879160905054,2.77281947262,0.843813387424,220.008470145,9632.78533205,451697.94408,2.61257606491,-0.103448275862,38.6085192698,6.33175876479e-05,Class 1
0.617402252221,28.6795131846,7664.3515797,156.265048571,0.929503713521,1.0,610.614228273,0.459030996535,0.491972310173,0.0245773124388,0.206554893043,0.649648670837,1.0,1.0,0.932222662152,5.68052738337,0.782961460446,619.417445804,34705.7245514,1976153.48444,1.08113590264,-0.201825557809,148.038539554,2.74044132409e-05,Class 1
0.676238124823,59.784989858,2999.39313271,101.17402423,0.87351773409,1.0,323.533542082,0.413685531455,0.466463043434,0.0218031804736,0.324346482318,0.332909623887,1.0,1.0,0.880156942974,3.62880324544,0.821501014199,328.463845398,16093.6550392,827280.64959,2.36511156187,0.158215010142,67.3955375254,5.71269308906e-05,Class 2
0.717497294784,60.8215010142,1700.86088938,75.1468944124,0.892638864182,1.0,220.647627894,0.334601156926,0.367382575987,0.0234461105001,0.246407022576,0.285249676873,1.0,1.0,0.896866161487,2.76572008114,0.84584178499,223.549798745,9999.95719913,478520.301393,2.41176470588,0.157200811359,40.8539553753,5.81173584432e-05,Class 2
0.372957716345,116.559837728,13104.8268075,249.637893398,0.737933370935,1.0,833.827668761,0.79381508724,0.927224993908,0.0141547741852,0.574930280626,0.2892489423,1.0,1.0,0.753197049526,8.72210953347,0.606490872211,858.715873796,45402.8395758,2500966.65609,4.57200811359,0.202839756592,186.0831643,0.000111377551628,Class 2
0.679348608717,45.6186612576,3543.91826328,103.038628692,0.880054768218,1.0,352.74699283,0.411153501534,0.470891172479,0.0220143004536,0.310810840845,0.38984824823,1.0,1.0,0.888358656316,3.79513184584,0.823529411765,357.874595905,17962.2704994,934266.453144,1.87829614604,0.0811359026369,78.3002028398,4.35904416004e-05,Class 2
0.748593904933,32.3326572008,3533.15393202,103.82780212,0.929697786377,1.0,361.347324239,0.318617677086,0.342949492872,0.0254323355,0.202798188591,0.571118974461,1.0,1.0,0.934505773352,3.38336713996,0.864097363083,364.715873796,20648.7458892,1200155.85529,1.22920892495,0.166328600406,83.3062880325,3.08951373548e-05,Class 2
0.595176281326,63.3103448276,4410.35672946,124.920728084,0.859619757524,1.0,411.664428642,0.469761099925,0.527283006545,0.0206596353449,0.329177534361,0.375597582195,1.0,1.0,0.865394013092,4.69168356998,0.768762677485,419.090620246,20031.8262486,995999.688557,2.57606490872,0.162271805274,89.2373225152,6.0495547498e-05,Class 2
0.652020785932,51.61663286,3541.04197557,107.7820364,0.888363013565,1.0,351.910955077,0.390024773113,0.431467588755,0.0223465379859,0.249896635935,0.420015737623,1.0,1.0,0.891874158446,3.97058823529,0.805273833671,356.964606047,17171.6033388,858454.958364,2.10750507099,0.213995943205,76.584178499,4.93217415476e-05,Class 2
0.7617928895,49.121703854,2318.51505336,84.3619045544,0.911191877372,1.0,274.084199431,0.299934782645,0.329490449836,0.024413250871,0.229964330709,0.418060812868,1.0,1.0,0.916198048627,2.79614604462,0.872210953347,276.65375412,14929.9954376,847116.031937,1.82352941176,0.0943204868154,57.0567951318,4.69377378496e-05,Class 2
0.45150154907,93.9492900609,10316.268651,216.994511045,0.797298998448,1.0,736.537244411,0.694495371038,0.795062052812,0.0168592185565,0.474743515415,0.348435283028,1.0,1.0,0.807644697163,7.54259634888,0.669371196755,755.126370753,40239.6431937,2222240.81235,3.58823529412,0.155172413793,165.764705882,8.97722758384e-05,Class 2
0.30388522479,159.105476673,12135.3970802,242.28228995,0.666893121905,1.0,781.306911364,0.817152515117,0.961262016509,0.0117043938092,0.637357857137,0.192277837348,1.0,1.0,0.684400145292,9.10243407708,0.539553752535,808.119778461,39196.9685455,2009102.19536,6.35902636917,-0.00507099391481,162.821501014,0.00015203159843,Class 2
0.568975803233,41.537525355,8044.38230482,172.917558713,0.880887971605,1.0,618.436925585,0.537585520173,0.602162808257,0.0209342713236,0.309375929801,0.531504114436,1.0,1.0,0.885583012479,6.05882352941,0.752535496957,629.665670956,33952.2505324,1867565.45582,1.66734279919,0.176470588235,147.409736308,3.96907542505e-05,Class 2
0.93635851207,20.9127789047,-0.0333630153976,10.4316307207,0.967596080544,1.0,20.7935101252,0.0759119209168,0.0856816570844,0.0282913268968,0.0759119209168,0.00270987102528,1.0,1.0,0.968777009183,0.411764705882,0.967545638945,20.8137439782,527.540593207,13383.0623766,0.823529411765,0.0,0.0,1.99829903468e-05,Class 2
0.518870680398,61.6815415822,7866.9629726,177.447477577,0.842805479544,1.0,598.871437733,0.59225466634,0.675378451508,0.0191684236962,0.380239899171,0.417880732781,1.0,1.0,0.850486306989,6.31744421907,0.718052738337,611.911360611,31199.7174203,1637638.42459,2.50101419878,0.331643002028,137.951318458,5.8939161344e-05,Class 2
0.537500668589,51.1582150101,9089.0845652,188.337563784,0.889532179247,1.0,676.354315009,0.54376179359,0.590094674805,0.0222737645945,0.287990909032,0.549094102121,1.0,1.0,0.894366638859,6.61764705882,0.728194726166,688.801827142,37474.6849026,2094090.03823,1.94929006085,0.102434077079,159.823529412,4.88837050957e-05,Class 2
0.720648922645,62.7058823529,1507.802135,68.9926094225,0.876539341191,1.0,205.461716244,0.331729054634,0.374150998224,0.022157790038,0.286743188758,0.236271995823,1.0,1.0,0.881729147649,2.64705882353,0.847870182556,208.206238907,9133.28111679,431940.723769,2.52738336714,0.0507099391481,36.5395537525,5.99179596102e-05,Class 2
0.425424502878,72.7423935091,13226.3422985,237.894105366,0.792555925345,1.0,832.478505795,0.700004234588,0.827419946823,0.0160358249198,0.472781936054,0.381061235807,1.0,1.0,0.804461443312,8.33062880325,0.649087221095,853.235650672,45814.0629056,2523039.02612,2.95334685598,0.227180527383,195.643002028,6.95082444052e-05,Class 2
0.615633061646,33.2636916836,6509.02520737,148.568547556,0.906760847446,1.0,531.93426097,0.49107075025,0.532277020444,0.0227605491524,0.260024369618,0.586812064179,1.0,1.0,0.910085550872,5.26470588235,0.782961460446,540.722212538,28801.8689638,1566375.36659,1.34077079108,0.161257606491,127.192697769,3.17847777592e-05,Class 2
0.783064320363,47.0892494929,1188.95509919,55.8641865016,0.913900937949,1.0,166.295120023,0.268449940495,0.295797311141,0.0245366827715,0.216141255431,0.279742289379,1.0,1.0,0.917300616559,2.07606490872,0.884381338742,167.93722268,7525.2648183,361163.050046,1.86004056795,0.080121703854,30.3407707911,4.49956470321e-05,Class 2
0.624676505561,36.7322515213,5252.74823316,127.039516116,0.879721443566,1.0,451.228784786,0.456580176089,0.520893788737,0.0209234710323,0.310074441881,0.468309593198,1.0,1.0,0.88492020563,4.75354969574,0.789046653144,458.517344384,23084.9333021,1189361.83447,1.58417849899,0.114604462475,105.742393509,3.50991243638e-05,Class 2
0.521470979103,57.3468559838,9395.93222465,198.970677374,0.851549383413,1.0,693.868334359,0.597963828638,0.681958458785,0.0195531197863,0.37318619487,0.447306592418,1.0,1.0,0.859248325454,6.77687626775,0.720081135903,708.029768319,38753.17938,2173843.20299,2.2799188641,0.26369168357,163.093306288,5.47971971955e-05,Class 2
0.575962048805,27.369168357,8715.79960416,175.522401512,0.900096439778,1.0,645.549543727,0.528045589569,0.584126105092,0.022501599311,0.279980315842,0.608824465962,1.0,1.0,0.90627926389,6.17545638945,0.756592292089,656.774443775,35990.4042548,2007022.45219,1.18255578093,0.151115618661,157.736308316,2.61523267458e-05,Class 2
0.682475550198,39.9290060852,4170.84691255,114.113932952,0.889178450226,1.0,398.795571026,0.421483494829,0.475648013245,0.0220551872706,0.302836616804,0.4650911862,1.0,1.0,0.895273180277,4.02129817444,0.825557809331,404.396147629,21507.7107647,1180101.54793,1.6369168357,0.110547667343,91.3671399594,3.81537502403e-05,Class 2
0.499862167711,37.2738336714,12079.7558027,217.572604352,0.884291871342,1.0,792.122792148,0.634410977814,0.695756123916,0.0211253336197,0.309500685068,0.585197976374,1.0,1.0,0.88916237843,7.53752535497,0.703853955375,808.967395094,44852.1059298,2532383.98244,1.53346855984,0.192697768763,193.393509128,3.56166276055e-05,Class 2
0.758065246103,37.0223123732,2942.3381576,97.8564532359,0.9443872344,1.0,318.206617823,0.257564827731,0.27032446767,0.0268595168503,0.126787083063,0.570972500619,1.0,1.0,0.946605108887,3.07302231237,0.868154158215,320.541938704,17961.5388184,1046447.96276,1.38742393509,0.277890466531,71.0709939148,3.53762890214e-05,Class 2
0.460643738505,77.2312373225,10771.2686894,215.093648976,0.813516579181,1.0,749.952386038,0.657917958239,0.762562921523,0.0176252677894,0.437910957229,0.395727400156,1.0,1.0,0.823156581453,7.54259634888,0.675456389452,767.48742552,41335.2037921,2294519.38299,3.08519269777,0.12677484787,173.034482759,7.37975128472e-05,Class 2
0.5075725471,43.6430020284,10477.8326577,200.308659118,0.865807742182,1.0,718.312070645,0.609802316387,0.689792220297,0.0200129036159,0.346416820757,0.520249098887,1.0,1.0,0.872401790413,7.09127789047,0.709939148073,733.468409293,39313.4692031,2150269.8765,1.78498985801,0.221095334686,172.898580122,4.17026207859e-05,Class 2
0.689618142844,33.1156186613,5927.07050193,154.820068855,0.949063540904,1.0,542.695107278,0.305434775435,0.315228386406,0.0270814371215,0.133751070828,0.664517728852,1.0,1.0,0.951717729607,4.78701825558,0.821501014199,547.257455946,32454.5270125,1960266.88351,1.19675456389,0.314401622718,128.8336714,3.16432881088e-05,Class 2
0.650852297273,31.0101419878,7880.82192778,181.867989747,0.949729777209,1.0,667.03986004,0.332009598132,0.352964711534,0.026403075968,0.132491243859,0.65808725174,1.0,1.0,0.951322684246,5.73630831643,0.797160243408,673.117496514,40399.8309551,2452868.98514,1.04259634888,0.188640973631,160.884381339,2.96314215734e-05,Class 2
0.568794769779,38.9716024341,8670.10469332,183.463831532,0.869450133924,1.0,661.224268674,0.537303819569,0.611233146044,0.0203795992205,0.339369498434,0.523373016904,1.0,1.0,0.876751950685,6.23630831643,0.752535496957,672.783571564,37746.849393,2160158.04873,1.65720081136,0.183569979716,158.84178499,3.72389130488e-05,Class 2
0.608663273661,33.4726166329,7033.31872366,160.430362972,0.882866975842,1.0,568.098650093,0.491328018944,0.556367091112,0.0211955355132,0.309512787925,0.550742506276,1.0,1.0,0.889366469154,5.47464503043,0.778904665314,577.251877852,31592.7246703,1763029.3539,1.43204868154,0.279918864097,136.286004057,3.19844138412e-05,Class 2
0.558706269106,20.369168357,10830.3020901,204.392330518,0.891593793839,1.0,760.543437134,0.508298766653,0.581171827898,0.0208890129601,0.290602905482,0.591532996023,1.0,1.0,0.896126130336,6.93306288032,0.744421906694,772.651979272,43772.1462759,2500326.38249,0.912778904665,0.20892494929,188.503042596,1.94635488907e-05,Class 2
0.557183942333,58.7464503043,6459.71619646,152.651585082,0.841071288777,1.0,530.061115204,0.539089529459,0.612615630501,0.0188940448672,0.392922436645,0.397124344911,1.0,1.0,0.849015832485,5.64503042596,0.744421906694,540.535853512,27304.7002661,1421752.47577,2.40162271805,0.107505070994,120.799188641,5.61345651236e-05,Class 2
0.400507716551,92.1926977688,13927.4837534,248.054221999,0.794681926886,1.0,864.770591878,0.756383233983,0.867176162748,0.0166750993048,0.482968069382,0.378674648672,1.0,1.0,0.805757243682,8.71095334686,0.628803245436,888.379920449,47851.37722,2658717.30515,3.53955375254,0.108519269777,199.590263692,8.80937821778e-05,Class 2
0.737962303898,48.7768762677,3131.27728596,103.29040354,0.91087816508,1.0,341.994774362,0.327403603726,0.358804709337,0.0241872162031,0.24137860406,0.437099843772,1.0,1.0,0.916077366056,3.3275862069,0.858012170385,345.417445804,19211.93766,1111075.55641,1.76673427992,0.155172413793,74.3671399594,4.66082414035e-05,Class 2
0.600261675629,50.2555780933,5556.23365306,139.414009017,0.878403330094,1.0,480.075489745,0.478761546934,0.537614757849,0.0213603685304,0.301012881855,0.430703823959,1.0,1.0,0.883694056909,5.06693711968,0.772819472617,488.28686771,24753.2163824,1290637.93757,2.01622718053,0.170385395538,109.823529412,4.80211996928e-05,Class 2
0.689790947504,42.6957403651,4157.51183906,115.387386299,0.906478787399,1.0,404.485526953,0.386809410037,0.435538147828,0.0233306502431,0.262114679741,0.448577048874,1.0,1.0,0.910865607128,4.02129817444,0.829614604462,409.556391037,21916.3131987,1205185.76725,1.61663286004,0.0841784989858,91.9655172414,4.07974746664e-05,Class 2
0.406366617431,46.3671399594,17465.8865949,260.04014999,0.842854245536,1.0,961.260266909,0.713916117279,0.813663650262,0.0189192455469,0.388890597107,0.515961447102,1.0,1.0,0.851939087675,9.26876267748,0.630831643002,984.905782518,54160.0606791,3035168.42665,2.01825557809,0.0679513184584,235.212981744,4.43056427098e-05,Class 2
0.428214063831,94.0993914807,12190.284545,236.002371086,0.802299346788,1.0,812.321656232,0.734291086307,0.830600492387,0.0171122539526,0.476309833792,0.36952343167,1.0,1.0,0.812454438329,8.17545638945,0.651115618661,833.755173998,44986.7191318,2507405.27431,3.53144016227,0.143002028398,185.423935091,8.99157037031e-05,Class 2
0.765816769458,59.3204868154,947.062148118,56.3387047572,0.897701758822,1.0,153.552247028,0.279602256762,0.312689854627,0.0237837481781,0.236141231187,0.195121877682,1.0,1.0,0.901759831891,2.08620689655,0.874239350913,155.289656757,6479.44532983,294823.791183,2.32657200811,0.104462474645,24.121703854,5.66830797956e-05,Class 2
0.690013124925,61.4726166329,2328.31472731,86.1586844733,0.872867516231,1.0,271.936698317,0.37102466634,0.425179618677,0.0220222720971,0.30886384189,0.259833105162,1.0,1.0,0.879807121715,3.24340770791,0.829614604462,275.805630388,12796.9857631,627291.374354,2.46247464503,0.0750507099391,53.784989858,5.87395252619e-05,Class 2
0.663870248386,45.7687626775,3683.45467328,106.721438023,0.894431326937,1.0,359.651457806,0.401018744348,0.448981169482,0.0227075762951,0.262006484493,0.431343031801,1.0,1.0,0.898912283797,3.93914807302,0.813387423935,364.828449861,17979.5799093,917314.826627,1.87423935091,0.144016227181,80.0101419878,4.37338694651e-05,Class 2
0.595069307012,41.8580121704,8191.8259208,186.277472506,0.904942762485,1.0,657.949197117,0.475787677885,0.516799029649,0.0231331592022,0.258747225674,0.596625052831,1.0,1.0,0.908809492434,6.01825557809,0.766734279919,667.675812944,38615.7331008,2280691.03111,1.62271805274,0.300202839757,156.829614604,3.99969921239e-05,Class 2
0.762064439681,15.5801217039,3194.64590456,86.0175840676,0.939389485033,1.0,313.107219812,0.302913233603,0.332667609875,0.0251422705337,0.183859283085,0.62975983244,1.0,1.0,0.942277245705,3.09432048682,0.872210953347,315.995032011,16656.4537445,892651.973418,0.695740365112,0.112576064909,75.2961460446,1.48874247191e-05,Class 2
0.386313047986,96.8620689655,14391.0521119,253.951914696,0.766300524024,1.0,873.496874912,0.788348170134,0.926307949213,0.0151149715117,0.54620699059,0.327455933981,1.0,1.0,0.779539769586,8.88539553753,0.618661257606,898.677080692,47975.9495134,2641512.99139,3.77079107505,0.175456389452,201.00811359,9.25555517004e-05,Class 2
0.539294545544,64.1318458418,9075.34063906,198.932644919,0.84375562169,1.0,701.835328112,0.565067677024,0.651772410025,0.0192234537519,0.396544407351,0.399176936508,1.0,1.0,0.852708817071,6.66024340771,0.732251521298,714.908825114,40234.4987813,2322669.40383,2.44016227181,0.145030425963,163.109533469,6.12805243254e-05,Class 2
0.446712391328,75.0263691684,11345.8601143,222.078943094,0.805469530453,1.0,758.693336468,0.689005663273,0.798142143799,0.0173249168313,0.454089069418,0.399542764895,1.0,1.0,0.81736751941,7.738336714,0.665314401623,777.614961017,41233.4077966,2253590.7626,3.03448275862,0.32860040568,176.129817444,7.16906738068e-05,Class 2
0.618373249839,51.0851926978,4874.20989469,127.375215913,0.872758843088,1.0,438.845977507,0.47617002706,0.533851730074,0.0209443001656,0.331454614055,0.412215258419,1.0,1.0,0.878408529171,4.70892494929,0.784989858012,446.414910307,22330.0798221,1152232.03238,2.05070993915,0.110547667343,99.1257606491,4.88139293778e-05,Class 2
0.602738542434,66.1014198783,4718.12395519,130.147021187,0.865687870372,1.0,439.172560291,0.494775224321,0.553780678018,0.0210880468998,0.337985075647,0.394220050144,1.0,1.0,0.871887605842,4.79310344828,0.774847870183,447.219423491,22270.0101672,1153357.67378,2.55172413793,0.0750507099391,95.5780933063,6.31625304968e-05,Class 2
0.593481149892,58.8154158215,5562.68502874,143.691645934,0.866838379813,1.0,486.533256425,0.504800283955,0.57249558451,0.0210811038553,0.340090143428,0.403831817142,1.0,1.0,0.874603424263,5.14807302231,0.768762677485,495.390315986,25140.5478986,1316317.29504,2.28397565923,0.190669371197,109.464503043,5.62004644128e-05,Class 2
0.734259346881,50.0872210953,1968.72943064,74.9541966436,0.901075027289,1.0,235.748291983,0.326724839508,0.364075983021,0.0235556563118,0.247366040781,0.337615179113,1.0,1.0,0.905378080056,2.78397565923,0.855983772819,238.587831199,11076.2000205,540779.066697,1.97363083164,0.106490872211,47.2981744422,4.78603278985e-05,Class 2
0.689881464231,86.0730223124,1564.58934747,80.8094197674,0.853385745615,1.0,230.737697545,0.38495442272,0.432203265098,0.0212719090016,0.34141366037,0.171104612442,1.0,1.0,0.860552085295,2.97363083164,0.829614604462,234.42885554,10401.448,503940.973511,3.27789046653,0.026369168357,37.2738336714,8.22461893673e-05,Class 3
0.692835601052,60.3894523327,2775.56027231,94.3583548586,0.86668659965,1.0,309.777279896,0.399543181734,0.449205446442,0.0216797485731,0.33488213592,0.320389698998,1.0,1.0,0.875579003139,3.44016227181,0.831643002028,314.259484343,15606.1118248,815785.71249,2.38945233266,0.026369168357,63.6815415822,5.77045187784e-05,Class 3
0.538446979827,89.1054766734,7262.94782086,183.89499279,0.825199829619,1.0,620.268835325,0.572731490018,0.638838713529,0.0192995700905,0.428629853468,0.33034864911,1.0,1.0,0.835877943404,6.18559837728,0.730223123732,632.569068522,34808.070314,1995908.5908,3.36511156187,0.118661257606,136.251521298,8.51438198783e-05,Class 3
0.657172010582,58.6551724138,3210.33097826,98.7394400513,0.874407893858,1.0,333.971632751,0.418033678295,0.471841470137,0.021812695016,0.313922654311,0.355178292014,1.0,1.0,0.880855307615,3.82251521298,0.809330628803,339.23691842,16208.0382558,809283.823226,2.34685598377,-0.02738336714,70.38336714,5.60473454761e-05,Class 3
0.627745845488,78.0628803245,3331.13673647,112.34035283,0.845548522936,1.0,356.688310038,0.46973275728,0.529769324102,0.0203351123063,0.380446464758,0.296909523026,1.0,1.0,0.853942308628,4.130831643,0.79107505071,363.200407264,17358.4547112,875371.786683,3.02028397566,0.078093306288,71.5415821501,7.45921807466e-05,Class 3
0.640870770915,64.4482758621,3312.13864195,102.840986704,0.858883152705,1.0,344.172738103,0.4323928116,0.492530938957,0.0206030623905,0.343556535111,0.296188884754,1.0,1.0,0.865351724346,3.98275862069,0.799188640974,349.882455946,16580.4765957,822515.697089,2.57809330629,-0.02738336714,71.6064908722,6.15828857701e-05,Class 3
0.683224370394,53.490872211,3023.64053254,92.2253680432,0.881982973496,1.0,320.514732909,0.395085231426,0.443512181636,0.0221498183944,0.295764588578,0.364549238012,1.0,1.0,0.887908795606,3.57099391481,0.825557809331,325.113186169,15965.0655758,819496.415153,2.14401622718,-0.0862068965517,68.1277890467,5.11126516427e-05,Class 3
0.484293290653,73.0182555781,8833.18403986,186.93657494,0.809038766724,1.0,649.899417462,0.638502070491,0.747184389719,0.0175882382192,0.440063579503,0.360274445887,1.0,1.0,0.820766984396,6.81947261663,0.693711967546,665.207760205,34448.8383398,1844752.66098,3.0060851927,0.0851926977688,148.472616633,6.97718415621e-05,Class 3
0.547210644767,82.1886409736,6216.33922421,156.742482648,0.823407049613,1.0,539.92149214,0.582923471209,0.667352832523,0.0184980341863,0.432127859211,0.319787783269,1.0,1.0,0.832461772532,5.70081135903,0.738336713996,551.452942761,28690.7108281,1557582.15732,3.18255578093,-0.0720081135903,117.671399594,7.85345088131e-05,Class 3
0.315002324634,138.904665314,14532.7873903,260.511879199,0.703089669528,1.0,858.544614434,0.837583959995,0.998442176325,0.0125619883683,0.623287393015,0.219284419981,1.0,1.0,0.719703786202,9.46855983773,0.555780933063,887.202689211,44486.5355698,2322794.88448,5.37931034483,0.141987829615,187.665314402,0.000132728921334,Class 3
0.332949322976,88.1845841785,18492.1693852,269.544080011,0.740854045425,1.0,962.113499455,0.834243389367,0.985202742454,0.0135587009654,0.562519935199,0.33551862117,1.0,1.0,0.757251159383,9.93002028398,0.57200811359,992.075153715,52003.6258731,2801298.13277,3.62880324544,-0.0233265720081,226.592292089,8.42638705459e-05,Class 3
0.643742619801,42.9148073022,4561.09218454,115.10290354,0.877006262706,1.0,416.195104369,0.443042403535,0.505275477226,0.0215115726086,0.319215421867,0.426041726975,1.0,1.0,0.885166594245,4.4107505071,0.80121703854,422.716634445,21308.4815557,1105043.42812,1.78701825558,-0.0375253549696,95.2251521298,4.10068018203e-05,Class 3
0.615986899761,68.0912778905,3853.60661836,114.065631735,0.851759772434,1.0,383.463089908,0.45620817772,0.519063243207,0.020791038889,0.345949253912,0.336909330376,1.0,1.0,0.860608449418,4.36206896552,0.782961460446,390.128399151,18869.1487718,956657.66009,2.75253549696,-0.00912778904665,80.7809330629,6.50639188121e-05,Class 3
0.334883089418,78.0791075051,20130.7132147,278.360256481,0.77412998783,1.0,1008.47737444,0.833869763419,0.986981972275,0.0150149402422,0.519395943574,0.365705970124,1.0,1.0,0.787354089272,10.1997971602,0.574036511156,1039.2572024,55100.0629769,2987271.88671,3.15415821501,-0.0456389452333,240.931034483,7.46076864617e-05,Class 3
0.436294738921,60.4888438134,13194.6009676,229.103030315,0.815653247946,1.0,817.975605785,0.698294408332,0.80772342613,0.0173249168313,0.441244751843,0.437523407748,1.0,1.0,0.826784487694,8.19979716024,0.657200811359,838.34543769,44707.9836475,2441587.17915,2.50101419878,0.163286004057,194.975659229,5.77994912835e-05,Class 3
0.397125682476,129.354969574,9623.61346052,215.426432952,0.724451862639,1.0,699.224375053,0.746276014952,0.889750293377,0.0137765068399,0.59090885514,0.222789388891,1.0,1.0,0.741145762884,7.76876267748,0.62677484787,719.919727751,36085.5150005,1896465.7898,5.01419878296,0.125760649087,148.125760649,0.000123603807992,Class 3
0.495723084645,93.0223123732,6953.98408053,171.58198569,0.796892332461,1.0,570.828199675,0.632138210386,0.734184926007,0.0174280338983,0.470518829991,0.276387950092,1.0,1.0,0.808849888545,6.26572008114,0.701825557809,584.709281504,29398.2409292,1544717.74576,3.67951318458,0.0811359026369,123.312373225,8.88865118628e-05,Class 3
0.356138062695,81.9371196755,16583.3984193,254.518851816,0.782568506265,1.0,910.602797791,0.788139435212,0.893308105478,0.0154369230523,0.476443560013,0.429569708925,1.0,1.0,0.791609079187,9.42089249493,0.590263691684,937.330224708,49087.6347315,2647592.44708,3.33671399594,-0.0192697768763,214.436105477,7.82941702289e-05,Class 3
0.815856061946,46.2231237323,624.070521977,40.8966408627,0.917154212213,1.0,111.403049295,0.21301107742,0.238107388845,0.0248982353803,0.190802575385,0.238357653394,1.0,1.0,0.920138726873,1.5537525355,0.902636916836,112.297009698,4620.69742954,210260.53552,1.85801217039,0.0507099391481,16.6146044625,4.41680294882e-05,Class 3
0.571864109706,80.9269776876,4805.46548784,135.014161147,0.826102795604,1.0,451.907470434,0.53723659059,0.608476380845,0.0188763015315,0.413207983917,0.309750064462,1.0,1.0,0.835227287693,5.03752535497,0.754563894523,461.188743978,22875.6874223,1190990.06654,3.19878296146,-0.0233265720081,95.3793103448,7.73289394633e-05,Class 3
0.819262782402,35.9188640974,1022.07612088,43.9626905584,0.930426537556,1.0,141.601038906,0.222059939945,0.246129524079,0.0256822850986,0.178821094068,0.341948779712,1.0,1.0,0.933843391641,1.74239350913,0.904665314402,142.667699353,6415.85043094,306728.844419,1.44016227181,-0.026369168357,26.7951318458,3.43219003939e-05,Class 3
0.503639183868,97.3204868154,6879.24677475,169.52392281,0.790948442415,1.0,574.729990184,0.623329397092,0.728485729948,0.0168882764831,0.480623031323,0.274165072124,1.0,1.0,0.803597581361,6.24847870183,0.707910750507,588.362679069,29705.3230555,1564562.32372,3.72210953347,-0.0760649087221,123.15010142,9.29935881523e-05,Class 3
0.456825578381,87.906693712,9094.98899549,191.731453236,0.784598201534,1.0,662.98329776,0.675229007657,0.801354617076,0.0164565219809,0.497912907645,0.294021113532,1.0,1.0,0.797615831826,7.10750507099,0.673427991886,679.951167913,34675.7385997,1833960.20644,3.56186612576,-0.00405679513185,148.454361055,8.39983351746e-05,Class 3
0.36735390806,88.4259634888,16039.1581437,256.885231126,0.7618691413,1.0,910.34159775,0.791556837316,0.944664952395,0.0148696506093,0.544105288317,0.330566881892,1.0,1.0,0.777448567967,9.29208924949,0.602434077079,936.816786575,49593.9348313,2698121.01416,3.54969574037,0.0243407707911,212.677484787,8.44945180581e-05,Class 3
0.462215438039,85.8073022312,7955.02937898,173.576534372,0.79119581605,1.0,601.61299609,0.61274207299,0.715770567846,0.0165568104001,0.445386092998,0.299359819352,1.0,1.0,0.80120666326,6.73732251521,0.675456389452,616.070082721,30102.0353241,1527150.56021,3.53144016227,-0.0760649087221,132.985801217,8.19922832824e-05,Class 3
0.510666573407,80.1643002028,7345.41704014,170.303081025,0.818176902102,1.0,589.35486564,0.612110262118,0.694935870233,0.0183339726184,0.425030136123,0.364650861184,1.0,1.0,0.828183052742,6.25456389452,0.711967545639,602.734382923,31178.3239588,1680208.62914,3.19472616633,-0.0212981744422,131.032454361,7.66001708532e-05,Class 3
0.653592485466,57.8519269777,3449.98940091,105.154881228,0.85728106402,1.0,351.53486938,0.425463310607,0.492482824758,0.0206835502756,0.347880525894,0.344567824664,1.0,1.0,0.866461195837,3.94219066937,0.807302231237,357.081238907,17405.0506956,886463.023867,2.35902636917,0.053752535497,75.0527383367,5.52798125782e-05,Class 3
0.536406239071,82.3265720081,5905.45531645,157.155768652,0.816794331365,1.0,512.823262326,0.580301469142,0.663440853157,0.0184918625912,0.431061539854,0.333692943944,1.0,1.0,0.826986450689,5.63387423935,0.730223123732,524.159332213,26320.6940462,1382307.92608,3.30425963489,0.197768762677,110.809330629,7.86663073915e-05,Class 3
0.659731165321,81.0669371197,2702.11617978,101.039135792,0.848541502359,1.0,318.691375231,0.43350815881,0.496848062435,0.0206382919121,0.370124226262,0.237177460966,1.0,1.0,0.856830185364,3.67748478702,0.811359026369,323.964859597,15758.6556731,817137.210664,3.0831643002,-0.00405679513185,60.953346856,7.74626762562e-05,Class 3
0.449625384182,96.0202839757,7984.94164601,178.186828489,0.8008159084,1.0,607.118519101,0.641269123578,0.721668810513,0.0172428860474,0.436258688226,0.309157116193,1.0,1.0,0.808094651166,6.88235294118,0.665314401623,622.644372781,30145.3895093,1518907.26507,3.81338742394,-0.0547667342799,132.085192698,9.17511927292e-05,Class 3
0.68362758127,56.9087221095,2718.4109039,90.7950942096,0.88187986716,1.0,299.185170318,0.390428942864,0.435781344895,0.0224820559267,0.280725256827,0.351692844683,1.0,1.0,0.887686062661,3.43002028398,0.825557809331,303.535853512,14669.5953599,747911.43576,2.30020283976,0.026369168357,61.8701825558,5.43785428875e-05,Class 3
0.605569247353,99.0324543611,2098.1352775,95.0868031345,0.825190562891,1.0,277.127462111,0.42232133061,0.484240558456,0.0197866117982,0.347861252706,0.148185573203,1.0,1.0,0.83193143912,3.75963488844,0.774847870183,282.364200368,11861.4700985,540666.658383,3.94929006085,-0.00507099391481,46.0669371197,9.46294410963e-05,Class 3
0.581335450876,68.799188641,4834.97334039,132.887766623,0.830381931307,1.0,442.840894398,0.506119296712,0.582761349229,0.0189099881544,0.406523121366,0.34410741861,1.0,1.0,0.839991348074,4.94929006085,0.760649087221,451.371046209,22061.0617488,1123028.20273,2.8154158215,0.107505070994,95.9513184584,6.57403556337e-05,Class 3
0.245172784089,99.7768762677,26517.2199701,310.988552627,0.732707626477,1.0,1109.71218458,0.907797862839,1.05647559398,0.0130014573643,0.552500632008,0.335568762756,1.0,1.0,0.744400082606,11.7687626775,0.48275862069,1148.68443363,58657.368639,3071333.00064,4.08113590264,-0.0486815415822,262.961460446,9.53407657769e-05,Class 3
0.426930372065,35.5922920892,17988.4663466,265.058278794,0.849295991308,1.0,989.508655313,0.696011930341,0.794399473564,0.0185242634651,0.368431908109,0.555612754559,1.0,1.0,0.858316225129,9.27484787018,0.649087221095,1012.53103607,56511.761126,3196910.71816,1.47870182556,0.0963488843813,244.813387424,3.40098478774e-05,Class 3
0.446465527527,55.5943204868,13115.3862242,223.476889341,0.819130317036,1.0,817.729253688,0.682643414937,0.80071503964,0.0171677983079,0.42964392054,0.425252400084,1.0,1.0,0.829036092551,8.12170385396,0.665314401623,837.413642558,44842.2798649,2451597.30863,2.30425963489,0.00405679513185,195.961460446,5.31225799637e-05,Class 3
0.155873918428,107.69979716,48120.9223857,398.81106784,0.693191954539,1.0,1419.68302818,1.01704184654,1.20474758623,0.011473730445,0.584288302448,0.367953715277,1.0,1.0,0.708151934687,14.7058823529,0.369168356998,1474.80208069,77345.0290092,4154170.45469,4.55172413793,0.113590263692,342.693711968,0.000102911431179,Class 3
0.58725195331,87.0020283976,4350.0080788,134.294080011,0.841531763048,1.0,431.27999434,0.511330018446,0.579770444341,0.0200555904815,0.376799647455,0.312913863858,1.0,1.0,0.849174850735,4.8275862069,0.764705882353,439.689504627,21686.2528618,1124661.14449,3.26977687627,0.0892494929006,88.4726166329,8.31338915573e-05,Class 3
0.45948347864,63.8093306288,12430.6162311,228.103030315,0.794897300284,1.0,815.633701845,0.672017040387,0.784121087617,0.0161790573544,0.470546173708,0.404293248201,1.0,1.0,0.809440917003,7.95131845842,0.675456389452,834.571857568,45713.4738938,2561995.93,2.61257606491,0.119675456389,193.186612576,6.09723482377e-05,Class 3
0.512625026229,66.139959432,8370.15753192,179.259597252,0.829707864625,1.0,633.887633293,0.615084320708,0.702399263332,0.0184805480004,0.408684706447,0.409434730633,1.0,1.0,0.838919413328,6.5121703854,0.713995943205,647.907303816,34129.7628057,1855896.93533,2.67951318458,0.02738336714,145.847870183,6.31993565702e-05,Class 3
0.465136659686,56.476673428,13165.1011686,237.026838631,0.799598279174,1.0,850.202095213,0.644035394541,0.781378518184,0.0165496102059,0.475559962113,0.388418148607,1.0,1.0,0.815737901655,8.11460446247,0.679513184584,868.666938704,48119.7567522,2714432.24749,2.33874239351,0.201825557809,203.553752535,5.39657032227e-05,Class 3
0.439923636798,94.7484787018,8857.9210122,186.759724027,0.781667912594,1.0,646.50568027,0.6749979751,0.780135075198,0.0162099153296,0.476740232711,0.304775574695,1.0,1.0,0.792806166259,7.16125760649,0.659229208925,663.598987386,32909.2273088,1697420.23972,3.8154158215,-0.120689655172,142.659229209,9.05359323075e-05,Class 3
0.484861077396,96.0851926978,7373.99194805,178.74096135,0.786110755042,1.0,594.892484578,0.635047343498,0.739482675856,0.0166658419123,0.474099678185,0.280318017429,1.0,1.0,0.798371050673,6.47667342799,0.693711967546,609.325914364,30913.5514008,1639320.81137,3.79716024341,0.0851926977688,128.713995943,9.18132155896e-05,Class 3
0.758114618863,28.7809330629,2699.29043034,78.7585830534,0.921678601909,1.0,283.258569946,0.306901550485,0.348532686234,0.0243235055933,0.226722473424,0.461754886663,1.0,1.0,0.92598961333,2.93610547667,0.870182555781,286.038642558,14622.0621053,767436.486722,1.17038539554,0.00101419878296,64.4969574037,2.75013239603e-05,Class 3
0.757999415756,34.0689655172,2635.96064994,81.5769146964,0.922372356298,1.0,283.351691522,0.323515670343,0.351365304976,0.0243258199414,0.228526689389,0.473067685734,1.0,1.0,0.92584762518,2.93306288032,0.870182555781,286.313236879,14726.2439559,780522.229961,1.30223123732,0.0547667342799,63.2434077079,3.25542488715e-05,Class 3
0.669745606853,76.8438133874,2360.90415503,96.3208295037,0.862308255768,1.0,286.282117527,0.421283603362,0.468855646449,0.0212626516091,0.347162892637,0.311728071015,1.0,1.0,0.868160707054,3.45030425963,0.817444219067,291.060194282,13466.6074986,663232.337153,2.92089249493,0.162271805274,53.7687626775,7.3427313899e-05,Class 3
0.485288974651,100.095334686,6259.75148065,160.703689544,0.789460647256,1.0,530.05146457,0.62202912382,0.720478443897,0.0170068225376,0.471775618091,0.242619528532,1.0,1.0,0.8002721573,6.12271805274,0.693711967546,543.371806859,26066.8246719,1311328.83265,3.97363083164,-0.00304259634888,111.200811359,9.56450654359e-05,Class 3
0.486350488996,94.354969574,6221.06020365,158.418953236,0.794942857272,1.0,521.858411174,0.594904238825,0.690965735227,0.0170780530302,0.448456658136,0.244676783522,1.0,1.0,0.804522608977,6.08215010142,0.693711967546,534.461056351,25293.9284371,1251333.4421,3.79513184584,0.0496957403651,110.405679513,9.01599187161e-05,Class 3
0.606375669104,67.953346856,4248.1049714,121.260865001,0.853416210232,1.0,410.10452512,0.467885930043,0.534039546535,0.0203281692619,0.342901961382,0.344304891872,1.0,1.0,0.859840567088,4.57302231237,0.776876267748,417.304869739,20550.7013833,1057767.60415,2.72413793103,-0.00101419878296,87.6227180527,6.49321202336e-05,Class 3
0.593514065065,68.8803245436,4665.48618453,128.568167232,0.849762824862,1.0,436.837335948,0.497160501471,0.566185197234,0.0201077918894,0.350817681127,0.336246947737,1.0,1.0,0.85694036953,4.81338742394,0.768762677485,444.962831199,22155.341525,1152197.28628,2.75050709939,0.00202839756592,94.3204868154,6.58178842092e-05,Class 3
0.744948549469,38.9878296146,2259.43679778,74.2243538444,0.92301051582,1.0,252.325858579,0.3018435774,0.330674361604,0.024905949874,0.192869568965,0.427604022322,1.0,1.0,0.925975029762,2.82454361055,0.862068965517,254.942800773,12323.0270362,619801.029282,1.55172413793,0.02738336714,54.1643002028,3.72544187639e-05,Class 4
0.845479718082,22.1967545639,1808.58096502,55.3815546558,0.956487912102,1.0,211.47768242,0.178883250959,0.191443348553,0.0269708627106,0.126603153422,0.578806727947,1.0,1.0,0.957784599422,1.96247464503,0.918864097363,212.363186169,12271.460939,732269.447834,0.849898580122,-0.100405679513,47.6632860041,2.12098800548e-05,Class 4
0.754625610474,58.9574036511,1413.4807862,63.7850789966,0.899160041649,1.0,197.002493785,0.316473330736,0.349867382469,0.0237464614581,0.254323581876,0.251963190282,1.0,1.0,0.903423295668,2.41176470588,0.868154158215,199.356340327,9177.20562237,455144.985004,2.25557809331,-0.0283975659229,35.2494929006,5.633613942e-05,Class 4
0.848450312488,40.38336714,617.580901181,38.8754694631,0.929943198484,1.0,106.368542664,0.200566734787,0.219194102983,0.0256642846131,0.194356256532,0.297366336344,1.0,1.0,0.93319037786,1.37829614604,0.920892494929,107.093409293,4626.49871789,216669.870786,1.53144016227,0.078093306288,16.7626774848,3.85879102633e-05,Class 4
0.452168081333,96.8985801217,7561.33933709,177.942786907,0.794258410524,1.0,587.545690791,0.62344688265,0.696443336952,0.0171819415465,0.431848578392,0.334767055332,1.0,1.0,0.802733738227,6.74340770791,0.665314401623,602.291685155,28984.3103146,1459107.1582,3.9168356998,0.12677484787,126.768762677,9.25904395594e-05,Class 4
0.741369024353,26.7768762677,3072.23820857,84.318040457,0.942319723646,1.0,308.39229793,0.320958454838,0.347971061515,0.0260222371248,0.170338813837,0.578362803568,1.0,1.0,0.945194301637,3.20791075051,0.860040567951,311.609636473,15726.8311532,810996.749375,1.03651115619,-0.00507099391481,71.4077079108,2.55863681444e-05,Class 4
0.0801196466556,38.0101419878,155915.598008,706.176306177,0.758235260518,1.0,2692.83843912,1.08456460764,1.29383005048,0.0130829738486,0.489223404412,0.403051485579,1.0,1.0,0.768831633177,24.8711967546,0.192697768763,2793.34594479,158387.200702,9030410.50781,1.738336714,-0.0578093306288,690.387423935,3.63201994286e-05,Class 4
0.0993585655567,133.995943205,69591.0035314,462.286980619,0.671955737629,1.0,1612.52571871,1.10847169254,1.27565829084,0.0110134323159,0.583793567653,0.396486245852,1.0,1.0,0.6841972644,17.0101419878,0.257606490872,1682.46942349,87356.5444757,4660566.72034,5.52535496957,0.288032454361,388.180527383,0.000128038442513,Class 4
0.385333821575,64.7951318458,15054.6898172,240.714211857,0.825189307613,1.0,854.222192283,0.731841865143,0.820578355829,0.0184234607463,0.398635856007,0.474159836945,1.0,1.0,0.834224185401,8.89452332657,0.612576064909,877.504413349,45302.2092354,2398684.98759,2.75456389452,0.204868154158,203.732251521,6.19143204305e-05,Class 4
0.637208957864,59.8235294118,4106.92498594,112.406148976,0.865962495458,1.0,400.912815662,0.445588090357,0.513278009787,0.0211798493758,0.336359291618,0.348154303805,1.0,1.0,0.873705542073,4.32555780933,0.797160243408,407.346451889,20543.7062325,1077451.83429,2.37119675456,-0.163286004057,87.1501014199,5.7163756964e-05,Class 4
0.878781644854,39.0993914807,44.7804582996,20.7670769682,0.939243079186,1.0,43.7344115528,0.138514799291,0.156833054605,0.0266224247413,0.132227971432,0.02512000189,1.0,1.0,0.941461436918,0.821501014199,0.937119675456,43.968916392,1238.13057166,37607.2851755,1.5415821501,-2.08166817117e-17,1.2677484787,3.73610205553e-05,Class 4
0.871038350292,37.9634888438,237.862058319,26.9316307207,0.938017402949,1.0,63.9242723898,0.160553131209,0.178694008381,0.0263740180414,0.154270121004,0.11855799515,1.0,1.0,0.940600843638,0.991886409736,0.933062880325,64.291431605,2338.21874356,95081.5471398,1.47667342799,0.052738336714,6.6430020284,3.62756204977e-05,Class 4
0.459425877087,112.028397566,5764.83108198,167.476255467,0.767622039142,1.0,503.937345455,0.579897325842,0.674628897573,0.0159915951555,0.450367000339,0.229884800876,1.0,1.0,0.77686754017,6.14807302231,0.67139959432,516.32895696,23724.5700684,1152403.61221,4.56389452333,0.397565922921,101.45841785,0.000107047580684,Class 4
0.772054194833,54.1480730223,1617.16086757,67.8795262582,0.897204786866,1.0,214.445919688,0.302018345791,0.333642035287,0.0236178865617,0.273645982801,0.318392453939,1.0,1.0,0.902955468584,2.39452332657,0.878296146045,216.652739921,10954.9426676,593836.431396,2.07910750507,0.00304259634888,40.7748478702,5.17406331046e-05,Class 4
0.743994009438,47.1947261663,1972.03593576,71.6788416741,0.893494569015,1.0,234.741032004,0.32784512895,0.37195477392,0.0231856177599,0.279865890171,0.329097457712,1.0,1.0,0.900116067352,2.71095334686,0.862068965517,237.514808887,11297.4414632,565262.958098,1.90872210953,0.00912778904665,47.7484787018,4.50964341804e-05,Class 4
0.527329879983,123.734279919,3104.47836886,119.977776765,0.771853694994,1.0,363.212321798,0.536986198577,0.612640268404,0.0166398697832,0.46723764259,0.190190556357,1.0,1.0,0.780769479052,4.77789046653,0.722109533469,371.996046209,16270.4901606,774217.915237,4.90263691684,-0.155172413793,62.3630831643,0.000118233015921,Class 4
0.830042501718,22.261663286,1461.89735951,51.1017625666,0.944608749186,1.0,172.563290905,0.220780207067,0.243630284782,0.0261490119726,0.158075510209,0.512957122724,1.0,1.0,0.947173997215,1.87728194726,0.910750507099,173.706999556,8572.65823234,438767.11959,0.931034482759,0.080121703854,37.9776876268,2.12719029153e-05,Class 4
0.848606659562,29.2576064909,938.681017012,41.6359917755,0.9410925407,1.0,128.741628362,0.192140173053,0.211329108454,0.0260322659667,0.161151975814,0.431625321532,1.0,1.0,0.943390423809,1.51115618661,0.920892494929,129.492242964,6081.38912896,303228.476907,1.15212981744,0.0770791075051,25.1521298174,2.79568043417e-05,Class 4
0.991911096116,2.5354969574,-0.0323934420636,1.26555567001,0.995949685372,1.0,2.53330349775,0.01146137643,0.0126825934509,0.0300209164034,0.01146137643,0.000282314513096,1.0,1.0,0.99609923545,0.0507099391481,0.995943204868,2.52672572262,62.9129626292,1568.89808432,0.101419878296,0.0,0.0,2.42276798579e-06,Class 4
0.875004628696,33.9107505071,272.163267185,27.130540457,0.944099170398,1.0,63.7799633064,0.144449284256,0.164323419763,0.0268574596519,0.127547359351,0.16783456032,1.0,1.0,0.94656753039,0.971602434077,0.93509127789,64.0814924569,2373.35391724,97594.4275357,1.34279918864,0.103448275862,7.60243407708,3.24030681492e-05,Class 4
0.983855107406,6.23529411765,-0.0325296820349,3.11165100469,0.99189765762,1.0,6.22559322347,0.0229155762872,0.0253580103291,0.029769423906,0.0229155762872,0.00056586003374,1.0,1.0,0.992175456389,0.111561866126,0.991886409736,6.21130990112,175.770372619,5048.39441577,0.223123732252,0.0,0.0,5.95807103066e-06,Class 4
0.815732630046,72.3367139959,52.196621962,36.8241256497,0.903779307251,1.0,76.9280637205,0.210695754203,0.239354256955,0.0245454258645,0.210695754203,0.0196917296957,1.0,1.0,0.907016719256,1.3630831643,0.902636916836,77.69558982,2297.16532381,71606.7288756,2.62068965517,-0.026369168357,1.42393509128,6.91206015275e-05,Class 4
0.940234273747,14.3651115619,190.355357571,10.7415952238,0.974679696812,1.0,36.369000098,0.0768377492624,0.0842515803843,0.0285333048519,0.0688388037901,0.329483812178,1.0,1.0,0.975491640806,0.494929006085,0.969574036511,36.3953869802,1515.86657888,69437.7412836,0.57200811359,-0.0770791075051,5.53752535497,1.37264343003e-05,Class 4
0.543935585005,146.787018256,1617.46830893,110.623060741,0.765373618608,1.0,277.272526951,0.496057874871,0.56645177911,0.0173807183364,0.431523324703,0.0913562219499,1.0,1.0,0.774547880999,4.12170385396,0.732251521298,284.178348441,11242.2877883,503728.783959,5.70385395538,0.107505070994,34.6044624746,0.000140260822448,Class 4
0.808063394624,53.2778904665,759.579461954,48.1669248384,0.909769624776,1.0,131.724148956,0.250569473673,0.277121139616,0.0245230538325,0.232660953555,0.265216965846,1.0,1.0,0.914186588357,1.73427991886,0.898580121704,132.969930591,5720.59390203,269334.865574,2.01622718053,0.0567951318458,20.0304259635,5.09091391319e-05,Class 4
0.841085542421,49.2920892495,523.057362386,39.2743031345,0.927668959909,1.0,104.976543345,0.202351227012,0.225402522558,0.0256725134065,0.181860523732,0.242867174075,1.0,1.0,0.930692918762,1.41277890467,0.916835699797,105.729819029,4390.25459707,198943.560057,1.77890466531,0.0233265720081,14.1967545639,4.71005478582e-05,Class 4
0.811774580434,67.7748478702,248.481542583,39.1993791994,0.905919528687,1.0,93.2269396299,0.236035921459,0.262100162317,0.0245263967798,0.226880688356,0.0989843631526,1.0,1.0,0.909241889284,1.48580121704,0.90060851927,94.2064924569,3251.56158237,123497.338946,2.4645030426,-0.051724137931,6.69979716024,6.47615573674e-05,Class 4
0.344519006455,162.914807302,10105.3380475,221.637259524,0.662721760909,1.0,725.264275916,0.791354886034,0.957394041428,0.0115529325812,0.673900944229,0.153976931579,1.0,1.0,0.684943572832,8.34989858012,0.58215010142,748.985397122,36737.806131,1905053.51741,6.32251521298,-0.2261663286,147.038539554,0.000155671565052,Class 4
0.450876160774,142.361054767,4093.35346629,145.351509017,0.744682907015,1.0,430.730819998,0.553801521298,0.645170211594,0.0160054812443,0.445067303436,0.102389030974,1.0,1.0,0.755254532111,5.77687626775,0.661257606491,441.780782518,18768.0251108,859061.839201,5.68762677485,-0.026369168357,75.215010142,0.000136031638652,Class 4
0.807824759616,37.9188640974,1375.25499431,57.4743538444,0.916065167925,1.0,177.709839993,0.266084980685,0.292996960889,0.0245184251362,0.238184140514,0.363474881252,1.0,1.0,0.921203458103,2.01622718053,0.898580121704,179.284839313,8694.83225459,445340.451167,1.50101419878,0.113590263692,35.4665314402,3.62329797811e-05,Class 4
0.987887216158,3.80324543611,-0.0324613515471,1.26555567001,0.993924528057,1.0,3.79860121656,0.0161178260153,0.0177999837695,0.0298954273045,0.0161178260153,0.000565204005612,1.0,1.0,0.994148853175,0.0760649087221,0.993914807302,3.78813545892,94.369566014,2353.34711885,0.152129817444,-0.025354969574,0.0,3.63415197869e-06,Class 4
0.871252298919,33.8113590264,367.199905579,26.7412148992,0.94835312995,1.0,73.9423098718,0.156722626892,0.170919862999,0.0270904373642,0.124700934457,0.193936417484,1.0,1.0,0.950178485385,1.05983772819,0.933062880325,74.3210969194,2909.51508769,124745.021319,1.30831643002,-0.0192697768763,10.1926977688,3.23080956441e-05,Class 4
0.870939604771,20.1419878296,1027.18087282,36.4393639864,0.953542745397,1.0,130.511039337,0.168863293508,0.187181548822,0.0268438307129,0.140070317929,0.509851754664,1.0,1.0,0.955937773087,1.41176470588,0.933062880325,131.08707055,6512.0660591,336475.622416,0.803245436105,-0.052738336714,27.8235294118,1.92464688791e-05,Class 4
0.890310184366,32.6997971602,162.229156555,19.9482382258,0.945515262637,1.0,50.7009484951,0.128656285838,0.140692863841,0.0268649169959,0.127435068817,0.185835399565,1.0,1.0,0.947667435603,0.810344827586,0.943204868154,50.9027399214,1837.61167428,76751.2584953,1.29614604462,-0.0314401622718,4.60040567951,3.12459541592e-05,Class 4
0.826553493329,29.7302231237,1120.96764261,43.5169501933,0.940641425829,1.0,145.878029217,0.213456553566,0.234465377097,0.0260392090111,0.155111189566,0.373976066759,1.0,1.0,0.942619600032,1.73326572008,0.908722109533,146.882963045,6768.10490767,328250.736789,1.20283975659,-0.025354969574,29.3955375254,2.84084082942e-05,Class 4
0.688614230052,49.2413793103,2894.18492043,87.2859664205,0.901788072971,1.0,306.004142964,0.358801633986,0.393733384997,0.0235556563118,0.247244083369,0.40178527732,1.0,1.0,0.905995370786,3.49290060852,0.827586206897,310.019119232,14691.4573814,723893.915544,1.95131845842,-0.101419878296,65.4117647059,4.70520924985e-05,Class 4
0.749046488568,76.1764705882,587.403454633,56.9424065828,0.876235664008,1.0,134.081936561,0.279100691691,0.317541451252,0.0229400397078,0.257651854705,0.127605701042,1.0,1.0,0.881689136238,2.0476673428,0.864097363083,135.782050266,5080.26820952,212996.440314,2.96348884381,0.155172413793,15.0283975659,7.27896413652e-05,Class 4
0.967841875507,3.70993914807,227.620314139,9.27848670449,0.990882206877,1.0,30.4694925656,0.0494659796962,0.0506871967172,0.0295192171576,0.0339016294861,0.702354044322,1.0,1.0,0.991109377438,0.33569979716,0.983772819473,30.4534498605,1468.34953559,73235.7783752,0.156186612576,0.02738336714,6.70588235294,3.54499411681e-06,Class 4
1.0,0.0,-0.0322580645161,0.0009765625,1.0,1.0,0.0,-0.0,-0.0,0.0302734375,-0.0,nan,1.0,1.0,1.0,0.0,1.0,0.00390625,-0.000244140625,1.52587890625e-05,0.0,0.0,0.0,0.0,Class 4
0.955934811499,9.95334685598,183.845919167,12.6707280838,0.98217054732,1.0,31.4312782389,0.0630980020982,0.0672225938943,0.0290213751587,0.0567738809585,0.509276713624,1.0,1.0,0.982939375329,0.396551724138,0.977687626775,31.4321516861,1376.78934923,64847.3228494,0.383367139959,0.0841784989858,5.39350912779,9.51081800503e-06,Class 4
0.572250862995,64.4178498986,5616.60937813,138.155895427,0.849423403008,1.0,488.620536244,0.532120695219,0.602961755988,0.0200990487965,0.366646204273,0.395462106175,1.0,1.0,0.857149243625,5.2677484787,0.754563894523,498.236664871,25162.8998414,1319179.79021,2.61663286004,-0.0872210953347,108.78296146,6.15538125542e-05,Class 4
0.867615172249,31.354969574,566.175597442,31.7526246355,0.9447735469,1.0,92.9428093759,0.157324177985,0.173101916649,0.0266321964334,0.134108838268,0.335728741476,1.0,1.0,0.946979999657,1.1906693712,0.931034482759,93.3735817064,4127.35347353,199075.200117,1.22920892495,0.0243407707911,15.5780933063,2.99609180195e-05,Class 4
0.829984900164,47.8681541582,605.449152327,41.410586096,0.924632899887,1.0,111.605428457,0.219675389483,0.244254506181,0.0253261326355,0.197195183213,0.232861050945,1.0,1.0,0.927436787402,1.50811359026,0.910750507099,112.509230794,4653.71955968,209302.747719,1.78296146045,0.051724137931,16.2535496957,4.57399213574e-05,Class 4
0.878477179499,23.8438133874,742.12635309,33.6390343718,0.957853873131,1.0,104.538741327,0.163161723595,0.176356753977,0.0272012689249,0.124874606178,0.428274248052,1.0,1.0,0.959238617447,1.2261663286,0.937119675456,105.009737893,4850.0734992,235369.559693,0.898580121704,0.053752535497,20.3671399594,2.27837101384e-05,Class 4
0.967841875507,12.2920892495,-0.0328047789761,6.13307595398,0.983794354976,1.0,12.2533087568,0.0458023286334,0.0506871967172,0.0292695247088,0.0458023286334,0.0011366799107,1.0,1.0,0.984343072676,0.223123732252,0.983772819473,12.2402145664,336.84829161,9288.1335171,0.446247464503,-1.38777878078e-17,0.0,1.17455791951e-05,Class 4
0.580183419804,110.298174442,2356.08523023,111.292305163,0.814244080252,1.0,303.96636763,0.470734196474,0.538950978028,0.0191398800692,0.38407299319,0.166373237962,1.0,1.0,0.821217488967,4.09229208925,0.758620689655,310.431137487,13103.7940716,598356.664357,4.29411764706,0.23630831643,50.2880324544,0.000105394283811,Class 4
0.944101806632,7.90263691684,551.708004251,16.9643386315,0.982771843718,1.0,71.3312732266,0.0812991081747,0.0845018185043,0.0290218894582,0.0560136046708,0.694278666331,1.0,1.0,0.983956944847,0.679513184584,0.971602434077,71.3796668991,3979.5542215,229152.905762,0.300202839757,-0.0933062880325,15.9107505071,7.55128325812e-06,Class 4
0.780167785097,68.9249492901,282.418733055,43.1807432968,0.891643943279,1.0,97.1811422504,0.246174108554,0.279525613558,0.0237883768744,0.230369910052,0.0501466644037,1.0,1.0,0.895469711122,1.64705882353,0.882352941176,98.3345350532,3228.93186793,117972.511885,2.69776876268,0.052738336714,7.45436105477,6.58605249258e-05,Class 4
0.928467099227,25.8478701826,56.4591784773,15.5075688546,0.963738659087,1.0,32.23057515,0.0937204698498,0.103190870463,0.0280424058973,0.0937204698498,0.0799030997284,1.0,1.0,0.965220826199,0.528397565923,0.963488843813,32.2916851547,1082.35329129,40917.7390473,0.947261663286,0.0314401622718,1.6430020284,2.46986659544e-05,Class 4
0.852630539521,38.6490872211,750.259361478,37.5088366031,0.942389134677,1.0,119.520379854,0.177533003503,0.192061330192,0.0267358277999,0.13842352092,0.384840707717,1.0,1.0,0.944598626416,1.39959432049,0.922920892495,120.136766291,5996.69559131,330753.370792,1.46044624746,-0.0811359026369,20.4584178499,3.6930736961e-05,Class 4
0.633407255327,55.7667342799,4820.38581478,131.539262567,0.861970133974,1.0,449.342405073,0.485291491743,0.546869841281,0.0205755473626,0.361754635452,0.402507747254,1.0,1.0,0.870001390824,4.60953346856,0.795131845842,456.906289617,24151.3685677,1323807.12576,2.21703853955,0.116632860041,100.572008114,5.32873281867e-05,Class 4
0.491065587598,67.9553752535,9145.43639756,186.551813276,0.847639191818,1.0,660.605969743,0.631798978972,0.711195105773,0.0194502598692,0.382894951501,0.421727298759,1.0,1.0,0.854019360503,6.90263691684,0.697768762677,675.929362639,34683.5116885,1828452.29697,2.62880324544,0.0243407707911,152.423935091,6.4934058448e-05,Class 4
0.855864455316,34.7322515213,930.517973383,46.7917980635,0.943878626868,1.0,134.644072215,0.193976142024,0.21205604049,0.0264835638531,0.160019991971,0.375449595429,1.0,1.0,0.94606235708,1.47971602434,0.924949290061,135.388541138,6967.92934035,385383.513051,1.28803245436,0.147058823529,25.2555780933,3.31880449766e-05,Class 4
0.944085349045,16.6004056795,241.74087328,13.3695110453,0.974868263227,1.0,44.6197484718,0.0825203251957,0.0861839762585,0.0286505651574,0.076201698391,0.37359521439,1.0,1.0,0.976085211739,0.52738336714,0.971602434077,44.6590786638,2140.64497645,112302.590263,0.596348884381,-0.0628803245436,7.04665314402,1.58623465566e-05,Class 4
0.959884632317,14.8438133874,57.5673820736,6.83008406757,0.980144546591,1.0,21.586771686,0.0596772557337,0.0633409067965,0.0290206037093,0.0596772557337,0.203229738582,1.0,1.0,0.981014767461,0.31845841785,0.979716024341,21.5835208545,817.402503704,35015.5039889,0.523326572008,-0.0831643002028,1.70385395538,1.4183852896e-05,Class 4
0.932408691252,13.4584178499,254.912086189,13.4150232156,0.972653651472,1.0,42.6848667266,0.0839229496208,0.0935153076459,0.0282890125487,0.0776098516346,0.310501367687,1.0,1.0,0.973490404119,0.573022312373,0.965517241379,42.7308332277,1769.08456031,78819.6776011,0.557809330629,-0.025354969574,7.35294117647,1.28600524686e-05,Class 4
0.845117651173,42.1724137931,390.312885979,31.6293994834,0.929388578924,1.0,83.9617330969,0.185984712888,0.206085752429,0.0259219487056,0.16577988945,0.168242009597,1.0,1.0,0.932319077402,1.24036511156,0.918864097363,84.5437135522,3269.31825389,141156.262631,1.66937119675,-0.00101419878296,10.6693711968,4.02974153541e-05,Class 4
0.909376298606,28.9168356998,42.2542245338,15.6378933982,0.954430699663,1.0,33.5386513221,0.104281309009,0.11753564261,0.027456875819,0.104281309009,0.0447062161164,1.0,1.0,0.95605580787,0.616632860041,0.953346855984,33.634737893,972.681550991,30493.2734052,1.13590263692,5.55111512313e-17,1.21703853955,2.76311843244e-05,Class 4
0.967866561887,11.6389452333,-0.0328045036958,7.61241165378,0.983795621263,1.0,11.6022294314,0.0445811116124,0.0470235456543,0.0292702961581,0.0445811116124,0.00151811730807,1.0,1.0,0.984358840846,0.217038539554,0.983772819473,11.5885918484,310.646069881,8350.30584769,0.434077079108,0.0608519269777,0.0,1.1121474162e-05,Class 4
1.0,0.0,-0.0322580645161,0.0009765625,1.0,1.0,0.0,-0.0,-0.0,0.0302734375,-0.0,nan,1.0,1.0,1.0,0.0,1.0,0.00390625,-0.000244140625,1.52587890625e-05,0.0,0.0,0.0,0.0,Class 4
0.936342054483,20.3002028398,-0.0333633085008,10.1257230128,0.967597607264,1.0,20.1814266748,0.0768338023833,0.0866035385509,0.0282902982976,0.0768338023833,0.00268106353049,1.0,1.0,0.968794808227,0.405679513185,0.967545638945,20.2026892115,504.519405961,12611.7488426,0.811359026369,0.0,0.0,1.93976496015e-05,Class 4
0.924698311863,21.0385395538,129.797865998,15.5021175361,0.966581758555,1.0,35.8469569525,0.0932922875039,0.102411317921,0.0281722665427,0.0818928644814,0.146027905477,1.0,1.0,0.967760885425,0.563894523327,0.961460446247,35.9116141608,1276.02057863,50464.5659144,0.827586206897,0.0507099391481,3.75253549696,2.01031596389e-05,Class 4
0.703072220005,50.0588235294,2890.57925638,95.2381723029,0.88504502972,1.0,310.9686165,0.382308803717,0.431365426884,0.0224560837977,0.294029945552,0.379258791713,1.0,1.0,0.891584552872,3.38438133874,0.837728194726,315.155782518,15866.5718511,836130.172934,2.02231237323,0.155172413793,66.4847870183,4.78331928971e-05,Class 4
0.971849297878,9.51926977688,-0.0327354305233,5.60024126838,0.98582257938,1.0,9.49264562595,0.0382515301938,0.0419151812567,0.0293950138077,0.0382515301938,0.0012132494741,1.0,1.0,0.986331143126,0.183569979716,0.985801217039,9.47728353195,245.76686254,6396.21211552,0.367139959432,0.0294117647059,0.0,9.09604012586e-06,Class 4
1.0,0.0,-0.0322580645161,0.0009765625,1.0,1.0,0.0,-0.0,-0.0,0.0302734375,-0.0,nan,1.0,1.0,1.0,0.0,1.0,0.00390625,-0.000244140625,1.52587890625e-05,0.0,0.0,0.0,0.0,Class 4
0.815798460393,35.046653144,986.961164676,45.876356887,0.930518186165,1.0,136.886258129,0.218488620976,0.242057212047,0.0254739937664,0.16853164537,0.324695924078,1.0,1.0,0.932897347563,1.72819472617,0.902636916836,137.92074195,6065.57246123,284135.669212,1.43610547667,0.103448275862,25.8255578093,3.34884682068e-05,Class 4
0.706009899238,53.5618661258,2053.60015659,76.8583548586,0.900953472609,1.0,243.184939235,0.312718712174,0.343303548238,0.0239547527903,0.202523478239,0.357101281207,1.0,1.0,0.904501713447,2.98377281947,0.837728194726,246.077435662,11102.0628422,529589.587335,2.18661257606,0.0770791075051,48.3144016227,5.11804891463e-05,Class 4
0.608984196602,83.4543610548,3812.30204329,119.793065812,0.856770861253,1.0,393.508934934,0.492734703434,0.547403483737,0.0208674123775,0.348466361178,0.343270648184,1.0,1.0,0.862385978285,4.48174442191,0.778904665314,400.982861625,19386.1127836,985641.336866,3.1014198783,-0.051724137931,79.6612576065,7.97439545916e-05,Class 4
0.707219531864,44.2352941176,2813.61514074,87.5674065828,0.904762514659,1.0,297.826215435,0.367478744691,0.400850919521,0.0235412559234,0.254035678479,0.424443237343,1.0,1.0,0.909108272058,3.32048681542,0.839756592292,301.74579266,14652.5420828,740942.702708,1.76064908722,0.0466531440162,64.584178499,4.22685793873e-05,Class 4
0.385333821575,64.7951318458,15054.6898172,240.714211857,0.825189307613,1.0,854.222192283,0.731841865143,0.820578355829,0.0184234607463,0.398635856007,0.474159836945,1.0,1.0,0.834224185401,8.89452332657,0.612576064909,877.504413349,45302.2092354,2398684.98759,2.75456389452,0.204868154158,203.732251521,6.19143204305e-05,Class 4
0.878781644854,39.0993914807,44.7804582996,20.7670769682,0.939243079186,1.0,43.7344115528,0.138514799291,0.156833054605,0.0266224247413,0.132227971432,0.02512000189,1.0,1.0,0.941461436918,0.821501014199,0.937119675456,43.968916392,1238.13057166,37607.2851755,1.5415821501,-2.08166817117e-17,1.2677484787,3.73610205553e-05,Class 4
0.871038350292,37.9634888438,237.862058319,26.9316307207,0.938017402949,1.0,63.9242723898,0.160553131209,0.178694008381,0.0263740180414,0.154270121004,0.11855799515,1.0,1.0,0.940600843638,0.991886409736,0.933062880325,64.291431605,2338.21874356,95081.5471398,1.47667342799,0.052738336714,6.6430020284,3.62756204977e-05,Class 4
0.991911096116,2.5354969574,-0.0323934420636,1.26555567001,0.995949685372,1.0,2.53330349775,0.01146137643,0.0126825934509,0.0300209164034,0.01146137643,0.000282314513096,1.0,1.0,0.99609923545,0.0507099391481,0.995943204868,2.52672572262,62.9129626292,1568.89808432,0.101419878296,0.0,0.0,2.42276798579e-06,Class 4
0.983855107406,6.23529411765,-0.0325296820349,3.11165100469,0.99189765762,1.0,6.22559322347,0.0229155762872,0.0253580103291,0.029769423906,0.0229155762872,0.00056586003374,1.0,1.0,0.992175456389,0.111561866126,0.991886409736,6.21130990112,175.770372619,5048.39441577,0.223123732252,0.0,0.0,5.95807103066e-06,Class 4
0.815732630046,72.3367139959,52.196621962,36.8241256497,0.903779307251,1.0,76.9280637205,0.210695754203,0.239354256955,0.0245454258645,0.210695754203,0.0196917296957,1.0,1.0,0.907016719256,1.3630831643,0.902636916836,77.69558982,2297.16532381,71606.7288756,2.62068965517,-0.026369168357,1.42393509128,6.91206015275e-05,Class 4
0.543935585005,146.787018256,1617.46830893,110.623060741,0.765373618608,1.0,277.272526951,0.496057874871,0.56645177911,0.0173807183364,0.431523324703,0.0913562219499,1.0,1.0,0.774547880999,4.12170385396,0.732251521298,284.178348441,11242.2877883,503728.783959,5.70385395538,0.107505070994,34.6044624746,0.000140260822448,Class 4
0.450876160774,142.361054767,4093.35346629,145.351509017,0.744682907015,1.0,430.730819998,0.553801521298,0.645170211594,0.0160054812443,0.445067303436,0.102389030974,1.0,1.0,0.755254532111,5.77687626775,0.661257606491,441.780782518,18768.0251108,859061.839201,5.68762677485,-0.026369168357,75.215010142,0.000136031638652,Class 4
0.807824759616,37.9188640974,1375.25499431,57.4743538444,0.916065167925,1.0,177.709839993,0.266084980685,0.292996960889,0.0245184251362,0.238184140514,0.363474881252,1.0,1.0,0.921203458103,2.01622718053,0.898580121704,179.284839313,8694.83225459,445340.451167,1.50101419878,0.113590263692,35.4665314402,3.62329797811e-05,Class 4
0.741369024353,26.7768762677,3072.23820857,84.318040457,0.942319723646,1.0,308.39229793,0.320958454838,0.347971061515,0.0260222371248,0.170338813837,0.578362803568,1.0,1.0,0.945194301637,3.20791075051,0.860040567951,311.609636473,15726.8311532,810996.749375,1.03651115619,-0.00507099391481,71.4077079108,2.55863681444e-05,Class 4
0.870939604771,20.1419878296,1027.18087282,36.4393639864,0.953542745397,1.0,130.511039337,0.168863293508,0.187181548822,0.0268438307129,0.140070317929,0.509851754664,1.0,1.0,0.955937773087,1.41176470588,0.933062880325,131.08707055,6512.0660591,336475.622416,0.803245436105,-0.052738336714,27.8235294118,1.92464688791e-05,Class 4
0.826553493329,29.7302231237,1120.96764261,43.5169501933,0.940641425829,1.0,145.878029217,0.213456553566,0.234465377097,0.0260392090111,0.155111189566,0.373976066759,1.0,1.0,0.942619600032,1.73326572008,0.908722109533,146.882963045,6768.10490767,328250.736789,1.20283975659,-0.025354969574,29.3955375254,2.84084082942e-05,Class 4
1.0,0.0,-0.0322580645161,0.0009765625,1.0,1.0,0.0,-0.0,-0.0,0.0302734375,-0.0,nan,1.0,1.0,1.0,0.0,1.0,0.00390625,-0.000244140625,1.52587890625e-05,0.0,0.0,0.0,0.0,Class 4
0.955934811499,9.95334685598,183.845919167,12.6707280838,0.98217054732,1.0,31.4312782389,0.0630980020982,0.0672225938943,0.0290213751587,0.0567738809585,0.509276713624,1.0,1.0,0.982939375329,0.396551724138,0.977687626775,31.4321516861,1376.78934923,64847.3228494,0.383367139959,0.0841784989858,5.39350912779,9.51081800503e-06,Class 4
0.452168081333,96.8985801217,7561.33933709,177.942786907,0.794258410524,1.0,587.545690791,0.62344688265,0.696443336952,0.0171819415465,0.431848578392,0.334767055332,1.0,1.0,0.802733738227,6.74340770791,0.665314401623,602.291685155,28984.3103146,1459107.1582,3.9168356998,0.12677484787,126.768762677,9.25904395594e-05,Class 4
0.81583960436,50.677484787,435.246173145,35.0644907613,0.915946605776,1.0,96.1358112659,0.213738668607,0.239785327248,0.0250100955401,0.189410781151,0.135948051199,1.0,1.0,0.918844451131,1.46044624746,0.902636916836,96.9775370816,3633.38540495,151593.775497,2.00811359026,-0.0750507099391,11.6653144016,4.84243482856e-05,Class 4
0.621969232542,34.1866125761,5679.16325233,118.710028287,0.907586903147,1.0,478.738290617,0.426034488194,0.460546732174,0.0233735942585,0.231027283041,0.610682064294,1.0,1.0,0.91190505085,4.95334685598,0.784989858012,485.763541138,24756.4467323,1287370.61328,1.43610547667,-0.42799188641,113.202839757,3.2666665306e-05,Class 4
0.141506445202,180.634888438,31826.7249503,356.243243297,0.590199291734,1.0,1184.61204891,0.975742707724,1.18717725405,0.00852807956806,0.678127919979,0.177774258567,1.0,1.0,0.609029371996,13.5750507099,0.340770791075,1233.2531456,59996.8469526,3036069.54708,7.34888438134,0.106490872211,264.002028398,0.000172603805951,Class 4
0.787178717049,35.060851927,1416.2442657,54.5177108424,0.925852871764,1.0,176.272370626,0.24167436592,0.270383969253,0.0250201243821,0.183057701044,0.346706672505,1.0,1.0,0.92850248617,2.130831643,0.886409736308,177.745032011,8035.63958059,381493.486013,1.4462474645,0.051724137931,35.8032454361,3.35020357075e-05,Class 4
0.815798460393,35.046653144,986.961164676,45.876356887,0.930518186165,1.0,136.886258129,0.218488620976,0.242057212047,0.0254739937664,0.16853164537,0.324695924078,1.0,1.0,0.932897347563,1.72819472617,0.902636916836,137.92074195,6065.57246123,284135.669212,1.43610547667,0.103448275862,25.8255578093,3.34884682068e-05,Class 4
0.928417726467,16.8397565923,397.362111917,14.3300840676,0.968709254399,1.0,62.1939459527,0.104412087484,0.108997620013,0.0281601805024,0.0968796231543,0.57722338347,1.0,1.0,0.970600107222,0.707910750507,0.963488843813,62.3056303879,3047.38069843,159678.514701,0.6369168357,-0.196754563895,11.4097363083,1.60910558544e-05,Class 4
0.104197096059,242.989858012,38633.0069373,398.935180416,0.444389147021,1.0,1287.61651965,1.14853707178,1.43714124331,0.00451088550431,0.944384287767,0.0880797002912,1.0,1.0,0.482612046009,14.5618661258,0.300202839757,1349.56019428,67710.6491125,3565199.30376,9.60243407708,0.0567951318458,277.551724138,0.000232186454472,Class 4
0.277388510136,66.1318458418,29613.0579882,349.179475548,0.802170824908,1.0,1234.78003328,0.789094929724,0.876205964657,0.01712794009,0.41949701568,0.528542714434,1.0,1.0,0.813572753593,12.19168357,0.498985801217,1269.59493059,68970.1504832,3839785.9198,2.88640973631,0.497971602434,301.626774848,6.31916037126e-05,Class 4
0.89769141202,27.1724137931,230.839564011,19.3991763597,0.953819506656,1.0,52.9648117366,0.127806590902,0.140479701845,0.027327786623,0.115212108125,0.160733747364,1.0,1.0,0.955647968589,0.795131845842,0.947261663286,53.1600928626,2009.84394957,84771.1637767,1.0831643002,-0.026369168357,6.54563894523,2.59643199501e-05,Class 4
0.721068591107,63.322515213,1543.74919841,68.169713885,0.882611986881,1.0,209.386378002,0.325803029287,0.363815510614,0.0227073191453,0.269073405204,0.243162922279,1.0,1.0,0.887419728379,2.68154158215,0.847870182556,212.108368725,9290.18760449,436637.332601,2.51115618661,-0.026369168357,37.3630831643,6.05071767844e-05,Class 4
0.948084542623,3.61460446247,444.891124346,16.5519400513,0.98885408448,1.0,54.7779479961,0.0720771065949,0.0737592643491,0.0292713247573,0.042377034419,0.801068240071,1.0,1.0,0.989084100484,0.584178498986,0.973630831643,54.7990380958,2661.37931975,131566.631386,0.158215010142,0.0770791075051,12.831643002,3.45389804055e-06,Class 4
0.909376298606,28.9168356998,42.2542245338,15.6378933982,0.954430699663,1.0,33.5386513221,0.104281309009,0.11753564261,0.027456875819,0.104281309009,0.0447062161164,1.0,1.0,0.95605580787,0.616632860041,0.953346855984,33.634737893,972.681550991,30493.2734052,1.13590263692,5.55111512313e-17,1.21703853955,2.76311843244e-05,Class 4
0.901682376805,31.7809330629,45.9745946209,17.1678122623,0.950378905564,1.0,36.7705736425,0.109993845454,0.124565493297,0.0272172122121,0.109993845454,0.0296341570349,1.0,1.0,0.95213947648,0.673427991886,0.949290060852,36.8903159863,1074.86493081,34251.6998283,1.24543610548,-2.08166817117e-17,1.31845841785,3.03679430411e-05,Class 4
0.944085349045,12.8661257606,362.777270807,17.4628173333,0.976569505856,1.0,54.7947657093,0.0837415422166,0.0861839762585,0.0287729684588,0.072323670373,0.49613733562,1.0,1.0,0.978249141586,0.585192697769,0.971602434077,54.841380895,2843.7952918,157112.49293,0.480730223124,0.00912778904665,10.5294117647,1.22940938671e-05,Class 4
0.147036194348,226.125760649,27243.7626957,344.316012059,0.491353230065,1.0,1124.29138306,1.05327338319,1.32360417405,0.00582492094572,0.868556586709,0.110559326798,1.0,1.0,0.524010583557,12.9006085193,0.3630831643,1174.31222268,58317.6687467,3052970.26799,9.03853955375,-0.188640973631,237.851926978,0.000216072140045,Class 4
0.830075416891,37.7484787018,931.46729314,44.8275485706,0.933746789042,1.0,135.10240052,0.21738773172,0.237301615792,0.0257920880602,0.174710454953,0.343724999362,1.0,1.0,0.936670610702,1.65111561866,0.910750507099,136.081999556,6154.38962021,296818.895592,1.43610547667,0.052738336714,24.6855983773,3.60701697725e-05,Class 4
0.909302239466,28.3387423935,45.6407493267,16.7626398485,0.95362012468,1.0,33.3473222741,0.106044747684,0.118595254452,0.027451989973,0.106044747684,0.0924772995502,1.0,1.0,0.955559633815,0.613590263692,0.953346855984,33.4468575685,977.104273798,31509.4520528,1.12981744422,0.051724137931,1.31440162272,2.70787932236e-05,Class 4
0.510320964085,139.261663286,2395.02767433,119.409698672,0.761806874667,1.0,324.231325358,0.491414142781,0.572060817636,0.0172274570598,0.402787119431,0.112642536129,1.0,1.0,0.771224877076,4.66531440162,0.705882352941,331.997821057,13333.3129531,589369.120848,5.56186612576,0.0567951318458,48.4746450304,0.000133070047066,Class 4
0.909302239466,28.3387423935,45.6407493267,16.7626398485,0.95362012468,1.0,33.3473222741,0.106044747684,0.118595254452,0.027451989973,0.106044747684,0.0924772995502,1.0,1.0,0.955559633815,0.613590263692,0.953346855984,33.4468575685,977.104273798,31509.4520528,1.12981744422,0.051724137931,1.31440162272,2.70787932236e-05,Class 4
0.664331060815,40.6754563895,4092.19617253,106.573111451,0.910233952273,1.0,385.851576966,0.403406803366,0.439085256551,0.0234782542242,0.23675473717,0.467911901407,1.0,1.0,0.912688372482,4.10851926978,0.813387423935,391.29523485,19609.3010442,1010320.32742,1.62880324544,-0.053752535497,87.9107505071,3.88670131353e-05,Class 4
0.987887216158,3.50507099391,-0.0324613515471,2.33160536575,0.993925353563,1.0,3.50062293453,0.0161178260153,0.0177999837695,0.0298954273045,0.0161178260153,0.000565204005612,1.0,1.0,0.99415821501,0.0730223123732,0.993914807302,3.49072166582,83.4659703624,1997.97248927,0.146044624746,0.0243407707911,0.0,3.34923446356e-06,Class 4
0.987887216158,3.50507099391,-0.0324613515471,2.33160536575,0.993925353563,1.0,3.50062293453,0.0161178260153,0.0177999837695,0.0298954273045,0.0161178260153,0.000565204005612,1.0,1.0,0.99415821501,0.0730223123732,0.993914807302,3.49072166582,83.4659703624,1997.97248927,0.146044624746,0.0243407707911,0.0,3.34923446356e-06,Class 4
0.472830581488,121.139959432,4566.37268601,146.711296035,0.768049486199,1.0,445.021580784,0.5376065389,0.632569953985,0.0166172406014,0.421923666114,0.164441008405,1.0,1.0,0.777234583539,5.70182555781,0.679513184584,455.572364668,20074.5687372,943613.26154,4.89249492901,0.101419878296,83.9634888438,0.000115754039718,Class 4
0.870997206325,19.2860040568,1009.26562737,39.6334562785,0.955090165584,1.0,127.694569868,0.173748161591,0.183279540911,0.0270806656721,0.131931182698,0.583855171241,1.0,1.0,0.957785291393,1.39350912779,0.933062880325,128.288389009,6339.85695984,326661.576021,0.782961460446,0.105476673428,27.3367139959,1.84285424071e-05,Class 4
0.677102148127,57.0993914807,2684.34391092,82.195575954,0.875090708961,1.0,293.93211298,0.384462851948,0.434648746697,0.0220068431096,0.313721249631,0.329319975101,1.0,1.0,0.882127496596,3.47464503043,0.821501014199,298.263034039,13785.4835762,666824.063874,2.30831643002,-0.259634888438,60.5070993915,5.45607350401e-05,Class 4
0.815551596592,34.5334685598,1229.73501153,52.7980100311,0.92440727646,1.0,160.898234157,0.236470436833,0.259911917079,0.0251126983075,0.197332318082,0.404316847338,1.0,1.0,0.928201613144,1.86511156187,0.902636916836,162.144119232,7779.88132438,397078.205535,1.41784989858,0.149087221095,32.0182555781,3.29980999665e-05,Class 4
0.815551596592,34.5334685598,1229.73501153,52.7980100311,0.92440727646,1.0,160.898234157,0.236470436833,0.259911917079,0.0251126983075,0.197332318082,0.404316847338,1.0,1.0,0.928201613144,1.86511156187,0.902636916836,162.144119232,7779.88132438,397078.205535,1.41784989858,0.149087221095,32.0182555781,3.29980999665e-05,Class 4
0.684014334558,69.5294117647,1833.86346062,76.5723508019,0.870791896539,1.0,236.438676328,0.364151895449,0.410327263074,0.0220533872221,0.293197055136,0.216621406284,1.0,1.0,0.876092989782,3.05679513185,0.825557809331,239.998328157,10404.6330121,482625.653052,2.78296146045,-0.0283975659229,42.8073022312,6.64381128136e-05,Class 4
0.932425148838,20.6653144016,88.8847381003,15.1777007004,0.968606146988,1.0,30.8481680892,0.0851283936781,0.0939152696732,0.0282895268482,0.078815295692,0.146635037399,1.0,1.0,0.969698665939,0.496957403651,0.965517241379,30.8898088869,1063.81160614,40783.7643844,0.79107505071,0.0831643002028,2.58620689655,1.97465281914e-05,Class 4
0.729387901205,65.9006085193,1109.12059,65.5642372116,0.882521926944,1.0,173.0204868,0.283627747139,0.321269597538,0.0231051298748,0.232114019323,0.184408136488,1.0,1.0,0.887259640667,2.3985801217,0.851926977688,175.065518826,7192.71583566,322965.12304,2.66328600406,0.207910750507,27.4401622718,6.29706472723e-05,Class 4
0.815584511765,46.8275862069,622.413249142,41.3667219986,0.913299446454,1.0,111.746451223,0.223862624746,0.251773238085,0.0246539430771,0.211254567537,0.210744924527,1.0,1.0,0.917084894671,1.55780933063,0.902636916836,112.705731808,4635.02637858,210671.511647,1.87829614604,0.0547667342799,16.5659229209,4.4745617376e-05,Class 4
0.557439034927,86.0770791075,5173.44765962,136.550545528,0.841058827683,1.0,476.018202146,0.550277953187,0.609666920207,0.0198537278941,0.385044175573,0.340026759937,1.0,1.0,0.847974751944,5.30831643002,0.744421906694,486.076421463,23941.0288348,1234571.83498,3.25354969574,-0.243407707911,100.330628803,8.22500657961e-05,Class 4
0.81583960436,50.677484787,435.246173145,35.0644907613,0.915946605776,1.0,96.1358112659,0.213738668607,0.239785327248,0.0250100955401,0.189410781151,0.135948051199,1.0,1.0,0.918844451131,1.46044624746,0.902636916836,96.9775370816,3633.38540495,151593.775497,2.00811359026,-0.0750507099391,11.6653144016,4.84243482856e-05,Class 4
0.724508226736,60.1440162272,1620.72912421,71.1162148992,0.883907233656,1.0,213.605788468,0.323708246613,0.359741866781,0.0229130389795,0.265752596534,0.294464292012,1.0,1.0,0.889746512221,2.68661257606,0.849898580122,216.31196913,9636.31411786,459578.404267,2.40770791075,0.078093306288,39.2089249493,5.74699948374e-05,Class 4
0.76335636024,37.878296146,1730.83791909,62.812208814,0.92748124932,1.0,206.034908638,0.258433396248,0.2846731073,0.0253629050559,0.171101848454,0.368648877507,1.0,1.0,0.930001444728,2.44827586207,0.872210953347,207.890823086,9525.47879047,456726.933653,1.5415821501,0.052738336714,42.6551724138,3.61942154934e-05,Class 4
0.924640710309,20.8073022312,128.051368777,12.8068842704,0.965568758463,1.0,35.4137120191,0.0936244419255,0.104392811229,0.0280470345936,0.0873150491906,0.11831255188,1.0,1.0,0.966759043482,0.559837728195,0.961460446247,35.4785512804,1255.48929693,49411.9847547,0.823529411765,-0.0507099391481,3.70182555781,1.98822031986e-05,Class 4
0.745927775881,45.1784989858,1691.20289011,66.4074167248,0.915331068795,1.0,207.601141605,0.278154770088,0.307253715897,0.0247125732298,0.184189891104,0.329771883615,1.0,1.0,0.9183080506,2.54462474645,0.862068965517,209.722719637,9424.64015108,446902.735078,1.83975659229,0.104462474645,41.2941176471,4.3169849078e-05,Class 4
0.706009899238,53.5618661258,2053.60015659,76.8583548586,0.900953472609,1.0,243.184939235,0.312718712174,0.343303548238,0.0239547527903,0.202523478239,0.357101281207,1.0,1.0,0.904501713447,2.98377281947,0.837728194726,246.077435662,11102.0628422,529589.587335,2.18661257606,0.0770791075051,48.3144016227,5.11804891463e-05,Class 4
0.936399656036,18.1703853955,86.8830929991,10.3242524246,0.970024103165,1.0,28.1719739549,0.0748680820383,0.0841768774727,0.0284157873965,0.0697743542754,0.16966457729,1.0,1.0,0.971330825286,0.460446247465,0.967545638945,28.193054323,961.344472518,36745.1158439,0.722109533469,-0.0507099391481,2.53346855984,1.73625244934e-05,Class 4
0.805150401771,36.7119675456,1111.27100971,48.9099522217,0.934171565653,1.0,150.140192464,0.228583535706,0.248690133222,0.0259229773047,0.157637327968,0.342070086395,1.0,1.0,0.936344467643,1.86713995943,0.896551724138,151.332253106,6739.50687902,318791.489665,1.48275862069,0.0760649087221,28.7707910751,3.50797422199e-05,Class 4
0.983871564993,4.67342799189,-0.0325294033958,2.33160536575,0.991900471418,1.0,4.66587382844,0.0204731422453,0.0229155762872,0.0297704525052,0.0204731422453,0.000626152783812,1.0,1.0,0.992210953347,0.0973630831643,0.991886409736,4.6529934711,111.288041863,2663.96331394,0.194726166329,0.0,0.0,4.46564595141e-06,Class 4
0.867615172249,31.354969574,566.175597442,31.7526246355,0.9447735469,1.0,92.9428093759,0.157324177985,0.173101916649,0.0266321964334,0.134108838268,0.335728741476,1.0,1.0,0.946979999657,1.1906693712,0.931034482759,93.3735817064,4127.35347353,199075.200117,1.22920892495,0.0243407707911,15.5780933063,2.99609180195e-05,Class 4
1.0,0.0,-0.0322580645161,0.0009765625,1.0,1.0,0.0,-0.0,-0.0,0.0302734375,-0.0,nan,1.0,1.0,1.0,0.0,1.0,0.00390625,-0.000244140625,1.52587890625e-05,0.0,0.0,0.0,0.0,Class 4
0.674329044761,54.7829614604,2954.91827425,91.8819349803,0.900121626735,1.0,313.22596641,0.38788968469,0.426403064418,0.0236528589335,0.245757347164,0.359838185632,1.0,1.0,0.904137684007,3.61054766734,0.819472616633,317.77875412,15009.3668324,740035.091784,2.14604462475,-0.0507099391481,65.9736308316,5.23472942082e-05,Class 4
0.909080062045,29.1764705882,130.932481079,18.2983903556,0.958475333957,1.0,43.871528784,0.118620804742,0.130594618103,0.0276795675396,0.107236281143,0.130972433545,1.0,1.0,0.959886674143,0.693711967546,0.953346855984,44.0170908342,1525.63771859,58059.7807344,1.08722109533,-1.38777878078e-17,3.75253549696,2.78792757661e-05,Class 4
0.878477179499,35.1906693712,294.493061638,25.0345718972,0.945713222189,1.0,67.5516171973,0.160333425002,0.176518359156,0.0268404877656,0.142688454626,0.173974544374,1.0,1.0,0.947775836292,0.98275862069,0.937119675456,67.9144032074,2642.28001543,114335.51792,1.34077079108,-0.02738336714,8.24137931034,3.36260814284e-05,Class 4
0.890153837292,31.9695740365,177.412649272,22.2707534388,0.948350735916,1.0,51.6351694673,0.131211010414,0.146960554124,0.0269762628562,0.123236329163,0.103803187477,1.0,1.0,0.950111967322,0.824543610548,0.943204868154,51.8484802865,1813.38939043,70618.3790938,1.25152129817,0.051724137931,5.02028397566,3.05481969793e-05,Class 4
0.82316323046,41.7586206897,721.450579409,44.3825688546,0.930117154655,1.0,117.165698926,0.211201145873,0.231187461464,0.0256912853414,0.166865260672,0.250340378581,1.0,1.0,0.932390532989,1.57099391481,0.906693711968,118.059433633,4918.98168252,221019.125512,1.62880324544,0.177484787018,19.1724137931,3.99020196188e-05,Class 4
0.327180938823,99.4949290061,16686.7091331,257.277726055,0.805614927118,1.0,902.8253663,0.784519856998,0.861744929285,0.0176743833998,0.413187966638,0.441516763029,1.0,1.0,0.81249222975,9.72515212982,0.557809330629,930.300812944,47117.7448037,2469870.36567,3.89655172414,-0.00304259634888,208.30831643,9.50713539769e-05,Class 4
0.829984900164,47.8681541582,605.449152327,41.410586096,0.924632899887,1.0,111.605428457,0.219675389483,0.244254506181,0.0253261326355,0.197195183213,0.232861050945,1.0,1.0,0.927436787402,1.50811359026,0.910750507099,112.509230794,4653.71955968,209302.747719,1.78296146045,0.051724137931,16.2535496957,4.57399213574e-05,Class 4
0.833827746668,42.7363083164,622.410406211,38.8736946152,0.924840354241,1.0,108.550341216,0.211774216574,0.231349016527,0.0254467358884,0.189774641513,0.251794978792,1.0,1.0,0.928469545003,1.45537525355,0.912778904665,109.378399151,4633.0258794,215154.132552,1.66531440162,0.0294117647059,16.7505070994,4.08362389541e-05,Class 4
0.401166020021,91.8762677485,12895.9925094,233.599480619,0.808875774557,1.0,813.979802856,0.756156989183,0.851155886602,0.0177425280949,0.453109021264,0.383078478967,1.0,1.0,0.818048280644,8.42900608519,0.628803245436,836.799291646,44094.5602671,2405482.96836,3.56795131846,0.0395537525355,186.756592292,8.77914207332e-05,Class 4
0.75168793124,52.4381338742,2084.71905092,76.1093690574,0.90444428734,1.0,253.61743592,0.305353234682,0.33293296654,0.0241980164944,0.237445487883,0.342124951261,1.0,1.0,0.909596393991,2.74442190669,0.866125760649,256.194068522,13197.1492709,722448.771785,2.00811359026,-0.0324543610548,51.1095334686,5.0106718375e-05,Class 4
0.804401581574,51.4787018256,1024.70235139,50.8635526274,0.91337012983,1.0,156.738567054,0.256356418669,0.281787494064,0.0248612058101,0.221803718968,0.289026520216,1.0,1.0,0.918031784164,1.89756592292,0.896551724138,158.148176027,7402.43913371,376113.126206,1.93711967546,-0.0557809330629,26.784989858,4.91899429691e-05,Class 4
0.762656912804,69.1764705882,581.794553297,48.0117524246,0.887383073418,1.0,127.245641063,0.270520346357,0.303035191015,0.0234674539329,0.239381622471,0.121620709556,1.0,1.0,0.89173841184,1.92697768763,0.872210953347,128.779768319,4887.69958471,208646.517613,2.7139959432,-0.0547667342799,15.0202839757,6.610086351e-05,Class 4
0.572250862995,64.4178498986,5616.60937813,138.155895427,0.849423403008,1.0,488.620536244,0.532120695219,0.602961755988,0.0200990487965,0.366646204273,0.395462106175,1.0,1.0,0.857149243625,5.2677484787,0.754563894523,498.236664871,25162.8998414,1319179.79021,2.61663286004,-0.0872210953347,108.78296146,6.15538125542e-05,Class 4
0.893897938276,20.2393509128,542.185054528,26.7877412684,0.956847282115,1.0,80.2944472554,0.134658999408,0.147635018493,0.0273306152707,0.113327668701,0.435414447992,1.0,1.0,0.959162346931,0.985801217039,0.94523326572,80.564758177,3654.15749546,177172.233796,0.83569979716,0.0567951318458,15.1419878296,1.93395031698e-05,Class 4
0.94019312978,17.6146044625,152.312829111,14.9219958323,0.972042307085,1.0,35.2192280073,0.0829693846574,0.0879152314471,0.0284070443036,0.0817481676364,0.347522024328,1.0,1.0,0.973156593296,0.490872210953,0.969574036511,35.256441747,1432.68063187,64842.0249186,0.661257606491,0.0588235294118,4.44016227181,1.68314537509e-05,Class 4
0.944085349045,16.6004056795,241.74087328,13.3695110453,0.974868263227,1.0,44.6197484718,0.0825203251957,0.0861839762585,0.0286505651574,0.076201698391,0.37359521439,1.0,1.0,0.976085211739,0.52738336714,0.971602434077,44.6590786638,2140.64497645,112302.590263,0.596348884381,-0.0628803245436,7.04665314402,1.58623465566e-05,Class 4
0.928467099227,25.8478701826,56.4591784773,15.5075688546,0.963738659087,1.0,32.23057515,0.0937204698498,0.103190870463,0.0280424058973,0.0937204698498,0.0799030997284,1.0,1.0,0.965220826199,0.528397565923,0.963488843813,32.2916851547,1082.35329129,40917.7390473,0.947261663286,0.0314401622718,1.6430020284,2.46986659544e-05,Class 4
0.944093577838,16.4016227181,154.142187291,11.7647950209,0.973864830886,1.0,34.2715567201,0.0796169504205,0.0849627592376,0.0285284190058,0.0783957333995,0.311198561866,1.0,1.0,0.97493970255,0.466531440162,0.971602434077,34.3010664934,1429.78122772,66326.232655,0.612576064909,-0.0304259634888,4.50304259635,1.56724015465e-05,Class 4
0.620743142329,43.5354969574,4959.32618053,124.69494208,0.896661360682,1.0,438.213512032,0.429121369799,0.477515026528,0.02275103461,0.245976594016,0.505160333062,1.0,1.0,0.900549363154,4.69675456389,0.784989858012,444.920995499,22193.1878026,1138077.75087,1.80324543611,0.102434077079,100.638945233,4.15998954233e-05,Class 4
0.995951433662,1.16835699797,-0.0323256824211,1.16629096412,0.997975117854,1.0,1.16777972601,0.00634219197187,0.00634219197187,0.0301469198019,0.00634219197187,nan,1.0,1.0,0.998052738337,0.0243407707911,0.997971602434,1.16617805527,27.8218273604,665.990839929,0.0486815415822,0.0243407707911,0.0,1.11641148785e-06,Class 4
0.955943040292,11.9614604462,125.915873895,11.9086844733,0.979946912938,1.0,26.7169372495,0.0618767850772,0.0660013768734,0.029022146608,0.0555526639376,0.377200219014,1.0,1.0,0.98091164305,0.355983772819,0.977687626775,26.7161273453,1201.29321586,62120.0580009,0.47261663286,0.0821501014199,3.70993914807,1.14296502498e-05,Class 4
1.0,0.0,-0.0322580645161,0.0009765625,1.0,1.0,0.0,-0.0,-0.0,0.0302734375,-0.0,nan,1.0,1.0,1.0,0.0,1.0,0.00390625,-0.000244140625,1.52587890625e-05,0.0,0.0,0.0,0.0,Class 4
0.85245773486,27.7768762677,809.729736163,37.656402526,0.948342084763,1.0,114.020545675,0.179018127663,0.196646862722,0.0266136816483,0.1392320632,0.344844131945,1.0,1.0,0.949890172739,1.40973630832,0.922920892495,114.649443775,5080.86418601,238007.812202,1.10344827586,0.079107505071,21.8052738337,2.6541907838e-05,Class 4
