0.715938103122,0.536348267117,6.5170253067,1.03566145393,0.946365173288,1.0,3.87016861953,0.237774162343,0.255681912066,0.159478611479,0.0980852479146,0.488970126522,1.0,1.0,0.955304311074,0.393702451395,0.838968723584,3.65067624683,17.702874049,95.2015532544,0.178782755706,-0.00443786982249,0.912933220626,0.00238377007608,Class 1
0.550753614355,0.534446322908,23.4700632219,2.07063609467,0.946555367709,1.0,8.19833275372,0.329567813257,0.347416246204,0.159571703493,0.0978318813395,0.627887002244,1.0,1.0,0.955462806424,0.807375316991,0.701183431953,7.789306847,40.6759826712,221.460217667,0.178148774303,-0.00412087912088,2.15490278952,0.0023753169907,Class 1
0.850207289947,0.342349957735,1.93706013041,0.509456889265,0.965765004227,1.0,1.74248601435,0.14409672269,0.155538388312,0.169204036259,0.0702083647944,0.429678060649,1.0,1.0,0.971470836855,0.180684699915,0.920752324598,1.71449704142,7.3353761623,39.2520604396,0.114116652578,-0.00190194420964,0.370879120879,0.00152155536771,Class 1
0.835276572377,0.241546914624,3.21210972009,0.618818681319,0.975845308538,1.0,2.34111549337,0.153267715748,0.161329208934,0.174440880743,0.0536678256462,0.608613334223,1.0,1.0,0.979871090448,0.224746407439,0.911665257819,2.25591715976,10.5368237532,57.3782227388,0.0805156382079,-0.00221893491124,0.553465765004,0.00107354184277,Class 1
0.715938103122,0.536348267117,6.5170253067,1.03566145393,0.946365173288,1.0,3.87016861953,0.237774162343,0.255681912066,0.159478611479,0.0980852479146,0.488970126522,1.0,1.0,0.955304311074,0.393702451395,0.838968723584,3.65067624683,17.702874049,95.2015532544,0.178782755706,-0.00443786982249,0.912933220626,0.00238377007608,Class 1
0.850207289947,0.342349957735,1.93706013041,0.509456889265,0.965765004227,1.0,1.74248601435,0.14409672269,0.155538388312,0.169204036259,0.0702083647944,0.429678060649,1.0,1.0,0.971470836855,0.180684699915,0.920752324598,1.71449704142,7.3353761623,39.2520604396,0.114116652578,-0.00190194420964,0.370879120879,0.00152155536771,Class 1
0.558603622465,0.408918005072,25.0110742604,2.12293956044,0.959108199493,1.0,8.51343382883,0.319329431343,0.333001493285,0.165814517835,0.080278859382,0.69522913796,1.0,1.0,0.965923499577,0.822590870668,0.703085376162,8.06699070161,42.461908284,231.938028318,0.136306001691,0.00158495350803,2.26331360947,0.00181741335587,Class 1
0.621962820001,0.484995773457,14.6444241866,1.59831994928,0.951500422654,1.0,6.29542406155,0.290419621112,0.306619870144,0.162007771229,0.0911189186344,0.61351685625,1.0,1.0,0.959583685545,0.61781487743,0.767117497887,5.94315300085,30.5262573964,165.94373415,0.161665257819,-0.00348689771767,1.61094674556,0.00215553677092,Class 1
0.550753614355,0.534446322908,23.4700632219,2.07063609467,0.946555367709,1.0,8.19833275372,0.329567813257,0.347416246204,0.159571703493,0.0978318813395,0.627887002244,1.0,1.0,0.955462806424,0.807375316991,0.701183431953,7.789306847,40.6759826712,221.460217667,0.178148774303,-0.00412087912088,2.15490278952,0.0023753169907,Class 1
0.69365648819,0.258664412511,11.1340240977,1.30351859679,0.974133558749,1.0,5.33500724443,0.240170214335,0.248735384137,0.173542762751,0.056604359047,0.735470035489,1.0,1.0,0.978444632291,0.501479289941,0.818469991547,5.0061284869,25.7671174979,140.98578825,0.0862214708369,-0.0050718512257,1.37510566357,0.00114961961116,Class 1
0.498031692282,0.871090448014,25.5407154856,2.23864116653,0.912890955199,1.0,8.53046248948,0.367337440931,0.396383240551,0.143790028003,0.13809141429,0.493857389347,1.0,1.0,0.927409129332,0.879966187658,0.658284023669,8.17857142857,42.1799450549,227.946481403,0.290363482671,-0.00950972104818,2.20435333897,0.00387151310228,Class 1
0.431917024714,0.975697379544,41.2689937429,2.89798182587,0.902430262046,1.0,11.0431211898,0.403351421959,0.435938994409,0.139171042966,0.149041101998,0.489813788596,1.0,1.0,0.918691885038,1.14148351648,0.565300084531,10.6891377853,55.9096048183,302.845044379,0.325232459848,-0.00729078613694,2.93660185968,0.00433643279797,Class 1
0.745554627439,0.353761622992,6.5496606527,0.981773034658,0.964623837701,1.0,3.82405795184,0.21499889111,0.226806747631,0.168619090611,0.0719777869452,0.607302429278,1.0,1.0,0.970519864751,0.370879120879,0.856720202874,3.6050295858,17.8055790363,96.730716399,0.117920540997,-0.00316990701606,0.935756551141,0.00157227387997,Class 1
0.6709356951,0.774091293322,6.97715067098,1.1672125951,0.922590870668,1.0,4.10959421284,0.267786045902,0.293674860275,0.148193800559,0.127338721989,0.379462580996,1.0,1.0,0.935492392223,0.440300084531,0.810228233305,3.87890955199,18.5059699915,98.3587806424,0.258030431107,0.00158495350803,0.933854606932,0.0034404057481,Class 1
0.669424965112,0.551563820795,9.47716878349,1.26864961961,0.944843617921,1.0,4.87157347111,0.266045613739,0.284417536618,0.158735483094,0.100099816851,0.532303333837,1.0,1.0,0.954036348267,0.48943364328,0.806213017751,4.592772612,22.9018385461,123.692043533,0.183854606932,-0.00697379543533,1.19251901944,0.00245139475909,Class 1
0.811678494793,0.355663567202,3.31317123849,0.669537193576,0.96443364328,1.0,2.45275753914,0.172245880762,0.18412215177,0.168521755977,0.0722708772548,0.507908047201,1.0,1.0,0.9703613694,0.245667793745,0.898351648352,2.35101437025,10.8420857988,58.4528212172,0.118554522401,-0.00285291631445,0.559171597633,0.00158072696534,Class 1
0.550753614355,0.534446322908,23.4700632219,2.07063609467,0.946555367709,1.0,8.19833275372,0.329567813257,0.347416246204,0.159571703493,0.0978318813395,0.627887002244,1.0,1.0,0.955462806424,0.807375316991,0.701183431953,7.789306847,40.6759826712,221.460217667,0.178148774303,-0.00412087912088,2.15490278952,0.0023753169907,Class 1
0.745554627439,0.353761622992,6.5496606527,0.981773034658,0.964623837701,1.0,3.82405795184,0.21499889111,0.226806747631,0.168619090611,0.0719777869452,0.607302429278,1.0,1.0,0.970519864751,0.370879120879,0.856720202874,3.6050295858,17.8055790363,96.730716399,0.117920540997,-0.00316990701606,0.935756551141,0.00157227387997,Class 1
0.656925938682,0.545857988166,10.5309194836,1.35106720203,0.945414201183,1.0,5.18882843767,0.273100728919,0.291339113628,0.159013821295,0.0993469123826,0.545600104577,1.0,1.0,0.95451183432,0.518913778529,0.796703296703,4.89327979713,24.5807797971,132.948806002,0.181952662722,-0.00348689771767,1.2838123415,0.00242603550296,Class 1
0.776992709482,0.372781065089,4.72740270043,0.820107776839,0.962721893491,1.0,3.10026042403,0.195831598361,0.208276873429,0.16764775393,0.0748860026255,0.548819954504,1.0,1.0,0.968934911243,0.306213017751,0.877218934911,2.93934911243,14.073964497,76.1231508876,0.12426035503,-0.00316990701606,0.73224852071,0.00165680473373,Class 1
0.666721121066,0.370879120879,11.9419451799,1.39069103973,0.962912087912,1.0,5.5767064428,0.261147737163,0.273484722984,0.167744686632,0.0745974196529,0.663154756707,1.0,1.0,0.969093406593,0.536665257819,0.800507185123,5.24577345731,26.8783284024,146.499524514,0.123626373626,-0.0053888419273,1.42455621302,0.00164835164835,Class 1
0.849375915066,0.361369399831,1.83826349171,0.503117075232,0.963863060017,1.0,1.70148227337,0.144700061707,0.156771602961,0.168230020029,0.0731470926522,0.405825484615,1.0,1.0,0.969885883347,0.178782755706,0.92032967033,1.67645815723,7.08717244294,37.7875633981,0.12045646661,-0.00253592561285,0.355663567202,0.00160608622147,Class 1
0.805211134207,0.456466610313,2.82620157429,0.650517751479,0.954353338969,1.0,2.27346685081,0.177511405056,0.192751653634,0.163426927614,0.0871305254355,0.407778550132,1.0,1.0,0.961961115807,0.239010989011,0.894970414201,2.1836432798,9.71661031276,51.7351542688,0.152155536771,-0.00380388841927,0.488799661877,0.00202874049028,Class 1
0.595112037322,0.36517328825,20.0505608442,1.85666737109,0.963482671175,1.0,7.54065085907,0.298519323062,0.310656006184,0.168035752693,0.0737287156934,0.707789798175,1.0,1.0,0.969568892646,0.723372781065,0.738588334742,7.1185545224,37.2833896872,203.710640321,0.121724429417,-0.00570583262891,1.98753169907,0.00162299239222,Class 1
0.519834382407,0.376584953508,34.7381370761,2.49381868132,0.962341504649,1.0,10.1870092239,0.336116502715,0.348555307095,0.167454022504,0.0754617054686,0.732318314449,1.0,1.0,0.968617920541,0.980769230769,0.652155536771,9.68110735418,51.4833051564,281.685915046,0.125528317836,-0.00824175824176,2.75401521555,0.00167371090448,Class 1
0.731344172766,0.519230769231,5.7961535714,0.969093406593,0.948076923077,1.0,3.59250231605,0.227838115282,0.245184885782,0.160318047337,0.0957923496818,0.481114288548,1.0,1.0,0.956730769231,0.366124260355,0.849112426036,3.39201183432,16.3006656805,87.5861686391,0.173076923077,-0.00348689771767,0.83875739645,0.00230769230769,Class 1
0.625827087601,0.351859678783,16.3448530968,1.65379332206,0.964814032122,1.0,6.71340638909,0.281977303349,0.293656523672,0.168716469904,0.0716841830131,0.701775067186,1.0,1.0,0.970678360101,0.642540152156,0.766272189349,6.32354184277,32.8970308538,179.675771344,0.117286559594,-0.00602282333052,1.75169061708,0.00156382079459,Class 1
0.573680554117,0.226331360947,26.7683675359,2.14037404903,0.977366863905,1.0,8.8871252017,0.299075430243,0.30658041071,0.175242244669,0.0510071694906,0.808240690925,1.0,1.0,0.981139053254,0.835270498732,0.709002535926,8.37637362637,44.5350274725,244.295593829,0.0754437869822,-0.00412087912088,2.39264581572,0.00100591715976,Class 1
0.647876564232,0.203508030431,16.3058623023,1.61733939138,0.979649196957,1.0,6.71804683147,0.260341902905,0.267096809103,0.176449649658,0.0469200850293,0.80105063736,1.0,1.0,0.983040997464,0.625422654269,0.78021978022,6.30071851226,33.0596470837,181.353286137,0.0678360101437,-0.00348689771767,1.77451394759,0.000904480135249,Class 1
0.460912876057,0.99281487743,30.9958806776,2.50015849535,0.900718512257,1.0,9.44134126263,0.389014719196,0.422143007355,0.138428070889,0.150773470944,0.465772553379,1.0,1.0,0.917265426881,0.984573119189,0.616652578191,9.10291631445,47.0726965342,254.191409552,0.330938292477,-0.00950972104818,2.45731191885,0.00441251056636,Class 1
0.64051977186,0.150253592561,18.0998953108,1.69658706678,0.984974640744,1.0,7.1488593862,0.259214342961,0.264028226023,0.179291937093,0.0368633256327,0.849958069516,1.0,1.0,0.987478867287,0.659657650042,0.771766694844,6.69632290786,35.3590976331,194.271291209,0.0500845308538,-0.00602282333052,1.90384615385,0.000667793744717,Class 1
0.765032004539,0.580092983939,3.59857958993,0.780483939138,0.941990701606,1.0,2.70412062657,0.205708720266,0.225099352493,0.157349821078,0.103819396818,0.371169990615,1.0,1.0,0.951658918005,0.29004649197,0.871090448014,2.57037193576,11.6218829248,61.5523562975,0.19336432798,-0.00285291631445,0.580092983939,0.00257819103973,Class 1
0.464335643224,1.02134404057,29.2818073677,2.43359044801,0.897865595943,1.0,9.15512986221,0.387754587797,0.421811519719,0.137197822741,0.153625296969,0.452267682583,1.0,1.0,0.914887996619,0.959530853762,0.623415046492,8.82396449704,45.4688820795,245.226912511,0.340448013525,-0.0110946745562,2.367920541,0.004539306847,Class 1
0.675198143751,0.15595942519,14.1953060407,1.47469357566,0.984404057481,1.0,6.19019618699,0.242049484229,0.247121793603,0.178985731578,0.0379802881888,0.833839284831,1.0,1.0,0.987003381234,0.569949281488,0.80135249366,5.79353338969,30.3374894336,166.644917582,0.0519864750634,-0.0050718512257,1.63186813187,0.000693153000845,Class 1
0.76797843713,0.511622992392,4.00810755735,0.796333474218,0.948837700761,1.0,2.85209457815,0.203709527878,0.220801532463,0.160692291079,0.0947640598591,0.428822484837,1.0,1.0,0.957364750634,0.297020287405,0.872569737954,2.70857988166,12.522453508,66.8632185123,0.170540997464,-0.00348689771767,0.635249366019,0.00227387996619,Class 1
0.71804163877,0.542054099746,6.33902304536,1.01664201183,0.945794590025,1.0,3.80624101531,0.236551632895,0.254611065961,0.159199603391,0.0988432757357,0.483712238382,1.0,1.0,0.954828825021,0.388313609467,0.840448013525,3.59108199493,17.3609995773,93.2926352494,0.180684699915,-0.00665680473373,0.893913778529,0.00240912933221,Class 1
0.608140632045,0.169273034658,22.1842310586,1.91372569738,0.983072696534,1.0,8.02435915754,0.277126446402,0.282671685821,0.178272815113,0.0405472721238,0.84155980371,1.0,1.0,0.985893913779,0.745245139476,0.742180896027,7.5331783601,39.966557481,219.491071429,0.0564243448859,-0.00475486052409,2.1510989011,0.000752324598478,Class 1
0.707036907757,0.781699070161,4.78214583487,0.964338546069,0.921830092984,1.0,3.29989152834,0.244124807603,0.270252031624,0.147844208672,0.128204371729,0.321109529556,1.0,1.0,0.93485841082,0.364856297549,0.83495350803,3.11686390533,14.2617814877,74.9946639899,0.26056635672,-0.00412087912088,0.703719357566,0.0034742180896,Class 1
0.498031692282,0.871090448014,25.5407154856,2.23864116653,0.912890955199,1.0,8.53046248948,0.367337440931,0.396383240551,0.143790028003,0.13809141429,0.493857389347,1.0,1.0,0.927409129332,0.879966187658,0.658284023669,8.17857142857,42.1799450549,227.946481403,0.290363482671,-0.00950972104818,2.20435333897,0.00387151310228,Class 1
0.726583863825,0.616229923922,5.18309763731,0.938979289941,0.938377007608,1.0,3.38980214048,0.231728044947,0.252282876957,0.155609074098,0.108427345063,0.412663954211,1.0,1.0,0.94864750634,0.356931530008,0.846787827557,3.20308537616,15.0629754861,80.2719251902,0.205409974641,-0.00633981403212,0.762679628064,0.00273879966188,Class 1
0.45020423526,1.06128486898,31.8887195691,2.55563186813,0.893871513102,1.0,9.5762253419,0.395734008696,0.431167126542,0.135492356496,0.157545203558,0.445059397317,1.0,1.0,0.911559594252,1.0061284869,0.605663567202,9.25,47.7554945055,257.581942096,0.353761622992,-0.00887573964497,2.4877430262,0.0047168216399,Class 1
0.510256868757,0.850169061708,23.6327443826,2.14512890955,0.914983093829,1.0,8.18558140875,0.360504594219,0.388828960939,0.144730036285,0.135823105913,0.495536432344,1.0,1.0,0.929152578191,0.843512256974,0.671597633136,7.83495350803,40.3136622992,217.800877008,0.283389687236,-0.010460693153,2.10545224007,0.00377852916314,Class 1
0.55096226194,0.852071005917,17.1593206544,1.84557269653,0.914792899408,1.0,6.88198430407,0.338756736281,0.367250061593,0.144644357691,0.136030440486,0.461773062227,1.0,1.0,0.92899408284,0.715765004227,0.714074387151,6.55557903635,33.2094251902,178.749524514,0.284023668639,-0.00253592561285,1.72125950972,0.00378698224852,Class 1
0.523398004557,0.916737109045,19.9779344178,1.98980346577,0.908326289096,1.0,7.47348101262,0.354782775943,0.385348032316,0.141757857689,0.142948027345,0.455368595319,1.0,1.0,0.923605240913,0.781065088757,0.688715131023,7.14391377853,36.3485841082,195.6590765,0.305579036348,-0.0101437024514,1.88482671175,0.00407438715131,Class 1
0.431917024714,0.975697379544,41.2689937429,2.89798182587,0.902430262046,1.0,11.0431211898,0.403351421959,0.435938994409,0.139171042966,0.149041101998,0.489813788596,1.0,1.0,0.918691885038,1.14148351648,0.565300084531,10.6891377853,55.9096048183,302.845044379,0.325232459848,-0.00729078613694,2.93660185968,0.00433643279797,Class 1
0.714900581569,0.562975486052,6.32321749453,1.0293216399,0.943702451395,1.0,3.80740372581,0.238800068498,0.257608016631,0.15818001249,0.101596551949,0.469074803243,1.0,1.0,0.953085376162,0.390532544379,0.838546069315,3.59234995773,17.3272400676,92.9965659341,0.187658495351,-0.00380388841927,0.89010989011,0.00250211327134,Class 1
0.884638518059,0.176880811496,1.8631425175,0.427039306847,0.98231191885,1.0,1.58831597729,0.115650465724,0.121387346729,0.177866416778,0.0419907253198,0.622688287137,1.0,1.0,0.985259932375,0.151838546069,0.93956043956,1.5915046492,6.97543322063,38.1482988166,0.0589602704987,-0.00602282333052,0.36707523246,0.000786136939983,Class 1
0.806976064121,0.458368554522,2.74165282934,0.645762890955,0.954163144548,1.0,2.23295491609,0.176224904319,0.191546982188,0.163332004575,0.0873991806839,0.399435661181,1.0,1.0,0.961802620456,0.235524091293,0.896027049873,2.14687235841,9.50882290786,50.5832100592,0.152789518174,-0.00221893491124,0.477387996619,0.00203719357566,Class 1
0.792550798899,0.454564666103,3.36439169405,0.709161031276,0.95454353339,1.0,2.53045801418,0.186515416203,0.201696353153,0.163521895313,0.0868614673454,0.437324267728,1.0,1.0,0.962119611158,0.262151310228,0.887362637363,2.41694843618,11.0151627219,58.8813926458,0.151521555368,-0.00348689771767,0.559171597633,0.0020202874049,Class 1
0.720411075042,0.142645815723,10.490227592,1.22110101437,0.985735418428,1.0,5.13089069151,0.216734896234,0.22128277674,0.179700836341,0.0353574272477,0.83188740821,1.0,1.0,0.98811284869,0.469463229079,0.835587489434,4.80198647506,24.8603655959,136.615754438,0.0475486052409,-0.00602282333052,1.33706677937,0.000633981403212,Class 1
0.686454663095,0.570583262891,8.04214876002,1.19415680473,0.942941673711,1.0,4.41418456532,0.256378086729,0.275432836862,0.157810591937,0.102587746091,0.499016852971,1.0,1.0,0.952451394759,0.448224852071,0.818892645816,4.16166525782,20.4721048183,110.238958157,0.190194420964,0.00443786982249,1.05938292477,0.00253592561285,Class 2
0.812258527934,0.414623837701,2.85057271778,0.656857565511,0.95853761623,1.0,2.26105141379,0.172386010326,0.186223928716,0.165526533256,0.0811152402437,0.438904311107,1.0,1.0,0.965448013525,0.233939137785,0.898985629755,2.17476754015,9.74894336433,52.1339285714,0.1382079459,0.00380388841927,0.494505494505,0.001842772612,Class 2
0.459010485256,1.14306846999,27.3061973069,2.42725063398,0.885693153001,1.0,8.80817879847,0.392203308676,0.430402729068,0.132061662328,0.165317861881,0.406631739385,1.0,1.0,0.904744294167,0.939243448859,0.623415046492,8.4993660186,43.4299978867,233.379068047,0.381022823331,0.00665680473373,2.24619611158,0.00508030431107,Class 2
0.735592598441,0.251056635672,8.19291442247,1.10539940828,0.974894336433,1.0,4.39149001423,0.216147985685,0.224477005432,0.173941479712,0.0553064044567,0.714345620895,1.0,1.0,0.979078613694,0.412721893491,0.848478444632,4.12616229924,20.8981403212,114.268543956,0.083685545224,0.00443786982249,1.11263736264,0.00111580726965,Class 2
0.760762946333,0.26246830093,6.56440969933,0.973848267117,0.973753169907,1.0,3.80156148883,0.201936140543,0.210629802451,0.173343672226,0.0572491472134,0.683181573568,1.0,1.0,0.978127641589,0.359467455621,0.865595942519,3.58220625528,17.85693153,97.4952979713,0.0874894336433,0.0050718512257,0.947168216399,0.00116652578191,Class 2
0.678163958416,0.532544378698,9.04354752057,1.26072485207,0.94674556213,1.0,4.7318265535,0.260479027199,0.278249474363,0.159664840167,0.0975781675311,0.535503014416,1.0,1.0,0.955621301775,0.474218089603,0.812341504649,4.45963651733,22.2000211327,119.935703719,0.177514792899,0.0050718512257,1.15638207946,0.00236686390533,Class 2
0.657683268679,0.608622147084,9.71554934429,1.33997252747,0.939137785292,1.0,4.95511366093,0.27414274035,0.294417120383,0.155974207371,0.10746657964,0.50586987688,1.0,1.0,0.949281487743,0.50338123415,0.798393913779,4.67519019442,23.2479923922,125.292846577,0.202874049028,0.00760777683855,1.20583262891,0.00270498732037,Class 2
0.735217193561,0.382290786137,6.87362826428,1.03566145393,0.961770921386,1.0,3.9534804151,0.222249732909,0.235008871397,0.167163760308,0.0763216372079,0.593135726198,1.0,1.0,0.968142434489,0.385777683855,0.850169061708,3.72548605241,18.4184805579,99.9481720203,0.127430262046,0.00348689771767,0.966187658495,0.00169907016061,Class 2
0.5467437579,0.498309382925,25.0469052337,2.15939349112,0.950169061708,1.0,8.5010072388,0.329926269523,0.346523482886,0.161348937005,0.0929505756166,0.651092134713,1.0,1.0,0.95847421809,0.832417582418,0.694843617921,8.07586644125,42.3368554522,230.778476331,0.166103127642,0.00633981403212,2.24809805579,0.00221470836855,Class 2
0.406804733728,1.53296703297,30.5243004014,2.65548393914,0.846703296703,1.0,9.31397999135,0.422159862679,0.47343055874,0.116841263132,0.198215720127,0.308117844446,1.0,1.0,0.872252747253,1.03465765004,0.569949281488,9.06360946746,45.8012468301,244.35011623,0.510989010989,0.00253592561285,2.33748943364,0.00681318681319,Class 2
0.592171589059,0.334742180896,21.0964876321,1.92799027895,0.96652578191,1.0,7.76384157065,0.298122976506,0.309252518392,0.169594893207,0.0690181854635,0.728731814925,1.0,1.0,0.972104818259,0.741124260355,0.734361792054,7.32650042265,38.496830093,210.539887997,0.111580726965,0.0050718512257,2.05600169062,0.0014877430262,Class 2
0.943621207455,0.178782755706,0.0975003252419,0.205145815723,0.982121724429,1.0,0.487929581871,0.0643200824416,0.0702980153636,0.177764928842,0.0423490448505,0.268652424374,1.0,1.0,0.985101437025,0.0564243448859,0.971259509721,0.635460693153,1.66568047337,8.95852704987,0.0595942519019,0.000633981403212,0.0798816568047,0.000794590025359,Class 2
0.648888719383,0.342349957735,14.0135898853,1.54760143702,0.965765004227,1.0,6.13565264645,0.269304455411,0.2806080172,0.169204036259,0.0702083647944,0.697248524166,1.0,1.0,0.971470836855,0.586432797971,0.78550295858,5.77197802198,29.8543956044,163.005230347,0.114116652578,0.00760777683855,1.58812341505,0.00152155536771,Class 2
0.644020603234,0.281487743026,15.4577543559,1.60941462384,0.971851225697,1.0,6.50341632431,0.268154123188,0.277508399513,0.17235089915,0.0604327280632,0.74247581468,1.0,1.0,0.976542688081,0.614327979713,0.779585798817,6.1117920541,31.8590448014,174.343353762,0.0938292476754,0.00443786982249,1.70224006762,0.00125105663567,Class 2
0.800053180125,0.395604395604,3.49680429143,0.717085798817,0.96043956044,1.0,2.56112060302,0.180829264219,0.194047228733,0.166488044922,0.0783115577812,0.48456088372,1.0,1.0,0.967032967033,0.259298393914,0.891589180051,2.44737954353,11.2990278952,60.7529057481,0.131868131868,0.00253592561285,0.580092983939,0.00175824175824,Class 2
0.534522779386,0.540152155537,26.3787536252,2.22437658495,0.945984784446,1.0,8.73479690783,0.337965735687,0.356000941907,0.159292561428,0.0985909439714,0.633464460592,1.0,1.0,0.954987320372,0.860312764159,0.683220625528,8.31297548605,43.5712172443,237.340817836,0.180050718512,0.00443786982249,2.31086221471,0.00240067624683,Class 2
0.661925263435,0.31191885038,13.1893536758,1.47786348267,0.968808114962,1.0,5.91790051684,0.260603624732,0.27099628807,0.170771751332,0.0653948639935,0.709472956455,1.0,1.0,0.974006762468,0.562341504649,0.795224006762,5.56149619611,28.7455621302,157.072432375,0.103972950127,0.00380388841927,1.53106508876,0.00138630600169,Class 2
0.823444217854,0.31382079459,3.14713715521,0.652102704987,0.968617920541,1.0,2.34930066539,0.163336312032,0.173799243098,0.170673434196,0.0656999175272,0.537047559331,1.0,1.0,0.973848267117,0.232354184277,0.905114116653,2.25972104818,10.417001268,56.3378592561,0.10460693153,0.00348689771767,0.540152155537,0.00139475908707,Class 2
0.664959763885,0.332840236686,12.615402624,1.45408918005,0.966715976331,1.0,5.76226472619,0.260156821689,0.27117366811,0.169692719092,0.0687192939081,0.694120779078,1.0,1.0,0.972263313609,0.549978867287,0.798182586644,5.41694843618,27.9025253593,152.328983516,0.110946745562,0.00665680473373,1.48351648352,0.00147928994083,Class 2
0.560764321835,0.52493660186,21.9933547942,2.03101225697,0.947506339814,1.0,7.91321137713,0.324082798258,0.341510184632,0.160037833452,0.0965598166025,0.629914778596,1.0,1.0,0.956255283178,0.778529163145,0.711327134404,7.51035502959,39.1463440406,213.104342773,0.174978867287,0.00887573964497,2.0731191885,0.00233305156382,Class 2
0.638053514533,0.294801352494,15.8985077594,1.64269864751,0.970519864751,1.0,6.6104432044,0.272137469038,0.281890772541,0.171658615216,0.0626228742914,0.736608144274,1.0,1.0,0.975433220626,0.626056635672,0.77493660186,6.21576500423,32.4101331361,177.301510989,0.0982671174979,0.00602282333052,1.73076923077,0.00131022823331,Class 2
0.637937222086,0.336644125106,15.2381168812,1.60941462384,0.966335587489,1.0,6.44596767604,0.274766538567,0.285995145549,0.169497111982,0.0693165354046,0.704281565379,1.0,1.0,0.971946322908,0.615278951817,0.776204564666,6.06614539307,31.4981508876,172.068628487,0.112214708369,0.00348689771767,1.6775147929,0.00149619611158,Class 2
0.567782687109,0.306213017751,25.8435676617,2.14354395604,0.969378698225,1.0,8.69347662106,0.308230262012,0.318389880716,0.171066970694,0.0644762113247,0.757154933751,1.0,1.0,0.974482248521,0.82702874049,0.70731191885,8.21407438715,43.4784974641,238.067360524,0.102071005917,0.0053888419273,2.3279797126,0.00136094674556,Class 2
0.773978752245,0.349957734573,5.0707137905,0.873996196112,0.965004226543,1.0,3.23568750343,0.197178260153,0.208714410369,0.168813893857,0.0713900627959,0.583522147625,1.0,1.0,0.970836855452,0.316356720203,0.875105663567,3.06360946746,14.808114962,80.2782650042,0.116652578191,0.00824175824176,0.774091293322,0.00155536770921,Class 2
0.541814815979,0.561073541843,24.4597230951,2.14671386306,0.943892645816,1.0,8.38020486626,0.335223025773,0.353944707965,0.158272479276,0.101347929124,0.618661020475,1.0,1.0,0.953243871513,0.828296703297,0.692730346577,7.97189349112,41.6374154691,226.60307481,0.187024513948,0.0053888419273,2.20435333897,0.00249366018597,Class 2
0.610408781348,0.256762468301,20.0357936491,1.85983727811,0.97432375317,1.0,7.55622650557,0.283547527157,0.291954963552,0.173642375003,0.0562809252021,0.776913149582,1.0,1.0,0.978603127642,0.711644125106,0.748520710059,7.10967878276,37.4455304311,205.174503381,0.0855874894336,0.00729078613694,2.00655114117,0.00114116652578,Class 2
0.727391301396,0.154057480981,9.83894450103,1.21159129332,0.984594251902,1.0,4.92573555696,0.213912034797,0.218704985043,0.179087755424,0.0376091248829,0.820219111847,1.0,1.0,0.987161876585,0.451711749789,0.840870667794,4.61306001691,23.7895710059,130.67091082,0.0513524936602,0.00792476754015,1.27810650888,0.000684699915469,Class 2
0.677255233875,0.110312764159,14.6863283284,1.5238271344,0.988968723584,1.0,6.32319504855,0.236354008714,0.239574011638,0.181446629806,0.0287210155245,0.879666599352,1.0,1.0,0.990807269653,0.576923076923,0.801563820795,5.90891800507,31.066885038,170.894494928,0.0367709213863,0.00760777683855,1.67561284869,0.000490278951817,Class 2
0.584106145172,0.488799661877,19.2066304328,1.87568681319,0.951120033812,1.0,7.34527935884,0.310519144778,0.32680388915,0.161819309584,0.0916441304744,0.636447473422,1.0,1.0,0.959266694844,0.719251901944,0.733093829248,6.95371935757,36.1274830938,196.705145816,0.162933220626,0.00602282333052,1.91335587489,0.00217244294167,Class 2
0.681737852173,0.258664412511,12.1347792221,1.40812552832,0.974133558749,1.0,5.62539133964,0.246656774549,0.255002334309,0.173542762751,0.056604359047,0.746801282979,1.0,1.0,0.978444632291,0.528740490279,0.809382924768,5.27874049028,27.2801141167,149.300454353,0.0862214708369,0.00950972104818,1.45688926458,0.00114961961116,Class 2
0.622563396354,0.146449704142,20.5414790731,1.8582523246,0.985355029586,1.0,7.68892289768,0.267758039235,0.272277143168,0.179496297399,0.03611279999,0.85941008772,1.0,1.0,0.987795857988,0.710376162299,0.755071851226,7.20731191885,38.2025042265,209.917318259,0.0488165680473,0.00792476754015,2.05790363483,0.000650887573964,Class 2
0.619152240568,0.502113271344,14.6831972944,1.6220942519,0.949788672866,1.0,6.30508955117,0.29259782691,0.309375013392,0.161161100587,0.0934705484184,0.604353309781,1.0,1.0,0.958157227388,0.620667793745,0.765215553677,5.9545646661,30.5562130178,166.017909975,0.167371090448,0.00316990701606,1.61094674556,0.00223161453931,Class 2
0.560797816203,0.450760777684,23.6305336414,2.07697590871,0.954923922232,1.0,8.24418581099,0.320526190115,0.335570397181,0.163711964689,0.0863221362442,0.670479099453,1.0,1.0,0.96243660186,0.801669484362,0.707734573119,7.81593406593,40.9869505495,223.611316568,0.150253592561,0.00412087912088,2.17962806424,0.00200338123415,Class 2
0.768804810184,0.340448013525,5.41453634846,0.894600591716,0.965955198648,1.0,3.37395991081,0.200162565344,0.211492045146,0.169301683507,0.0699116221777,0.594876273402,1.0,1.0,0.971629332206,0.328085376162,0.871724429417,3.1904057481,15.5303782756,84.2977071006,0.113482671175,0.00475486052409,0.814032121724,0.00151310228233,Class 2
0.622521238109,0.433643279797,15.3861843634,1.64903846154,0.95663567202,1.0,6.47874133598,0.287921552134,0.302374389002,0.164569487506,0.0838747746418,0.647598934603,1.0,1.0,0.963863060017,0.62954353339,0.766060862215,6.1117920541,31.5623415046,171.908865173,0.144547759932,0.0050718512257,1.67180896027,0.00192730346577,Class 2
0.720010125124,0.292899408284,8.77052954184,1.16245773457,0.970710059172,1.0,4.59621158379,0.227401261791,0.237155143148,0.171757378943,0.0623118640154,0.68670628842,1.0,1.0,0.975591715976,0.43617920541,0.838334742181,4.31889264582,21.8862003381,119.477335165,0.0976331360947,0.00380388841927,1.16208791209,0.00130177514793,Class 2
0.525520207733,0.368977176669,33.4466048273,2.46528951817,0.963102282333,1.0,9.98187697343,0.332902837095,0.345240518591,0.167841663993,0.074308345792,0.732174095621,1.0,1.0,0.969251901944,0.959847844463,0.659551986475,9.47950126796,50.3792265427,275.658653846,0.122992392223,0.00126796280642,2.69505494505,0.00163989856298,Class 2
0.54140913219,0.545857988166,24.8978430949,2.15622358411,0.945414201183,1.0,8.46419918058,0.334772594406,0.353017377426,0.159013821295,0.0993469123826,0.626167354323,1.0,1.0,0.95451183432,0.834636517329,0.69146238377,8.05050718512,42.1033918005,229.244241336,0.181952662722,0.00285291631445,2.2309805579,0.00242603550296,Class 2
0.807126297527,0.435545224007,2.90270991126,0.667952240068,0.956445477599,1.0,2.29880318458,0.176126325292,0.190678109249,0.164474028556,0.0841483723401,0.425455296082,1.0,1.0,0.963704564666,0.239327979713,0.896027049873,2.20773457312,9.891113694,52.804680896,0.145181741336,0.00285291631445,0.500211327134,0.00193575655114,Class 2
0.739911764223,0.439349112426,6.05874817753,0.978603127642,0.956065088757,1.0,3.66526560911,0.220969415887,0.235659700413,0.164283244634,0.0846943059916,0.535494360087,1.0,1.0,0.963387573964,0.364856297549,0.853972950127,3.45921386306,16.8294061708,90.9139370245,0.146449704142,0.00158495350803,0.874894336433,0.00195266272189,Class 2
0.777228956426,0.332840236686,5.05716655804,0.858146661031,0.966715976331,1.0,3.22305631195,0.194584849136,0.205658542513,0.169692719092,0.0687192939081,0.591808132759,1.0,1.0,0.972263313609,0.313503803888,0.877007607777,3.0521978022,14.7781593407,80.2040891801,0.110946745562,0.00475486052409,0.774091293322,0.00147928994083,Class 2
0.654533726239,0.285291631445,14.3015423557,1.55235629755,0.971470836855,1.0,6.21126472553,0.262901086619,0.272202197847,0.172152880444,0.0610616236024,0.738355763601,1.0,1.0,0.97622569738,0.587066779374,0.788461538462,5.8353761623,30.3175190194,165.851806847,0.0950972104818,0.00887573964497,1.6185545224,0.00126796280642,Class 2
0.772941766602,0.117920540997,7.2851345572,0.991282755706,0.9882079459,1.0,4.03536776785,0.184932815514,0.188633700154,0.181034693735,0.0303198591612,0.836936911351,1.0,1.0,0.99017328825,0.365807269653,0.871513102282,3.79015215554,19.2928994083,106.150412088,0.0393068469992,0.00570583262891,1.03846153846,0.000524091293322,Class 2
0.514979128096,0.606720202874,28.778253403,2.3527578191,0.939327979713,1.0,9.14086131148,0.350548776384,0.37075221823,0.156065602338,0.107225621476,0.609869796648,1.0,1.0,0.949439983094,0.908178360101,0.663567202029,8.72506339814,45.7284974641,248.844410397,0.202240067625,0.00792476754015,2.42117497887,0.002696534235,Class 2
0.648409615938,0.298605240913,14.7237761675,1.57137573964,0.970139475909,1.0,6.31877549694,0.266967742141,0.27688955868,0.171461221739,0.0632430621141,0.727666263473,1.0,1.0,0.975116229924,0.598795435334,0.783812341505,5.93934911243,30.8686073542,168.809964074,0.0995350803043,0.00475486052409,1.64708368555,0.00132713440406,Class 2
0.558433024483,0.41652578191,24.8617955565,2.14037404903,0.958347421809,1.0,8.48403254065,0.319858855283,0.333561657111,0.165430627715,0.0813931486088,0.695014271954,1.0,1.0,0.965289518174,0.820688926458,0.703296703297,8.04036348267,42.2992920541,231.004173711,0.138841927303,0.010460693153,2.25380388842,0.00185122569738,Class 2
0.650767351512,0.445054945055,12.3714949808,1.46993871513,0.955494505495,1.0,5.7009624196,0.273174691345,0.287982251332,0.163997403695,0.0855100779508,0.621674973121,1.0,1.0,0.962912087912,0.55663567202,0.789729501268,5.37130177515,27.4303677092,149.141325021,0.148351648352,0.00633981403212,1.44737954353,0.00197802197802,Class 2
0.630222799179,0.580092983939,12.4367478285,1.50480769231,0.941990701606,1.0,5.72846169962,0.289106588784,0.30849722101,0.157349821078,0.103819396818,0.546457837862,1.0,1.0,0.951658918005,0.574070160609,0.776415891801,5.41060862215,27.3851965342,148.179575232,0.19336432798,0.00285291631445,1.43216398986,0.00257819103973,Class 2
0.622396013831,0.57438715131,13.2766048569,1.5634509721,0.942561284869,1.0,5.95008820444,0.293284386849,0.312447099158,0.157626149616,0.103081379248,0.558097154196,1.0,1.0,0.952134404057,0.594674556213,0.769864750634,5.62235841082,28.571534235,154.729237109,0.19146238377,0.00570583262891,1.49683009298,0.0025528317836,Class 2
0.735069282431,0.407016060862,6.64129582327,1.02139687236,0.959298393914,1.0,3.87499546573,0.223110386889,0.236710442406,0.165910602013,0.0799991739938,0.570580016167,1.0,1.0,0.966081994928,0.381022823331,0.850380388842,3.65321217244,17.9691462384,97.3482142857,0.135672020287,0.00253592561285,0.93956043956,0.0018089602705,Class 2
0.756350085638,0.500211327134,4.65771733688,0.869241335587,0.949978867287,1.0,3.1262631519,0.21142611014,0.228152704866,0.161254996467,0.0932107467695,0.457631865608,1.0,1.0,0.958315722739,0.321111580727,0.86517328825,2.96090448014,13.9451077768,74.74170541,0.166737109045,0.00158495350803,0.713229078614,0.00222316145393,Class 3
0.699871077943,0.57628909552,7.10540983019,1.11173922232,0.942371090448,1.0,4.09438366023,0.248316534273,0.267590760533,0.157533995444,0.103327708395,0.476319496642,1.0,1.0,0.951975908707,0.418744716822,0.828402366864,3.8611580727,18.7931635672,100.982195689,0.192096365173,0.000950972104818,0.968089602705,0.00256128486898,Class 3
0.560899371128,0.772189349112,17.2177661572,1.83447802198,0.922781065089,1.0,6.89581192141,0.331850911508,0.357678476776,0.148281310178,0.12712169412,0.493169454659,1.0,1.0,0.935650887574,0.708157227388,0.721048182587,6.55938292477,33.3863060017,180.14364962,0.257396449704,0.000633981403212,1.73837700761,0.00343195266272,Class 3
0.658911038243,0.616229923922,9.53022107452,1.3051035503,0.938377007608,1.0,4.8999527656,0.273566191311,0.294172613489,0.155609074098,0.108427345063,0.495862048061,1.0,1.0,0.94864750634,0.498943364328,0.799450549451,4.62320371936,22.9446322908,123.585534658,0.205409974641,-0.00190194420964,1.18871513102,0.00273879966188,Class 3
0.684566920497,0.561073541843,8.27311352242,1.20049661877,0.943892645816,1.0,4.48855875103,0.257324105672,0.276089368516,0.158272479276,0.101347929124,0.505391300283,1.0,1.0,0.953243871513,0.454247675402,0.817413355875,4.23140321217,20.877694421,112.518121302,0.187024513948,0.000950972104818,1.08220625528,0.00249366018597,Class 3
0.684521010883,0.534446322908,8.56595836593,1.20842138631,0.946555367709,1.0,4.57850380082,0.256780372375,0.274652331085,0.159571703493,0.0978318813395,0.524961257451,1.0,1.0,0.955462806424,0.45995350803,0.816990701606,4.3150887574,21.3940722739,115.496565934,0.178148774303,-0.00158495350803,1.11263736264,0.0023753169907,Class 3
0.676924309516,0.606720202874,8.31214634265,1.20842138631,0.939327979713,1.0,4.512266609,0.262723196271,0.283004984859,0.156065602338,0.107225621476,0.483338630638,1.0,1.0,0.949439983094,0.461221470837,0.812552831784,4.25549450549,20.9223901099,112.522559172,0.202240067625,-0.00285291631445,1.08030431107,0.002696534235,Class 3
0.590331989033,0.669484361792,15.2856113187,1.6997569738,0.933051563821,1.0,6.45280824749,0.313474586269,0.335865264193,0.153073148485,0.115019456676,0.525254675317,1.0,1.0,0.944209636517,0.653634826712,0.744928148774,6.11686390533,31.1306001691,168.290099324,0.223161453931,0.00126796280642,1.62616229924,0.00297548605241,Class 3
0.547427489605,0.814032121724,18.3162771018,1.89470625528,0.918596787828,1.0,7.13318863463,0.339989787557,0.367206629947,0.146366414813,0.131840139249,0.483486732768,1.0,1.0,0.932163989856,0.736052409129,0.709425190194,6.79649196957,34.6206677937,186.705991124,0.271344040575,-0.00316990701606,1.80114116653,0.003617920541,Class 3
0.448503971807,0.960481825866,35.7338589046,2.71571217244,0.903951817413,1.0,10.1990968329,0.394674698208,0.426774414165,0.139834499414,0.147487580943,0.485847290528,1.0,1.0,0.919959847844,1.05589602705,0.594674556213,9.84847844463,51.2736158073,277.448383347,0.320160608622,0.0053888419273,2.68744716822,0.00426880811496,Class 3
0.471595435906,0.728444632291,36.6053236295,2.66974852071,0.927155536771,1.0,10.3804879496,0.376585068151,0.400944050727,0.150306357356,0.122060656419,0.572251495321,1.0,1.0,0.939296280642,1.0451183432,0.611158072697,9.97273879966,52.4157333052,284.950919273,0.24281487743,-0.00221893491124,2.77113271344,0.00323753169907,Class 3
0.667541420476,0.534446322908,9.82135542268,1.30351859679,0.946555367709,1.0,4.97440175842,0.266699852924,0.284574424724,0.159571703493,0.0978318813395,0.541706217158,1.0,1.0,0.955462806424,0.49735841082,0.804522400676,4.68913778529,23.4700443787,126.905061285,0.178148774303,-0.000950972104818,1.22485207101,0.0023753169907,Class 3
0.737772322612,0.543956043956,5.22691843012,0.934224429417,0.945604395604,1.0,3.37807558592,0.223995348174,0.242189468791,0.159106690013,0.0990952648323,0.44811769868,1.0,1.0,0.95467032967,0.348689771767,0.853550295858,3.19294167371,15.1476120034,81.1189243449,0.181318681319,0.0,0.774091293322,0.00241758241758,Class 3
0.467124696943,0.614327979713,42.9581362034,2.88054733728,0.938567202029,1.0,11.3751857513,0.374175048867,0.394721675657,0.155700290427,0.108187612026,0.627429397294,1.0,1.0,0.948806001691,1.12816990702,0.589814032122,10.9173710904,57.8809699915,315.588070583,0.204775993238,-0.000950972104818,3.07734573119,0.0027303465765,Class 3
0.523978037698,0.570583262891,27.7775753163,2.29728444632,0.942941673711,1.0,8.97574326793,0.344557447174,0.363580958205,0.157810591937,0.102587746091,0.623366479581,1.0,1.0,0.952451394759,0.887573964497,0.672442941674,8.55515638208,44.8559805579,244.240437447,0.190194420964,0.00633981403212,2.37743026205,0.00253592561285,Class 3
0.524084683767,0.833051563821,21.5466352155,2.07856086221,0.916694843618,1.0,7.79008240757,0.352848449547,0.380697084013,0.145503153294,0.133946836423,0.491786567223,1.0,1.0,0.930579036348,0.802620456467,0.68617920541,7.44315300085,38.1725486052,206.124841505,0.277683854607,0.00380388841927,1.99133558749,0.00370245139476,Class 3
0.561579440782,0.696111580727,18.4787577912,1.88519653423,0.930388841927,1.0,7.17304325711,0.329653272615,0.352928632777,0.151818315471,0.118231623439,0.532938339303,1.0,1.0,0.941990701606,0.726542688081,0.719146238377,6.81931530008,34.9772823331,189.288831361,0.232037193576,0.00253592561285,1.83157227388,0.00309382924768,Class 3
0.471334090514,0.893913778529,31.1647053152,2.50174344886,0.910608622147,1.0,9.48413510855,0.381572614956,0.411470481741,0.142770727387,0.140535332441,0.498883419612,1.0,1.0,0.925507185123,0.97696534235,0.624683009298,9.12573964497,47.3922231615,256.469938715,0.29797125951,-0.00126796280642,2.48393913779,0.0039729501268,Class 3
0.857451809196,0.310016906171,1.90148112514,0.4967772612,0.968998309383,1.0,1.70109959527,0.138473843465,0.14884293837,0.170870113127,0.0650892307415,0.452999531498,1.0,1.0,0.974165257819,0.174027895182,0.924767540152,1.68026204565,7.20842138631,38.7252218935,0.103338968724,-0.000316990701606,0.36707523246,0.00137785291631,Class 3
0.634249090204,0.7303465765,10.1501585749,1.38276627219,0.92696534235,1.0,5.10620167891,0.289815741489,0.314236562392,0.150217820576,0.122283516569,0.450649232404,1.0,1.0,0.939137785292,0.530642434489,0.782544378698,4.82607776839,23.8480557904,127.947326712,0.243448858833,-0.00253592561285,1.22675401522,0.00324598478445,Class 3
0.842170606557,0.277683854607,2.68001329759,0.572855029586,0.972231614539,1.0,2.09404033547,0.149384343714,0.158660933133,0.172549096492,0.0598012718707,0.54350351459,1.0,1.0,0.976859678783,0.206043956044,0.915891800507,2.03275570583,9.22781065089,49.9936073542,0.092561284869,-0.00190194420964,0.479289940828,0.00123415046492,Class 3
0.588309286461,0.673288250211,15.4600573733,1.6997569738,0.932671174979,1.0,6.49428984089,0.314674260992,0.337181291693,0.152893350716,0.11548167173,0.525569602879,1.0,1.0,0.943892645816,0.658072696534,0.743237531699,6.15743871513,31.3483727811,169.466768808,0.224429416737,-0.00316990701606,1.6375739645,0.00299239222316,Class 3
0.58437293898,0.566779374472,17.7369307389,1.80911876585,0.943322062553,1.0,7.01869619747,0.313515967242,0.332467933511,0.157995212896,0.102092806383,0.588337729773,1.0,1.0,0.952768385461,0.69674556213,0.736263736264,6.65067624683,34.2935333897,186.214655537,0.188926458157,0.00190194420964,1.80684699915,0.0025190194421,Class 3
0.508514447059,0.507819103973,33.3868164962,2.50015849535,0.949218089603,1.0,9.92947353848,0.349172568183,0.366149565918,0.160879680905,0.0942477494635,0.662445530231,1.0,1.0,0.957681741336,0.972844463229,0.647506339814,9.47062552832,50.0592244294,273.16647295,0.169273034658,0.00221893491124,2.6646238377,0.00225697379544,Class 3
0.544726325109,0.68089602705,21.3038327244,2.01199281488,0.931910397295,1.0,7.75669678705,0.338074624946,0.360844468857,0.152534291088,0.116402744921,0.552229329502,1.0,1.0,0.943258664413,0.781699070161,0.701606086221,7.38609467456,38.152578191,206.819051141,0.22696534235,-0.00190194420964,2.00464919696,0.00302620456467,Class 3
0.586476831901,0.671386306002,15.7055564397,1.72194632291,0.9328613694,1.0,6.55215985306,0.31562067428,0.338076923926,0.152983227271,0.11525070468,0.526810760419,1.0,1.0,0.944051141167,0.663461538462,0.741546914624,6.21322907861,31.6617180896,171.198806002,0.223795435334,0.000316990701606,1.65469146238,0.00298393913779,Class 3
0.631464502401,0.652366863905,11.362430759,1.45250422654,0.934763313609,1.0,5.44137066053,0.290146505546,0.31196338232,0.153884449074,0.112925459222,0.499942449202,1.0,1.0,0.945636094675,0.554416737109,0.778951817413,5.14180050719,25.7523774303,138.824545647,0.217455621302,0.00158495350803,1.33706677937,0.00289940828402,Class 3
0.565169769109,0.652366863905,18.7835530729,1.89312130178,0.934763313609,1.0,7.24085433399,0.326490286108,0.348287892187,0.153884449074,0.112925459222,0.554441890234,1.0,1.0,0.945636094675,0.728127641589,0.721048182587,6.87890955199,35.3933326289,191.806371513,0.217455621302,0.00412087912088,1.85819949281,0.00289940828402,Class 3
0.720208501103,0.450760777684,7.09873026999,1.0689454776,0.954923922232,1.0,4.05534163338,0.233361915181,0.248438667661,0.163711964689,0.0863221362442,0.548672954652,1.0,1.0,0.96243660186,0.402261200338,0.840870667794,3.8218512257,18.8197907861,101.791789941,0.150253592561,0.000316990701606,0.981403212172,0.00200338123415,Class 3
0.547415074359,0.659974640744,21.304087582,2.00406804734,0.934002535926,1.0,7.75901327878,0.336019788905,0.358083760642,0.153523424443,0.113858976515,0.561707765305,1.0,1.0,0.945002113271,0.779480135249,0.703508030431,7.38482671175,38.1863377008,207.115120456,0.219991546915,-0.00285291631445,2.00845308538,0.00293322062553,Class 3
0.714879681084,0.543956043956,6.50633323081,1.05468089603,0.945604395604,1.0,3.86871325436,0.238548339996,0.256732190383,0.159106690013,0.0990952648323,0.48279755112,1.0,1.0,0.95467032967,0.394336432798,0.838334742181,3.64940828402,17.6810016906,95.0411559594,0.181318681319,0.00253592561285,0.911031276416,0.00241758241758,Class 3
0.667573575069,0.739856297549,7.54786052621,1.19574175824,0.926014370245,1.0,4.2936823436,0.269801105675,0.294546592634,0.149775806562,0.123393927876,0.405301153093,1.0,1.0,0.938345308538,0.454247675402,0.807480980558,4.05262045647,19.5368237532,104.204723161,0.24661876585,-0.000950972104818,0.99281487743,0.00328825021133,Class 3
0.663381151978,0.580092983939,9.60670200942,1.30985841082,0.941990701606,1.0,4.91672611746,0.270215436265,0.289610884207,0.157349821078,0.103819396818,0.515506873853,1.0,1.0,0.951658918005,0.496724429417,0.802197802198,4.63715131023,23.0925084531,124.589127219,0.19336432798,0.00221893491124,1.20012679628,0.00257819103973,Class 3
0.405330177658,1.0650887574,50.5139334154,3.28788038884,0.89349112426,1.0,12.4450970675,0.41853709409,0.45416063452,0.1353309583,0.15791419629,0.469980672872,1.0,1.0,0.91124260355,1.29142011834,0.510355029586,12.099112426,63.5606508876,344.419008876,0.355029585799,-0.00126796280642,3.34171597633,0.00473372781065,Class 3
0.540635278305,0.241546914624,33.7486104079,2.44627007608,0.975845308538,1.0,10.0778821564,0.316085993903,0.324156165686,0.174440880743,0.0536678256462,0.805947887648,1.0,1.0,0.979871090448,0.951923076923,0.669273034658,9.52768385461,50.8951289096,279.167106932,0.0805156382079,0.00158495350803,2.73499577346,0.00107354184277,Class 3
0.521826448797,0.382290786137,33.9889594749,2.48747886729,0.961770921386,1.0,10.0649460638,0.335535795582,0.348322344354,0.167163760308,0.0763216372079,0.725543801021,1.0,1.0,0.968142434489,0.969674556213,0.655536770921,9.56445477599,50.8247569738,278.03671809,0.127430262046,0.000316990701606,2.71787827557,0.00169907016061,Class 3
0.38283625309,1.28000845309,66.5489483175,4.19130388842,0.871999154691,1.0,15.8207938125,0.433383853597,0.476185767141,0.1265021331,0.177617206894,0.407182549968,1.0,1.0,0.89333262891,1.64740067625,0.478021978022,15.4439983094,81.7056741336,442.999313187,0.426669484362,0.00412087912088,4.3021978022,0.00568892645816,Class 3
0.620173148914,0.642857142857,12.5339308343,1.52699704142,0.935714285714,1.0,5.75961642513,0.296327549225,0.317824803918,0.154336734694,0.111752065679,0.51612993917,1.0,1.0,0.946428571429,0.583896872358,0.7696534235,5.44611158073,27.4598478445,148.258188926,0.214285714286,0.00190194420964,1.43026204565,0.00285714285714,Class 3
0.551949943872,0.439349112426,25.5092319504,2.15939349112,0.956065088757,1.0,8.59871078908,0.324321675761,0.338983336737,0.164283244634,0.0846943059916,0.681365130433,1.0,1.0,0.963387573964,0.834636517329,0.697379543533,8.15701606086,42.9022083686,234.196904057,0.146449704142,0.00412087912088,2.28423499577,0.00195266272189,Class 3
0.584496019619,0.479289940828,19.3329250982,1.87568681319,0.952071005917,1.0,7.37326975587,0.309887282293,0.325882755586,0.162290798642,0.0903282442001,0.64111814334,1.0,1.0,0.960059171598,0.720836855452,0.733093829248,6.97907861369,36.2867709214,197.630758664,0.159763313609,0.00443786982249,1.92286559594,0.00213017751479,Class 3
0.54237895046,0.386094674556,28.8657827388,2.29094463229,0.961390532544,1.0,9.21055146654,0.325906959567,0.338782738858,0.166970475474,0.076892536871,0.71673377763,1.0,1.0,0.967825443787,0.887256973795,0.68279797126,8.7364750634,46.2220519865,252.722474641,0.128698224852,0.00412087912088,2.46872358411,0.00171597633136,Class 3
0.539437876968,0.726542688081,21.216541885,2.01991758242,0.927345731192,1.0,7.73474340452,0.342164896722,0.366461809944,0.150394938796,0.121837535536,0.532467714104,1.0,1.0,0.939454775993,0.784868977177,0.698013524937,7.37214708369,37.9861580727,205.663303043,0.242180896027,-0.00190194420964,1.99133558749,0.00322907861369,Class 3
0.547971884738,0.739856297549,19.6222564625,1.95176458157,0.926014370245,1.0,7.41095986019,0.338024582691,0.362770069651,0.149775806562,0.123393927876,0.51945631679,1.0,1.0,0.938345308538,0.754754860524,0.70731191885,7.05769230769,36.2149725275,195.859414624,0.24661876585,0.000950972104818,1.8943364328,0.00328825021133,Class 3
0.77087717374,0.258664412511,6.04610092026,0.916789940828,0.974133558749,1.0,3.59859070164,0.195614303194,0.204260653361,0.173542762751,0.056604359047,0.672044330627,1.0,1.0,0.978444632291,0.340448013525,0.872147083686,3.39581572274,16.8298816568,91.8712489434,0.0862214708369,0.00126796280642,0.89201183432,0.00114961961116,Class 3
0.788056837174,0.222527472527,5.48269281178,0.853391800507,0.977747252747,1.0,3.35760952858,0.183224296521,0.190657537513,0.175443032242,0.050334219035,0.694876663385,1.0,1.0,0.981456043956,0.314771766695,0.882713440406,3.17519019442,15.6758770076,85.7203613694,0.0741758241758,0.00158495350803,0.833051563821,0.000989010989011,Class 3
0.640444029928,0.648562975486,10.6326094151,1.40337066779,0.935143702451,1.0,5.23343392016,0.284918710587,0.306605106055,0.154065229344,0.112456972735,0.494004202316,1.0,1.0,0.945953085376,0.534129332206,0.785925612849,4.94273034658,24.6549556213,132.813767963,0.216187658495,0.00221893491124,1.27810650888,0.00288250211327,Class 3
0.574847765863,0.699915469146,16.6544136361,1.78534446323,0.930008453085,1.0,6.77087448234,0.322643423154,0.346052044674,0.151639768158,0.118686111485,0.520573514196,1.0,1.0,0.941673710904,0.687869822485,0.731825866441,6.42878275571,32.8024091293,177.316726543,0.233305156382,0.00126796280642,1.71365173288,0.00311073541843,Class 3
0.582898114955,0.673288250211,16.1031883097,1.74255071851,0.932671174979,1.0,6.64487219891,0.317609999716,0.340129476641,0.152893350716,0.11548167173,0.528662414571,1.0,1.0,0.943892645816,0.672654268808,0.738377007608,6.30325443787,32.1576500423,173.914148352,0.224429416737,-0.000633981403212,1.68131868132,0.00299239222316,Class 3
0.69670313593,0.583896872358,7.22942982129,1.12441885038,0.941610312764,1.0,4.14013884064,0.250373703486,0.269902410732,0.157165825348,0.104309798657,0.47470188804,1.0,1.0,0.951341927303,0.423816568047,0.82628909552,3.90426880811,19.0175929839,102.17534869,0.194632290786,0.000950972104818,0.979501267963,0.00259509721048,Class 3
0.582261632639,0.699915469146,15.7461412343,1.73304099746,0.930008453085,1.0,6.5617658891,0.318622910641,0.342033028582,0.151639768158,0.118686111485,0.514541327983,1.0,1.0,0.941673710904,0.667582417582,0.738588334742,6.22590870668,31.6764581572,171.129068047,0.233305156382,0.000633981403212,1.65278951817,0.00311073541843,Class 3
0.764457509134,0.462172442942,4.58135145867,0.843882079459,0.953782755706,1.0,3.07719024936,0.205650457099,0.221108909199,0.163142292472,0.087935288971,0.477866446036,1.0,1.0,0.961485629755,0.312869822485,0.870033812342,2.91652578191,13.7729818259,73.9967772612,0.154057480981,-0.000316990701606,0.707523245985,0.00205409974641,Class 4
0.873889416065,0.199704142012,2.07568225789,0.468248098056,0.980029585799,1.0,1.72271771402,0.124380610055,0.131007290835,0.176651509051,0.0462269716726,0.59773635514,1.0,1.0,0.983357988166,0.16578613694,0.933643279797,1.70815722739,7.57834953508,41.3410291631,0.0665680473373,-0.00348689771767,0.397506339814,0.000887573964497,Class 4
0.775239837541,0.542054099746,3.44063756824,0.755124683009,0.945794590025,1.0,2.61248595989,0.198695385189,0.216824440843,0.159199603391,0.0988432757357,0.383424785188,1.0,1.0,0.954828825021,0.278000845309,0.877218934911,2.48795435334,11.2386411665,59.6472421809,0.180684699915,-0.000950972104818,0.562975486052,0.00240912933221,Class 4
0.869243523886,0.281487743026,1.68823360652,0.46507819104,0.971851225697,1.0,1.56251014608,0.129223006112,0.138626980178,0.17235089915,0.0604327280632,0.464859680217,1.0,1.0,0.976542688081,0.159129332206,0.931318681319,1.55980557904,6.59551986475,35.5077662722,0.0938292476754,0.00190194420964,0.336644125106,0.00125105663567,Class 4
0.494858837761,1.37320371936,16.1270094937,1.94859467456,0.862679628064,1.0,6.67428098246,0.372687255864,0.418615579925,0.122850956671,0.18551117914,0.289074235557,1.0,1.0,0.88556635672,0.752535925613,0.672865595943,6.40215553677,31.3417159763,165.731984362,0.457734573119,0.00190194420964,1.57100591716,0.00610312764159,Class 4
0.785815304729,0.275781910397,5.12736241355,0.834372358411,0.97242180896,1.0,3.2295798414,0.187097227302,0.196321202744,0.172648262151,0.0594845729573,0.635627154088,1.0,1.0,0.977018174134,0.308431952663,0.881868131868,3.05853761623,14.9246090448,81.3103867287,0.0919273034658,0.000316990701606,0.78740490279,0.00122569737954,Class 4
0.793270704521,0.1578613694,56.4118315149,6.76368343195,0.98421386306,1.0,30.1689716326,0.176064942255,0.181331223791,0.178883752391,0.0383503124833,0.767358100053,1.0,1.0,0.986844885883,2.68205832629,0.885249366019,26.9127218935,147.545276839,810.749735841,0.0526204564666,-0.00158495350803,7.96724429417,0.000701606086221,Class 4
0.388236527761,1.58241758242,67.8751665495,4.80151098901,0.841758241758,1.0,17.9761787057,0.432298231273,0.485176931741,0.11504498249,0.201947826641,0.307142370324,1.0,1.0,0.868131868132,1.88609467456,0.54078613694,17.5285291631,92.6851225697,501.738958157,0.527472527473,0.00950972104818,4.86707523246,0.00703296703297,Class 4
0.47665781939,0.83875739645,31.4207699016,2.51442307692,0.916124260355,1.0,9.53553747639,0.377484635841,0.405509126539,0.145245045692,0.134574320948,0.520554590783,1.0,1.0,0.930103550296,0.975380388842,0.628275570583,9.16504649197,47.7179311074,258.551299662,0.279585798817,0.0053888419273,2.5067624683,0.00372781065089,Class 4
0.677412523428,0.581994928149,8.54720461894,1.21476120034,0.941800507185,1.0,4.58308296593,0.261996652137,0.281433685597,0.157257800883,0.10406475807,0.501011354167,1.0,1.0,0.951500422654,0.465342349958,0.812552831784,4.32142857143,21.3365384615,114.929152578,0.193998309383,-0.00443786982249,1.1050295858,0.00258664412511,Class 4
0.866177672708,0.618131868132,-0.266900222691,0.335112003381,0.938186813187,1.0,0.649892550868,0.114607974637,0.135282970504,0.155517902427,0.108666774013,0.00080897594589,1.0,1.0,0.948489010989,0.108727810651,0.929416737109,0.719146238377,1.27340448014,4.48135038039,0.206043956044,0.000316990701606,0.0171174978867,0.00274725274725,Class 4
0.894182805295,0.380388841927,0.301559967929,0.316092561285,0.961961115807,1.0,0.805214432998,0.105319651245,0.118042812516,0.167260469714,0.0760354732061,0.160433433642,1.0,1.0,0.968300929839,0.101437024514,0.945054945055,0.883981403212,2.65183854607,13.3127113271,0.126796280642,0.0,0.114116652578,0.00169061707523,Class 4
0.541595360878,1.00422654269,15.8533834571,1.85983727811,0.899577345731,1.0,6.59337478549,0.345778757043,0.379183765385,0.137934765832,0.151919475427,0.401999503625,1.0,1.0,0.916314454776,0.704353338969,0.709425190194,6.289306847,31.4349112426,168.19373415,0.334742180896,0.0145815722739,1.61094674556,0.00446322907861,Class 4
0.830887023764,0.376584953508,2.40295078069,0.579194843618,0.962341504649,1.0,2.01195326283,0.158688761991,0.171280983186,0.167454022504,0.0754617054686,0.436012229587,1.0,1.0,0.968617920541,0.207945900254,0.909763313609,1.95287404903,8.59161031276,45.9747992392,0.125528317836,-0.00126796280642,0.435545224007,0.00167371090448,Class 4
0.747067590385,0.686601859679,3.58097370757,0.821692730347,0.931339814032,1.0,2.75127899172,0.217418010662,0.240382172693,0.152265465288,0.117090635141,0.315520262427,1.0,1.0,0.94278317836,0.304628064243,0.860312764159,2.60967878276,11.6323436179,61.0470731192,0.22886728656,-0.000950972104818,0.570583262891,0.00305156382079,Class 4
0.634772852806,0.926246830093,7.89565183193,1.2670646661,0.907375316991,1.0,4.4595145473,0.2902638685,0.321194900961,0.141337726663,0.143944267316,0.339767215702,1.0,1.0,0.922812764159,0.489116652578,0.78550295858,4.21491969569,20.0741229924,106.172601437,0.308748943364,-0.00729078613694,1.00422654269,0.00411665257819,Class 4
0.877649449192,0.152155536771,2.2688507484,0.487267540152,0.984784446323,1.0,1.79769425045,0.119927424178,0.124996019186,0.179189823929,0.037236808751,0.671976931675,1.0,1.0,0.987320371936,0.168005071851,0.935545224007,1.77789518174,8.05811496196,44.2288144548,0.050718512257,0.00190194420964,0.427937447168,0.000676246830093,Class 4
0.901953945333,0.167371090448,1.36375056375,0.381075655114,0.983262890955,1.0,1.29083287715,0.101916053718,0.107480824661,0.178374526345,0.0401838096367,0.579036725095,1.0,1.0,0.986052409129,0.124894336433,0.949070160609,1.33157227388,5.55135249366,30.3725169062,0.0557903634827,0.00253592561285,0.290997464074,0.000743871513102,Class 4
0.996623053129,0.0152155536771,-0.334085778242,0.0688398140321,0.998478444632,1.0,0.0151899511532,0.00541991869988,0.0059288451507,0.186656120555,0.00541991869988,0.00010476573877,1.0,1.0,0.998732037194,0.00253592561285,0.998309382925,0.260143702451,-0.0983727810651,0.128434065934,0.0050718512257,0.0,0.0,6.76246830093e-05,Class 4
0.90594138289,0.296703296703,0.455025428356,0.309752747253,0.97032967033,1.0,0.831568050215,0.0976816540508,0.107586885282,0.171559896148,0.0629332723939,0.261102149125,1.0,1.0,0.975274725275,0.0963651732883,0.951394759087,0.916948436179,2.99799239222,15.6571745562,0.0989010989011,0.00253592561285,0.140743871513,0.00131868131868,Class 4
0.984871263726,0.0684699915469,-0.33673609091,0.0910291631445,0.993153000845,1.0,0.0679607356797,0.0194103335044,0.0217005025331,0.183725050715,0.0194103335044,0.000581205936484,1.0,1.0,0.994294167371,0.0114116652578,0.992392223161,0.295646661031,-0.0051775147929,0.359203296703,0.0228233305156,0.0,0.0,0.000304311073542,Class 4
0.837345005927,0.753169907016,-0.204635325306,0.396925190194,0.924683009298,1.0,0.812831390257,0.134113147358,0.159303152538,0.149158862628,0.124937723349,0.0016817313381,1.0,1.0,0.937235841082,0.135038038884,0.91314454776,0.847210481826,1.72083685545,6.22670118343,0.251056635672,-0.00126796280642,0.0285291631445,0.00334742180896,Class 4
0.932691682464,0.205409974641,0.238907549243,0.227335164835,0.979459002536,1.0,0.608775465786,0.0746532345461,0.081481190798,0.17634878695,0.0472653212687,0.298973555748,1.0,1.0,0.982882502113,0.0691039729501,0.965553677092,0.735629754861,2.16969568893,11.587647929,0.0684699915469,-0.00316990701606,0.10460693153,0.000912933220626,Class 4
0.636020808309,1.53677092139,2.39558055717,1.02139687236,0.846322907861,1.0,2.70999957035,0.270753627788,0.322154290623,0.116702015879,0.198506069338,0.0555760417096,1.0,1.0,0.871935756551,0.382290786137,0.787193575655,2.53613693998,9.5663567202,45.2013419273,0.512256973795,0.00126796280642,0.378486897718,0.00683009298394,Class 4
0.825680748473,0.477387996619,1.89782963878,0.564930262046,0.952261200338,1.0,1.81232068156,0.161954103129,0.177917099593,0.162385230431,0.090063918592,0.325555113964,1.0,1.0,0.960217666948,0.19938715131,0.907016060862,1.76648351648,7.36057692308,38.6770393068,0.159129332206,0.00158495350803,0.359467455621,0.00212172442942,Class 4
0.884097427704,0.287193575655,1.1685156339,0.40009509721,0.971280642434,1.0,1.26540202661,0.117248288435,0.126846676271,0.17205393808,0.0613751214869,0.398203302467,1.0,1.0,0.976067202029,0.133453085376,0.93956043956,1.29733727811,5.12769442096,27.4111897718,0.095731191885,0.00158495350803,0.256762468301,0.0012764158918,Class 4
0.855495738087,0.652366863905,-0.156753751085,0.358886306002,0.934763313609,1.0,0.752350367616,0.124155876879,0.145969542416,0.153884449074,0.112925459222,0.00843604856648,1.0,1.0,0.945636094675,0.120773457312,0.923499577346,0.805367709214,1.68517540152,6.56334530854,0.217455621302,-0.00221893491124,0.0361369399831,0.00289940828402,Class 4
0.421102095122,1.78021978022,21.2274740743,2.29411453931,0.821978021978,1.0,7.7146605521,0.412306498249,0.471817746602,0.108161755827,0.215992228797,0.223060380484,1.0,1.0,0.851648351648,0.900887573964,0.600803043111,7.47865595943,36.5226120034,192.052990279,0.593406593407,-0.00824175824176,1.81255283178,0.00791208791209,Class 4
0.506385812965,1.88292476754,8.13640490898,1.60782967033,0.811707523246,1.0,4.80972313169,0.355023895669,0.418000577358,0.104778288718,0.222755387002,0.112304257573,1.0,1.0,0.843089602705,0.620667793745,0.688503803888,4.57375316991,20.2001267963,101.810175402,0.62764158918,-0.00253592561285,0.920540997464,0.0083685545224,Class 4
0.851137361566,0.214919695689,2.79165946499,0.574439983094,0.978508030431,1.0,2.11397967331,0.141331083995,0.148486741288,0.175845143299,0.0489786113299,0.619877575704,1.0,1.0,0.982090025359,0.201923076923,0.920752324598,2.05431107354,9.46983305156,51.655272612,0.071639898563,0.00285291631445,0.498309382925,0.000955198647506,Class 4
0.976956678473,0.10460693153,-0.338549456272,0.106878698225,0.989539306847,1.0,0.103445311962,0.0275051465678,0.031003181524,0.18175605078,0.0275051465678,0.00096566416361,1.0,1.0,0.991282755706,0.0174344885883,0.988377007608,0.319737954353,0.0580621301775,0.515796703297,0.0348689771767,0.000316990701606,0.0,0.000464919695689,Class 4
0.888290386705,0.319526627219,0.838670703148,0.358886306002,0.968047337278,1.0,1.09155030824,0.113172579645,0.123842546936,0.170378750744,0.0666116334885,0.318603438156,1.0,1.0,0.973372781065,0.121090448014,0.941885038039,1.14137785292,4.19907016061,22.1370984784,0.10650887574,-0.00253592561285,0.203508030431,0.0014201183432,Class 4
0.891498879234,0.176880811496,1.63653177092,0.406434911243,0.98231191885,1.0,1.4584224832,0.110385112388,0.116261351829,0.177866416778,0.0419907253198,0.592574097369,1.0,1.0,0.985259932375,0.140426880811,0.94336432798,1.47738799662,6.34208579882,34.6677409129,0.0589602704987,-0.00285291631445,0.332840236686,0.000786136939983,Class 4
0.892289346326,0.258664412511,1.09131532582,0.371565934066,0.974133558749,1.0,1.19705238605,0.110579684422,0.119226034589,0.173542762751,0.056604359047,0.417175490368,1.0,1.0,0.978444632291,0.124894336433,0.943998309383,1.24027895182,4.86665257819,26.1273774303,0.0862214708369,-0.00126796280642,0.245350803043,0.00114961961116,Class 4
0.822482348914,0.387996618766,2.64205034703,0.607724006762,0.961200338123,1.0,2.1411818877,0.164891396715,0.177854620937,0.166873900045,0.0771772770221,0.444719247281,1.0,1.0,0.967666948436,0.220625528318,0.904902789518,2.06825866441,9.2097421809,49.3114433643,0.129332206255,-0.00253592561285,0.467878275571,0.00172442941674,Class 4
0.727587087144,0.456466610313,6.60073384459,1.01822696534,0.954353338969,1.0,3.87544513532,0.229002418265,0.244242666844,0.163426927614,0.0871305254355,0.538453878102,1.0,1.0,0.961961115807,0.386094674556,0.845942519019,3.65448013525,17.8797548605,96.5956783601,0.152155536771,-0.00380388841927,0.930050718512,0.00202874049028,Class 4
0.714712209242,1.12975486052,1.72342063187,0.80267328825,0.887024513948,1.0,2.15646479168,0.227119792701,0.264892438413,0.132614520371,0.164075128866,0.0882698704971,1.0,1.0,0.905853761623,0.291631445478,0.840025359256,2.03655959425,7.58738377008,36.4764898563,0.376584953508,0.00443786982249,0.310016906171,0.00502113271344,Class 4
0.945688569185,0.20921386306,-0.125608877596,0.18295646661,0.979078613694,1.0,0.36099362187,0.0602723509584,0.0672700896573,0.176147195512,0.0479531925639,0.117567634773,1.0,1.0,0.982565511412,0.0481825866441,0.972316145393,0.522612003381,0.980029585799,5.02974429417,0.0697379543533,0.0,0.0399408284024,0.000929839391378,Class 4
0.995358127145,0.0114116652578,-0.283892533468,0.0751796280642,0.998858833474,1.0,0.0493530257268,0.00782616588828,0.0082078607264,0.186866822462,0.00422347318226,0.485611836467,1.0,1.0,0.999049027895,0.0050718512257,0.997675401522,0.289306846999,0.0709002535926,1.07877218935,0.00380388841927,0.0,0.00950972104818,5.0718512257e-05,Class 4
0.953076265694,0.0798816568047,0.407590706531,0.214655536771,0.99201183432,1.0,0.6101263698,0.0558218174072,0.0584233259271,0.183101519555,0.022048729504,0.617741065561,1.0,1.0,0.993343195266,0.0583262890955,0.976120033812,0.75338123415,2.51299661877,14.1375211327,0.0266272189349,0.00253592561285,0.135038038884,0.000355029585799,Class 4
0.632480587557,0.564877430262,12.4319114796,1.48895815723,0.943512256974,1.0,5.725950696,0.287414382141,0.306304413726,0.158087590363,0.101844844022,0.553426678842,1.0,1.0,0.952926880811,0.572168216399,0.777895181741,5.40680473373,27.3937552832,148.307005495,0.188292476754,-0.00158495350803,1.43406593407,0.00251056635672,Class 4
0.836020415309,0.572485207101,0.920815127954,0.477757819104,0.94275147929,1.0,1.3398125357,0.150452776518,0.169600981775,0.157718348447,0.102834725482,0.173045869611,1.0,1.0,0.952292899408,0.16578613694,0.912933220626,1.3353761623,4.78249154691,24.0067096365,0.190828402367,0.000316990701606,0.21111580727,0.00254437869822,Class 4
0.86398240715,0.279585798817,1.87972154525,0.48885249366,0.972041420118,1.0,1.6683074017,0.133278157329,0.142614378708,0.172449975491,0.0601173221487,0.485206858248,1.0,1.0,0.976701183432,0.168322062553,0.928360101437,1.65363482671,7.11998098056,38.3999894336,0.0931952662722,0.00221893491124,0.36517328825,0.0012426035503,Class 4
0.893606970116,0.214919695689,1.32484177359,0.390585376162,0.978508030431,1.0,1.30343784761,0.109390203727,0.116575134531,0.175845143299,0.0489786113299,0.500546653261,1.0,1.0,0.982090025359,0.13028317836,0.944632290786,1.33791208791,5.49381868132,29.8051035503,0.071639898563,0.000950972104818,0.283389687236,0.000955198647506,Class 4
0.949732813191,0.142645815723,0.139736316472,0.195636094675,0.985735418428,1.0,0.483586403611,0.0590523936978,0.0638229673014,0.179700836341,0.0353574272477,0.345409347983,1.0,1.0,0.98811284869,0.0529374471682,0.974429416737,0.636728655959,1.74318469992,9.5753909552,0.0475486052409,0.000316990701606,0.0874894336433,0.000633981403212,Class 4
0.567472573918,1.45308537616,7.46147152766,1.44299450549,0.854691462384,1.0,4.47847873661,0.325768633892,0.374336507233,0.119806720524,0.191989857121,0.18181030715,1.0,1.0,0.878909551986,0.544590025359,0.737743026205,4.24281487743,19.2016060862,98.593987743,0.484361792054,0.00760777683855,0.907227387997,0.00645815722739,Class 4
0.922690799999,0.190194420964,0.604989979096,0.273298816568,0.980980557904,1.0,0.837249765838,0.0844880551631,0.0908036699048,0.177156939068,0.0444783946769,0.425609630188,1.0,1.0,0.98415046492,0.0874894336433,0.960270498732,0.934699915469,3.30420540997,17.9027366864,0.0633981403212,-0.00316990701606,0.167371090448,0.000845308537616,Class 4
0.831703393167,0.715131022823,0.187495613046,0.442888841927,0.928486897718,1.0,1.0217446563,0.145145874947,0.169061024311,0.150927365274,0.120493299748,0.0418614876833,1.0,1.0,0.940405748098,0.150253592561,0.910185967878,1.03740490279,2.85059171598,12.6362531699,0.238377007608,0.00190194420964,0.0931952662722,0.00317836010144,Class 4
0.959977445339,0.135038038884,-0.0825181934119,0.160767117498,0.986496196112,1.0,0.32016550829,0.0481155787497,0.05262648234,0.180110450136,0.0338316248976,0.234056435238,1.0,1.0,0.988746830093,0.0383558748943,0.979712595097,0.498520710059,0.990965765004,5.48177303466,0.0450126796281,0.000950972104818,0.0475486052409,0.000600169061708,Class 4
0.86816429068,0.399408284024,0.969022885411,0.409604818259,0.960059171598,1.0,1.23362189872,0.128716430087,0.142067881647,0.166295385316,0.0788759203996,0.274921222668,1.0,1.0,0.966715976331,0.140743871513,0.93089602705,1.25803043111,4.6907227388,24.4168956044,0.133136094675,-0.00190194420964,0.222527472527,0.00177514792899,Class 4
0.67334398484,0.368977176669,11.3978176236,1.38118131868,0.963102282333,1.0,5.42124482251,0.257414062581,0.269678779136,0.167841663993,0.074308345792,0.660281636808,1.0,1.0,0.969251901944,0.521766694844,0.805579036348,5.09868977177,26.0657227388,142.043903212,0.122992392223,0.00570583262891,1.3808114962,0.00163989856298,Class 4
0.597149030825,0.353761622992,19.9852259014,1.86934699915,0.964623837701,1.0,7.52859035114,0.296801317395,0.308624974073,0.168619090611,0.0719777869452,0.712159369681,1.0,1.0,0.970519864751,0.720836855452,0.740067624683,7.10460693153,37.2282333052,203.467825444,0.117920540997,0.00190194420964,1.98562975486,0.00157227387997,Class 4
0.887248935147,0.184488588335,1.72611599344,0.438133981403,0.981551141167,1.0,1.515511439,0.113865466671,0.119956007691,0.177460732989,0.0434180672997,0.593676720246,1.0,1.0,0.984625950972,0.14613271344,0.941039729501,1.52683854607,6.60170118343,36.0542582418,0.0614961961116,0.00412087912088,0.346153846154,0.000819949281488,Class 4
0.95023603258,0.0798816568047,0.484331223824,0.216240490279,0.99201183432,1.0,0.662027302746,0.0584730338311,0.061127389611,0.183101519555,0.022048729504,0.624639208285,1.0,1.0,0.993343195266,0.062764158918,0.974640743872,0.797759932375,2.75929839391,15.4910714286,0.0266272189349,-0.00126796280642,0.148351648352,0.000355029585799,Class 4
0.963681207927,0.117920540997,-0.0823075209209,0.148087489434,0.9882079459,1.0,0.303769958466,0.0446082510432,0.0485405804586,0.181034693735,0.0303198591612,0.268556799346,1.0,1.0,0.99017328825,0.0355029585799,0.981614539307,0.487109044801,0.961010143702,5.40759721048,0.0393068469992,-0.00126796280642,0.0475486052409,0.000524091293322,Class 4
0.9566889236,0.129332206255,0.0331274366354,0.168691885038,0.987066779374,1.0,0.396682767019,0.0520358768718,0.0563374258499,0.180418129403,0.0326735515116,0.326607689108,1.0,1.0,0.989222316145,0.0443786982249,0.978021978022,0.564454775993,1.36802620456,7.58405536771,0.0431107354184,-0.00190194420964,0.0684699915469,0.000574809805579,Class 4
0.884156735065,0.268174133559,1.28664067723,0.403265004227,0.973182586644,1.0,1.32096166861,0.117286818143,0.126256321382,0.173045371382,0.0582112034172,0.430756438763,1.0,1.0,0.977652155537,0.136622992392,0.93956043956,1.34805579036,5.44627007608,29.2624154691,0.0893913778529,-0.000316990701606,0.275781910397,0.00119188503804,Class 4
0.90395360378,0.443153000845,-0.324182287735,0.251109467456,0.955684699915,1.0,0.447112810086,0.0875273332345,0.102349619165,0.164092639349,0.0852385688276,9.90581791255e-08,1.0,1.0,0.963070583263,0.0757607776839,0.950126796281,0.564454775993,0.756075655114,2.56292265427,0.147717666948,-0.000316990701606,0.00570583262891,0.00196956889265,Class 4
0.958801926989,0.182586644125,-0.31176606914,0.148087489434,0.981741335587,1.0,0.201601005715,0.0453597319455,0.0514496297204,0.177562086947,0.0430627056737,0.0103372599803,1.0,1.0,0.984784446323,0.0323330515638,0.979078613694,0.390743871513,0.300084530854,1.43380177515,0.0608622147084,0.00190194420964,0.00570583262891,0.000811496196112,Class 4
0.998310454745,0.00760777683855,-0.333709290783,0.0656699070161,0.999239222316,1.0,0.00760152966259,0.00296457786845,0.00321904109386,0.187077703004,0.00296457786845,4.82204703633e-05,1.0,1.0,0.999366018597,0.00126796280642,0.999154691462,0.255071851226,-0.111686390533,0.095467032967,0.00253592561285,0.0,0.0,3.38123415046e-05,Class 4
0.933234559186,0.292899408284,-0.264632119728,0.198806001691,0.970710059172,1.0,0.343751330407,0.067707469425,0.0775031116452,0.171757378943,0.0623118640154,0.0172984960538,1.0,1.0,0.975591715976,0.053888419273,0.965765004227,0.495984784446,0.669061707523,2.87864539307,0.0976331360947,0.000633981403212,0.0152155536771,0.00130177514793,Class 4
0.960026481094,0.174978867287,-0.301154476497,0.141747675402,0.982502113271,1.0,0.201744443,0.0445887661747,0.0504414203592,0.177967949373,0.0416313991236,0.01758973137,1.0,1.0,0.985418427726,0.0316990701606,0.979712595097,0.39201183432,0.321956889265,1.59419907016,0.0583262890955,0.0,0.00760777683855,0.000777683854607,Class 4
0.72374050457,0.427937447168,7.11110717083,1.07370033812,0.957206255283,1.0,4.05323514307,0.230600415803,0.244868049076,0.16485613231,0.0830514369701,0.567756272313,1.0,1.0,0.964338546069,0.399725274725,0.842983939138,3.81931530008,18.8502218935,102.079617498,0.142645815723,0.00475486052409,0.985207100592,0.00190194420964,Class 4
0.974033468645,0.100803043111,-0.246943207026,0.117973372781,0.989919695689,1.0,0.167399064978,0.0326768923554,0.0360476642086,0.181962554725,0.026686173077,0.122595756319,1.0,1.0,0.991599746407,0.022506339814,0.986897717667,0.37426035503,0.368079036348,2.23959213863,0.0336010143702,-0.000316990701606,0.0171174978867,0.000448013524937,Class 4
0.994937795152,0.0228233305156,-0.334462796427,0.0720097210482,0.997717666948,1.0,0.0227654578843,0.0076828575735,0.00844624724974,0.186235252653,0.0076828575735,0.000165530769728,1.0,1.0,0.99809805579,0.00380388841927,0.997464074387,0.265215553677,-0.0850591715976,0.161401098901,0.00760777683855,0.0,0.0,0.000101437024514,Class 4
0.844589971768,0.353761622992,2.05896472949,0.539571005917,0.964623837701,1.0,1.81600605626,0.148387264191,0.160204009501,0.168619090611,0.0719777869452,0.431140683616,1.0,1.0,0.970519864751,0.188292476754,0.917582417582,1.77916314455,7.6720202874,41.0417899408,0.117920540997,0.00253592561285,0.387996618766,0.00157227387997,Class 4
0.780730948939,0.500211327134,3.5238165636,0.758294590025,0.949978867287,1.0,2.62860593993,0.194893438655,0.21161025982,0.161254996467,0.0932107467695,0.414395354813,1.0,1.0,0.958315722739,0.275464919696,0.880388841927,2.50443786982,11.4117180896,60.8194737954,0.166737109045,0.00285291631445,0.57628909552,0.00222316145393,Class 4
0.661276097919,0.585798816568,9.70274013523,1.31302831784,0.941420118343,1.0,4.94712465694,0.271565305349,0.291158973706,0.157073894471,0.104554519551,0.512411467968,1.0,1.0,0.951183431953,0.500211327134,0.800718512257,4.66631445478,23.2432375317,125.387309806,0.195266272189,0.0,1.20773457312,0.00260355029586,Class 4
0.728650778963,0.467878275571,6.42910406573,1.02615173288,0.953212172443,1.0,3.81526788683,0.228606052017,0.244228667802,0.162858059263,0.0887364692211,0.527603621068,1.0,1.0,0.961010143702,0.381656804734,0.846787827557,3.59868977177,17.5478655959,94.7114856298,0.15595942519,0.00380388841927,0.911031276416,0.00207945900254,Class 4
0.47665781939,0.83875739645,31.4207699016,2.51442307692,0.916124260355,1.0,9.53553747639,0.377484635841,0.405509126539,0.145245045692,0.134574320948,0.520554590783,1.0,1.0,0.930103550296,0.975380388842,0.628275570583,9.16504649197,47.7179311074,258.551299662,0.279585798817,0.0053888419273,2.5067624683,0.00372781065089,Class 4
0.866177672708,0.618131868132,-0.266900222691,0.335112003381,0.938186813187,1.0,0.649892550868,0.114607974637,0.135282970504,0.155517902427,0.108666774013,0.00080897594589,1.0,1.0,0.948489010989,0.108727810651,0.929416737109,0.719146238377,1.27340448014,4.48135038039,0.206043956044,0.000316990701606,0.0171174978867,0.00274725274725,Class 4
0.894182805295,0.380388841927,0.301559967929,0.316092561285,0.961961115807,1.0,0.805214432998,0.105319651245,0.118042812516,0.167260469714,0.0760354732061,0.160433433642,1.0,1.0,0.968300929839,0.101437024514,0.945054945055,0.883981403212,2.65183854607,13.3127113271,0.126796280642,0.0,0.114116652578,0.00169061707523,Class 4
0.996623053129,0.0152155536771,-0.334085778242,0.0688398140321,0.998478444632,1.0,0.0151899511532,0.00541991869988,0.0059288451507,0.186656120555,0.00541991869988,0.00010476573877,1.0,1.0,0.998732037194,0.00253592561285,0.998309382925,0.260143702451,-0.0983727810651,0.128434065934,0.0050718512257,0.0,0.0,6.76246830093e-05,Class 4
0.984871263726,0.0684699915469,-0.33673609091,0.0910291631445,0.993153000845,1.0,0.0679607356797,0.0194103335044,0.0217005025331,0.183725050715,0.0194103335044,0.000581205936484,1.0,1.0,0.994294167371,0.0114116652578,0.992392223161,0.295646661031,-0.0051775147929,0.359203296703,0.0228233305156,0.0,0.0,0.000304311073542,Class 4
0.837345005927,0.753169907016,-0.204635325306,0.396925190194,0.924683009298,1.0,0.812831390257,0.134113147358,0.159303152538,0.149158862628,0.124937723349,0.0016817313381,1.0,1.0,0.937235841082,0.135038038884,0.91314454776,0.847210481826,1.72083685545,6.22670118343,0.251056635672,-0.00126796280642,0.0285291631445,0.00334742180896,Class 4
0.636020808309,1.53677092139,2.39558055717,1.02139687236,0.846322907861,1.0,2.70999957035,0.270753627788,0.322154290623,0.116702015879,0.198506069338,0.0555760417096,1.0,1.0,0.871935756551,0.382290786137,0.787193575655,2.53613693998,9.5663567202,45.2013419273,0.512256973795,0.00126796280642,0.378486897718,0.00683009298394,Class 4
0.506385812965,1.88292476754,8.13640490898,1.60782967033,0.811707523246,1.0,4.80972313169,0.355023895669,0.418000577358,0.104778288718,0.222755387002,0.112304257573,1.0,1.0,0.843089602705,0.620667793745,0.688503803888,4.57375316991,20.2001267963,101.810175402,0.62764158918,-0.00253592561285,0.920540997464,0.0083685545224,Class 4
0.851137361566,0.214919695689,2.79165946499,0.574439983094,0.978508030431,1.0,2.11397967331,0.141331083995,0.148486741288,0.175845143299,0.0489786113299,0.619877575704,1.0,1.0,0.982090025359,0.201923076923,0.920752324598,2.05431107354,9.46983305156,51.655272612,0.071639898563,0.00285291631445,0.498309382925,0.000955198647506,Class 4
0.785815304729,0.275781910397,5.12736241355,0.834372358411,0.97242180896,1.0,3.2295798414,0.187097227302,0.196321202744,0.172648262151,0.0594845729573,0.635627154088,1.0,1.0,0.977018174134,0.308431952663,0.881868131868,3.05853761623,14.9246090448,81.3103867287,0.0919273034658,0.000316990701606,0.78740490279,0.00122569737954,Class 4
0.891498879234,0.176880811496,1.63653177092,0.406434911243,0.98231191885,1.0,1.4584224832,0.110385112388,0.116261351829,0.177866416778,0.0419907253198,0.592574097369,1.0,1.0,0.985259932375,0.140426880811,0.94336432798,1.47738799662,6.34208579882,34.6677409129,0.0589602704987,-0.00285291631445,0.332840236686,0.000786136939983,Class 4
0.822482348914,0.387996618766,2.64205034703,0.607724006762,0.961200338123,1.0,2.1411818877,0.164891396715,0.177854620937,0.166873900045,0.0771772770221,0.444719247281,1.0,1.0,0.967666948436,0.220625528318,0.904902789518,2.06825866441,9.2097421809,49.3114433643,0.129332206255,-0.00253592561285,0.467878275571,0.00172442941674,Class 4
0.995358127145,0.0114116652578,-0.283892533468,0.0751796280642,0.998858833474,1.0,0.0493530257268,0.00782616588828,0.0082078607264,0.186866822462,0.00422347318226,0.485611836467,1.0,1.0,0.999049027895,0.0050718512257,0.997675401522,0.289306846999,0.0709002535926,1.07877218935,0.00380388841927,0.0,0.00950972104818,5.0718512257e-05,Class 4
0.953076265694,0.0798816568047,0.407590706531,0.214655536771,0.99201183432,1.0,0.6101263698,0.0558218174072,0.0584233259271,0.183101519555,0.022048729504,0.617741065561,1.0,1.0,0.993343195266,0.0583262890955,0.976120033812,0.75338123415,2.51299661877,14.1375211327,0.0266272189349,0.00253592561285,0.135038038884,0.000355029585799,Class 4
0.494858837761,1.37320371936,16.1270094937,1.94859467456,0.862679628064,1.0,6.67428098246,0.372687255864,0.418615579925,0.122850956671,0.18551117914,0.289074235557,1.0,1.0,0.88556635672,0.752535925613,0.672865595943,6.40215553677,31.3417159763,165.731984362,0.457734573119,0.00190194420964,1.57100591716,0.00610312764159,Class 4
0.800263167485,0.779797125951,0.811532251001,0.541155959425,0.922020287405,1.0,1.43728508048,0.171625601557,0.197704052731,0.147931539655,0.127988327464,0.0963495651741,1.0,1.0,0.935016906171,0.19336432798,0.892223161454,1.40384615385,4.75824175824,22.7780536771,0.259932375317,-0.00190194420964,0.190194420964,0.00346576500423,Class 4
0.65216723747,0.346153846154,13.6379213919,1.46518385461,0.965384615385,1.0,6.0375881508,0.267788967948,0.27867567095,0.16900887574,0.0708002627092,0.701090845733,1.0,1.0,0.971153846154,0.577557058326,0.788250211327,5.67941673711,29.333262891,160.121248943,0.115384615385,-0.0164835164835,1.5595942519,0.00153846153846,Class 4
0.327356181435,2.00274725275,56.8273921423,3.92503169907,0.799725274725,1.0,13.836632223,0.464055769665,0.531033408059,0.100995501751,0.230214439192,0.235044088946,1.0,1.0,0.833104395604,1.5402578191,0.402155536771,13.6498309383,70.3387045647,376.713387574,0.667582417582,0.00475486052409,3.61939983094,0.0089010989011,Class 4
0.830768498359,0.515426880811,1.46387776781,0.530061284869,0.948457311919,1.0,1.60360108814,0.157048361317,0.174274526385,0.16050507989,0.0952789232535,0.264075862918,1.0,1.0,0.957047759932,0.184171597633,0.909974640744,1.57628909552,6.23082206255,32.2674873204,0.17180896027,0.00285291631445,0.294801352494,0.00229078613694,Class 4
0.844589971768,0.353761622992,2.05896472949,0.539571005917,0.964623837701,1.0,1.81600605626,0.148387264191,0.160204009501,0.168619090611,0.0719777869452,0.431140683616,1.0,1.0,0.970519864751,0.188292476754,0.917582417582,1.77916314455,7.6720202874,41.0417899408,0.117920540997,0.00253592561285,0.387996618766,0.00157227387997,Class 4
0.950732821051,0.0532544378698,0.625963131331,0.213070583263,0.994674556213,1.0,0.733638803104,0.0569659388961,0.0580198516415,0.184558926508,0.0157449334306,0.804202491815,1.0,1.0,0.995562130178,0.0665680473373,0.974852071006,0.862426035503,3.1701183432,17.8894230769,0.0177514792899,-0.00633981403212,0.173076923077,0.000236686390533,Class 4
0.288442335024,2.81107354184,53.6015263382,4.12156593407,0.718892645816,1.0,13.7831263285,0.474644885519,0.568665942475,0.0801078554387,0.269680087459,0.102113402631,1.0,1.0,0.765743871513,1.62045646661,0.383981403212,13.6434911243,68.7272823331,363.58680262,0.937024513948,0.00316990701606,3.45583262891,0.012493660186,Class 4
0.438580171048,0.677092138631,54.6423930859,3.37663778529,0.932290786137,1.0,13.1404729169,0.390513091292,0.412810517276,0.152713731583,0.115942765882,0.613564424698,1.0,1.0,0.943575655114,1.30917159763,0.525993237532,12.6646238377,67.4558326289,367.875052832,0.225697379544,0.0164835164835,3.58896872358,0.00300929839391,Class 4
0.903965036524,0.302409129332,0.478108030946,0.308167793745,0.969759087067,1.0,0.851292056083,0.0993561896386,0.109470814236,0.171264006898,0.0638608313319,0.256860334681,1.0,1.0,0.974799239222,0.0985841081995,0.950338123415,0.933431952663,3.07834953508,16.0686284869,0.100803043111,-0.000316990701606,0.144547759932,0.00134404057481,Class 4
0.762356206444,0.623837700761,3.37798699931,0.777314032122,0.937616229924,1.0,2.62734394506,0.207264096261,0.228127842197,0.155244655371,0.10938324498,0.336614353331,1.0,1.0,0.948013524937,0.287193575655,0.869611158073,2.49809805579,11.1354606932,58.6480874894,0.207945900254,-0.00126796280642,0.549661876585,0.00277261200338,Class 4
0.958447422595,0.0475486052409,0.449184102113,0.206730769231,0.995245139476,1.0,0.60958127768,0.0496394058833,0.0511386446638,0.184872366807,0.0143187339174,0.745150048075,1.0,1.0,0.99603761623,0.0554733727811,0.97886728656,0.75718512257,2.59715765004,14.7708685545,0.0158495350803,0.00221893491124,0.142645815723,0.000211327134404,Class 4
0.90395360378,0.443153000845,-0.324182287735,0.251109467456,0.955684699915,1.0,0.447112810086,0.0875273332345,0.102349619165,0.164092639349,0.0852385688276,9.90581791255e-08,1.0,1.0,0.963070583263,0.0757607776839,0.950126796281,0.564454775993,0.756075655114,2.56292265427,0.147717666948,-0.000316990701606,0.00570583262891,0.00196956889265,Class 4
0.910229465898,0.412721893491,-0.322701251385,0.240014792899,0.958727810651,1.0,0.418950731365,0.0831266327247,0.0969310512321,0.165622483456,0.0808368905443,5.04948060841e-05,1.0,1.0,0.965606508876,0.0706889264582,0.953508030431,0.54416737109,0.702821217244,2.4310545224,0.137573964497,0.000316990701606,0.00570583262891,0.00183431952663,Class 4
0.958435632577,0.0513524936602,0.42762079734,0.201975908707,0.994864750634,1.0,0.598272471945,0.0498314398119,0.0515337385849,0.184663361949,0.0152729966789,0.709623925282,1.0,1.0,0.995720625528,0.0548393913779,0.97886728656,0.747041420118,2.53344251902,14.400623415,0.0171174978867,0.000950972104818,0.138841927303,0.000228233305156,Class 4
0.290126342544,2.69885883347,48.5575893658,3.7538567202,0.730114116653,1.0,12.4958698957,0.475965585433,0.566224739904,0.0825253672948,0.265248320861,0.11884492852,1.0,1.0,0.77509509721,1.48256551141,0.355874894336,12.3767962806,61.9159446323,326.748045224,0.899619611158,-0.00602282333052,3.0982671175,0.0119949281488,Class 4
0.848110095899,0.319526627219,2.16724392523,0.541155959425,0.968047337278,1.0,1.85151754005,0.145607306482,0.156267430854,0.170378750744,0.0666116334885,0.47131195922,1.0,1.0,0.973372781065,0.188292476754,0.919484361792,1.81339814032,7.92878275571,42.6337172443,0.10650887574,0.00316990701606,0.405114116653,0.0014201183432,Class 4
0.888537709121,0.467878275571,-0.0427066404737,0.309752747253,0.953212172443,1.0,0.659089244268,0.104807500451,0.12044504808,0.162858059263,0.0887364692211,0.0483339486842,1.0,1.0,0.961010143702,0.0963651732883,0.941885038039,0.745773457312,1.71418005072,7.69753803888,0.15595942519,0.00253592561285,0.0551563820795,0.00207945900254,Class 4
0.548524854429,1.63186813187,7.13411769137,1.45725908707,0.836813186813,1.0,4.43644186472,0.333675157908,0.388257305824,0.113278891438,0.205589442878,0.140060721013,1.0,1.0,0.864010989011,0.55853761623,0.723161453931,4.20350803043,18.6348267117,94.5346048183,0.543956043956,-0.000633981403212,0.859678782756,0.00725274725275,Class 4
0.888537709121,0.467878275571,-0.0427066404737,0.309752747253,0.953212172443,1.0,0.659089244268,0.104807500451,0.12044504808,0.162858059263,0.0887364692211,0.0483339486842,1.0,1.0,0.961010143702,0.0963651732883,0.941885038039,0.745773457312,1.71418005072,7.69753803888,0.15595942519,0.00253592561285,0.0551563820795,0.00207945900254,Class 4
0.731672060302,0.273879966188,8.20254570514,1.09588968724,0.972612003381,1.0,4.39962581463,0.21968219304,0.228822463493,0.17274747247,0.0591672210773,0.693526378614,1.0,1.0,0.977176669484,0.415891800507,0.846153846154,4.13503803888,20.9028951817,114.174080727,0.0912933220626,-0.00253592561285,1.11073541843,0.00121724429417,Class 4
0.989057077262,0.0494505494505,-0.335786668957,0.0878592561285,0.995054945055,1.0,0.0491816853129,0.0147976404503,0.0163875363347,0.184767842048,0.0147976404503,0.000473642795532,1.0,1.0,0.995879120879,0.00824175824176,0.994505494505,0.282967032967,-0.0384615384615,0.276785714286,0.0164835164835,0.00190194420964,0.0,0.00021978021978,Class 4
0.989057077262,0.0494505494505,-0.335786668957,0.0878592561285,0.995054945055,1.0,0.0491816853129,0.0147976404503,0.0163875363347,0.184767842048,0.0147976404503,0.000473642795532,1.0,1.0,0.995879120879,0.00824175824176,0.994505494505,0.282967032967,-0.0384615384615,0.276785714286,0.0164835164835,0.00190194420964,0.0,0.00021978021978,Class 4
0.558765645889,1.40363482671,8.7089974749,1.51590236686,0.859636517329,1.0,4.83528180062,0.33271473986,0.379633105197,0.121681958558,0.188009784815,0.211354306158,1.0,1.0,0.883030431107,0.57438715131,0.730557903635,4.59023668639,21.2262256974,109.981561708,0.467878275571,0.00697379543533,1.02134404057,0.00623837700761,Class 4
0.877350679427,0.190194420964,2.02088591306,0.479342772612,0.980980557904,1.0,1.6859698965,0.121529014207,0.1277726123,0.177156939068,0.0444783946769,0.611676388212,1.0,1.0,0.98415046492,0.161665257819,0.935545224007,1.67645815723,7.42096365173,40.52636306,0.0633981403212,0.0050718512257,0.389898562975,0.000845308537616,Class 4
0.661424723596,1.00993237532,5.33174372693,1.07687024514,0.899006762468,1.0,3.60588369795,0.271855712253,0.3055415332,0.137688716203,0.152489831933,0.25663014792,1.0,1.0,0.915838968724,0.416208791209,0.805156382079,3.40215553677,15.4000950972,80.0443258664,0.336644125106,-0.010460693153,0.743660185968,0.00448858833474,Class 4
0.834256199942,0.271978021978,3.02722015997,0.631498309383,0.972802197802,1.0,2.2664532596,0.154859882029,0.163814911092,0.172846727448,0.0588492118396,0.577792206864,1.0,1.0,0.977335164835,0.220942519019,0.91124260355,2.18744716822,10.0974746407,54.802990279,0.0906593406593,0.00665680473373,0.526838546069,0.00120879120879,Class 4
0.834256199942,0.271978021978,3.02722015997,0.631498309383,0.972802197802,1.0,2.2664532596,0.154859882029,0.163814911092,0.172846727448,0.0588492118396,0.577792206864,1.0,1.0,0.977335164835,0.220942519019,0.91124260355,2.18744716822,10.0974746407,54.802990279,0.0906593406593,0.00665680473373,0.526838546069,0.00120879120879,Class 4
0.737981059515,0.481191885038,5.77925471889,0.961168639053,0.951880811496,1.0,3.57203336837,0.223031780276,0.239124946826,0.162196411512,0.0905921851217,0.501400884356,1.0,1.0,0.959900676247,0.360418427726,0.853127641589,3.37299239222,16.269283601,87.6146978022,0.160397295013,-0.000950972104818,0.840659340659,0.00213863060017,Class 4
0.961632870998,0.142645815723,-0.165927858422,0.152842349958,0.985735418428,1.0,0.267751709062,0.0456722388738,0.0504281166314,0.179700836341,0.0353574272477,0.158457488235,1.0,1.0,0.98811284869,0.0345519864751,0.980557903635,0.452874049028,0.722791631445,3.96782544379,0.0475486052409,0.00158495350803,0.0323330515638,0.000633981403212,Class 4
0.727248034818,0.922442941674,2.67490440142,0.835957311919,0.907755705833,1.0,2.47330365409,0.226410283593,0.257204788016,0.141505645096,0.143546404246,0.187268951604,1.0,1.0,0.923129754861,0.301458157227,0.848267117498,2.3421386306,9.68760566357,49.1136411665,0.307480980558,0.00792476754015,0.443153000845,0.00409974640744,Class 4
0.860215853787,0.283389687236,1.98459913819,0.501532121724,0.971661031276,1.0,1.72869242412,0.136182709539,0.145653763726,0.172251867467,0.0607474938286,0.488790330189,1.0,1.0,0.97638419273,0.174027895182,0.926246830093,1.70688926458,7.40812552832,39.963387574,0.0944632290786,0.00158495350803,0.380388841927,0.00125950972105,Class 4
0.645646911123,0.570583262891,11.171354849,1.38752113271,0.942941673711,1.0,5.37747495959,0.280187442807,0.299134287032,0.157810591937,0.102587746091,0.543526589825,1.0,1.0,0.952451394759,0.539518174134,0.788461538462,5.07459847844,25.5388841927,138.083421386,0.190194420964,-0.00950972104818,1.33326289096,0.00253592561285,Class 4
0.800263167485,0.779797125951,0.811532251001,0.541155959425,0.922020287405,1.0,1.43728508048,0.171625601557,0.197704052731,0.147931539655,0.127988327464,0.0963495651741,1.0,1.0,0.935016906171,0.19336432798,0.892223161454,1.40384615385,4.75824175824,22.7780536771,0.259932375317,-0.00190194420964,0.190194420964,0.00346576500423,Class 4
0.776319517338,0.372781065089,4.75989920424,0.837542265427,0.962721893491,1.0,3.11411749799,0.196267549871,0.208721259556,0.16764775393,0.0748860026255,0.548996104079,1.0,1.0,0.968934911243,0.307480980558,0.876796280642,2.95202874049,14.1443364328,76.5098795435,0.12426035503,0.00253592561285,0.736052409129,0.00165680473373,Class 4
0.783763573704,0.467878275571,3.64229309246,0.756709636517,0.953212172443,1.0,2.66607690425,0.192683752443,0.208326524662,0.162858059263,0.0887364692211,0.439429168383,1.0,1.0,0.961010143702,0.275781910397,0.882079459003,2.5399408284,11.6718089603,62.4196428571,0.15595942519,0.00190194420964,0.593406593407,0.00207945900254,Class 4
0.950956384795,0.152155536771,0.0544827378308,0.18295646661,0.984784446323,1.0,0.43318562814,0.057476482206,0.0625565650655,0.179189823929,0.037236808751,0.291472197987,1.0,1.0,0.987320371936,0.0494505494505,0.97506339814,0.592349957735,1.47833896872,8.06968512257,0.050718512257,-0.00126796280642,0.0722738799662,0.000676246830093,Class 4
0.792549369806,0.382290786137,3.92819575463,0.759879543533,0.961770921386,1.0,2.75312178658,0.185748755137,0.198507893624,0.167163760308,0.0763216372079,0.514262781412,1.0,1.0,0.968142434489,0.275464919696,0.886939983094,2.62235841082,12.2961221471,66.3027789518,0.127430262046,0.00348689771767,0.635249366019,0.00169907016061,Class 4
0.780730948939,0.500211327134,3.5238165636,0.758294590025,0.949978867287,1.0,2.62860593993,0.194893438655,0.21161025982,0.161254996467,0.0932107467695,0.414395354813,1.0,1.0,0.958315722739,0.275464919696,0.880388841927,2.50443786982,11.4117180896,60.8194737954,0.166737109045,0.00285291631445,0.57628909552,0.00222316145393,Class 4
0.941236051159,0.232037193576,-0.136587444394,0.18295646661,0.976796280642,1.0,0.375155821796,0.0638281835739,0.0715516556965,0.174941398253,0.0520106773362,0.101796056639,1.0,1.0,0.980663567202,0.0513524936602,0.969991546915,0.531487743026,0.984784446323,4.93528106509,0.0773457311919,-0.00316990701606,0.0380388841927,0.00103127641589,Class 4
0.849167892709,0.230135249366,2.75672680674,0.580779797126,0.976986475063,1.0,2.10502507564,0.143211324379,0.150823286056,0.175041635733,0.051676955237,0.60505568165,1.0,1.0,0.980822062553,0.202557058326,0.919695688926,2.0454353339,9.39090236686,51.141113694,0.0767117497887,0.00475486052409,0.492603550296,0.00102282333052,Class 4
0.98695586389,0.0323330515638,-0.193766708515,0.0989539306847,0.996766694844,1.0,0.138116920499,0.0191001469874,0.0201789147775,0.185710172606,0.0103397838502,0.468924885288,1.0,1.0,0.997305579036,0.0142645815723,0.993448858833,0.360312764159,0.424186390533,2.90971048183,0.0107776838546,0.000316990701606,0.0266272189349,0.000143702451395,Class 4
0.836020415309,0.572485207101,0.920815127954,0.477757819104,0.94275147929,1.0,1.3398125357,0.150452776518,0.169600981775,0.157718348447,0.102834725482,0.173045869611,1.0,1.0,0.952292899408,0.16578613694,0.912933220626,1.3353761623,4.78249154691,24.0067096365,0.190828402367,0.000316990701606,0.21111580727,0.00254437869822,Class 4
0.993674655535,0.0266272189349,-0.324650783537,0.0751796280642,0.997337278107,1.0,0.0341323617607,0.00963312759781,0.0105237488868,0.186025086657,0.00876499437931,0.0583197886357,1.0,1.0,0.997781065089,0.0050718512257,0.996830092984,0.274091293322,-0.0432163989856,0.371248943364,0.00887573964497,0.0,0.00190194420964,0.000118343195266,Class 4
0.722920562434,0.376584953508,7.68381128636,1.0879649197,0.962341504649,1.0,4.24295267911,0.22940824207,0.241995826977,0.167454022504,0.0754617054686,0.609238985878,1.0,1.0,0.968617920541,0.412087912088,0.841715976331,3.99429416737,19.9214919696,108.238112849,0.125528317836,-0.00190194420964,1.04797125951,0.00167371090448,Class 4
0.943214005255,0.174978867287,0.129654353953,0.206730769231,0.982502113271,1.0,0.506565194437,0.0648872997812,0.0707399539657,0.177967949373,0.0416313991236,0.285966931492,1.0,1.0,0.985418427726,0.0576923076923,0.971048182587,0.651944209637,1.76458157227,9.52213651733,0.0583262890955,0.0,0.0855874894336,0.000777683854607,Class 4
0.910313961024,0.245350803043,0.632905777307,0.306582840237,0.975464919696,1.0,0.901853743148,0.095004594651,0.103210677938,0.174240986353,0.0543254460012,0.348634416776,1.0,1.0,0.979554099746,0.0979501267963,0.953719357566,0.98415046492,3.47110101437,18.5284763314,0.0817836010144,-0.000316990701606,0.171174978867,0.00109044801352,Class 4
0.89220056392,0.368977176669,0.425746179425,0.336696956889,0.963102282333,1.0,0.87480985435,0.107865078716,0.120182880485,0.167841663993,0.074308345792,0.200128717542,1.0,1.0,0.969251901944,0.10650887574,0.943998309383,0.946111580727,3.01891377853,15.3902683855,0.122992392223,0.00316990701606,0.135038038884,0.00163989856298,Class 4
0.841904348659,0.374683009298,2.0126081008,0.549080726965,0.96253169907,1.0,1.80500434839,0.15041168396,0.162876594462,0.167550865887,0.0751740971065,0.41491605433,1.0,1.0,0.968776415892,0.189243448859,0.916103127642,1.76775147929,7.56788884193,40.3589919696,0.124894336433,0.0053888419273,0.380388841927,0.0016652578191,Class 4
0.431116375334,0.987109044801,41.1039425802,2.91541631445,0.90128909552,1.0,11.0160878133,0.404004650143,0.437020457871,0.138675326316,0.150197805266,0.484862227175,1.0,1.0,0.917740912933,1.14021555368,0.565088757396,10.665046492,55.7536453931,301.927673288,0.329036348267,0.000950972104818,2.92709213863,0.00438715131023,Class 4
0.86398240715,0.279585798817,1.87972154525,0.48885249366,0.972041420118,1.0,1.6683074017,0.133278157329,0.142614378708,0.172449975491,0.0601173221487,0.485206858248,1.0,1.0,0.976701183432,0.168322062553,0.928360101437,1.65363482671,7.11998098056,38.3999894336,0.0931952662722,0.00221893491124,0.36517328825,0.0012426035503,Class 4
0.87201801872,0.372781065089,1.01332656281,0.409604818259,0.962721893491,1.0,1.23919536427,0.126086938992,0.138555637037,0.16764775393,0.0748860026255,0.297699015143,1.0,1.0,0.968934911243,0.138841927303,0.933009298394,1.26563820795,4.78486897718,25.0749683009,0.12426035503,0.0,0.230135249366,0.00165680473373,Class 4
0.547372290886,0.448858833474,26.1524698176,2.18316779374,0.955114116653,1.0,8.71392171898,0.327096349346,0.342106568371,0.163807066365,0.0860518600017,0.676851171538,1.0,1.0,0.96259509721,0.846999154691,0.692730346577,8.27113271344,43.5170118343,237.525306424,0.149619611158,0.00126796280642,2.31656804734,0.00199492814877,Class 4
0.783524825847,0.496407438715,3.43131276288,0.742445054945,0.950359256128,1.0,2.58397784277,0.192936168297,0.209538311337,0.161442922202,0.0926900336323,0.410372728039,1.0,1.0,0.95863271344,0.271027049873,0.882079459003,2.46386306002,11.1939454776,59.6428043111,0.165469146238,0.000950972104818,0.564877430262,0.00220625528318,Class 4
0.851942476861,0.372781065089,1.67343549328,0.48885249366,0.962721893491,1.0,1.61850054113,0.142617302835,0.155077570952,0.16764775393,0.0748860026255,0.379794175047,1.0,1.0,0.968934911243,0.172442941674,0.92180896027,1.60164835165,6.64972527473,35.3232776839,0.12426035503,-0.00190194420964,0.330938292477,0.00165680473373,Class 4
0.783773041446,0.718934911243,1.80573834419,0.639423076923,0.928106508876,1.0,1.9258786223,0.188879460878,0.212924293248,0.150749711145,0.120942432172,0.19985274466,1.0,1.0,0.940088757396,0.232037193576,0.882713440406,1.85143702451,7.36105240913,37.4033706678,0.239644970414,-0.00126796280642,0.336644125106,0.00319526627219,Class 4
0.632480587557,0.564877430262,12.4319114796,1.48895815723,0.943512256974,1.0,5.725950696,0.287414382141,0.306304413726,0.158087590363,0.101844844022,0.553426678842,1.0,1.0,0.952926880811,0.572168216399,0.777895181741,5.40680473373,27.3937552832,148.307005495,0.188292476754,-0.00158495350803,1.43406593407,0.00251056635672,Class 4
0.890805679787,0.239644970414,1.25676109983,0.39217032967,0.976035502959,1.0,1.28164372292,0.111827377965,0.119837141399,0.174540894927,0.0533379043886,0.461945468668,1.0,1.0,0.980029585799,0.130600169062,0.943153000845,1.3163567202,5.32597210482,28.7520604396,0.0798816568047,0.00126796280642,0.271978021978,0.0010650887574,Class 4
0.973610814376,0.083685545224,-0.143899068788,0.133822907861,0.991631445478,1.0,0.225845097837,0.0342555340188,0.0369875090032,0.182894033108,0.0229099513666,0.312547567572,1.0,1.0,0.993026204565,0.0259932375317,0.986686390533,0.426246830093,0.689983093829,4.09905959425,0.0278951817413,0.00253592561285,0.0361369399831,0.000371935756551,Class 4
0.95023603258,0.0798816568047,0.484331223824,0.216240490279,0.99201183432,1.0,0.662027302746,0.0584730338311,0.061127389611,0.183101519555,0.022048729504,0.624639208285,1.0,1.0,0.993343195266,0.062764158918,0.974640743872,0.797759932375,2.75929839391,15.4910714286,0.0266272189349,-0.00126796280642,0.148351648352,0.000355029585799,Class 4
0.959977445339,0.135038038884,-0.0825181934119,0.160767117498,0.986496196112,1.0,0.32016550829,0.0481155787497,0.05262648234,0.180110450136,0.0338316248976,0.234056435238,1.0,1.0,0.988746830093,0.0383558748943,0.979712595097,0.498520710059,0.990965765004,5.48177303466,0.0450126796281,0.000950972104818,0.0475486052409,0.000600169061708,Class 4
0.94850647272,0.1578613694,0.0865103839083,0.192466187658,0.98421386306,1.0,0.460836474196,0.0598982686132,0.0651778276463,0.178883752391,0.0383503124833,0.293646350715,1.0,1.0,0.986844885883,0.052303465765,0.973795435334,0.61517328825,1.59388207946,8.67450338123,0.0526204564666,-0.000316990701606,0.0779797125951,0.000701606086221,Class 4
0.667722736656,0.492603550296,10.3088677188,1.33204775993,0.95073964497,1.0,5.11524125448,0.265389282633,0.281861346753,0.161631026575,0.0921678318089,0.571174322694,1.0,1.0,0.958949704142,0.506234150465,0.803888419273,4.81973795435,24.2764687236,131.557850803,0.164201183432,0.00158495350803,1.27240067625,0.00218934911243,Class 4
0.9756922884,0.0912933220626,-0.23639314366,0.117973372781,0.990870667794,1.0,0.165655183295,0.0311680240267,0.0342177575324,0.182479596124,0.0246074842033,0.155146829423,1.0,1.0,0.992392223161,0.0215553677092,0.987743026205,0.37426035503,0.386622992392,2.3917476754,0.0304311073542,0.000633981403212,0.0190194420964,0.000405748098056,Class 4
0.964521246684,0.0798816568047,0.106640085774,0.171861792054,0.99201183432,1.0,0.401774449115,0.0444938012991,0.0470553489379,0.183101519555,0.022048729504,0.519472620593,1.0,1.0,0.993343195266,0.0405748098056,0.982037193576,0.575866441251,1.52778951817,8.72331994928,0.0266272189349,0.00316990701606,0.0817836010144,0.000355029585799,Class 4
0.998310454745,0.00760777683855,-0.333709290783,0.0656699070161,0.999239222316,1.0,0.00760152966259,0.00296457786845,0.00321904109386,0.187077703004,0.00296457786845,4.82204703633e-05,1.0,1.0,0.999366018597,0.00126796280642,0.999154691462,0.255071851226,-0.111686390533,0.095467032967,0.00253592561285,0.0,0.0,3.38123415046e-05,Class 4
0.901831579241,0.193998309383,1.19996667206,0.371565934066,0.980600169062,1.0,1.21260700352,0.102468883242,0.108912633823,0.176954633084,0.0451805757841,0.521300059121,1.0,1.0,0.983833474218,0.12045646661,0.949070160609,1.26056635672,5.1053465765,27.7808009298,0.0646661031276,0.00316990701606,0.264370245139,0.000862214708369,Class 4
