0.708464532872,0.688235294118,5.53159628898,0.977941176471,0.931176470588,1.0,3.55424656424,0.243698466271,0.26649683642,0.152188581315,0.117287103683,0.392003370407,1.0,1.0,0.942647058824,0.379411764706,0.835294117647,3.35588235294,15.7705882353,83.7801470588,0.229411764706,-0.0132352941176,0.794117647059,0.00305882352941,Class 1
0.48133650519,0.939705882353,27.4267816002,2.32352941176,0.906029411765,1.0,8.85219262102,0.377453871645,0.408664200732,0.140745025952,0.145345274511,0.47643193143,1.0,1.0,0.921691176471,0.919852941176,0.641176470588,8.50882352941,43.8790441176,236.921323529,0.313235294118,-0.0154411764706,2.28970588235,0.00417647058824,Class 1
0.818602941176,0.489705882353,2.0728785828,0.580882352941,0.951029411765,1.0,1.91277202412,0.167261286809,0.183632228398,0.161774437716,0.091769031264,0.332919941569,1.0,1.0,0.959191176471,0.209558823529,0.902941176471,1.85588235294,7.83272058824,41.2066176471,0.163235294118,-0.00220588235294,0.383823529412,0.00217647058824,Class 1
0.81455017301,0.344117647059,3.28200361798,0.658088235294,0.965588235294,1.0,2.43150216875,0.170071195652,0.181531989174,0.169113321799,0.070483685572,0.518573913814,1.0,1.0,0.971323529412,0.242647058824,0.9,2.33235294118,10.7610294118,58.0683823529,0.114705882353,-0.00441176470588,0.555882352941,0.00152941176471,Class 1
0.708464532872,0.688235294118,5.53159628898,0.977941176471,0.931176470588,1.0,3.55424656424,0.243698466271,0.26649683642,0.152188581315,0.117287103683,0.392003370407,1.0,1.0,0.942647058824,0.379411764706,0.835294117647,3.35588235294,15.7705882353,83.7801470588,0.229411764706,-0.0132352941176,0.794117647059,0.00305882352941,Class 1
0.818602941176,0.489705882353,2.0728785828,0.580882352941,0.951029411765,1.0,1.91277202412,0.167261286809,0.183632228398,0.161774437716,0.091769031264,0.332919941569,1.0,1.0,0.959191176471,0.209558823529,0.902941176471,1.85588235294,7.83272058824,41.2066176471,0.163235294118,-0.00220588235294,0.383823529412,0.00217647058824,Class 1
0.534935121107,0.622058823529,24.294027461,2.14705882353,0.937794117647,1.0,8.33900589229,0.341114046005,0.361913736142,0.155329801038,0.109160165995,0.588969798035,1.0,1.0,0.948161764706,0.831617647059,0.688235294118,7.94411764706,41.3643382353,224.780147059,0.207352941176,0.00220588235294,2.18382352941,0.00276470588235,Class 1
0.653974913495,0.701470588235,8.93172332225,1.27573529412,0.929852941176,1.0,4.73205761889,0.277781202297,0.301189578759,0.15156682526,0.118871605074,0.449273146716,1.0,1.0,0.941544117647,0.491911764706,0.797058823529,4.46764705882,21.9150735294,117.477205882,0.233823529412,-0.00661764705882,1.125,0.00311764705882,Class 1
0.48133650519,0.939705882353,27.4267816002,2.32352941176,0.906029411765,1.0,8.85219262102,0.377453871645,0.408664200732,0.140745025952,0.145345274511,0.47643193143,1.0,1.0,0.921691176471,0.919852941176,0.641176470588,8.50882352941,43.8790441176,236.921323529,0.313235294118,-0.0154411764706,2.28970588235,0.00417647058824,Class 1
0.672249134948,0.423529411765,10.8004351491,1.29779411765,0.957647058824,1.0,5.25236178881,0.260425757771,0.273946381948,0.165077854671,0.0824127316616,0.631674774958,1.0,1.0,0.964705882353,0.511764705882,0.805882352941,4.94411764706,25.1014705882,136.456617647,0.141176470588,-0.0176470588235,1.32352941176,0.00188235294118,Class 1
0.485761245675,1.13823529412,21.9152497307,2.09191176471,0.886176470588,1.0,7.84272668057,0.377848695543,0.415189102253,0.132262110727,0.164867713992,0.395716829105,1.0,1.0,0.905147058824,0.842647058824,0.655882352941,7.53823529412,38.1051470588,204.141911765,0.379411764706,-0.0308823529412,1.95882352941,0.00505882352941,Class 1
0.435670415225,1.15147058824,33.3559438587,2.64338235294,0.884852941176,1.0,9.79848068554,0.404578171074,0.443059261753,0.131713884083,0.166097724261,0.419553679367,1.0,1.0,0.904044117647,1.03897058824,0.589705882353,9.48823529412,48.9018382353,263.405147059,0.383823529412,-0.00661764705882,2.54117647059,0.00511764705882,Class 1
0.70455449827,0.648529411765,6.12027403797,1.03308823529,0.935147058824,1.0,3.76156988772,0.246107330124,0.267740507544,0.15406682526,0.112452833876,0.421428921052,1.0,1.0,0.945955882353,0.394852941176,0.832352941176,3.55,16.9253676471,90.3360294118,0.216176470588,-0.00661764705882,0.860294117647,0.00288235294118,Class 1
0.640566608997,1.31029411765,3.93528485034,1.09926470588,0.868970588235,1.0,3.21009922095,0.278144365407,0.321941756422,0.125303849481,0.1802232992,0.137299242528,1.0,1.0,0.890808823529,0.408088235294,0.791176470588,3.02058823529,12.6966911765,63.6007352941,0.436764705882,0.00661764705882,0.569117647059,0.00582352941176,Class 1
0.61678633218,1.09852941176,7.40470501998,1.25367647059,0.890147058824,1.0,4.35146989787,0.300212845278,0.336643959424,0.133919766436,0.161126328366,0.278031559597,1.0,1.0,0.908455882353,0.496323529412,0.773529411765,4.11470588235,19.1819852941,100.359558824,0.366176470588,-0.0198529411765,0.939705882353,0.00488235294118,Class 1
0.834134948097,0.423529411765,1.95935527642,0.525735294118,0.957647058824,1.0,1.80904933938,0.156085277893,0.170091309827,0.165077854671,0.0824127316616,0.378159327414,1.0,1.0,0.964705882353,0.194117647059,0.911764705882,1.76764705882,7.47205882353,39.5742647059,0.141176470588,-0.00882352941176,0.370588235294,0.00188235294118,Class 1
0.48133650519,0.939705882353,27.4267816002,2.32352941176,0.906029411765,1.0,8.85219262102,0.377453871645,0.408664200732,0.140745025952,0.145345274511,0.47643193143,1.0,1.0,0.921691176471,0.919852941176,0.641176470588,8.50882352941,43.8790441176,236.921323529,0.313235294118,-0.0154411764706,2.28970588235,0.00417647058824,Class 1
0.70455449827,0.648529411765,6.12027403797,1.03308823529,0.935147058824,1.0,3.76156988772,0.246107330124,0.267740507544,0.15406682526,0.112452833876,0.421428921052,1.0,1.0,0.945955882353,0.394852941176,0.832352941176,3.55,16.9253676471,90.3360294118,0.216176470588,-0.00661764705882,0.860294117647,0.00288235294118,Class 1
0.611816608997,0.9,9.99268337791,1.40808823529,0.91,1.0,5.09127193255,0.304396509058,0.334424327779,0.1425,0.141181741505,0.382118428167,1.0,1.0,0.925,0.547058823529,0.767647058824,4.82058823529,23.4867647059,125.065441176,0.3,-0.00882352941176,1.19117647059,0.004,Class 1
0.747132352941,0.675,3.67077784384,0.801470588235,0.9325,1.0,2.78493519347,0.217532179758,0.239952641339,0.1528125,0.115689302462,0.332920906544,1.0,1.0,0.94375,0.306617647059,0.860294117647,2.64117647059,11.8297794118,62.1933823529,0.225,-0.0110294117647,0.582352941176,0.003,Class 1
0.650164359862,0.608823529412,10.3188791769,1.31985294118,0.939117647059,1.0,5.13579694554,0.278542813889,0.298460049488,0.155964532872,0.107492074832,0.520654202448,1.0,1.0,0.949264705882,0.520588235294,0.792647058824,4.84705882353,24.2014705882,130.531617647,0.202941176471,-0.0176470588235,1.25735294118,0.00270588235294,Class 1
0.823737024221,0.476470588235,1.97538456857,0.547794117647,0.952352941176,1.0,1.85283436941,0.163495628003,0.179290290344,0.162430795848,0.0899362824013,0.342272262486,1.0,1.0,0.960294117647,0.202941176471,0.905882352941,1.80294117647,7.56470588235,39.8036764706,0.158823529412,-0.00882352941176,0.370588235294,0.00211764705882,Class 1
0.783200692042,0.661764705882,2.22550170817,0.658088235294,0.933823529412,1.0,2.1010353226,0.191107606694,0.213216611647,0.153438581315,0.114077962158,0.255506630586,1.0,1.0,0.944852941176,0.242647058824,0.882352941176,2.01470588235,8.37867647059,43.2977941176,0.220588235294,-0.00441176470588,0.397058823529,0.00294117647059,Class 1
0.569952422145,0.489705882353,21.2805669026,1.92647058824,0.951029411765,1.0,7.77612281435,0.317841726073,0.333795837729,0.161774437716,0.091769031264,0.649071295706,1.0,1.0,0.959191176471,0.761029411765,0.719117647059,7.37058823529,38.4393382353,209.405147059,0.163235294118,-0.0154411764706,2.03823529412,0.00217647058824,Class 1
0.512833044983,0.45,34.170951406,2.45588235294,0.955,1.0,10.0735647075,0.344012967631,0.358111216526,0.16375,0.0862140747588,0.700211799656,1.0,1.0,0.9625,0.979411764706,0.648529411765,9.59411764706,50.8573529412,277.858088235,0.15,-0.0220588235294,2.71323529412,0.002,Class 1
0.69544550173,0.966176470588,3.84177479996,0.933823529412,0.903382352941,1.0,3.00397763188,0.248875511448,0.281152585809,0.139585856401,0.148070524072,0.222567908513,1.0,1.0,0.919485294118,0.355147058824,0.827941176471,2.83529411765,12.3393382353,63.4551470588,0.322058823529,-0.00661764705882,0.582352941176,0.00429411764706,Class 1
0.609394463668,0.688235294118,12.9616113992,1.54044117647,0.931176470588,1.0,5.87569351251,0.3033792292,0.326300816244,0.152188581315,0.117287103683,0.502551707819,1.0,1.0,0.942647058824,0.6,0.761764705882,5.56176470588,28.0132352941,151.059558824,0.229411764706,-0.00882352941176,1.45588235294,0.00305882352941,Class 1
0.564653979239,0.45,22.9930506509,2.00367647059,0.955,1.0,8.12164512483,0.318572338337,0.333283942405,0.16375,0.0862140747588,0.673832230225,1.0,1.0,0.9625,0.789705882353,0.711764705882,7.69705882353,40.3286764706,219.997794118,0.15,-0.0132352941176,2.14411764706,0.002,Class 1
0.640955882353,0.410294117647,13.8040214908,1.50735294118,0.958970588235,1.0,6.08148509212,0.277009677316,0.290474447665,0.165745025952,0.0804809410411,0.656272527817,1.0,1.0,0.965808823529,0.588970588235,0.780882352941,5.72941176471,29.4856617647,160.619852941,0.136764705882,-0.0110294117647,1.56176470588,0.00182352941176,Class 1
0.45723615917,1.11176470588,28.5748119341,2.41176470588,0.888823529412,1.0,9.02653287308,0.392812029035,0.429754415948,0.133365051903,0.162382102656,0.422574599765,1.0,1.0,0.907352941176,0.957352941176,0.619117647059,8.71176470588,44.6698529412,240.358088235,0.370588235294,-0.0176470588235,2.31617647059,0.00494117647059,Class 1
0.597192906574,0.251470588235,22.1042881396,1.89338235294,0.974852941176,1.0,7.98716354238,0.289743785313,0.296737426338,0.173919766436,0.0553773198561,0.796694275253,1.0,1.0,0.979044117647,0.752205882353,0.735294117647,7.52058823529,39.7363970588,217.791911765,0.0838235294118,-0.0198529411765,2.13088235294,0.00111764705882,Class 1
0.756284602076,0.754411764706,2.65834004076,0.735294117647,0.924558823529,1.0,2.36734348108,0.209342650085,0.23452560229,0.149101427336,0.125081089409,0.244500338045,1.0,1.0,0.937132352941,0.275735294118,0.866176470588,2.25294117647,9.52022058824,49.0816176471,0.251470588235,-0.00661764705882,0.45,0.00335294117647,Class 1
0.455164359862,1.11176470588,29.1029450754,2.42279411765,0.888823529412,1.0,9.1151316596,0.393923024768,0.430728020232,0.133365051903,0.162382102656,0.425147046423,1.0,1.0,0.907352941176,0.966176470588,0.616176470588,8.8,45.1595588235,243.049264706,0.370588235294,-0.0220588235294,2.34264705882,0.00494117647059,Class 1
0.706306228374,0.264705882353,10.076610155,1.20955882353,0.973529411765,1.0,5.01350984578,0.233577023826,0.241847097434,0.173226643599,0.0576271518667,0.732830708063,1.0,1.0,0.977941176471,0.472058823529,0.827941176471,4.70588235294,24.0889705882,131.731617647,0.0882352941176,-0.0132352941176,1.28382352941,0.00117647058824,Class 1
0.718360726644,0.9,3.25017126395,0.845588235294,0.91,1.0,2.71813385528,0.23385490664,0.26388272536,0.1425,0.141181741505,0.221672939079,1.0,1.0,0.925,0.322058823529,0.842647058824,2.57058823529,10.9992647059,56.4404411765,0.3,-0.00882352941176,0.516176470588,0.004,Class 1
0.691379757785,0.886764705882,4.72123770698,0.966911764706,0.911323529412,1.0,3.3215127348,0.25346869092,0.282895029668,0.143089316609,0.139773202911,0.28461667833,1.0,1.0,0.926102941176,0.377205882353,0.825,3.13529411765,14.1591911765,73.8757352941,0.295588235294,-0.0154411764706,0.688235294118,0.00394117647059,Class 1
0.590700692042,0.423529411765,19.538284584,1.82720588235,0.957647058824,1.0,7.42382823433,0.304010165392,0.317814896727,0.165077854671,0.0824127316616,0.677387030723,1.0,1.0,0.964705882353,0.719117647059,0.736764705882,7.01764705882,36.6095588235,199.699264706,0.141176470588,-0.0132352941176,1.94558823529,0.00188235294118,Class 1
0.704511245675,0.979411764706,3.29079157296,0.867647058824,0.902058823529,1.0,2.77825588132,0.241837940167,0.274441564326,0.139009515571,0.149418386964,0.200199270191,1.0,1.0,0.918382352941,0.335294117647,0.833823529412,2.62352941176,11.1382352941,56.7845588235,0.326470588235,-0.0132352941176,0.516176470588,0.00435294117647,Class 1
0.485761245675,1.13823529412,21.9152497307,2.09191176471,0.886176470588,1.0,7.84272668057,0.377848695543,0.415189102253,0.132262110727,0.164867713992,0.395716829105,1.0,1.0,0.905147058824,0.842647058824,0.655882352941,7.53823529412,38.1051470588,204.141911765,0.379411764706,-0.0308823529412,1.95882352941,0.00505882352941,Class 1
0.702262110727,1.03235294118,2.99038969405,0.845588235294,0.896764705882,1.0,2.67670067861,0.241767193456,0.276034625615,0.136725778547,0.154714108666,0.174242334963,1.0,1.0,0.913970588235,0.330882352941,0.832352941176,2.52647058824,10.4963235294,52.9772058824,0.344117647059,-0.0176470588235,0.476470588235,0.00458823529412,Class 1
0.451094290657,1.11176470588,30.1720490479,2.45588235294,0.888823529412,1.0,9.29229454078,0.396083556506,0.4327203074,0.133365051903,0.162382102656,0.429083852192,1.0,1.0,0.907352941176,0.983823529412,0.610294117647,8.97647058824,46.1389705882,248.431617647,0.370588235294,-0.0264705882353,2.39558823529,0.00494117647059,Class 1
0.460203287197,1.20441176471,25.538738211,2.27941176471,0.879558823529,1.0,8.49854570849,0.392204645511,0.431894458979,0.129542603806,0.170934390161,0.387791416131,1.0,1.0,0.899632352941,0.915441176471,0.627941176471,8.2,41.6488970588,223.266911765,0.401470588235,-0.0286764705882,2.14411764706,0.00535294117647,Class 1
0.505973183391,1.37647058824,14.5948306427,1.83823529412,0.862352941176,1.0,6.33392566054,0.366085470021,0.412076211256,0.122724913495,0.185781239561,0.278799971222,1.0,1.0,0.885294117647,0.719117647059,0.683823529412,6.06470588235,29.4625,155.3875,0.458823529412,-0.00882352941176,1.46911764706,0.00611764705882,Class 1
0.490030276817,1.125,21.4106777842,2.08088235294,0.8875,1.0,7.74665816757,0.375369599852,0.412542490295,0.1328125,0.163629201979,0.395531305138,1.0,1.0,0.90625,0.831617647059,0.660294117647,7.44117647059,37.5922794118,201.393382353,0.375,-0.0242647058824,1.93235294118,0.005,Class 1
0.435670415225,1.15147058824,33.3559438587,2.64338235294,0.884852941176,1.0,9.79848068554,0.404578171074,0.443059261753,0.131713884083,0.166097724261,0.419553679367,1.0,1.0,0.904044117647,1.03897058824,0.589705882353,9.48823529412,48.9018382353,263.405147059,0.383823529412,-0.00661764705882,2.54117647059,0.00511764705882,Class 1
0.735635813149,0.661764705882,4.32885514718,0.867647058824,0.933823529412,1.0,3.06111420344,0.225618858735,0.247651121024,0.153438581315,0.114077962158,0.36350057121,1.0,1.0,0.944852941176,0.330882352941,0.852941176471,2.89705882353,13.2757352941,70.2095588235,0.220588235294,-0.00882352941176,0.661764705882,0.00294117647059,Class 1
0.876301903114,0.317647058824,1.22492975559,0.382352941176,0.968235294118,1.0,1.3219902287,0.123473037314,0.133613505447,0.170475778547,0.0663118708952,0.405257035421,1.0,1.0,0.973529411765,0.141176470588,0.935294117647,1.34411764706,5.32794117647,28.3507352941,0.105882352941,-0.0132352941176,0.264705882353,0.00141176470588,Class 1
0.790653114187,0.714705882353,1.57660530095,0.602941176471,0.928529411765,1.0,1.80416973453,0.183390762001,0.207272425392,0.150947231834,0.120443036794,0.185586349645,1.0,1.0,0.940441176471,0.220588235294,0.886764705882,1.74117647059,6.75735294118,34.1080882353,0.238235294118,-0.00441176470588,0.304411764706,0.00317647058824,Class 1
0.7539316609,0.794117647059,2.47171320928,0.691176470588,0.920588235294,1.0,2.3025127815,0.210085762615,0.2361125174,0.147275086505,0.129609026659,0.229785134233,1.0,1.0,0.933823529412,0.273529411765,0.864705882353,2.19117647059,9.1,46.5625,0.264705882353,-0.0220588235294,0.423529411765,0.00352941176471,Class 1
0.750272491349,0.277941176471,7.01805605091,0.966911764706,0.972205882353,1.0,3.97685866164,0.209006997034,0.217543947636,0.172535683391,0.0598440694608,0.69341406713,1.0,1.0,0.976838235294,0.377205882353,0.858823529412,3.74411764706,18.7253676471,102.186029412,0.0926470588235,-0.0154411764706,0.992647058824,0.00123529411765,Class 1
0.665064878893,0.939705882353,5.75436961506,1.13235294118,0.906029411765,1.0,3.73345375222,0.270518273169,0.301908855212,0.140745025952,0.145345274511,0.289525314818,1.0,1.0,0.921691176471,0.421323529412,0.807352941176,3.52352941176,16.2106617647,84.8698529412,0.313235294118,0.00661764705882,0.794117647059,0.00417647058824,Class 2
0.781102941176,0.569117647059,2.98448202818,0.746323529412,0.943088235294,1.0,2.41458825971,0.194347755541,0.213197395792,0.157881704152,0.102397203901,0.355390746081,1.0,1.0,0.952573529412,0.2625,0.880882352941,2.30588235294,10.1753676471,53.6610294118,0.189705882353,0.0110294117647,0.502941176471,0.00252941176471,Class 2
0.427517301038,1.56176470588,24.4621678555,2.44485294118,0.843823529412,1.0,8.29438733706,0.410546120424,0.462610347371,0.115791522491,0.200400256512,0.285253946251,1.0,1.0,0.869852941176,0.935294117647,0.601470588235,8.04117647059,40.0705882353,212.705147059,0.520588235294,0.0176470588235,2.025,0.00694117647059,Class 2
0.69589100346,0.529411764706,7.84563619991,1.1875,0.947058823529,1.0,4.33760462132,0.249916111192,0.267335269664,0.1598183391,0.0971595259374,0.526268110364,1.0,1.0,0.955882352941,0.436764705882,0.825,4.08823529412,20.1448529412,108.658088235,0.176470588235,0.0132352941176,1.04558823529,0.00235294117647,Class 2
0.747240484429,0.317647058824,6.80418155895,1.03308823529,0.968235294118,1.0,3.90864276361,0.212608315626,0.222748783759,0.170475778547,0.0663118708952,0.653266314207,1.0,1.0,0.973529411765,0.375,0.857352941176,3.68235294118,18.3051470588,99.6669117647,0.105882352941,0.0132352941176,0.966176470588,0.00141176470588,Class 2
0.652573529412,0.675,9.34273287164,1.35294117647,0.9325,1.0,4.85385209105,0.278302626599,0.30057209434,0.1528125,0.115689302462,0.473644022674,1.0,1.0,0.94375,0.500735294118,0.795588235294,4.58235294118,22.6033088235,121.399264706,0.225,0.0154411764706,1.16470588235,0.003,Class 2
0.666102941176,0.595588235294,9.22702090884,1.33088235294,0.940441176471,1.0,4.80222701137,0.268996992451,0.288339398915,0.156601427336,0.105809091118,0.516053358535,1.0,1.0,0.950367647059,0.4875,0.804411764706,4.52941176471,22.4643382353,121.055147059,0.198529411765,0.0198529411765,1.16470588235,0.00264705882353,Class 2
0.691466262976,0.542647058824,8.00102298917,1.19852941176,0.945735294118,1.0,4.39344946347,0.252840474922,0.2707956114,0.159170631488,0.0989218737522,0.519171593618,1.0,1.0,0.954779411765,0.443382352941,0.822058823529,4.14117647059,20.4128676471,110.061029412,0.180882352941,0.0110294117647,1.05882352941,0.00241176470588,Class 2
0.499891868512,0.992647058824,22.4058975906,2.19117647059,0.900735294118,1.0,7.94302302701,0.368564345598,0.401557247729,0.13843533737,0.150756565031,0.440821062065,1.0,1.0,0.917279411765,0.836029411765,0.666176470588,7.61764705882,38.8297794118,208.893382353,0.330882352941,0.0154411764706,2.01176470588,0.00441176470588,Class 2
0.406509515571,1.8,23.9655912563,2.43382352941,0.82,1.0,8.2087485844,0.420674619995,0.480871226608,0.1075,0.217322011274,0.229038430824,1.0,1.0,0.85,0.952941176471,0.582352941176,7.97941176471,39.2632352941,207.009558824,0.6,-0.00441176470588,1.95882352941,0.008,Class 2
0.593170415225,0.476470588235,18.2103241536,1.83823529412,0.952352941176,1.0,7.13021995078,0.30528861066,0.320904663532,0.162430795848,0.0899362824013,0.643076118386,1.0,1.0,0.960294117647,0.697058823529,0.741176470588,6.74411764706,34.9882352941,190.509558824,0.158823529412,0.0132352941176,1.85294117647,0.00211764705882,Class 2
0.931085640138,0.238235294118,0.0957013920759,0.227941176471,0.976176470588,1.0,0.541662289108,0.0749313667877,0.0828998078494,0.174615051903,0.0530928919696,0.198308197905,1.0,1.0,0.980147058824,0.0661764705882,0.964705882353,0.673529411765,1.76102941176,9.16838235294,0.0794117647059,0.0,0.0794117647059,0.00105882352941,Class 2
0.580640138408,0.741176470588,15.28672478,1.76102941176,0.925882352941,1.0,6.4544017209,0.320468184969,0.344892685564,0.149714532872,0.123547569362,0.501719350292,1.0,1.0,0.938235294118,0.661764705882,0.738235294118,6.12647058824,31.0441176471,167.436029412,0.247058823529,0.0176470588235,1.61470588235,0.00329411764706,Class 2
0.601855536332,0.595588235294,15.1385177718,1.69485294118,0.940441176471,1.0,6.41693771887,0.305157277638,0.324900605564,0.156601427336,0.105809091118,0.56411151197,1.0,1.0,0.950367647059,0.641911764706,0.752941176471,6.07352941176,31.0341911765,168.150735294,0.198529411765,0.0110294117647,1.62794117647,0.00264705882353,Class 2
0.742223183391,0.714705882353,3.58471045428,0.856617647059,0.928529411765,1.0,2.76742267678,0.220489539111,0.244300158044,0.150947231834,0.120443036794,0.308782444868,1.0,1.0,0.940441176471,0.308823529412,0.857352941176,2.62352941176,11.6544117647,61.0198529412,0.238235294118,0.00882352941176,0.569117647059,0.00317647058824,Class 2
0.543654844291,0.741176470588,20.2583929495,2.01470588235,0.925882352941,1.0,7.54132536466,0.340360999416,0.364946024102,0.149714532872,0.123547569362,0.526629460829,1.0,1.0,0.938235294118,0.767647058824,0.702941176471,7.18529411765,36.9205882353,199.730147059,0.247058823529,0.0132352941176,1.93235294118,0.00329411764706,Class 2
0.649165224913,0.436764705882,12.6347871051,1.49632352941,0.956323529412,1.0,5.77228211703,0.273723415741,0.288089370297,0.164412846021,0.0843235750465,0.632340250952,1.0,1.0,0.963602941176,0.5625,0.788235294118,5.43823529412,27.8180147059,151.315441176,0.145588235294,0.0110294117647,1.46911764706,0.00194117647059,Class 2
0.780869377163,0.622058823529,2.6042610901,0.724264705882,0.937794117647,1.0,2.26298154774,0.193777222833,0.214413527372,0.155329801038,0.109160165995,0.304890374173,1.0,1.0,0.948161764706,0.253676470588,0.880882352941,2.16470588235,9.28860294118,48.5080882353,0.207352941176,0.0110294117647,0.45,0.00276470588235,Class 2
0.643585640138,0.569117647059,11.3750868063,1.47426470588,0.943088235294,1.0,5.43509220136,0.281353567867,0.299783280924,0.157881704152,0.102397203901,0.554430124036,1.0,1.0,0.952573529412,0.544852941176,0.786764705882,5.12941176471,25.8459558824,139.778676471,0.189705882353,0.0198529411765,1.35,0.00252941176471,Class 2
0.555480103806,0.701470588235,19.2643834349,1.98161764706,0.929852941176,1.0,7.33958466718,0.333102575628,0.355830835324,0.15156682526,0.118871605074,0.54493100246,1.0,1.0,0.941544117647,0.743382352941,0.713235294118,6.98235294118,35.8716911765,194.175735294,0.233823529412,0.0242647058824,1.87941176471,0.00311764705882,Class 2
0.612370242215,0.397058823529,17.1812051496,1.76102941176,0.960294117647,1.0,6.90534251173,0.29146483573,0.304359773373,0.166414359862,0.07852756056,0.683463433917,1.0,1.0,0.966911764706,0.666176470588,0.755882352941,6.51470588235,33.8698529412,184.783088235,0.132352941176,0.0132352941176,1.8,0.00176470588235,Class 2
0.604580449827,0.516176470588,16.1014212227,1.72794117647,0.948382352941,1.0,6.64750424588,0.300944482821,0.318004172574,0.160468209343,0.0953802118304,0.610228012979,1.0,1.0,0.956985294118,0.655147058824,0.752941176471,6.28529411765,32.3643382353,175.880147059,0.172058823529,0.0110294117647,1.70735294118,0.00229411764706,Class 2
0.535402249135,0.463235294118,28.2415381798,2.3125,0.953676470588,1.0,9.08188692198,0.333780201412,0.348824295329,0.163089316609,0.0880847987474,0.680450049271,1.0,1.0,0.961397058824,0.884558823529,0.679411764706,8.63235294118,45.49375,248.3125,0.154411764706,0.0154411764706,2.42205882353,0.00205882352941,Class 2
0.785540657439,0.357352941176,4.45646487865,0.856617647059,0.964264705882,1.0,2.97638586618,0.189973334837,0.200452427952,0.16843533737,0.0725307818167,0.590070779143,1.0,1.0,0.970220588235,0.293382352941,0.882352941176,2.82647058824,13.4775735294,72.9272058824,0.119117647059,0.0242647058824,0.701470588235,0.00158823529412,Class 2
0.529705882353,0.741176470588,22.5431389391,2.11397058824,0.925882352941,1.0,7.99200913512,0.347654462568,0.372353852014,0.149714532872,0.123547569362,0.534108138468,1.0,1.0,0.938235294118,0.811764705882,0.688235294118,7.62647058824,39.3691176471,213.186029412,0.247058823529,0.00882352941176,2.06470588235,0.00329411764706,Class 2
0.550795847751,0.635294117647,21.2826546919,2.04779411765,0.936470588235,1.0,7.7577976358,0.333485973439,0.354307377267,0.154697231834,0.110813658488,0.579340662503,1.0,1.0,0.947058823529,0.776470588235,0.705882352941,7.37941176471,38.2044117647,207.344852941,0.211764705882,0.0176470588235,2.01176470588,0.00282352941176,Class 2
0.718585640138,0.264705882353,9.18926150193,1.22058823529,0.973529411765,1.0,4.72969069074,0.226696785951,0.234499579939,0.173226643599,0.0576271518667,0.732344183755,1.0,1.0,0.977941176471,0.445588235294,0.836764705882,4.44117647059,22.6198529412,123.658088235,0.0882352941176,0.0176470588235,1.20441176471,0.00117647058824,Class 2
0.664563148789,0.304411764706,13.0560974369,1.50735294118,0.969558823529,1.0,5.88190553934,0.258791846276,0.267818514255,0.171160250865,0.064185106781,0.730847432246,1.0,1.0,0.974632352941,0.558088235294,0.797058823529,5.52647058824,28.5658088235,156.124264706,0.101470588235,0.0198529411765,1.52205882353,0.00135294117647,Class 2
0.571980968858,0.582352941176,19.140141954,1.91544117647,0.941764705882,1.0,7.32221524658,0.320599350461,0.339815672712,0.157240484429,0.104110907827,0.593153826023,1.0,1.0,0.951470588235,0.727941176471,0.725,6.94705882353,35.9080882353,195.005147059,0.194117647059,0.0132352941176,1.89264705882,0.00258823529412,Class 2
0.665852076125,0.383823529412,11.8609575348,1.47426470588,0.961617647059,1.0,5.55487469255,0.262333313313,0.273242455745,0.167085856401,0.0765519046225,0.679834920041,1.0,1.0,0.968014705882,0.536029411765,0.8,5.22647058824,26.7459558824,145.703676471,0.127941176471,0.0286764705882,1.41617647059,0.00170588235294,Class 2
0.611111591696,0.211764705882,20.8556636127,1.92647058824,0.978823529412,1.0,7.73954871284,0.279608731962,0.284540044283,0.176012110727,0.0484125532609,0.826306903504,1.0,1.0,0.982352941176,0.723529411765,0.747058823529,7.27352941176,38.4426470588,210.891911765,0.0705882352941,0.0220588235294,2.06470588235,0.000941176470588,Class 2
0.617374567474,0.807352941176,10.6443481498,1.47426470588,0.919264705882,1.0,5.26143287465,0.300570005622,0.327443145389,0.146670631488,0.131094748472,0.428188593208,1.0,1.0,0.932720588235,0.553676470588,0.770588235294,4.97941176471,24.5488970588,131.391911765,0.269117647059,0.0110294117647,1.25735294118,0.00358823529412,Class 2
0.528775951557,0.833823529412,20.7604223002,2.05882352941,0.916617647059,1.0,7.6352183688,0.350391124392,0.378153814829,0.145468209343,0.134031852671,0.490554275765,1.0,1.0,0.930514705882,0.7875,0.691176470588,7.29117647059,37.3275735294,201.477205882,0.277941176471,0.0110294117647,1.94558823529,0.00370588235294,Class 2
0.747729238754,0.595588235294,4.28431441796,0.889705882353,0.940441176471,1.0,3.01158587447,0.217612964185,0.237356292111,0.156601427336,0.105809091118,0.398477851163,1.0,1.0,0.950367647059,0.319852941176,0.860294117647,2.85294117647,13.1599264706,69.9227941176,0.198529411765,0.0110294117647,0.661764705882,0.00264705882353,Class 2
0.632902249135,0.622058823529,11.6353835596,1.50735294118,0.937794117647,1.0,5.51383571781,0.288719141594,0.308971871046,0.155329801038,0.109160165995,0.529446717084,1.0,1.0,0.948161764706,0.558088235294,0.779411764706,5.20882352941,26.1834558824,141.353676471,0.207352941176,0.0198529411765,1.36323529412,0.00276470588235,Class 2
0.724134948097,0.502941176471,6.35850318871,1.05514705882,0.949705882353,1.0,3.80043792347,0.232129781865,0.248648249469,0.161120242215,0.0935835234538,0.514043249191,1.0,1.0,0.958088235294,0.383823529412,0.844117647059,3.58529411765,17.4051470588,93.7419117647,0.167647058824,0.0132352941176,0.9,0.00223529411765,Class 2
0.519312283737,0.463235294118,31.997700059,2.44485294118,0.953676470588,1.0,9.716311794,0.341590120975,0.35700209658,0.163089316609,0.0880847987474,0.683198170013,1.0,1.0,0.961397058824,0.946323529412,0.658823529412,9.25,48.9216911765,267.150735294,0.154411764706,0.00661764705882,2.60735294118,0.00205882352941,Class 2
0.485921280277,0.913235294118,27.0746743848,2.35661764706,0.908676470588,1.0,8.7945919548,0.374518611949,0.405022637268,0.141912846021,0.142579844002,0.482388370152,1.0,1.0,0.923897058824,0.911029411765,0.645588235294,8.44705882353,43.5878676471,235.461029412,0.304411764706,0.00661764705882,2.27647058824,0.00405882352941,Class 2
0.75383650519,0.820588235294,2.28103116285,0.757352941176,0.917941176471,1.0,2.22737671249,0.209220986054,0.236585372516,0.1460683391,0.132568968068,0.199498749418,1.0,1.0,0.931617647059,0.269117647059,0.864705882353,2.12058823529,8.65661764706,43.9860294118,0.273529411765,0.00882352941176,0.397058823529,0.00364705882353,Class 2
0.726397058824,0.675,4.68306832526,0.933823529412,0.9325,1.0,3.21349427024,0.23180883841,0.254379826229,0.1528125,0.115689302462,0.36421328367,1.0,1.0,0.94375,0.346323529412,0.847058823529,3.03823529412,14.0334558824,74.3036764706,0.225,0.00220588235294,0.701470588235,0.003,Class 2
0.79544982699,0.317647058824,4.31929875103,0.790441176471,0.968235294118,1.0,2.89788645516,0.182356626534,0.192767328448,0.170475778547,0.0663118708952,0.589547693442,1.0,1.0,0.973529411765,0.282352941176,0.888235294118,2.75588235294,13.1632352941,71.4095588235,0.105882352941,0.00882352941176,0.688235294118,0.00141176470588,Class 2
0.614312283737,0.529411764706,14.7974210978,1.68382352941,0.947058823529,1.0,6.33358965475,0.296271979554,0.313172759775,0.1598183391,0.0971595259374,0.603767025182,1.0,1.0,0.955882352941,0.626470588235,0.761764705882,5.98529411765,30.6735294118,166.518382353,0.176470588235,0.0220588235294,1.61470588235,0.00235294117647,Class 2
0.821025086505,0.211764705882,4.03575299854,0.735294117647,0.978823529412,1.0,2.71946544499,0.161700383559,0.168047074977,0.176012110727,0.0484125532609,0.697116100746,1.0,1.0,0.982352941176,0.255882352941,0.902941176471,2.59705882353,12.4882352941,68.2595588235,0.0705882352941,0.0132352941176,0.661764705882,0.000941176470588,Class 2
0.483775951557,0.992647058824,25.570376379,2.35661764706,0.900735294118,1.0,8.52238340872,0.377165349172,0.409850131316,0.13843533737,0.150756565031,0.455133828776,1.0,1.0,0.917279411765,0.893382352941,0.647058823529,8.19117647059,42.0128676471,226.386029412,0.330882352941,0.0242647058824,2.18382352941,0.00441176470588,Class 2
0.609087370242,0.582352941176,14.5455331563,1.66176470588,0.941764705882,1.0,6.2719461256,0.300831098985,0.320047421235,0.157240484429,0.104110907827,0.568128682843,1.0,1.0,0.951470588235,0.626470588235,0.758823529412,5.93235294118,30.2764705882,164.056617647,0.194117647059,0.0132352941176,1.58823529412,0.00258823529412,Class 2
0.537110726644,0.767647058824,20.7818368775,2.09191176471,0.923235294118,1.0,7.64538808233,0.344572895855,0.369159123239,0.148490484429,0.126602379023,0.52665725803,1.0,1.0,0.936029411765,0.780882352941,0.697058823529,7.29117647059,37.4566176471,202.536029412,0.255882352941,0.0308823529412,1.95882352941,0.00341176470588,Class 2
0.609589100346,0.622058823529,13.8980197966,1.63970588235,0.937794117647,1.0,6.11151719852,0.301714299687,0.322186619948,0.155329801038,0.109160165995,0.545333908039,1.0,1.0,0.948161764706,0.615441176471,0.760294117647,5.78235294118,29.3665441176,158.846323529,0.207352941176,0.0154411764706,1.53529411765,0.00276470588235,Class 2
0.596388408304,0.780882352941,12.9707897852,1.60661764706,0.921911764706,1.0,5.88560738862,0.312353064203,0.338423110233,0.147881704152,0.12811162977,0.461027567926,1.0,1.0,0.934926470588,0.611029411765,0.752941176471,5.57941176471,27.9305147059,150.115441176,0.260294117647,0.00661764705882,1.44264705882,0.00347058823529,Class 2
0.61973183391,1.00588235294,8.15932799161,1.36397058824,0.899411764706,1.0,4.56455942737,0.299279775841,0.332772883687,0.137863321799,0.152085171617,0.318719299239,1.0,1.0,0.916176470588,0.507352941176,0.775,4.31764705882,20.4889705882,108.031617647,0.335294117647,0.0132352941176,1.01911764706,0.00447058823529,Class 2
0.699269031142,0.727941176471,5.69044855392,1.06617647059,0.927205882353,1.0,3.6297872889,0.249646438435,0.273849100294,0.150329801038,0.122001620409,0.375774021239,1.0,1.0,0.939338235294,0.390441176471,0.829411764706,3.42647058824,16.0849264706,85.2977941176,0.242647058824,0.0110294117647,0.807352941176,0.00323529411765,Class 2
0.7214316609,0.727941176471,4.48906319326,0.922794117647,0.927205882353,1.0,3.15777740832,0.234830305148,0.259172513107,0.150329801038,0.122001620409,0.333235586032,1.0,1.0,0.939338235294,0.346323529412,0.844117647059,2.98529411765,13.6363970588,71.8419117647,0.242647058824,-0.00220588235294,0.675,0.00323529411765,Class 3
0.673378027682,0.754411764706,7.0152044864,1.16544117647,0.924558823529,1.0,4.1166539997,0.266222765002,0.291450559056,0.149101427336,0.125081089409,0.389086661834,1.0,1.0,0.937132352941,0.438970588235,0.811764705882,3.88529411765,18.5797794118,98.8683823529,0.251470588235,0.00220588235294,0.939705882353,0.00335294117647,Class 3
0.533187716263,1.00588235294,16.925982471,1.88235294118,0.899411764706,1.0,6.83172786238,0.350482188623,0.38412671755,0.137863321799,0.152085171617,0.403780305839,1.0,1.0,0.916176470588,0.727941176471,0.701470588235,6.52352941176,32.7316176471,175.311029412,0.335294117647,0.0,1.68088235294,0.00447058823529,Class 3
0.572197231834,1.08529411765,11.2842075876,1.5625,0.891470588235,1.0,5.48203035141,0.328120618186,0.364405715311,0.134476643599,0.159861789294,0.331293521944,1.0,1.0,0.909558823529,0.604411764706,0.738235294118,5.20882352941,25.2801470588,133.941911765,0.361764705882,-0.00441176470588,1.27058823529,0.00482352941176,Class 3
0.62803200692,0.966176470588,7.96339679545,1.30882352941,0.903382352941,1.0,4.4920617838,0.294288923741,0.32660100458,0.139585856401,0.148070524072,0.324405674973,1.0,1.0,0.919485294118,0.496323529412,0.780882352941,4.24705882353,20.1746323529,106.513970588,0.322058823529,0.00220588235294,1.00588235294,0.00429411764706,Class 3
0.667910899654,0.860294117647,6.32727767778,1.12132352941,0.913970588235,1.0,3.91045818445,0.269452713316,0.298183408159,0.144274437716,0.136924259201,0.332798817488,1.0,1.0,0.928308823529,0.430147058824,0.808823529412,3.69117647059,17.2959558824,91.2536764706,0.286764705882,-0.00661764705882,0.860294117647,0.00382352941176,Class 3
0.731440311419,0.622058823529,4.87707993943,0.911764705882,0.937794117647,1.0,3.26946437238,0.228534151159,0.249279445465,0.155329801038,0.109160165995,0.400451036884,1.0,1.0,0.948161764706,0.346323529412,0.85,3.09117647059,14.4305147059,76.7654411765,0.207352941176,-0.00661764705882,0.727941176471,0.00276470588235,Class 3
0.566405709343,0.780882352941,16.3621089569,1.79411764706,0.921911764706,1.0,6.70396533152,0.329031774447,0.355145140779,0.147881704152,0.12811162977,0.484905602046,1.0,1.0,0.934926470588,0.690441176471,0.726470588235,6.37352941176,32.3378676471,174.336029412,0.260294117647,0.00220588235294,1.68088235294,0.00347058823529,Class 3
0.542357266436,1.07205882353,14.6967523756,1.73897058824,0.892794117647,1.0,6.33116908401,0.34569612858,0.381360694717,0.135035683391,0.158588393382,0.370909535376,1.0,1.0,0.910661764706,0.686029411765,0.711764705882,6.03823529412,29.9091911765,159.450735294,0.357352941176,-0.0154411764706,1.52205882353,0.00476470588235,Class 3
0.403196366782,1.52205882353,31.9548115694,2.73161764706,0.847794117647,1.0,9.5445704165,0.4241583617,0.4749984039,0.117241565744,0.197380052914,0.315250639604,1.0,1.0,0.873161764706,1.05661764706,0.563235294118,9.29411764706,47.1018382353,251.555147059,0.507352941176,0.0110294117647,2.40882352941,0.00676470588235,Class 3
0.43740916955,1.09852941176,34.5572395941,2.67647058824,0.890147058824,1.0,9.99445083322,0.4029246116,0.439633344577,0.133919766436,0.161126328366,0.438473124283,1.0,1.0,0.908455882353,1.05220588235,0.588235294118,9.67352941176,50.0334558824,269.903676471,0.366176470588,-0.00661764705882,2.60735294118,0.00488235294118,Class 3
0.660099480969,0.595588235294,9.67935909553,1.30882352941,0.940441176471,1.0,4.94174811536,0.27246019027,0.292374196025,0.156601427336,0.105809091118,0.508459565236,1.0,1.0,0.950367647059,0.500735294118,0.8,4.66176470588,23.1988970588,125.091911765,0.198529411765,-0.00220588235294,1.20441176471,0.00264705882353,Class 3
0.738654844291,0.582352941176,4.84685238129,0.911764705882,0.941764705882,1.0,3.24022822937,0.223658620638,0.243137032122,0.157240484429,0.104110907827,0.415057432365,1.0,1.0,0.951470588235,0.339705882353,0.854411764706,3.06470588235,14.3610294118,76.5933823529,0.194117647059,0.0,0.727941176471,0.00258823529412,Class 3
0.432655709343,0.926470588235,43.1769641377,2.95220588235,0.907352941176,1.0,11.3395820516,0.401785965663,0.432701317126,0.141327854671,0.143967644827,0.509358081713,1.0,1.0,0.922794117647,1.16470588235,0.560294117647,10.9705882353,57.5676470588,312.216911765,0.308823529412,-0.00882352941176,3.03088235294,0.00411764705882,Class 3
0.492080449827,0.741176470588,30.3820325993,2.47794117647,0.925882352941,1.0,9.38377188801,0.366886415808,0.391310916404,0.149714532872,0.123547569362,0.559826713264,1.0,1.0,0.938235294118,0.948529411765,0.642647058824,8.99411764706,46.9595588235,254.899264706,0.247058823529,0.0176470588235,2.475,0.00329411764706,Class 3
0.496137543253,1.13823529412,20.0827178013,2.08088235294,0.886176470588,1.0,7.48697735686,0.372026340649,0.410097781277,0.132262110727,0.164867713992,0.378573706498,1.0,1.0,0.905147058824,0.807352941176,0.667647058824,7.18529411765,36.1463235294,193.377205882,0.379411764706,0.0,1.85294117647,0.00505882352941,Class 3
0.528689446367,1.00588235294,17.5477700013,1.92647058824,0.899411764706,1.0,6.96632750556,0.352989202755,0.38661692268,0.137863321799,0.152085171617,0.408892732258,1.0,1.0,0.916176470588,0.741176470588,0.697058823529,6.65588235294,33.4661764706,179.347794118,0.335294117647,0.00441176470588,1.72058823529,0.00447058823529,Class 3
0.462045847751,1.125,27.0582069796,2.38970588235,0.8875,1.0,8.76739464361,0.390388396554,0.428013389053,0.1328125,0.163629201979,0.410607482127,1.0,1.0,0.90625,0.933088235294,0.626470588235,8.45588235294,43.2238970588,232.341911765,0.375,-0.00220588235294,2.23676470588,0.005,Class 3
0.813378027682,0.648529411765,1.1993505142,0.547794117647,0.935147058824,1.0,1.55414308421,0.166909211688,0.188594561546,0.15406682526,0.112452833876,0.174941790399,1.0,1.0,0.945955882353,0.191911764706,0.9,1.52058823529,5.66213235294,28.4389705882,0.216176470588,0.00220588235294,0.251470588235,0.00288235294118,Class 3
0.57973615917,1.17794117647,9.46392267671,1.46323529412,0.882205882353,1.0,4.99713692766,0.322840962702,0.362208178503,0.130623918685,0.168532571835,0.281220128449,1.0,1.0,0.901838235294,0.566911764706,0.745588235294,4.74117647059,22.5040441176,118.196323529,0.392647058824,-0.00661764705882,1.11176470588,0.00523529411765,Class 3
0.857556228374,0.397058823529,1.3263587477,0.448529411765,0.960294117647,1.0,1.44028441355,0.137756708565,0.150994834182,0.166414359862,0.07852756056,0.327627425387,1.0,1.0,0.966911764706,0.158823529412,0.925,1.44117647059,5.71176470588,30.0404411765,0.132352941176,-0.00441176470588,0.277941176471,0.00176470588235,Class 3
0.537262110727,1.23088235294,12.9671966807,1.71691176471,0.876911764706,1.0,5.93281706783,0.348410610272,0.389577455323,0.128469939446,0.173303795577,0.303453425887,1.0,1.0,0.897426470588,0.663970588235,0.710294117647,5.65882352941,27.49375,145.3375,0.410294117647,-0.00220588235294,1.37647058824,0.00547058823529,Class 3
0.541725778547,1.03235294118,15.3837911321,1.81617647059,0.896764705882,1.0,6.48762892428,0.345861954517,0.380375487878,0.136725778547,0.154714108666,0.385587772762,1.0,1.0,0.913970588235,0.697058823529,0.710294117647,6.18823529412,30.8191176471,164.661029412,0.344117647059,0.00441176470588,1.575,0.00458823529412,Class 3
0.475315743945,0.860294117647,31.1224683919,2.48897058824,0.913970588235,1.0,9.48298527155,0.378723991414,0.407494004442,0.144274437716,0.136924259201,0.511186695164,1.0,1.0,0.928308823529,0.972794117647,0.627941176471,9.11764705882,47.4128676471,256.761029412,0.286764705882,-0.00220588235294,2.48823529412,0.00382352941176,Class 3
0.520791522491,0.979411764706,19.1860323579,1.97058823529,0.902058823529,1.0,7.31008760876,0.357065500321,0.389755568017,0.139009515571,0.149418386964,0.428559799373,1.0,1.0,0.918382352941,0.772058823529,0.688235294118,6.99117647059,35.3786764706,189.997794118,0.326470588235,-0.00882352941176,1.82647058824,0.00435294117647,Class 3
0.543594290657,1.08529411765,14.3438720038,1.77205882353,0.891470588235,1.0,6.24911150286,0.344986349131,0.381271446257,0.134476643599,0.159861789294,0.360171728079,1.0,1.0,0.909558823529,0.679411764706,0.713235294118,5.95882352941,29.4426470588,156.816911765,0.361764705882,0.00441176470588,1.49558823529,0.00482352941176,Class 3
0.557214532872,0.873529411765,15.9926797417,1.80514705882,0.912647058824,1.0,6.62096743857,0.335640871648,0.364839132324,0.143680795848,0.138354089726,0.446734304226,1.0,1.0,0.927205882353,0.692647058824,0.720588235294,6.30294117647,31.7654411765,170.700735294,0.291176470588,0.00441176470588,1.64117647059,0.00388235294118,Class 3
0.499217128028,1.08529411765,20.6062092685,2.10294117647,0.891470588235,1.0,7.59149931393,0.369948655747,0.406233752873,0.134476643599,0.159861789294,0.398859208267,1.0,1.0,0.909558823529,0.811764705882,0.669117647059,7.28235294118,36.7882352941,197.184558824,0.361764705882,0.00441176470588,1.89264705882,0.00482352941176,Class 3
0.678382352941,0.873529411765,5.56863139543,1.07720588235,0.912647058824,1.0,3.63986407247,0.262431303786,0.291648921012,0.143680795848,0.138354089726,0.30557950053,1.0,1.0,0.927205882353,0.405882352941,0.816176470588,3.43529411765,15.85,83.2375,0.291176470588,0.0,0.780882352941,0.00388235294118,Class 3
0.533551038062,0.9,18.7475204002,1.92647058824,0.91,1.0,7.22153125586,0.349022459271,0.379050277991,0.1425,0.141181741505,0.454864001073,1.0,1.0,0.925,0.754411764706,0.698529411765,6.89411764706,34.9948529412,188.308088235,0.3,-0.00882352941176,1.81323529412,0.004,Class 3
0.659442041522,0.873529411765,6.73958493443,1.19852941176,0.912647058824,1.0,4.05919155421,0.274850546932,0.30399070235,0.143680795848,0.138354089726,0.338008364415,1.0,1.0,0.927205882353,0.445588235294,0.802941176471,3.83235294118,18.0536764706,95.3477941176,0.291176470588,0.00882352941176,0.9,0.00388235294118,Class 3
0.669121972318,0.966176470588,5.2717941163,1.07720588235,0.903382352941,1.0,3.56592875029,0.267368281429,0.299680362268,0.139585856401,0.148070524072,0.265778030273,1.0,1.0,0.919485294118,0.408088235294,0.810294117647,3.36470588235,15.2775735294,79.6022058824,0.322058823529,-0.00220588235294,0.741176470588,0.00429411764706,Class 3
0.640730968858,0.780882352941,9.04366426149,1.35294117647,0.921911764706,1.0,4.78412385946,0.286460082342,0.312443387854,0.147881704152,0.12811162977,0.418201546227,1.0,1.0,0.934926470588,0.505147058824,0.788235294118,4.52058823529,22.0540441176,117.821323529,0.260294117647,0.0110294117647,1.125,0.00347058823529,Class 3
0.374442041522,1.46911764706,46.5010394695,3.25,0.853088235294,1.0,11.8056288388,0.439395130888,0.488530973845,0.119205233564,0.193259309435,0.350903526584,1.0,1.0,0.877573529412,1.27720588235,0.492647058824,11.5529411765,59.7415441176,321.296323529,0.489705882353,-0.00220588235294,3.09705882353,0.00652941176471,Class 3
0.525730968858,0.357352941176,33.7827853439,2.48897058824,0.964264705882,1.0,10.040284689,0.332025216501,0.343871213256,0.16843533737,0.0725307818167,0.740832319831,1.0,1.0,0.970220588235,0.963970588235,0.658823529412,9.53235294118,50.6952205882,277.456617647,0.119117647059,0.00661764705882,2.71323529412,0.00158823529412,Class 3
0.50669550173,0.608823529412,30.6751438466,2.40073529412,0.939117647059,1.0,9.4601058872,0.35473231981,0.37506833669,0.155964532872,0.107492074832,0.611909155711,1.0,1.0,0.949264705882,0.939705882353,0.652941176471,9.03823529412,47.4625,258.3625,0.202941176471,-0.00441176470588,2.51470588235,0.00270588235294,Class 3
0.401172145329,1.03235294118,67.3029789896,4.11029411765,0.896764705882,1.0,15.7629179564,0.419886525527,0.454350903606,0.136725778547,0.154714108666,0.485030414171,1.0,1.0,0.913970588235,1.61029411765,0.479411764706,15.3205882353,81.5036764706,443.197794118,0.344117647059,0.00882352941176,4.31470588235,0.00458823529412,Class 3
0.591172145329,1.15147058824,8.80269538529,1.44117647059,0.884852941176,1.0,4.79803928516,0.315927174119,0.354408264797,0.131713884083,0.166097724261,0.279675013523,1.0,1.0,0.904044117647,0.544852941176,0.754411764706,4.54705882353,21.4783088235,112.699264706,0.383823529412,0.00661764705882,1.05882352941,0.00511764705882,Class 3
0.54464532872,0.555882352941,24.0659471467,2.13602941176,0.944411764706,1.0,8.30752086978,0.333581500117,0.352052693573,0.158525086505,0.100667643264,0.621401092234,1.0,1.0,0.953676470588,0.820588235294,0.695588235294,7.9,41.2485294118,224.493382353,0.185294117647,0.00882352941176,2.18382352941,0.00247058823529,Class 3
0.558576989619,0.939705882353,14.7839170465,1.77205882353,0.906029411765,1.0,6.34319064926,0.335650208081,0.366968746422,0.140745025952,0.145345274511,0.415902093016,1.0,1.0,0.921691176471,0.672794117647,0.723529411765,6.03823529412,30.1672794118,161.568382353,0.313235294118,0.0110294117647,1.54852941176,0.00417647058824,Class 3
0.527906574394,0.608823529412,25.9736242308,2.24632352941,0.939117647059,1.0,8.64877631443,0.344181933541,0.364295100154,0.155964532872,0.107492074832,0.604109804819,1.0,1.0,0.949264705882,0.860294117647,0.679411764706,8.24411764706,43.0551470588,234.141911765,0.202941176471,0.0132352941176,2.27647058824,0.00270588235294,Class 3
0.518672145329,1.04558823529,18.2877590869,1.95955882353,0.895441176471,1.0,7.1230599587,0.358891460207,0.393860020332,0.136160250865,0.15601465111,0.399222092871,1.0,1.0,0.912867647059,0.761029411765,0.688235294118,6.81470588235,34.2702205882,183.556617647,0.348529411765,-0.00220588235294,1.76029411765,0.00464705882353,Class 3
0.53017733564,1.00588235294,17.3393062727,1.90441176471,0.899411764706,1.0,6.92147490934,0.352159838862,0.38580436779,0.137863321799,0.152085171617,0.406369448,1.0,1.0,0.916176470588,0.736764705882,0.698529411765,6.61176470588,33.2213235294,178.002205882,0.335294117647,0.0,1.70735294118,0.00447058823529,Class 3
0.77500432526,0.436764705882,4.28938527052,0.8125,0.956323529412,1.0,2.93985597648,0.198326839468,0.212925969806,0.164412846021,0.0843235750465,0.486709706816,1.0,1.0,0.963602941176,0.297794117647,0.876470588235,2.79117647059,13.1268382353,70.5801470588,0.145588235294,0.00220588235294,0.675,0.00194117647059,Class 3
0.777223183391,0.45,4.07868990638,0.790441176471,0.955,1.0,2.8534801619,0.196999255669,0.212050755453,0.16375,0.0862140747588,0.46733294352,1.0,1.0,0.9625,0.291176470588,0.877941176471,2.71176470588,12.6602941176,67.9463235294,0.15,0.0,0.648529411765,0.002,Class 3
0.513827854671,1.16470588235,16.9136131309,1.94852941176,0.883529411765,1.0,6.83329751638,0.362215956824,0.401114699023,0.131167820069,0.16731931634,0.354803788836,1.0,1.0,0.902941176471,0.745588235294,0.686764705882,6.54117647059,32.5198529412,173.308088235,0.388235294118,0.00882352941176,1.65441176471,0.00517647058824,Class 3
0.52946366782,1.08529411765,16.1055909593,1.87132352941,0.891470588235,1.0,6.65315214497,0.353083111629,0.389368208755,0.134476643599,0.159861789294,0.373227937215,1.0,1.0,0.909558823529,0.719117647059,0.7,6.35588235294,31.6463235294,168.927205882,0.361764705882,0.00441176470588,1.61470588235,0.00482352941176,Class 3
0.559636678201,0.9,15.2712238625,1.76102941176,0.91,1.0,6.45551677343,0.334627756601,0.364730756168,0.1425,0.141181741505,0.430167061179,1.0,1.0,0.925,0.679411764706,0.723529411765,6.14411764706,30.8323529412,165.433088235,0.3,0.0,1.58823529412,0.004,Class 3
0.660415224913,0.582352941176,9.81187383282,1.34191176471,0.941764705882,1.0,4.9797254758,0.271999796064,0.29136192555,0.157240484429,0.104110907827,0.521519997521,1.0,1.0,0.951470588235,0.502941176471,0.8,4.69705882353,23.4205882353,126.380147059,0.194117647059,0.00882352941176,1.21764705882,0.00258823529412,Class 3
0.58160467128,0.886764705882,13.0050424205,1.61764705882,0.911323529412,1.0,5.90396887359,0.322039907819,0.351695449856,0.143089316609,0.139773202911,0.417322816866,1.0,1.0,0.926102941176,0.624264705882,0.742647058824,5.60588235294,27.8709558824,149.228676471,0.295588235294,-0.00220588235294,1.42941176471,0.00394117647059,Class 3
0.745791522491,0.555882352941,4.7112673306,0.889705882353,0.944411764706,1.0,3.17297646337,0.218816506911,0.237409536055,0.158525086505,0.100667643264,0.425212620054,1.0,1.0,0.953676470588,0.330882352941,0.858823529412,3.00294117647,14.0698529412,75.1330882353,0.185294117647,0.0,0.714705882353,0.00247058823529,Class 4
0.844839965398,0.330882352941,2.20737121509,0.525735294118,0.966911764706,1.0,1.88028853881,0.148132594048,0.15908463549,0.169793468858,0.0684110425424,0.470777872161,1.0,1.0,0.972426470588,0.191911764706,0.917647058824,1.83823529412,8.04448529412,43.2095588235,0.110294117647,-0.00661764705882,0.410294117647,0.00147058823529,Class 4
0.730116782007,0.820588235294,3.31742995214,0.845588235294,0.917941176471,1.0,2.70518092669,0.227207478869,0.254654331415,0.1460683391,0.132568968068,0.247935254371,1.0,1.0,0.931617647059,0.313235294118,0.85,2.56176470588,11.1051470588,57.4419117647,0.273529411765,0.0,0.529411764706,0.00364705882353,Class 4
0.860160034602,0.423529411765,1.07319431284,0.448529411765,0.957647058824,1.0,1.31371412473,0.134943838362,0.149070013005,0.165077854671,0.0824127316616,0.276771481476,1.0,1.0,0.964705882353,0.15,0.926470588235,1.32647058824,5.02352941176,26.1183823529,0.141176470588,0.00441176470588,0.238235294118,0.00188235294118,Class 4
0.493153114187,1.41617647059,15.6788812351,1.94852941176,0.858382352941,1.0,6.57990436351,0.373387009185,0.420728100981,0.12120350346,0.18902852653,0.275923516319,1.0,1.0,0.881985294118,0.747794117647,0.672058823529,6.31176470588,30.75625,162.2875,0.472058823529,0.00661764705882,1.53529411765,0.00629411764706,Class 4
0.749156574394,0.330882352941,6.56384284705,0.988970588235,0.966911764706,1.0,3.8223031437,0.211960463163,0.22301496564,0.169793468858,0.0684110425424,0.623693634684,1.0,1.0,0.972426470588,0.368382352941,0.858823529412,3.60294117647,17.8386029412,97.0330882353,0.110294117647,0.00220588235294,0.939705882353,0.00147058823529,Class 4
0.760847750865,0.45,55.4950909735,6.74632352941,0.955,1.0,29.5021075157,0.207844942764,0.222858852125,0.16375,0.0862140747588,0.499427212892,1.0,1.0,0.9625,2.67794117647,0.867647058824,26.5794117647,145.125735294,795.909558824,0.15,-0.00441176470588,7.80882352941,0.002,Class 4
0.361583044983,2.03823529412,64.6756337642,4.89338235294,0.796176470588,1.0,17.6433099763,0.444197749147,0.512073288239,0.0999091695502,0.232337306186,0.20387833171,1.0,1.0,0.830147058824,1.90588235294,0.522058823529,17.2705882353,90.3647058824,486.578676471,0.679411764706,0.0264705882353,4.69852941176,0.00905882352941,Class 4
0.462443771626,1.01911764706,29.8314965255,2.52205882353,0.898088235294,1.0,9.24687824619,0.388712644772,0.422596371374,0.137293468858,0.153404317032,0.455507480518,1.0,1.0,0.915073529412,0.968382352941,0.620588235294,8.91470588235,45.9768382353,248.030147059,0.339705882353,0.0154411764706,2.39558823529,0.00452941176471,Class 4
0.657487024221,0.727941176471,8.38153479931,1.23161764706,0.927205882353,1.0,4.56398778925,0.275930918755,0.300133580613,0.150329801038,0.122001620409,0.431378446865,1.0,1.0,0.939338235294,0.478676470588,0.8,4.30882352941,20.9819852941,112.209558824,0.242647058824,-0.0110294117647,1.07205882353,0.00323529411765,Class 4
0.860847750865,0.635294117647,-0.213048927083,0.349264705882,0.936470588235,1.0,0.700640283478,0.119440992793,0.140690168957,0.154697231834,0.110813658488,0.00393285601209,1.0,1.0,0.947058823529,0.114705882353,0.926470588235,0.761764705882,1.47647058824,5.50661764706,0.211764705882,0.0,0.0264705882353,0.00282352941176,Class 4
0.887063148789,0.423529411765,0.254478534806,0.316176470588,0.957647058824,1.0,0.812582157296,0.109943173659,0.124069348302,0.165077854671,0.0824127316616,0.132847033354,1.0,1.0,0.964705882353,0.105882352941,0.941176470588,0.885294117647,2.575,12.6625,0.141176470588,-0.00441176470588,0.105882352941,0.00188235294118,Class 4
0.506890138408,1.42941176471,13.7397577118,1.92647058824,0.857058823529,1.0,6.14336367703,0.365214759047,0.412062917661,0.120700692042,0.190096715556,0.267053587131,1.0,1.0,0.880882352941,0.705882352941,0.685294117647,5.87941176471,28.3308823529,148.888970588,0.476470588235,0.0397058823529,1.40294117647,0.00635294117647,Class 4
0.828793252595,0.489705882353,1.70335773418,0.536764705882,0.951029411765,1.0,1.71633933157,0.159269439747,0.175640381336,0.161774437716,0.091769031264,0.301450910924,1.0,1.0,0.959191176471,0.191911764706,0.908823529412,1.67941176471,6.85330882353,35.8242647059,0.163235294118,-0.00220588235294,0.330882352941,0.00217647058824,Class 4
0.73250432526,0.979411764706,2.03529198626,0.779411764706,0.902058823529,1.0,2.20880850275,0.219919416691,0.252661299869,0.139009515571,0.149418386964,0.136496001797,1.0,1.0,0.918382352941,0.282352941176,0.851470588235,2.09411764706,8.2,40.6375,0.326470588235,0.00441176470588,0.357352941176,0.00435294117647,Class 4
0.609571799308,1.27058823529,6.19676873841,1.24264705882,0.872941176471,1.0,4.01075130168,0.301656645669,0.344101760225,0.12687716263,0.17679841111,0.202012238269,1.0,1.0,0.894117647059,0.480882352941,0.769117647059,3.78823529412,17.0345588235,87.6492647059,0.423529411765,-0.00882352941176,0.807352941176,0.00564705882353,Class 4
0.848641868512,0.185294117647,3.10380237643,0.613970588235,0.981470588235,1.0,2.25580447984,0.141928116434,0.147755704512,0.177417820069,0.0435682816372,0.686695578199,1.0,1.0,0.984558823529,0.211764705882,0.919117647059,2.18235294118,10.2382352941,56.0345588235,0.0617647058824,0.00882352941176,0.542647058824,0.000823529411765,Class 4
0.871440311419,0.225,1.99029047986,0.503676470588,0.9775,1.0,1.69244240906,0.126844555207,0.133893679655,0.1753125,0.0507719994771,0.582968296011,1.0,1.0,0.98125,0.165441176471,0.932352941176,1.67941176471,7.36948529412,40.0595588235,0.075,0.0110294117647,0.383823529412,0.001,Class 4
1.0,0.0,-0.333333333333,0.0625,1.0,1.0,0.0,-0.0,-0.0,0.1875,-0.0,nan,1.0,1.0,1.0,0.0,1.0,0.25,-0.125,0.0625,0.0,0.0,0.0,0.0,Class 4
0.939537197232,0.211764705882,0.0206401096469,0.227941176471,0.978823529412,1.0,0.465569426356,0.0672055921744,0.073965904263,0.176012110727,0.0484125532609,0.222258695034,1.0,1.0,0.982352941176,0.0573529411765,0.969117647059,0.611764705882,1.46985294118,7.70808823529,0.0705882352941,0.00882352941176,0.0661764705882,0.000941176470588,Class 4
0.994130622837,0.0264705882353,-0.334643731799,0.0735294117647,0.997352941176,1.0,0.0263927440799,0.00872098265742,0.00960636499761,0.186033737024,0.00872098265742,0.000195809686254,1.0,1.0,0.997794117647,0.00441176470588,0.997058823529,0.267647058824,-0.0786764705882,0.177205882353,0.00882352941176,0.0,0.0,0.000117647058824,Class 4
0.829865916955,0.794117647059,-0.21825743455,0.426470588235,0.920588235294,1.0,0.841053475005,0.138211835325,0.164752012641,0.147275086505,0.129609026659,0.000652371177531,1.0,1.0,0.933823529412,0.141176470588,0.908823529412,0.867647058824,1.75441176471,6.19485294118,0.264705882353,0.00441176470588,0.0264705882353,0.00352941176471,Class 4
0.936799307958,0.264705882353,-0.201471983868,0.172794117647,0.973529411765,1.0,0.360943138084,0.0663099452024,0.0749065702977,0.173226643599,0.0576271518667,0.0585752734713,1.0,1.0,0.977941176471,0.0529411764706,0.967647058824,0.514705882353,0.827941176471,3.90073529412,0.0882352941176,-0.00882352941176,0.0264705882353,0.00117647058824,Class 4
0.624433391003,1.52205882353,3.11281451071,1.08823529412,0.847794117647,1.0,2.99505387874,0.281201789057,0.332108496764,0.117241565744,0.197380052914,0.077377210347,1.0,1.0,0.873161764706,0.408088235294,0.779411764706,2.80882352941,11.1084558824,53.7536764706,0.507352941176,0.00220588235294,0.463235294118,0.00676470588235,Class 4
0.81080017301,0.582352941176,1.72782267889,0.580882352941,0.941764705882,1.0,1.79308306277,0.171433034117,0.190911445602,0.157240484429,0.104110907827,0.251088720302,1.0,1.0,0.951470588235,0.207352941176,0.898529411765,1.74117647059,7.01544117647,36.2257352941,0.194117647059,0.0,0.330882352941,0.00258823529412,Class 4
0.868144463668,0.410294117647,0.902389132811,0.426470588235,0.958970588235,1.0,1.20246096127,0.128410852894,0.142041423991,0.165745025952,0.0804809410411,0.264998829292,1.0,1.0,0.965808823529,0.138970588235,0.930882352941,1.22941176471,4.51066176471,23.3698529412,0.136764705882,0.00661764705882,0.211764705882,0.00182352941176,Class 4
0.855722318339,0.675,-0.291897502291,0.349264705882,0.9325,1.0,0.686122849538,0.120443125577,0.143014113396,0.1528125,0.115689302462,5.0223348133e-06,1.0,1.0,0.94375,0.116911764706,0.923529411765,0.744117647059,1.30110294118,4.33308823529,0.225,-0.00220588235294,0.0132352941176,0.003,Class 4
0.439628027682,1.74705882353,18.4013487096,2.13602941176,0.825294117647,1.0,7.17218436568,0.401668492199,0.460016605497,0.10928200692,0.213733170105,0.21751718819,1.0,1.0,0.854411764706,0.842647058824,0.622058823529,6.92941176471,33.5389705882,175.831617647,0.582352941176,-0.0132352941176,1.65441176471,0.00776470588235,Class 4
0.502750865052,1.82647058824,9.10433693613,1.62867647059,0.817352941176,1.0,5.05952427054,0.359401583126,0.420409633766,0.106621972318,0.219081078549,0.133254066519,1.0,1.0,0.847794117647,0.639705882353,0.685294117647,4.82058823529,21.6801470588,110.241911765,0.608823529412,-0.0132352941176,1.00588235294,0.00811764705882,Class 4
0.814026816609,0.410294117647,2.81285532526,0.669117647059,0.958970588235,1.0,2.23986470581,0.171115461747,0.184580232095,0.165745025952,0.0804809410411,0.451439958231,1.0,1.0,0.965808823529,0.231617647059,0.9,2.15588235294,9.65257352941,51.6272058824,0.136764705882,0.0110294117647,0.489705882353,0.00182352941176,Class 4
0.962314013841,0.172058823529,-0.341966971928,0.128676470588,0.982794117647,1.0,0.169034345715,0.0410777438793,0.0468081406404,0.178123918685,0.0410777438793,0.00181519303273,1.0,1.0,0.985661764706,0.0286764705882,0.980882352941,0.364705882353,0.176102941176,0.808088235294,0.0573529411765,-0.00220588235294,0.0,0.000764705882353,Class 4
0.86294550173,0.516176470588,0.418910130702,0.371323529412,0.948382352941,1.0,0.995260754655,0.128288257769,0.145479448053,0.160468209343,0.0953802118304,0.128159865014,1.0,1.0,0.956985294118,0.130147058824,0.927941176471,1.03529411765,3.22683823529,15.7551470588,0.172058823529,-0.00661764705882,0.132352941176,0.00229411764706,Class 4
0.884615051903,0.225,1.54874408277,0.404411764706,0.9775,1.0,1.44228008913,0.116688692371,0.124044494406,0.1753125,0.0507719994771,0.52994561001,1.0,1.0,0.98125,0.143382352941,0.939705882353,1.45882352941,6.14522058824,33.3316176471,0.075,-0.00661764705882,0.317647058824,0.001,Class 4
0.897871972318,0.291176470588,0.723198158165,0.327205882353,0.970882352941,1.0,0.996984989257,0.105300692034,0.114981756777,0.171846885813,0.0620295936238,0.328957687297,1.0,1.0,0.975735294118,0.110294117647,0.947058823529,1.06176470588,3.8125,20.1625,0.0970588235294,-0.00441176470588,0.185294117647,0.00129411764706,Class 4
0.798369377163,0.542647058824,2.47436760119,0.647058823529,0.945735294118,1.0,2.15105802106,0.181900812138,0.200043360701,0.159170631488,0.0989218737522,0.330367215474,1.0,1.0,0.954779411765,0.236029411765,0.891176470588,2.06764705882,8.90477941176,46.8183823529,0.180882352941,-0.00220588235294,0.436764705882,0.00241176470588,Class 4
0.710021626298,0.569117647059,6.55359357002,1.04411764706,0.943088235294,1.0,3.89420583611,0.241935992802,0.260904821403,0.157881704152,0.102397203901,0.473207384251,1.0,1.0,0.952573529412,0.399264705882,0.835294117647,3.67352941176,17.7658088235,95.3742647059,0.189705882353,-0.00661764705882,0.913235294118,0.00252941176471,Class 4
0.717076124567,1.19117647059,1.20807803146,0.790441176471,0.880882352941,1.0,1.94714166454,0.22117470769,0.260889084541,0.130082179931,0.169737570473,0.0545797775553,1.0,1.0,0.900735294118,0.277941176471,0.841176470588,1.83823529412,6.36691176471,29.4448529412,0.397058823529,0.0132352941176,0.238235294118,0.00529411764706,Class 4
0.970886678201,0.0661764705882,0.0201952798432,0.150735294118,0.993382352941,1.0,0.327313079408,0.0377150629225,0.0398642191964,0.183850562284,0.0188693587612,0.514739890569,1.0,1.0,0.994485294118,0.0330882352941,0.985294117647,0.514705882353,1.21507352941,7.07720588235,0.0220588235294,0.00220588235294,0.0661764705882,0.000294117647059,Class 4
1.0,0.0,-0.333333333333,0.0625,1.0,1.0,0.0,-0.0,-0.0,0.1875,-0.0,nan,1.0,1.0,1.0,0.0,1.0,0.25,-0.125,0.0625,0.0,0.0,0.0,0.0,Class 4
0.950903979239,0.0926470588235,0.392940257455,0.227941176471,0.990735294118,1.0,0.611589570948,0.0581278015114,0.0608024724925,0.182405925606,0.0249062296138,0.616206695339,1.0,1.0,0.992279411765,0.0595588235294,0.975,0.752941176471,2.48566176471,13.9198529412,0.0308823529412,0.00661764705882,0.132352941176,0.000411764705882,Class 4
0.611890138408,0.727941176471,12.1697917108,1.51838235294,0.927205882353,1.0,5.67059925942,0.302705143567,0.327047351526,0.150329801038,0.122001620409,0.474072975354,1.0,1.0,0.939338235294,0.584558823529,0.764705882353,5.36764705882,26.8584558824,144.503676471,0.242647058824,-0.00220588235294,1.38970588235,0.00323529411765,Class 4
0.818499134948,0.635294117647,1.10856616762,0.536764705882,0.936470588235,1.0,1.49397043248,0.163053229814,0.184275787092,0.154697231834,0.110813658488,0.172290413787,1.0,1.0,0.947058823529,0.185294117647,0.902941176471,1.46764705882,5.39411764706,27.0360294118,0.211764705882,0.00441176470588,0.238235294118,0.00282352941176,Class 4
0.826167820069,0.555882352941,1.35904306552,0.547794117647,0.944411764706,1.0,1.57480943566,0.159642704479,0.178113897935,0.158525086505,0.100667643264,0.238335208062,1.0,1.0,0.953676470588,0.185294117647,0.907352941176,1.54705882353,5.98970588235,30.7286764706,0.185294117647,0.00882352941176,0.277941176471,0.00247058823529,Class 4
0.879165224913,0.251470588235,1.55500589054,0.4375,0.974852941176,1.0,1.46508133935,0.121246844152,0.129641161554,0.173919766436,0.0553773198561,0.484994715048,1.0,1.0,0.979044117647,0.147794117647,0.936764705882,1.47647058824,6.19154411765,33.4463235294,0.0838235294118,0.00220588235294,0.317647058824,0.00111764705882,Class 4
0.91437283737,0.238235294118,0.558281785649,0.294117647059,0.976176470588,1.0,0.848007382667,0.0914224982029,0.0993909392646,0.174615051903,0.0530928919696,0.339168105378,1.0,1.0,0.980147058824,0.0926470588235,0.955882352941,0.938235294118,3.23014705882,17.2419117647,0.0794117647059,0.0,0.158823529412,0.00105882352941,Class 4
0.554658304498,1.62794117647,6.69772387054,1.47426470588,0.837205882353,1.0,4.30068139848,0.32954393193,0.383784464559,0.113418036332,0.20530351209,0.13733104013,1.0,1.0,0.864338235294,0.544852941176,0.727941176471,4.07058823529,17.9047794118,90.5433823529,0.542647058824,0.0198529411765,0.820588235294,0.00723529411765,Class 4
0.933901384083,0.185294117647,0.321671332965,0.216911764706,0.981470588235,1.0,0.646344289166,0.0740171143456,0.0798447024233,0.177417820069,0.0435682816372,0.385979674927,1.0,1.0,0.984558823529,0.0705882352941,0.966176470588,0.770588235294,2.40294117647,12.9757352941,0.0617647058824,-0.00882352941176,0.119117647059,0.000823529411765,Class 4
0.860523356401,0.582352941176,0.100809736082,0.382352941176,0.941764705882,1.0,0.853666820793,0.125795131201,0.145244502301,0.157240484429,0.104110907827,0.0529180031216,1.0,1.0,0.951470588235,0.123529411765,0.926470588235,0.902941176471,2.36323529412,10.6595588235,0.194117647059,0.00441176470588,0.0794117647059,0.00258823529412,Class 4
0.953715397924,0.185294117647,-0.199090588608,0.161764705882,0.981470588235,1.0,0.285607316528,0.052262652131,0.0584603285123,0.177417820069,0.0435682816372,0.0876078695238,1.0,1.0,0.984558823529,0.0397058823529,0.976470588235,0.461764705882,0.688970588235,3.55661764706,0.0617647058824,0.0,0.0264705882353,0.000823529411765,Class 4
0.831379757785,0.595588235294,0.928298338871,0.481617647059,0.940441176471,1.0,1.36191463796,0.153513332433,0.173427338188,0.156601427336,0.105809091118,0.166016372571,1.0,1.0,0.950367647059,0.169852941176,0.910294117647,1.35294117647,4.83492647059,24.1727941176,0.198529411765,-0.00220588235294,0.211764705882,0.00264705882353,Class 4
0.631851211073,0.661764705882,11.2106586769,1.47426470588,0.933823529412,1.0,5.40005807158,0.290134337552,0.312038420436,0.153438581315,0.114077962158,0.500869581613,1.0,1.0,0.944852941176,0.551470588235,0.779411764706,5.10294117647,25.5183823529,137.488970588,0.220588235294,0.0132352941176,1.32352941176,0.00294117647059,Class 4
0.554684256055,0.608823529412,21.201764187,1.99264705882,0.939117647059,1.0,7.74441406377,0.330515150859,0.350878944683,0.155964532872,0.107492074832,0.583252265539,1.0,1.0,0.949264705882,0.772058823529,0.708823529412,7.36176470588,38.1580882353,207.230147059,0.202941176471,0.0,2.01176470588,0.00270588235294,Class 4
0.892755190311,0.198529411765,1.45660815467,0.415441176471,0.980147058824,1.0,1.36911391319,0.10986391692,0.116311385742,0.176713884083,0.0460122023939,0.557180788024,1.0,1.0,0.983455882353,0.134558823529,0.944117647059,1.39705882353,5.85404411765,31.8713235294,0.0661764705882,0.00661764705882,0.304411764706,0.000882352941176,Class 4
0.956535467128,0.119117647059,0.0940072348986,0.172794117647,0.988088235294,1.0,0.429796254496,0.0524596712153,0.0564083368006,0.180969939446,0.0305692162087,0.385181310465,1.0,1.0,0.990073529412,0.0463235294118,0.977941176471,0.594117647059,1.55257352941,8.65220588235,0.0397058823529,-0.00220588235294,0.0794117647059,0.000529411764706,Class 4
0.956587370242,0.185294117647,-0.271152243725,0.139705882353,0.981470588235,1.0,0.23374675014,0.0483586382561,0.0544647634051,0.177417820069,0.0435682816372,0.040579502924,1.0,1.0,0.984558823529,0.0352941176471,0.977941176471,0.417647058824,0.444117647059,2.21102941176,0.0617647058824,-0.00441176470588,0.0132352941176,0.000823529411765,Class 4
0.950856401384,0.185294117647,-0.126454709058,0.172794117647,0.981470588235,1.0,0.33738218437,0.0558315221239,0.0620291985052,0.177417820069,0.0435682816372,0.136598272092,1.0,1.0,0.984558823529,0.0441176470588,0.975,0.505882352941,0.933823529412,4.90220588235,0.0617647058824,0.0,0.0397058823529,0.000823529411765,Class 4
0.86026384083,0.516176470588,0.500293986255,0.382352941176,0.948382352941,1.0,1.04520813422,0.130903934226,0.14809512451,0.160468209343,0.0953802118304,0.141988783011,1.0,1.0,0.956985294118,0.134558823529,0.926470588235,1.07941176471,3.47169117647,17.1007352941,0.172058823529,-0.00661764705882,0.145588235294,0.00229411764706,Class 4
0.931232698962,0.304411764706,-0.27602723724,0.194852941176,0.969558823529,1.0,0.346896098674,0.0689667673256,0.0791347757654,0.171160250865,0.064185106781,0.0124565720688,1.0,1.0,0.974632352941,0.0551470588235,0.964705882353,0.497058823529,0.652573529412,2.72720588235,0.101470588235,-0.00220588235294,0.0132352941176,0.00135294117647,Class 4
0.956621972318,0.198529411765,-0.343321035351,0.161764705882,0.980147058824,1.0,0.194556684217,0.0460122023939,0.0524596712153,0.176713884083,0.0460122023939,0.00233730386831,1.0,1.0,0.983455882353,0.0330882352941,0.977941176471,0.382352941176,0.222426470588,0.922794117647,0.0661764705882,0.00661764705882,0.0,0.000882352941176,Class 4
1.0,0.0,-0.333333333333,0.0625,1.0,1.0,0.0,-0.0,-0.0,0.1875,-0.0,nan,1.0,1.0,1.0,0.0,1.0,0.25,-0.125,0.0625,0.0,0.0,0.0,0.0,Class 4
0.970912629758,0.132352941176,-0.339950007352,0.117647058824,0.986764705882,1.0,0.130523852375,0.0332881512216,0.0377150629225,0.180255190311,0.0332881512216,0.00125359850158,1.0,1.0,0.988970588235,0.0220588235294,0.985294117647,0.338235294118,0.106617647059,0.636029411765,0.0441176470588,0.0,0.0,0.000588235294118,Class 4
0.959433391003,0.172058823529,-0.270616749899,0.150735294118,0.982794117647,1.0,0.221033065687,0.04586905946,0.0515994562212,0.178123918685,0.0410777438793,0.0435631124374,1.0,1.0,0.985661764706,0.0330882352941,0.979411764706,0.408823529412,0.420955882353,2.15367647059,0.0573529411765,0.00220588235294,0.0132352941176,0.000764705882353,Class 4
0.70946366782,0.608823529412,6.20890889813,1.07720588235,0.939117647059,1.0,3.78062528638,0.242734479343,0.262847645956,0.155964532872,0.107492074832,0.449713126283,1.0,1.0,0.949264705882,0.392647058824,0.835294117647,3.56764705882,17.1007352941,91.5095588235,0.202941176471,0.0132352941176,0.873529411765,0.00270588235294,Class 4
0.988287197232,0.0529411764706,-0.335960568227,0.0845588235294,0.994705882353,1.0,0.0526336767052,0.0156674326741,0.0174381973545,0.184576124567,0.0156674326741,0.00043205685801,1.0,1.0,0.995588235294,0.00882352941176,0.994117647059,0.285294117647,-0.0323529411765,0.291911764706,0.0176470588235,0.0,0.0,0.000235294117647,Class 4
1.0,0.0,-0.333333333333,0.0625,1.0,1.0,0.0,-0.0,-0.0,0.1875,-0.0,nan,1.0,1.0,1.0,0.0,1.0,0.25,-0.125,0.0625,0.0,0.0,0.0,0.0,Class 4
0.816198096886,0.463235294118,2.3481285669,0.625,0.953676470588,1.0,2.03807844466,0.169390601326,0.184802576932,0.163089316609,0.0880847987474,0.376310868057,1.0,1.0,0.961397058824,0.218382352941,0.901470588235,1.97058823529,8.52095588235,45.1286764706,0.154411764706,0.00661764705882,0.423529411765,0.00205882352941,Class 4
0.747954152249,0.569117647059,4.49208203758,0.878676470588,0.943088235294,1.0,3.08731999542,0.217424355181,0.236452648449,0.157881704152,0.102397203901,0.41221075544,1.0,1.0,0.952573529412,0.324264705882,0.860294117647,2.92352941176,13.6033088235,72.4992647059,0.189705882353,0.00220588235294,0.688235294118,0.00252941176471,Class 4
0.59901816609,1.125,8.46308447046,1.39705882353,0.8875,1.0,4.68942996962,0.31124626789,0.348871260389,0.1328125,0.163629201979,0.281010504775,1.0,1.0,0.90625,0.531617647059,0.760294117647,4.44117647059,20.9422794118,109.893382353,0.375,0.00220588235294,1.03235294118,0.005,Class 4
0.698092560554,0.648529411765,6.5054999195,1.09926470588,0.935147058824,1.0,3.90270871934,0.250205324049,0.27183850147,0.15406682526,0.112452833876,0.430413196397,1.0,1.0,0.945955882353,0.408088235294,0.827941176471,3.68235294118,17.6599264706,94.3727941176,0.216176470588,0.00661764705882,0.9,0.00288235294118,Class 4
0.462443771626,1.01911764706,29.8314965255,2.52205882353,0.898088235294,1.0,9.24687824619,0.388712644772,0.422596371374,0.137293468858,0.153404317032,0.455507480518,1.0,1.0,0.915073529412,0.968382352941,0.620588235294,8.91470588235,45.9768382353,248.030147059,0.339705882353,0.0154411764706,2.39558823529,0.00452941176471,Class 4
0.860847750865,0.635294117647,-0.213048927083,0.349264705882,0.936470588235,1.0,0.700640283478,0.119440992793,0.140690168957,0.154697231834,0.110813658488,0.00393285601209,1.0,1.0,0.947058823529,0.114705882353,0.926470588235,0.761764705882,1.47647058824,5.50661764706,0.211764705882,0.0,0.0264705882353,0.00282352941176,Class 4
0.887063148789,0.423529411765,0.254478534806,0.316176470588,0.957647058824,1.0,0.812582157296,0.109943173659,0.124069348302,0.165077854671,0.0824127316616,0.132847033354,1.0,1.0,0.964705882353,0.105882352941,0.941176470588,0.885294117647,2.575,12.6625,0.141176470588,-0.00441176470588,0.105882352941,0.00188235294118,Class 4
1.0,0.0,-0.333333333333,0.0625,1.0,1.0,0.0,-0.0,-0.0,0.1875,-0.0,nan,1.0,1.0,1.0,0.0,1.0,0.25,-0.125,0.0625,0.0,0.0,0.0,0.0,Class 4
0.994130622837,0.0264705882353,-0.334643731799,0.0735294117647,0.997352941176,1.0,0.0263927440799,0.00872098265742,0.00960636499761,0.186033737024,0.00872098265742,0.000195809686254,1.0,1.0,0.997794117647,0.00441176470588,0.997058823529,0.267647058824,-0.0786764705882,0.177205882353,0.00882352941176,0.0,0.0,0.000117647058824,Class 4
0.829865916955,0.794117647059,-0.21825743455,0.426470588235,0.920588235294,1.0,0.841053475005,0.138211835325,0.164752012641,0.147275086505,0.129609026659,0.000652371177531,1.0,1.0,0.933823529412,0.141176470588,0.908823529412,0.867647058824,1.75441176471,6.19485294118,0.264705882353,0.00441176470588,0.0264705882353,0.00352941176471,Class 4
0.624433391003,1.52205882353,3.11281451071,1.08823529412,0.847794117647,1.0,2.99505387874,0.281201789057,0.332108496764,0.117241565744,0.197380052914,0.077377210347,1.0,1.0,0.873161764706,0.408088235294,0.779411764706,2.80882352941,11.1084558824,53.7536764706,0.507352941176,0.00220588235294,0.463235294118,0.00676470588235,Class 4
0.502750865052,1.82647058824,9.10433693613,1.62867647059,0.817352941176,1.0,5.05952427054,0.359401583126,0.420409633766,0.106621972318,0.219081078549,0.133254066519,1.0,1.0,0.847794117647,0.639705882353,0.685294117647,4.82058823529,21.6801470588,110.241911765,0.608823529412,-0.0132352941176,1.00588235294,0.00811764705882,Class 4
0.814026816609,0.410294117647,2.81285532526,0.669117647059,0.958970588235,1.0,2.23986470581,0.171115461747,0.184580232095,0.165745025952,0.0804809410411,0.451439958231,1.0,1.0,0.965808823529,0.231617647059,0.9,2.15588235294,9.65257352941,51.6272058824,0.136764705882,0.0110294117647,0.489705882353,0.00182352941176,Class 4
0.749156574394,0.330882352941,6.56384284705,0.988970588235,0.966911764706,1.0,3.8223031437,0.211960463163,0.22301496564,0.169793468858,0.0684110425424,0.623693634684,1.0,1.0,0.972426470588,0.368382352941,0.858823529412,3.60294117647,17.8386029412,97.0330882353,0.110294117647,0.00220588235294,0.939705882353,0.00147058823529,Class 4
0.884615051903,0.225,1.54874408277,0.404411764706,0.9775,1.0,1.44228008913,0.116688692371,0.124044494406,0.1753125,0.0507719994771,0.52994561001,1.0,1.0,0.98125,0.143382352941,0.939705882353,1.45882352941,6.14522058824,33.3316176471,0.075,-0.00661764705882,0.317647058824,0.001,Class 4
0.798369377163,0.542647058824,2.47436760119,0.647058823529,0.945735294118,1.0,2.15105802106,0.181900812138,0.200043360701,0.159170631488,0.0989218737522,0.330367215474,1.0,1.0,0.954779411765,0.236029411765,0.891176470588,2.06764705882,8.90477941176,46.8183823529,0.180882352941,-0.00220588235294,0.436764705882,0.00241176470588,Class 4
1.0,0.0,-0.333333333333,0.0625,1.0,1.0,0.0,-0.0,-0.0,0.1875,-0.0,nan,1.0,1.0,1.0,0.0,1.0,0.25,-0.125,0.0625,0.0,0.0,0.0,0.0,Class 4
0.950903979239,0.0926470588235,0.392940257455,0.227941176471,0.990735294118,1.0,0.611589570948,0.0581278015114,0.0608024724925,0.182405925606,0.0249062296138,0.616206695339,1.0,1.0,0.992279411765,0.0595588235294,0.975,0.752941176471,2.48566176471,13.9198529412,0.0308823529412,0.00661764705882,0.132352941176,0.000411764705882,Class 4
0.493153114187,1.41617647059,15.6788812351,1.94852941176,0.858382352941,1.0,6.57990436351,0.373387009185,0.420728100981,0.12120350346,0.18902852653,0.275923516319,1.0,1.0,0.881985294118,0.747794117647,0.672058823529,6.31176470588,30.75625,162.2875,0.472058823529,0.00661764705882,1.53529411765,0.00629411764706,Class 4
0.796267301038,0.847058823529,0.526268928628,0.536764705882,0.915294117647,1.0,1.32900850756,0.170725325153,0.199057560039,0.144870242215,0.135483564135,0.0560254337506,1.0,1.0,0.929411764706,0.189705882353,0.889705882353,1.3,4.05073529412,18.5345588235,0.282352941176,0.0,0.145588235294,0.00376470588235,Class 4
0.643676470588,0.45,13.0043624698,1.38602941176,0.955,1.0,5.87276120923,0.277488692553,0.288529538534,0.16375,0.0862140747588,0.665419923761,1.0,1.0,0.9625,0.573529411765,0.783823529412,5.53529411765,28.3308823529,154.063970588,0.15,-0.0441176470588,1.49558823529,0.002,Class 4
0.310393598616,2.28970588235,53.4064381027,3.87867647059,0.771029411765,1.0,13.2637967464,0.470715102845,0.547254522287,0.0926567906574,0.24630154326,0.181869792112,1.0,1.0,0.809191176471,1.51544117647,0.377941176471,13.1147058824,66.8091911765,355.800735294,0.763235294118,0.0110294117647,3.40147058824,0.0101764705882,Class 4
0.800908304498,0.529411764706,2.46930799831,0.658088235294,0.947058823529,1.0,2.14041855231,0.180172302189,0.197848002256,0.1598183391,0.0971595259374,0.340038563224,1.0,1.0,0.955882352941,0.233823529412,0.892647058824,2.05882352941,8.88161764706,46.7610294118,0.176470588235,0.00441176470588,0.436764705882,0.00235294117647,Class 4
0.816198096886,0.463235294118,2.3481285669,0.625,0.953676470588,1.0,2.03807844466,0.169390601326,0.184802576932,0.163089316609,0.0880847987474,0.376310868057,1.0,1.0,0.961397058824,0.218382352941,0.901470588235,1.97058823529,8.52095588235,45.1286764706,0.154411764706,0.00661764705882,0.423529411765,0.00205882352941,Class 4
0.953775951557,0.0926470588235,0.317232242159,0.161764705882,0.990735294118,1.0,0.559964509748,0.0554155692277,0.0554155692277,0.182405925606,0.0249062296138,0.770912805908,1.0,1.0,0.992279411765,0.0551470588235,0.976470588235,0.708823529412,2.24080882353,12.5742647059,0.0308823529412,-0.0154411764706,0.119117647059,0.000411764705882,Class 4
0.273538062284,3.17647058824,49.6555879257,4.05514705882,0.682352941176,1.0,13.132359042,0.475466901711,0.581707460236,0.0733131487889,0.281964977905,0.0622781277262,1.0,1.0,0.735294117647,1.59264705882,0.354411764706,13.0,64.4433823529,338.113970588,1.05882352941,0.00441176470588,3.18970588235,0.0141176470588,Class 4
0.40223183391,1.05882352941,53.615020802,3.52573529412,0.894117647059,1.0,12.9578161568,0.420155040859,0.453956601302,0.135596885813,0.157306046251,0.48089110126,1.0,1.0,0.911764705882,1.34117647059,0.494117647059,12.6029411765,66.3691176471,359.886029412,0.352941176471,0.0441176470588,3.49411764706,0.00470588235294,Class 4
0.879087370242,0.489705882353,0.0994024516455,0.338235294118,0.951029411765,1.0,0.771164077315,0.113495398456,0.129866340045,0.161774437716,0.091769031264,0.0732383708583,1.0,1.0,0.959191176471,0.108088235294,0.936764705882,0.841176470588,2.20110294118,10.2580882353,0.163235294118,0.00220588235294,0.0794117647059,0.00217647058824,Class 4
0.725402249135,0.847058823529,3.33117601977,0.845588235294,0.915294117647,1.0,2.72534103623,0.230036459118,0.258348732368,0.144870242215,0.135483564135,0.241267329348,1.0,1.0,0.929411764706,0.317647058824,0.847058823529,2.57941176471,11.1514705882,57.5566176471,0.282352941176,-0.00441176470588,0.529411764706,0.00376470588235,Class 4
0.956621972318,0.0661764705882,0.391383324502,0.216911764706,0.993382352941,1.0,0.586808831631,0.0521100242529,0.0537079802182,0.183850562284,0.0188693587612,0.717888441279,1.0,1.0,0.994485294118,0.0551470588235,0.977941176471,0.735294117647,2.43933823529,13.8051470588,0.0220588235294,0.00661764705882,0.132352941176,0.000294117647059,Class 4
0.931232698962,0.304411764706,-0.27602723724,0.194852941176,0.969558823529,1.0,0.346896098674,0.0689667673256,0.0791347757654,0.171160250865,0.064185106781,0.0124565720688,1.0,1.0,0.974632352941,0.0551470588235,0.964705882353,0.497058823529,0.652573529412,2.72720588235,0.101470588235,-0.00220588235294,0.0132352941176,0.00135294117647,Class 4
0.934070069204,0.304411764706,-0.348797547372,0.194852941176,0.969558823529,1.0,0.295505691556,0.064185106781,0.0743531152208,0.171160250865,0.064185106781,0.00350885334095,1.0,1.0,0.974632352941,0.0507352941176,0.966176470588,0.452941176471,0.407720588235,1.38161764706,0.101470588235,0.00220588235294,0.0,0.00135294117647,Class 4
0.953706747405,0.105882352941,0.242587390698,0.205882352941,0.989411764706,1.0,0.520739515706,0.0554956119824,0.0588757680266,0.181686851211,0.0277782194884,0.504814833077,1.0,1.0,0.991176470588,0.0529411764706,0.976470588235,0.673529411765,2.01911764706,11.2860294118,0.0352941176471,0.00441176470588,0.105882352941,0.000470588235294,Class 4
0.282703287197,2.89852941176,44.5559525655,3.59191176471,0.710147058824,1.0,11.8242187335,0.476413380253,0.573186236463,0.0783315311419,0.27291569542,0.0931462106934,1.0,1.0,0.758455882353,1.43602941176,0.360294117647,11.7117647059,57.8356617647,303.269852941,0.966176470588,-0.0242647058824,2.85882352941,0.0128823529412,Class 4
0.81848183391,0.542647058824,1.71729290858,0.580882352941,0.945735294118,1.0,1.76029333053,0.166320650614,0.184400828157,0.159170631488,0.0989218737522,0.277302794371,1.0,1.0,0.954779411765,0.200735294118,0.902941176471,1.71470588235,6.94595588235,36.0536764706,0.180882352941,0.00661764705882,0.330882352941,0.00241176470588,Class 4
0.876483564014,0.516176470588,0.0216093014861,0.349264705882,0.948382352941,1.0,0.744577810396,0.114060243224,0.131251433507,0.160468209343,0.0953802118304,0.0532422397829,1.0,1.0,0.956985294118,0.108088235294,0.935294117647,0.814705882353,2.00257352941,9.02720588235,0.172058823529,0.00661764705882,0.0661764705882,0.00229411764706,Class 4
0.560826124567,1.78676470588,4.76280472283,1.33088235294,0.821323529412,1.0,3.732636311,0.318679690994,0.378440633497,0.107942257785,0.21643368846,0.0779152049047,1.0,1.0,0.851102941176,0.505147058824,0.732352941176,3.51470588235,14.5099264706,71.0477941176,0.595588235294,0.00220588235294,0.622058823529,0.00794117647059,Class 4
0.876483564014,0.516176470588,0.0216093014861,0.349264705882,0.948382352941,1.0,0.744577810396,0.114060243224,0.131251433507,0.160468209343,0.0953802118304,0.0532422397829,1.0,1.0,0.956985294118,0.108088235294,0.935294117647,0.814705882353,2.00257352941,9.02720588235,0.172058823529,0.00661764705882,0.0661764705882,0.00229411764706,Class 4
0.700791522491,0.397058823529,8.94383110666,1.17647058824,0.960294117647,1.0,4.67307444828,0.243126674264,0.256236589556,0.166414359862,0.07852756056,0.61984851366,1.0,1.0,0.966911764706,0.454411764706,0.826470588235,4.39705882353,22.1169117647,120.194852941,0.132352941176,-0.00882352941176,1.16470588235,0.00176470588235,Class 4
0.997063148789,0.0132352941176,-0.3339878899,0.0735294117647,0.998676470588,1.0,0.0132159840261,0.00480365279968,0.00480365279968,0.186765787197,0.00480365279968,nan,1.0,1.0,0.998897058824,0.00220588235294,0.998529411765,0.258823529412,-0.101838235294,0.119852941176,0.00441176470588,0.00220588235294,0.0,5.88235294118e-05,Class 4
0.997063148789,0.0132352941176,-0.3339878899,0.0735294117647,0.998676470588,1.0,0.0132159840261,0.00480365279968,0.00480365279968,0.186765787197,0.00480365279968,nan,1.0,1.0,0.998897058824,0.00220588235294,0.998529411765,0.258823529412,-0.101838235294,0.119852941176,0.00441176470588,0.00220588235294,0.0,5.88235294118e-05,Class 4
0.549156574394,1.575,7.67317614332,1.51838235294,0.8425,1.0,4.58053130324,0.334983168253,0.387531851015,0.1153125,0.201393833926,0.161284849926,1.0,1.0,0.86875,0.566911764706,0.723529411765,4.34411764706,19.5261029412,99.7330882353,0.525,0.0154411764706,0.913235294118,0.007,Class 4
0.865951557093,0.264705882353,1.91217493894,0.503676470588,0.973529411765,1.0,1.67611368902,0.131635062316,0.140231687411,0.173226643599,0.0576271518667,0.521081366453,1.0,1.0,0.977941176471,0.167647058824,0.929411764706,1.66176470588,7.19411764706,38.8860294118,0.0882352941176,0.00882352941176,0.370588235294,0.00117647058824,Class 4
0.685415224913,0.820588235294,5.64774030639,1.01102941176,0.917941176471,1.0,3.64894175128,0.258333555678,0.285263096375,0.1460683391,0.132568968068,0.342110819401,1.0,1.0,0.931617647059,0.401470588235,0.820588235294,3.44411764706,16.0022058824,84.3536764706,0.273529411765,-0.0220588235294,0.794117647059,0.00364705882353,Class 4
0.834511245675,0.357352941176,2.40461573161,0.613970588235,0.964264705882,1.0,2.00074689659,0.15597857574,0.167345031576,0.16843533737,0.0725307818167,0.479799570802,1.0,1.0,0.970220588235,0.205147058824,0.911764705882,1.94411764706,8.58051470588,46.0154411765,0.119117647059,0.0154411764706,0.436764705882,0.00158823529412,Class 4
0.834511245675,0.357352941176,2.40461573161,0.613970588235,0.964264705882,1.0,2.00074689659,0.15597857574,0.167345031576,0.16843533737,0.0725307818167,0.479799570802,1.0,1.0,0.970220588235,0.205147058824,0.911764705882,1.94411764706,8.58051470588,46.0154411765,0.119117647059,0.0154411764706,0.436764705882,0.00158823529412,Class 4
0.650899653979,0.9,7.03989567914,1.20955882353,0.91,1.0,4.170191894,0.280163203634,0.310266203201,0.1425,0.141181741505,0.329937920889,1.0,1.0,0.925,0.458823529412,0.797058823529,3.93823529412,18.5897058824,98.1536764706,0.3,0.0,0.926470588235,0.004,Class 4
0.965134083045,0.119117647059,-0.125211201128,0.161764705882,0.988088235294,1.0,0.274106123824,0.0428468196433,0.0465055127588,0.180969939446,0.0305692162087,0.273699492419,1.0,1.0,0.990073529412,0.0330882352941,0.982352941176,0.461764705882,0.818014705882,4.61544117647,0.0397058823529,0.00661764705882,0.0397058823529,0.000529411764706,Class 4
0.690938581315,1.00588235294,3.75176734173,1.0,0.899411764706,1.0,2.98646669593,0.251113115989,0.284488233102,0.137863321799,0.152085171617,0.212153650814,1.0,1.0,0.916176470588,0.357352941176,0.825,2.81764705882,12.1639705882,62.2816176471,0.335294117647,0.0176470588235,0.569117647059,0.00447058823529,Class 4
0.810817474048,0.569117647059,1.81673340323,0.591911764706,0.943088235294,1.0,1.83110743254,0.171774162566,0.190802455834,0.157881704152,0.102397203901,0.267234557426,1.0,1.0,0.952573529412,0.209558823529,0.898529411765,1.77647058824,7.23713235294,37.5139705882,0.189705882353,0.00220588235294,0.344117647059,0.00252941176471,Class 4
0.634952422145,0.9,8.16976204751,1.24264705882,0.91,1.0,4.53991429923,0.290301535755,0.319933218771,0.1425,0.141181741505,0.362355032785,1.0,1.0,0.925,0.494117647059,0.785294117647,4.29117647059,20.5485294118,108.918382353,0.3,-0.0220588235294,1.03235294118,0.004,Class 4
0.796267301038,0.847058823529,0.526268928628,0.536764705882,0.915294117647,1.0,1.32900850756,0.170725325153,0.199057560039,0.144870242215,0.135483564135,0.0560254337506,1.0,1.0,0.929411764706,0.189705882353,0.889705882353,1.3,4.05073529412,18.5345588235,0.282352941176,0.0,0.145588235294,0.00376470588235,Class 4
0.730393598616,0.754411764706,3.82697940922,0.878676470588,0.924558823529,1.0,2.89278147799,0.228282853147,0.253510647201,0.149101427336,0.125081089409,0.297008902415,1.0,1.0,0.937132352941,0.324264705882,0.85,2.73823529412,12.2136029412,63.8830882353,0.251470588235,0.00220588235294,0.595588235294,0.00335294117647,Class 4
0.749269031142,0.714705882353,3.26309161169,0.823529411765,0.928529411765,1.0,2.62405536842,0.215421169074,0.239231788007,0.150947231834,0.120443036794,0.294121110684,1.0,1.0,0.940441176471,0.295588235294,0.861764705882,2.49117647059,10.9198529412,56.9830882353,0.238235294118,0.00882352941176,0.529411764706,0.00317647058824,Class 4
0.939545847751,0.225,-0.0535577180897,0.183823529412,0.9775,1.0,0.426528841039,0.0663745599912,0.0737303620256,0.1753125,0.0507719994771,0.160816128341,1.0,1.0,0.98125,0.0551470588235,0.969117647059,0.576470588235,1.24816176471,6.41985294118,0.075,-0.00661764705882,0.0529411764706,0.001,Class 4
0.789186851211,0.45,3.54435991822,0.746323529412,0.955,1.0,2.61179615487,0.188833488174,0.203847397534,0.16375,0.0862140747588,0.450050422388,1.0,1.0,0.9625,0.269117647059,0.885294117647,2.49117647059,11.4360294118,61.2183823529,0.15,0.00441176470588,0.582352941176,0.002,Class 4
0.747954152249,0.569117647059,4.49208203758,0.878676470588,0.943088235294,1.0,3.08731999542,0.217424355181,0.236452648449,0.157881704152,0.102397203901,0.41221075544,1.0,1.0,0.952573529412,0.324264705882,0.860294117647,2.92352941176,13.6033088235,72.4992647059,0.189705882353,0.00220588235294,0.688235294118,0.00252941176471,Class 4
0.945246539792,0.225,-0.20027848708,0.150735294118,0.9775,1.0,0.323400216846,0.059460594508,0.0665097189557,0.1753125,0.0507719994771,0.0844634557307,1.0,1.0,0.98125,0.0463235294118,0.972058823529,0.488235294118,0.758455882353,3.72867647059,0.075,-0.0110294117647,0.0264705882353,0.001,Class 4
0.816444636678,0.423529411765,2.62242904387,0.658088235294,0.957647058824,1.0,2.15271222286,0.169390601326,0.183195332662,0.165077854671,0.0824127316616,0.433713346134,1.0,1.0,0.964705882353,0.225,0.901470588235,2.07647058824,9.18602941176,48.9933823529,0.141176470588,0.0132352941176,0.463235294118,0.00188235294118,Class 4
0.988287197232,0.0529411764706,-0.335960568227,0.0845588235294,0.994705882353,1.0,0.0526336767052,0.0156674326741,0.0174381973545,0.184576124567,0.0156674326741,0.00043205685801,1.0,1.0,0.995588235294,0.00882352941176,0.994117647059,0.285294117647,-0.0323529411765,0.291911764706,0.0176470588235,0.0,0.0,0.000235294117647,Class 4
0.818499134948,0.635294117647,1.10856616762,0.536764705882,0.936470588235,1.0,1.49397043248,0.163053229814,0.184275787092,0.154697231834,0.110813658488,0.172290413787,1.0,1.0,0.947058823529,0.185294117647,0.902941176471,1.46764705882,5.39411764706,27.0360294118,0.211764705882,0.00441176470588,0.238235294118,0.00282352941176,Class 4
0.988287197232,0.0529411764706,-0.335960568227,0.0845588235294,0.994705882353,1.0,0.0526336767052,0.0156674326741,0.0174381973545,0.184576124567,0.0156674326741,0.00043205685801,1.0,1.0,0.995588235294,0.00882352941176,0.994117647059,0.285294117647,-0.0323529411765,0.291911764706,0.0176470588235,0.0,0.0,0.000235294117647,Class 4
0.676764705882,0.820588235294,6.15794709323,1.09926470588,0.917941176471,1.0,3.8360024898,0.263938011613,0.291364258379,0.1460683391,0.132568968068,0.343373872577,1.0,1.0,0.931617647059,0.419117647059,0.814705882353,3.62058823529,16.9816176471,89.7360294118,0.273529411765,-0.00441176470588,0.847058823529,0.00364705882353,Class 4
0.925583910035,0.304411764706,-0.12873268568,0.227941176471,0.969558823529,1.0,0.449520552411,0.0764222194759,0.0865902279157,0.171160250865,0.064185106781,0.0686337859338,1.0,1.0,0.974632352941,0.0639705882353,0.961764705882,0.585294117647,1.14227941176,5.41838235294,0.101470588235,0.00220588235294,0.0397058823529,0.00135294117647,Class 4
0.878992214533,0.463235294118,0.25601399264,0.338235294118,0.953676470588,1.0,0.848109951242,0.115591383521,0.131076449399,0.163089316609,0.0880847987474,0.114283870333,1.0,1.0,0.961397058824,0.1125,0.936764705882,0.911764705882,2.64448529412,12.8345588235,0.154411764706,-0.00220588235294,0.105882352941,0.00205882352941,Class 4
0.903386678201,0.344117647059,0.251441624766,0.316176470588,0.965588235294,1.0,0.740922676556,0.0980615104004,0.109374184848,0.169113321799,0.070483685572,0.183978600177,1.0,1.0,0.971323529412,0.0926470588235,0.95,0.832352941176,2.43602941176,12.3183823529,0.114705882353,0.00882352941176,0.105882352941,0.00152941176471,Class 4
0.865549307958,0.383823529412,1.15171193155,0.470588235294,0.961617647059,1.0,1.32929366542,0.131392657071,0.143685770763,0.167085856401,0.0765519046225,0.33887237641,1.0,1.0,0.968014705882,0.147794117647,0.929411764706,1.34411764706,5.19889705882,27.2919117647,0.127941176471,0.0154411764706,0.251470588235,0.00170588235294,Class 4
0.406492214533,1.31029411765,37.9369127986,2.88602941176,0.868970588235,1.0,10.4933706618,0.421499711149,0.465322911335,0.125303849481,0.1802232992,0.381562132889,1.0,1.0,0.890808823529,1.12720588235,0.551470588235,10.2117647059,52.6077205882,282.931617647,0.436764705882,0.00220588235294,2.72647058824,0.00582352941176,Class 4
0.826167820069,0.555882352941,1.35904306552,0.547794117647,0.944411764706,1.0,1.57480943566,0.159642704479,0.178113897935,0.158525086505,0.100667643264,0.238335208062,1.0,1.0,0.953676470588,0.185294117647,0.907352941176,1.54705882353,5.98970588235,30.7286764706,0.185294117647,0.00882352941176,0.277941176471,0.00247058823529,Class 4
0.828732698962,0.555882352941,1.27037180454,0.514705882353,0.944411764706,1.0,1.52556940032,0.157467813126,0.176060842269,0.158525086505,0.100667643264,0.220203119985,1.0,1.0,0.953676470588,0.180882352941,0.908823529412,1.50294117647,5.74485294118,29.3830882353,0.185294117647,0.0,0.264705882353,0.00247058823529,Class 4
0.472115051903,1.04558823529,26.7771492907,2.36764705882,0.895441176471,1.0,8.72707326846,0.384046601066,0.41901516119,0.136160250865,0.15601465111,0.435091278942,1.0,1.0,0.912867647059,0.919852941176,0.635294117647,8.40294117647,43.0849264706,231.997794118,0.348529411765,0.00220588235294,2.23676470588,0.00464705882353,Class 4
0.758914359862,0.675,3.13806523329,0.779411764706,0.9325,1.0,2.5454472268,0.209067316348,0.231638304167,0.1528125,0.115689302462,0.300918561079,1.0,1.0,0.94375,0.284558823529,0.867647058824,2.42058823529,10.6055147059,55.4654411765,0.225,0.00220588235294,0.516176470588,0.003,Class 4
0.833979238754,0.476470588235,1.60951516633,0.503676470588,0.952352941176,1.0,1.65602963258,0.155398901945,0.171193564286,0.162430795848,0.0899362824013,0.309561715008,1.0,1.0,0.960294117647,0.185294117647,0.911764705882,1.62647058824,6.58529411765,34.4213235294,0.158823529412,-0.00882352941176,0.317647058824,0.00211764705882,Class 4
0.778282871972,0.780882352941,1.59281366401,0.625,0.921911764706,1.0,1.85808756668,0.19093932897,0.217009375,0.147881704152,0.12811162977,0.165295873074,1.0,1.0,0.934926470588,0.231617647059,0.879411764706,1.78529411765,6.87316176471,34.3948529412,0.260294117647,-0.00661764705882,0.304411764706,0.00347058823529,Class 4
0.611890138408,0.727941176471,12.1697917108,1.51838235294,0.927205882353,1.0,5.67059925942,0.302705143567,0.327047351526,0.150329801038,0.122001620409,0.474072975354,1.0,1.0,0.939338235294,0.584558823529,0.764705882353,5.36764705882,26.8584558824,144.503676471,0.242647058824,-0.00220588235294,1.38970588235,0.00323529411765,Class 4
0.895315743945,0.225,1.20775921365,0.382352941176,0.9775,1.0,1.2411495595,0.108070843343,0.115577798023,0.1753125,0.0507719994771,0.476536589305,1.0,1.0,0.98125,0.125735294118,0.945588235294,1.28235294118,5.16580882353,27.9492647059,0.075,0.00220588235294,0.264705882353,0.001,Class 4
0.968023356401,0.132352941176,-0.269019611882,0.139705882353,0.986764705882,1.0,0.182712134648,0.0380823350788,0.0423806476264,0.180255190311,0.0332881512216,0.0739262402229,1.0,1.0,0.988970588235,0.0264705882353,0.983823529412,0.382352941176,0.351470588235,1.98161764706,0.0441176470588,0.00441176470588,0.0132352941176,0.000588235294118,Class 4
0.956535467128,0.119117647059,0.0940072348986,0.172794117647,0.988088235294,1.0,0.429796254496,0.0524596712153,0.0564083368006,0.180969939446,0.0305692162087,0.385181310465,1.0,1.0,0.990073529412,0.0463235294118,0.977941176471,0.594117647059,1.55257352941,8.65220588235,0.0397058823529,-0.00220588235294,0.0794117647059,0.000529411764706,Class 4
0.953715397924,0.185294117647,-0.199090588608,0.161764705882,0.981470588235,1.0,0.285607316528,0.052262652131,0.0584603285123,0.177417820069,0.0435682816372,0.0876078695238,1.0,1.0,0.984558823529,0.0397058823529,0.976470588235,0.461764705882,0.688970588235,3.55661764706,0.0617647058824,0.0,0.0264705882353,0.000823529411765,Class 4
0.953680795848,0.132352941176,0.0941936027849,0.183823529412,0.986764705882,1.0,0.442334018268,0.0551728653494,0.0595997770503,0.180255190311,0.0332881512216,0.341786408258,1.0,1.0,0.988970588235,0.0485294117647,0.976470588235,0.602941176471,1.57573529412,8.70955882353,0.0441176470588,0.0,0.0794117647059,0.000588235294118,Class 4
0.636526816609,0.622058823529,11.3050351664,1.44117647059,0.937794117647,1.0,5.42156101028,0.286611785565,0.307411475703,0.155329801038,0.109160165995,0.514259168752,1.0,1.0,0.948161764706,0.549264705882,0.782352941176,5.12058823529,25.69375,138.6625,0.207352941176,0.00220588235294,1.33676470588,0.00276470588235,Class 4
0.976660899654,0.0794117647059,-0.195971549654,0.128676470588,0.992058823529,1.0,0.183529091085,0.0306513847859,0.0330905135296,0.18312716263,0.0219417395193,0.288410919507,1.0,1.0,0.993382352941,0.0220588235294,0.988235294118,0.391176470588,0.503676470588,3.09779411765,0.0264705882353,0.00441176470588,0.0264705882353,0.000352941176471,Class 4
0.953719723183,0.105882352941,0.24258871527,0.216911764706,0.989411764706,1.0,0.520739515706,0.0554956119824,0.0583687772799,0.181686851211,0.0277782194884,0.555382467951,1.0,1.0,0.991176470588,0.0529411764706,0.976470588235,0.673529411765,2.01911764706,11.2860294118,0.0352941176471,0.00882352941176,0.105882352941,0.000470588235294,Class 4
0.988287197232,0.0529411764706,-0.335960568227,0.0845588235294,0.994705882353,1.0,0.0526336767052,0.0156674326741,0.0174381973545,0.184576124567,0.0156674326741,0.00043205685801,1.0,1.0,0.995588235294,0.00882352941176,0.994117647059,0.285294117647,-0.0323529411765,0.291911764706,0.0176470588235,0.0,0.0,0.000235294117647,Class 4
0.881691176471,0.291176470588,1.21998942842,0.426470588235,0.970882352941,1.0,1.2989898928,0.119230248125,0.128735914026,0.171846885813,0.0620295936238,0.41984018296,1.0,1.0,0.975735294118,0.136764705882,0.938235294118,1.32647058824,5.28161764706,28.2360294118,0.0970588235294,0.00882352941176,0.264705882353,0.00129411764706,Class 4
