0.706197333333,244.874666667,21984.9429915,370.794494141,0.868173789564,1.0,1274.52883216,0.425042739103,0.457183992715,0.0111564149306,0.361766779093,0.454589806873,1.0,1.0,0.876188460845,6.8,0.84,1285.0603099,131197.629813,14062933.9703,4.544,-0.216,260.258666667,1.46027969227e-05,Class 1
0.428892444444,376.298666667,85994.7547538,846.389160807,0.741279629777,1.0,3038.00892726,0.806133740928,0.915163682802,0.00762330381944,0.612653896944,0.39199323091,1.0,1.0,0.760607031042,15.6453333333,0.653333333333,3085.8533099,322447.228308,34859424.0115,7.312,-0.357333333333,677.877333333,2.24401041007e-05,Class 1
0.832192,174.058666667,4639.1583874,150.442910807,0.91956244246,1.0,425.575929394,0.219459418877,0.242915098923,0.0127670815972,0.212037935743,0.255757744068,1.0,1.0,0.922477460976,2.90133333333,0.912,427.712976563,35220.1036361,3167326.19088,3.38133333333,0.0,63.504,1.03797726264e-05,Class 1
0.827228444444,133.234666667,9639.83877969,188.366577474,0.920057322234,1.0,645.534061649,0.241509325624,0.260674342485,0.0126901927083,0.224555785491,0.500508017306,1.0,1.0,0.924942924096,3.604,0.909333333333,648.507809896,63957.0133367,6676048.54594,2.62133333333,-0.137333333333,128.930666667,7.94528403808e-06,Class 1
0.706197333333,244.874666667,21984.9429915,370.794494141,0.868173789564,1.0,1274.52883216,0.425042739103,0.457183992715,0.0111564149306,0.361766779093,0.454589806873,1.0,1.0,0.876188460845,6.8,0.84,1285.0603099,131197.629813,14062933.9703,4.544,-0.216,260.258666667,1.46027969227e-05,Class 1
0.832192,174.058666667,4639.1583874,150.442910807,0.91956244246,1.0,425.575929394,0.219459418877,0.242915098923,0.0127670815972,0.212037935743,0.255757744068,1.0,1.0,0.922477460976,2.90133333333,0.912,427.712976563,35220.1036361,3167326.19088,3.38133333333,0.0,63.504,1.03797726264e-05,Class 1
0.543296,230.389333333,66549.6862726,726.856410807,0.82320700345,1.0,2632.78143431,0.64404313042,0.711484500667,0.00950619270833,0.465323975294,0.514515041015,1.0,1.0,0.835936478081,12.8133333333,0.736,2663.7753099,289120.094714,32194380.697,4.448,0.0666666666667,608.746666667,1.37389820418e-05,Class 1
0.590940444444,267.058666667,42948.5520895,548.641494141,0.816058660139,1.0,1980.59631363,0.575394067284,0.638233617249,0.00948797048611,0.481378908396,0.468427833609,1.0,1.0,0.828642509978,10.2973333333,0.768,2002.67914323,207219.103222,22278961.1685,5.20266666667,-0.353333333333,434.226666667,1.59257122383e-05,Class 1
0.428892444444,376.298666667,85994.7547538,846.389160807,0.741279629777,1.0,3038.00892726,0.806133740928,0.915163682802,0.00762330381944,0.612653896944,0.39199323091,1.0,1.0,0.760607031042,15.6453333333,0.653333333333,3085.8533099,322447.228308,34859424.0115,7.312,-0.357333333333,677.877333333,2.24401041007e-05,Class 1
0.624035555556,199.536,44341.4733117,537.095994141,0.841640680224,1.0,2020.86861397,0.513195373782,0.581403060791,0.0100904149306,0.405855294245,0.508177438292,1.0,1.0,0.853959081294,9.95466666667,0.789333333333,2039.79664323,219609.420131,24299588.5961,3.92533333333,-0.389333333333,460.376,1.18990817892e-05,Class 1
0.426375111111,324.48,90344.710949,823.355244141,0.741313572186,1.0,3088.79313302,0.765246180122,0.886077557917,0.00723019270833,0.573736864572,0.490455886852,1.0,1.0,0.757917378458,15.7493333333,0.650666666667,3134.4483099,331350.911917,36205615.8863,6.68266666667,-0.741333333333,702.984,1.93499622071e-05,Class 1
0.29408,441.714666667,147274.668425,1071.70116081,0.65475581592,1.0,3885.91930278,0.961329079023,1.15612856668,0.00547708159722,0.74557244449,0.337608797131,1.0,1.0,0.677310207305,20.4146666667,0.538666666667,3960.94514323,407209.29117,43259835.505,9.12266666667,-0.518666666667,880.445333333,2.63411060969e-05,Class 1
0.724373333333,153.592,23372.8419556,349.142244141,0.891216777278,1.0,1251.64260347,0.371328283343,0.411817670194,0.011600859375,0.295865713916,0.547425326506,1.0,1.0,0.897910728181,6.54,0.850666666667,1260.40214323,129155.96704,13708600.92,3.09066666667,-0.076,276.906666667,9.15926835341e-06,Class 1
0.568341333333,524.581333333,13766.4251858,412.942244141,0.771734499573,1.0,1116.09762222,0.531922505941,0.601522954419,0.00886974826389,0.499194781929,0.134503861174,1.0,1.0,0.77975513823,7.92533333333,0.752,1131.68764323,90937.1645736,8075171.76285,10.1333333333,-0.0106666666667,152.024,3.12827569482e-05,Class 1
0.603697777778,325.184,31444.4889406,472.217327474,0.818537760184,1.0,1641.40466737,0.547410058499,0.599536972038,0.00973930381944,0.463126430204,0.407713774408,1.0,1.0,0.828403565325,9.10666666667,0.776,1659.90797656,164647.471662,17237401.2631,6.28266666667,-0.437333333333,333.965333333,1.93919443736e-05,Class 1
0.775004444444,200.941333333,11077.7574325,223.353244141,0.904873257783,1.0,766.085119243,0.309641514076,0.334050127458,0.0122459704861,0.253845940051,0.435613947841,1.0,1.0,0.908412206157,4.51066666667,0.88,771.013143229,73113.1284825,7427486.02819,3.85866666667,-0.361333333333,142.658666667,1.19828870989e-05,Class 1
0.428892444444,376.298666667,85994.7547538,846.389160807,0.741279629777,1.0,3038.00892726,0.806133740928,0.915163682802,0.00762330381944,0.612653896944,0.39199323091,1.0,1.0,0.760607031042,15.6453333333,0.653333333333,3085.8533099,322447.228308,34859424.0115,7.312,-0.357333333333,677.877333333,2.24401041007e-05,Class 1
0.724373333333,153.592,23372.8419556,349.142244141,0.891216777278,1.0,1251.64260347,0.371328283343,0.411817670194,0.011600859375,0.295865713916,0.547425326506,1.0,1.0,0.897910728181,6.54,0.850666666667,1260.40214323,129155.96704,13708600.92,3.09066666667,-0.076,276.906666667,9.15926835341e-06,Class 1
0.603569777778,308.834666667,32514.0560606,490.916910807,0.823307709496,1.0,1662.52170348,0.526997281982,0.597032871697,0.00993730381944,0.441647283218,0.394151305986,1.0,1.0,0.833852688916,9.19866666667,0.776,1680.4858099,165692.301951,17125120.1521,6.008,-0.132,343.2,1.84169721654e-05,Class 1
0.706368,220.565333333,18805.457289,326.076494141,0.866966249467,1.0,1104.57345576,0.399668205943,0.444127589291,0.0111626371528,0.346677633252,0.397424216285,1.0,1.0,0.874982322915,6.32,0.84,1113.7283099,106311.983001,10665373.2642,4.4,-0.141333333333,223.488,1.31531399907e-05,Class 1
0.599132444444,254.138666667,41440.8490918,526.718410807,0.822258905922,1.0,1925.43877972,0.553158282647,0.622399069664,0.00950663715278,0.455798693315,0.459008282562,1.0,1.0,0.833948944058,10.048,0.773333333333,1946.1103099,199830.805344,21239360.6292,4.93866666667,-0.432,423.306666667,1.51552440686e-05,Class 1
0.827626666667,193.210666667,3526.29705815,139.810994141,0.918317488195,1.0,384.476616262,0.217507092643,0.238984489093,0.0128495260417,0.201676052808,0.204981422886,1.0,1.0,0.920794911066,2.81066666667,0.909333333333,386.524309896,29796.1202716,2540083.39016,3.74933333333,-0.0826666666667,48.416,1.15218783839e-05,Class 1
0.775061333333,208.56,8667.63006728,205.110494141,0.895645163531,1.0,653.085925874,0.295539024202,0.327628154217,0.0120257482639,0.270464107798,0.269296820154,1.0,1.0,0.900309553872,4.19466666667,0.88,657.433976562,56975.0023809,5307206.18086,4.09066666667,-0.213333333333,112.349333333,1.24372168328e-05,Class 1
0.555128888889,193.733333333,67359.9928556,691.544244141,0.8606363786,1.0,2651.11558837,0.614486957557,0.683435120959,0.0102715260417,0.378679198205,0.580441957254,1.0,1.0,0.867514889077,12.6666666667,0.744,2680.28964323,295061.150022,33204986.5283,3.712,-0.464,622.034666667,1.15530469621e-05,Class 1
0.426531555556,160.653333333,137656.187822,1019.38232747,0.827560076874,1.0,4004.28546425,0.781643511583,0.881904082205,0.00894063715278,0.430813811868,0.586208903639,1.0,1.0,0.837368050905,18.4253333333,0.650666666667,4058.98047656,458145.301347,52405201.1404,3.22933333333,-0.614666666667,975.157333333,9.58036220551e-06,Class 1
0.632597333333,322.986666667,24993.3461845,424.188410807,0.815225102369,1.0,1416.50412029,0.501422362851,0.561395673407,0.00979774826389,0.464412299886,0.354141342376,1.0,1.0,0.826402800135,8.08,0.794666666667,1431.44964323,138839.418313,14273549.782,6.29866666667,-0.277333333333,277.368,1.92609091266e-05,Class 1
0.523683555556,184.770666667,79432.7054571,760.789494141,0.804674434291,1.0,2902.09801619,0.640964253766,0.750767287422,0.00880441493056,0.47664688342,0.516828735767,1.0,1.0,0.822215229716,13.9293333333,0.722666666667,2935.6598099,318471.471003,35129294.1736,3.62933333333,-0.358666666667,688.157333333,1.10185694557e-05,Class 1
0.50144,185.736,88120.3611567,810.729994141,0.839428916007,1.0,3076.91141091,0.686056090777,0.770572640209,0.00962974826389,0.421135702166,0.581689195387,1.0,1.0,0.849286216912,14.7293333333,0.706666666667,3115.02114323,339849.963191,37760373.4883,3.61333333333,-0.278666666667,732.781333333,1.10761359113e-05,Class 1
0.543182222222,189.048,69595.5507447,708.562577474,0.850361129905,1.0,2666.30814253,0.636720347441,0.710060076891,0.0100546371528,0.414299023338,0.554944713762,1.0,1.0,0.85904490929,12.9533333333,0.736,2697.27514323,291120.561285,32077243.3197,3.688,-0.228,627.461333333,1.1273642922e-05,Class 1
0.376540444444,317.744,120812.127735,964.662910807,0.731112185457,1.0,3605.44603804,0.83852597074,0.979662998082,0.00690308159722,0.586371334873,0.478795507162,1.0,1.0,0.748227860772,18.0693333333,0.610666666667,3663.09164323,391218.650011,42975677.7102,6.592,-0.533333333333,836.901333333,1.89482692047e-05,Class 1
0.600256,118.610666667,67713.0428774,688.095577474,0.897767077003,1.0,2699.5686552,0.516179812915,0.565668133136,0.0111293038194,0.286498891393,0.645921183567,1.0,1.0,0.902006864502,12.1826666667,0.773333333333,2722.93414323,311443.370936,36099509.245,2.17866666667,-0.385333333333,651.461333333,7.07319994255e-06,Class 1
0.742890666667,275.957333333,8706.32092644,235.118660807,0.8685782746,1.0,714.490516487,0.331320788153,0.36418178197,0.0113775260417,0.324292831495,0.294667244752,1.0,1.0,0.873937748637,4.67466666667,0.861333333333,719.992643229,63129.8066934,6109155.33832,5.408,-0.272,111.154666667,1.64563731841e-05,Class 1
0.385884444444,359.725333333,104271.711691,900.263077474,0.730250683064,1.0,3319.30982277,0.836100006558,0.964619638046,0.00729752604167,0.591722288072,0.435316162227,1.0,1.0,0.750459390193,17.1,0.618666666667,3373.66347656,353262.554915,38254806.0169,7.32,-0.593333333333,754.018666667,2.14517739304e-05,Class 1
0.667299555556,139.285333333,42430.8473682,512.663744141,0.90304240121,1.0,1957.52049386,0.438709864134,0.476107700709,0.0115755260417,0.272061009622,0.587416984748,1.0,1.0,0.906496391097,9.224,0.816,1972.36264323,218878.669016,24774691.466,2.64,-0.248,458.557333333,8.30610803749e-06,Class 1
0.711018666667,346.525333333,10563.5869032,296.058494141,0.855561956199,1.0,861.810023385,0.386442159641,0.421250049646,0.0110181927083,0.365364480166,0.28194796645,1.0,1.0,0.861205874705,5.53466666667,0.842666666667,869.525143229,76074.1909825,7254644.4219,6.35466666667,-0.145333333333,130.922666667,2.06646083081e-05,Class 1
0.653959111111,303.536,21432.4442427,372.417077474,0.835160681486,1.0,1265.93704985,0.462692610362,0.517830907505,0.010334859375,0.410106212198,0.329506309711,1.0,1.0,0.844595052856,7.4,0.808,1278.49464323,120743.409829,12085023.1595,5.904,-0.429333333333,243.970666667,1.8100992753e-05,Class 1
0.551530666667,155.397333333,84183.0463683,801.947327474,0.858672401128,1.0,3140.01454959,0.575146799424,0.665919309195,0.0101477482639,0.37545627579,0.553072938314,1.0,1.0,0.868435540579,14.04,0.741333333333,3170.22997656,366321.860735,42877283.3644,2.864,-0.485333333333,754.146666667,9.26692716681e-06,Class 1
0.662663111111,384.92,13365.7458946,341.671994141,0.827655955985,1.0,1008.6618377,0.445935271947,0.495457182283,0.0101977482639,0.425899640284,0.252312861327,1.0,1.0,0.83516184608,6.48133333333,0.813333333333,1019.2148099,90256.5093627,8749744.08279,7.272,-0.158666666667,158.776,2.29542266172e-05,Class 1
0.426375111111,324.48,90344.710949,823.355244141,0.741313572186,1.0,3088.79313302,0.765246180122,0.886077557917,0.00723019270833,0.573736864572,0.490455886852,1.0,1.0,0.757917378458,15.7493333333,0.650666666667,3134.4483099,331350.911917,36205615.8863,6.68266666667,-0.741333333333,702.984,1.93499622071e-05,Class 1
0.671438222222,341.629333333,15990.6692664,343.079660807,0.838840135138,1.0,1085.36242737,0.439813748219,0.484094264741,0.0105344149306,0.406330105577,0.33239859361,1.0,1.0,0.846502112953,6.628,0.818666666667,1096.0018099,100906.659055,10027669.5215,6.49333333333,-0.294666666667,188.8,2.03726414227e-05,Class 1
0.358293333333,329.008,128461.157662,982.056910807,0.726155684765,1.0,3697.79470892,0.856200517678,0.998076384955,0.00668997048611,0.577524486312,0.474181411524,1.0,1.0,0.741520771825,18.6746666667,0.594666666667,3758.6853099,398834.175225,43563799.2787,6.816,-0.690666666667,858.002666667,1.96199838691e-05,Class 1
0.376583111111,358.069333333,106939.817925,894.401077474,0.7345462108,1.0,3340.38361745,0.84158102943,0.956625456899,0.007004859375,0.572049670259,0.464612283241,1.0,1.0,0.749853387969,17.3306666667,0.610666666667,3395.85064323,353272.61485,38012796.3174,7.29066666667,-0.802666666667,759.986666667,2.13530204251e-05,Class 1
0.47904,509.096,46535.3266819,678.447910807,0.733518962139,1.0,2186.34713893,0.712359542068,0.81668771388,0.007812859375,0.632836416974,0.319168657182,1.0,1.0,0.748736894244,12.3693333333,0.690666666667,2219.54014323,217551.192363,22583844.5462,9.68266666667,-0.0706666666667,427.997333333,3.0359308308e-05,Class 1
0.402979555556,336.741333333,93080.3750741,826.263244141,0.746022481014,1.0,3071.15112021,0.788191816168,0.914803113244,0.00747463715278,0.570307825731,0.425853620727,1.0,1.0,0.761584314972,16.1866666667,0.632,3119.5403099,318191.069647,33497600.8525,6.94933333333,-0.709333333333,696.205333333,2.00811516074e-05,Class 1
0.29408,441.714666667,147274.668425,1071.70116081,0.65475581592,1.0,3885.91930278,0.961329079023,1.15612856668,0.00547708159722,0.74557244449,0.337608797131,1.0,1.0,0.677310207305,20.4146666667,0.538666666667,3960.94514323,407209.29117,43259835.505,9.12266666667,-0.518666666667,880.445333333,2.63411060969e-05,Class 1
0.697393777778,307.173333333,20516.9930237,382.097910807,0.854867947593,1.0,1273.59492237,0.41803869086,0.463971277249,0.0108741927083,0.392944299554,0.396827752852,1.0,1.0,0.861846396898,6.85333333333,0.834666666667,1284.0243099,132277.977292,14492783.0876,5.60533333333,-0.250666666667,244.426666667,1.83179006134e-05,Class 1
0.891356444444,94.7653333333,6491.44527956,105.806827474,0.95348616903,1.0,459.903770272,0.154322258476,0.159744721824,0.0138419704861,0.137798823002,0.72335430236,1.0,1.0,0.95614041882,2.39333333333,0.944,461.059143229,48492.6364096,5384555.18768,1.73066666667,-0.556,91.648,5.6512130749e-06,Class 1
0.784632888889,241.578666667,6387.32021109,205.146994141,0.891939583955,1.0,575.300358756,0.277852000816,0.304238897794,0.0121001927083,0.268969595009,0.245554425144,1.0,1.0,0.896054563876,3.83733333333,0.885333333333,579.009309896,49275.3861205,4615296.47917,4.64533333333,-1.80411241502e-16,84.4773333333,1.44062440522e-05,Class 1
0.812849777778,185.549333333,6510.58656314,169.328910807,0.91734297534,1.0,531.536442936,0.253385951816,0.27676146519,0.0128395260417,0.217650819238,0.290287541063,1.0,1.0,0.920754835908,3.428,0.901333333333,534.519143229,46322.6928054,4341912.51728,3.576,-0.206666666667,87.3493333333,1.10650042762e-05,Class 1
0.765575111111,76.9626666667,25370.0206952,313.208744141,0.930141076222,1.0,1292.93622908,0.326335725871,0.353002392537,0.0124286371528,0.213748186234,0.727460545097,1.0,1.0,0.933532968594,6.23866666667,0.874666666667,1300.19447656,139293.539608,15163910.173,1.45866666667,-0.537333333333,306.002666667,4.58957313658e-06,Class 1
0.688675555556,241.645333333,20865.4899813,369.929994141,0.859718221327,1.0,1203.78227983,0.427628635201,0.468957198601,0.0108190815972,0.369790552656,0.414830152867,1.0,1.0,0.867724568362,6.81466666667,0.829333333333,1214.40514323,117298.010983,11919763.9993,4.70133333333,0.126666666667,243.402666667,1.44102196361e-05,Class 2
0.779854222222,225.842666667,7710.12036659,235.108410807,0.899331355326,1.0,624.530742569,0.287515768553,0.315249125343,0.0122450815972,0.256896593327,0.278096706488,1.0,1.0,0.903709227096,4.06,0.882666666667,628.610809896,53980.0280085,5010540.16958,4.30133333333,0.414666666667,100.818666667,1.34678472163e-05,Class 2
0.372302222222,460.658666667,104427.217086,1017.06557747,0.700652796332,1.0,3411.64904954,0.893528163356,1.02558556144,0.00663330381944,0.702542647037,0.38218335272,1.0,1.0,0.719459003864,17.532,0.608,3471.32147656,367473.076946,40466250.9373,8.98933333333,0.601333333333,753.213333333,2.74708080325e-05,Class 2
0.636906666667,222.96,32646.882788,484.177577474,0.853197736258,1.0,1615.45929529,0.493043220646,0.546609747111,0.0105510815972,0.385300561907,0.482369820261,1.0,1.0,0.860610273818,8.632,0.797333333333,1631.16197656,165066.740048,17381774.2658,4.56,0.370666666667,352.32,1.32959429663e-05,Class 2
0.698005333333,199.445333333,32265.8805876,491.433827474,0.880959382108,1.0,1671.44652828,0.40850663386,0.439728544252,0.0115130815972,0.329523415104,0.528193198952,1.0,1.0,0.888272878615,7.94133333333,0.834666666667,1683.2643099,189746.494167,22139173.9674,3.76,0.370666666667,371.202666667,1.1893674995e-05,Class 2
0.645838222222,174.656,33542.6105129,462.189494141,0.868874086598,1.0,1597.7730063,0.447550104634,0.507460640374,0.0109081927083,0.33812531667,0.461290823592,1.0,1.0,0.877929844581,8.58933333333,0.802666666667,1611.87664323,158634.846964,16041739.0748,3.536,0.288,359.573333333,1.04153938586e-05,Class 2
0.560760888889,339.133333333,33988.9250718,536.278994141,0.802249725189,1.0,1693.05225421,0.548895841476,0.62507376726,0.00916552604167,0.451017757354,0.344194494593,1.0,1.0,0.811664733379,9.84933333333,0.746666666667,1713.1458099,161715.241597,16056440.4904,6.792,0.430666666667,343.810666667,2.02237955596e-05,Class 2
0.710677333333,201.061333333,27257.5853789,423.589244141,0.869830059976,1.0,1464.36270481,0.41535389315,0.449361876278,0.0111613038194,0.356722653071,0.525838613277,1.0,1.0,0.879360191403,7.272,0.842666666667,1475.36397656,159228.634079,17825027.7263,3.78133333333,0.0773333333333,318.802666667,1.199004315e-05,Class 2
0.405482666667,502.546666667,80882.940573,921.303577474,0.725366002425,1.0,3014.01388269,0.837634239157,0.944927492913,0.00709063715278,0.64483860211,0.369002688795,1.0,1.0,0.73871463211,15.796,0.634666666667,3064.2638099,321857.504774,35461765.1467,9.496,0.524,640.922666667,2.99687469407e-05,Class 2
0.284579555556,720.016,98235.1629877,1016.40741081,0.630426582954,1.0,3253.86833128,0.987098649071,1.12814199408,0.00540374826389,0.795306679028,0.250913943171,1.0,1.0,0.645928014949,18.6666666667,0.528,3324.26497656,323903.590178,33447208.6059,13.9466666667,0.048,651.645333333,4.29372608127e-05,Class 2
0.527566222222,195.946666667,73116.1217537,765.804744141,0.81704435813,1.0,2748.07253934,0.63539526937,0.739695673005,0.009106859375,0.462810640449,0.512908882244,1.0,1.0,0.830621757608,13.384,0.725333333333,2780.0133099,299626.831391,32945162.919,3.952,0.381333333333,646.434666667,1.16850363493e-05,Class 2
0.921820444444,107.693333333,-0.0165364319745,57.013827474,0.960015036708,1.0,107.297230065,0.0978974871237,0.109135940295,0.0141626371528,0.0978974871237,0.00348398406636,1.0,1.0,0.96075984135,1.036,0.96,107.564809896,5607.94978979,293541.813097,2.072,0.0653333333333,0.0,6.42215831471e-06,Class 2
0.543139555556,170.624,65171.194625,702.987327474,0.822768925526,1.0,2493.04878559,0.629052817251,0.709454093474,0.00924152604167,0.444151419574,0.528039277976,1.0,1.0,0.836622582303,12.5173333333,0.736,2522.58564323,263623.34898,28122367.7749,3.56266666667,0.525333333333,588.381333333,1.01749505413e-05,Class 2
0.521521777778,184.674666667,81834.315052,821.970077474,0.845985990904,1.0,2982.96732432,0.642812897476,0.707436807579,0.00987974826389,0.410372733919,0.575067474145,1.0,1.0,0.854176410251,14.108,0.72,3017.0668099,334858.995384,38028840.3173,3.64,0.34,708.538666667,1.10128446148e-05,Class 2
0.757198222222,246.152,7899.69291085,235.178160807,0.884245828672,1.0,648.456624028,0.296075968151,0.326401474218,0.011752859375,0.27584569305,0.271630663939,1.0,1.0,0.888432195398,4.34266666667,0.869333333333,652.970143229,55261.6999981,5117547.50845,4.856,0.204,101.84,1.46789691112e-05,Class 2
0.500970666667,200.522666667,87479.0686945,851.265744141,0.799415420561,1.0,3104.31719414,0.683155119626,0.79245641706,0.00857352604167,0.501706551456,0.513073351909,1.0,1.0,0.814614473291,14.72,0.706666666667,3142.23564323,347475.937219,39162247.9354,4.064,0.250666666667,735.888,1.19579204317e-05,Class 2
0.637148444444,96.6613333333,50273.2743368,577.908910807,0.89187543372,1.0,2124.02677457,0.499711373461,0.536684163636,0.0112761927083,0.305220582623,0.678158465648,1.0,1.0,0.898860344328,10.16,0.797333333333,2142.8163099,232835.867501,25749617.7319,2.064,0.272,511.856,5.76427868247e-06,Class 2
0.765703111111,235.957333333,8856.49662289,246.955994141,0.892617817905,1.0,688.213922752,0.311852695964,0.342763449259,0.0119499704861,0.281601078575,0.300686661044,1.0,1.0,0.896376149908,4.37866666667,0.874666666667,693.032309896,61425.2959591,5911290.01087,4.54933333333,0.28,114.405333333,1.40710228134e-05,Class 2
0.742663111111,154.946666667,18863.8292741,322.754410807,0.896173139085,1.0,1065.72067439,0.350045701982,0.379550564983,0.011882859375,0.281956804033,0.538672548138,1.0,1.0,0.902194884434,5.78533333333,0.861333333333,1072.97647656,106800.193285,11078010.1221,3.17066666667,0.289333333333,229.688,9.2400522193e-06,Class 2
0.478769777778,253.248,87809.9069671,893.714327474,0.782537177213,1.0,3120.57914289,0.716383014592,0.824728034356,0.00830952604167,0.531864920413,0.501541623879,1.0,1.0,0.798725678749,15.0266666667,0.690666666667,3161.24797656,348339.27835,39349003.6929,5.12,0.693333333333,727.469333333,1.5102130267e-05,Class 2
0.508949333333,150.12,89218.3678784,844.189160807,0.83566757945,1.0,3089.49569151,0.675724539726,0.757615349766,0.00945308159722,0.425582662987,0.612796850087,1.0,1.0,0.846891673156,14.6226666667,0.712,3126.7358099,344831.148233,38740231.9129,3.112,0.409333333333,744.610666667,8.95221994123e-06,Class 2
0.546865777778,165.664,70069.7720627,734.569744141,0.828086749172,1.0,2669.40161341,0.620878431679,0.717052668609,0.009472859375,0.435790406262,0.540497544595,1.0,1.0,0.840926701819,12.8666666667,0.738666666667,2699.3633099,293790.848693,32630922.7349,3.49333333333,0.312,633.826666667,9.87916709528e-06,Class 2
0.490346666667,228.184,81859.3181204,827.603994141,0.803812717948,1.0,2941.2476151,0.693787498689,0.784500002599,0.008810859375,0.468874979435,0.546984102708,1.0,1.0,0.81687548057,14.396,0.698666666667,2978.9188099,323115.818071,35981125.622,4.67466666667,0.417333333333,688.133333333,1.36074697247e-05,Class 2
0.696426666667,213.92,29453.8141385,484.289910807,0.910476637871,1.0,1567.02347343,0.365619721762,0.38652472491,0.0123219704861,0.246625805443,0.55345676338,1.0,1.0,0.912687373925,7.688,0.832,1577.1733099,174634.911016,20235802.4703,3.888,0.621333333333,341.053333333,1.27568537825e-05,Class 2
0.467875555556,307.490666667,82286.2063088,849.495827474,0.767840456283,1.0,3003.0113441,0.722115541417,0.838461611985,0.00816752604167,0.545676773218,0.432700917267,1.0,1.0,0.785750097836,14.852,0.682666666667,3043.5338099,329517.453743,36762000.7828,6.11466666667,0.18,684.474666667,1.8336824393e-05,Class 2
0.508736,171.757333333,81912.1094819,809.966244141,0.828705919842,1.0,2898.59806177,0.674586528142,0.75833508997,0.00931663715278,0.435319000676,0.588453643588,1.0,1.0,0.840635914586,14.1453333333,0.712,2934.5448099,314513.270269,34351597.3072,3.496,0.596,691.138666667,1.02425354684e-05,Class 2
0.711175111111,101.269333333,45438.6524058,598.417410807,0.947070635306,1.0,2146.02316353,0.307981552404,0.316695169044,0.0135317482639,0.157090054282,0.71596939742,1.0,1.0,0.949249854943,9.128,0.837333333333,2156.0333099,261699.866454,32207878.6148,1.84,0.562666666667,513.976,6.03907104518e-06,Class 2
0.623409777778,146.72,64216.6539392,763.974410807,0.891645697679,1.0,2728.82410301,0.448401651955,0.500074758259,0.0114673038194,0.302583069721,0.573689056678,1.0,1.0,0.898692106964,11.7786666667,0.786666666667,2748.27797656,330326.877318,40302774.6556,2.736,0.653333333333,650.757333333,8.74946515972e-06,Class 2
0.494001777778,194.184,98202.8124086,942.106660807,0.811650506301,1.0,3397.94996378,0.697423996823,0.788968502913,0.00903641493056,0.472777367291,0.551552041545,1.0,1.0,0.827336182943,15.5373333333,0.701333333333,3438.8668099,394023.373925,45987969.4609,3.89066666667,0.598666666667,811.656,1.15799219096e-05,Class 2
0.582848,136.381333333,63919.9055635,707.125410807,0.839959319944,1.0,2526.54052479,0.570820356914,0.649660513677,0.00984974826389,0.413913806772,0.612737402417,1.0,1.0,0.853707459608,11.988,0.762666666667,2552.08914323,280113.543462,31281315.1572,2.86666666667,0.646666666667,604.301333333,8.13293160058e-06,Class 2
0.539484444444,145.893333333,85314.7599053,855.159327474,0.844692572094,1.0,3113.05534971,0.609413888683,0.69906524951,0.00965241493056,0.411232790756,0.571616977451,1.0,1.0,0.855183295063,14.1573333333,0.733333333333,3145.42597656,358385.412089,41384189.2725,2.89066666667,0.549333333333,750.325333333,8.70016791873e-06,Class 2
0.595178666667,259.429333333,37612.2162207,522.990494141,0.824778118716,1.0,1782.1069735,0.547218410031,0.622407477141,0.00969508159722,0.443257767853,0.381220397965,1.0,1.0,0.835462156627,9.688,0.770666666667,1801.8033099,178767.776235,18432558.6735,5.19466666667,0.181333333333,385.896,1.54707464109e-05,Class 2
0.449998222222,372.624,81074.7699849,857.499910807,0.757831820636,1.0,2994.51860891,0.770432843896,0.873881217057,0.00791108159722,0.600990468491,0.415486328644,1.0,1.0,0.771397256847,15.0773333333,0.669333333333,3038.50564323,326456.85448,36387976.9471,7.30666666667,0.08,666.941333333,2.22209699133e-05,Class 2
0.702385777778,313.517333333,22233.3483783,443.271494141,0.869131781906,1.0,1367.06142598,0.396346892789,0.424719955628,0.0112326371528,0.343066337009,0.385962638471,1.0,1.0,0.875080075097,7.03066666667,0.837333333333,1377.1728099,148329.502248,16962318.6158,5.47466666667,0.332,266.133333333,1.86962171822e-05,Class 2
0.591168,193.429333333,47593.6336148,600.523327474,0.833228162649,1.0,2054.41419165,0.535456337545,0.620179664361,0.00978174826389,0.406416097349,0.516500684808,1.0,1.0,0.84627244302,10.5706666667,0.768,2075.44764323,213345.81824,22504528.1853,3.94133333333,0.594666666667,470.834666667,1.15349182993e-05,Class 2
0.724202666667,161.818666667,26072.5714304,399.841077474,0.886508107033,1.0,1378.66908742,0.394157243782,0.425873583511,0.0115881927083,0.315950073998,0.553118053097,1.0,1.0,0.894785060749,6.92,0.850666666667,1388.55997656,146729.878016,15988476.4355,3.09866666667,0.221333333333,306.901333333,9.64985541298e-06,Class 2
0.383424,102.909333333,185304.716773,1210.03357747,0.807551348921,1.0,4617.67934899,0.840613843182,0.965513772426,0.00845397048611,0.468318385004,0.61335907951,1.0,1.0,0.823517965773,20.9293333333,0.616,4684.73147656,533159.086519,61341763.6141,2.328,0.190666666667,1146.10933333,6.13687041037e-06,Class 2
0.401429333333,378.869333333,108130.060721,988.055327474,0.734487248384,1.0,3500.60547096,0.852144632813,0.982171623705,0.00725352604167,0.638097855941,0.417909109506,1.0,1.0,0.753472000373,17.3626666667,0.632,3556.89197656,384021.229037,42763764.2343,7.216,0.0746666666667,795.048,2.25934026178e-05,Class 2
0.765973333333,217.637333333,8909.6783566,234.034577474,0.895258176708,1.0,671.771371734,0.300300882989,0.326729252346,0.0119595260417,0.266051226029,0.343488155909,1.0,1.0,0.898496998177,4.328,0.874666666667,676.339976562,58969.0798289,5561190.26104,4.304,0.205333333333,114.810666667,1.29785323436e-05,Class 2
0.671082666667,285.512,20147.8851639,378.613160807,0.847324540437,1.0,1204.64666046,0.448701127508,0.501754691153,0.0105395260417,0.394659431637,0.3447409626,1.0,1.0,0.855165392496,7.03066666667,0.818666666667,1216.18614323,114646.482748,11443798.6459,5.49066666667,0.0653333333333,232.888,1.7026153876e-05,Class 2
0.728967111111,207.624,17582.9964372,333.993744141,0.885520772609,1.0,1055.56441724,0.36188608292,0.401769486355,0.0117306371528,0.3032735723,0.436451991771,1.0,1.0,0.891957143922,5.88666666667,0.853333333333,1063.2198099,104570.974045,10833184.5597,4.06666666667,0.294666666667,214.082666667,1.23813996341e-05,Class 2
0.577870222222,203.832,65233.4314804,768.993410807,0.863409079093,1.0,2702.23069502,0.548196211359,0.599944787572,0.0107635260417,0.358971050096,0.587799477036,1.0,1.0,0.872532765581,12.3133333333,0.757333333333,2727.39247656,317153.117535,37808974.4712,3.944,0.62,631.274666667,1.2155268419e-05,Class 2
0.742549333333,83.4266666667,26459.3815242,368.860494141,0.913926094344,1.0,1324.22420199,0.356700868354,0.386871145255,0.0123279704861,0.232650058799,0.647304451684,1.0,1.0,0.921683532041,6.58,0.861333333333,1332.6638099,140159.464274,15049972.3021,1.784,0.281333333333,312.514666667,4.97504575649e-06,Class 2
0.428536888889,413.68,83522.6545419,894.209244141,0.736770147163,1.0,3020.74406824,0.807898339603,0.943042316303,0.00754019270833,0.640910758669,0.361868339922,1.0,1.0,0.753214056236,15.576,0.653333333333,3068.48064323,321215.582735,34857505.4876,7.99466666667,0.434666666667,664.186666667,2.46692935338e-05,Class 2
0.543153777778,237.597333333,75738.4751954,820.206994141,0.810246716784,1.0,2971.28905232,0.618803222753,0.710585893636,0.00918574826389,0.490466079584,0.455976081704,1.0,1.0,0.824714027269,13.6146666667,0.736,3002.90447656,344625.483326,40419379.9575,4.52533333333,0.164,691.752,1.41688221786e-05,Class 2
0.446627555556,326.898666667,87933.4639815,911.621327474,0.765353554947,1.0,3088.293335,0.776328538124,0.884041158723,0.00813774826389,0.57860798599,0.462455075006,1.0,1.0,0.782077629816,15.484,0.666666666667,3133.8388099,334866.615946,36940100.8082,6.41866666667,0.822666666667,702.218666667,1.94941963929e-05,Class 2
0.607879111111,232.277333333,37555.6323813,528.796827474,0.842725959878,1.0,1768.83474372,0.524756438018,0.583566561004,0.0100999704861,0.403381093888,0.463538430185,1.0,1.0,0.851281579953,9.48533333333,0.778666666667,1787.28464323,179223.549214,18638673.995,4.67733333333,0.437333333333,389.048,1.38515705793e-05,Class 2
0.599502222222,328.674666667,31356.5420502,500.221494141,0.823269374575,1.0,1636.5912708,0.542033586263,0.599709706379,0.00969397048611,0.443383958464,0.398285978196,1.0,1.0,0.8312404695,9.14266666667,0.773333333333,1654.97814323,163226.485623,17007985.2219,6.32266666667,0.076,331.861333333,1.96001059493e-05,Class 2
0.624376888889,286.808,32868.4612068,508.744410807,0.850465472921,1.0,1674.26245887,0.509225377285,0.559239514252,0.0104864149306,0.384365128044,0.458736304118,1.0,1.0,0.858341151966,9.02,0.789333333333,1691.24947656,169182.136571,17638476.4251,5.26666666667,0.276,351.392,1.7103439228e-05,Class 2
0.632810666667,299.669333333,26582.5263941,457.807494141,0.829421896424,1.0,1456.04809404,0.509887597211,0.554155259807,0.0100119704861,0.428848258747,0.40168895574,1.0,1.0,0.838792718098,8.18933333333,0.794666666667,1471.46797656,144434.924621,14986738.9092,5.86666666667,0.282666666667,293.205333333,1.78704088838e-05,Class 2
0.684181333333,326.341333333,16073.054395,350.874827474,0.847348308907,1.0,1081.24047788,0.437643727658,0.479971800951,0.0106695260417,0.401590231282,0.295071552172,1.0,1.0,0.853512843153,6.472,0.826666666667,1091.57064323,102098.843391,10264919.0497,6.16,-0.0693333333333,191.509333333,1.9460960511e-05,Class 3
0.710691555556,222.269333333,24498.6192731,402.365160807,0.864136806275,1.0,1367.9093355,0.403004376006,0.448755892861,0.0110184149306,0.367870783214,0.473330515415,1.0,1.0,0.872298439402,6.99066666667,0.842666666667,1378.14314323,145945.123514,16137146.9348,4.248,0.02,289.186666667,1.32547559165e-05,Class 3
0.507185777778,463.36,56095.9766387,765.903660807,0.783233084427,1.0,2556.32778176,0.641429623192,0.707394313549,0.00890574826389,0.530377546619,0.34018693411,1.0,1.0,0.793823707092,12.8373333333,0.709333333333,2587.24964323,285536.100855,33213188.7499,8.50133333333,0.0666666666667,531.373333333,2.76318986942e-05,Class 3
0.544689777778,387.069333333,33088.5903988,510.905910807,0.795075446309,1.0,1694.73006893,0.566428059451,0.647949244857,0.00914397048611,0.459305240199,0.287444820791,1.0,1.0,0.804986172256,10.0413333333,0.736,1715.9058099,160273.269722,15845189.7447,7.62933333333,-0.281333333333,332.522666667,2.30823994438e-05,Class 3
0.620238222222,338.84,24639.2986434,437.247577474,0.825089036468,1.0,1403.7808812,0.50383507855,0.563036525304,0.00994108159722,0.43674108086,0.306531203807,1.0,1.0,0.833606867703,8.23333333333,0.786666666667,1419.0918099,133347.490628,13266236.1347,6.49866666667,-0.02,270.32,2.02063029902e-05,Class 3
0.680227555556,274.082666667,17751.147128,344.922994141,0.849299478446,1.0,1097.38236204,0.414594487409,0.464476334106,0.0106877482639,0.366944877329,0.31942670967,1.0,1.0,0.857509109169,6.572,0.824,1107.2888099,102578.369227,10107904.8916,5.42666666667,-0.004,208.506666667,1.63445797634e-05,Class 3
0.747271111111,191.349333333,15101.1543894,281.572077474,0.886059843386,1.0,933.220706631,0.336065236104,0.367781575833,0.0117339704861,0.297304556017,0.414809341918,1.0,1.0,0.892942830028,5.34933333333,0.864,939.630976562,89548.0809799,8980126.36959,3.808,-0.0106666666667,187.237333333,1.141088008e-05,Class 3
0.574613333333,178.325333333,61344.0493036,687.873327474,0.808208113622,1.0,2485.70356893,0.585555931671,0.674702211942,0.00925019270833,0.468995798414,0.546735643514,1.0,1.0,0.826245978125,11.92,0.757333333333,2511.79097656,275726.801813,30950594.0213,3.77066666667,0.248,583.738666667,1.06342099993e-05,Class 3
0.550947555556,303.376,48123.9292029,602.575244141,0.795029022839,1.0,2139.48736976,0.624036885975,0.70616819603,0.00909952604167,0.508692117626,0.426280389203,1.0,1.0,0.808699672754,11.2346666667,0.741333333333,2165.73797656,223636.165631,24033216.76,6.08533333333,-0.28,465.941333333,1.80914513515e-05,Class 3
0.307676444444,597.952,121170.119235,1109.23824414,0.637286271206,1.0,3661.37693005,0.981000723072,1.14839403061,0.00533708159722,0.800730627094,0.298348240799,1.0,1.0,0.66084526376,19.4906666667,0.552,3734.46064323,382662.137506,40861538.8825,11.328,0.456,784.736,3.56581256215e-05,Class 3
0.359928888889,438.634666667,110694.51792,982.999660807,0.687926594309,1.0,3478.06431741,0.888768654916,1.03501311496,0.00648041493056,0.683268299995,0.378751256004,1.0,1.0,0.709553697655,17.944,0.597333333333,3538.82464323,372577.28211,40730122.0227,8.83733333333,-0.176,775.608,2.61574341184e-05,Class 3
0.636835555556,208.885333333,34711.8475249,466.986910807,0.838344232423,1.0,1676.37513609,0.494814726858,0.549900900404,0.0101466371528,0.415406286665,0.464766134595,1.0,1.0,0.850153179874,8.85333333333,0.797333333333,1692.54764323,171485.746511,17964440.4956,4.27733333333,-0.149333333333,371.192,1.24566176825e-05,Class 3
0.599985777778,298.229333333,32522.0729279,494.058244141,0.825078516727,1.0,1649.18108464,0.521885344121,0.585068545835,0.00982774826389,0.420591515342,0.399073720444,1.0,1.0,0.834498585832,9.176,0.773333333333,1666.91797656,164318.760735,17025258.0336,5.89866666667,0.0613333333333,342.458666667,1.77845362705e-05,Class 3
0.319793777778,305.832,170045.95419,1144.95632747,0.692938288098,1.0,4239.25219169,0.930949814825,1.1150025063,0.00614463715278,0.677510590116,0.40754697328,1.0,1.0,0.718970695613,21.0626666667,0.562666666667,4314.1868099,458543.322967,49779143.8277,6.28,-0.201333333333,1002.74666667,1.82379118643e-05,Class 3
0.439402666667,227.936,109542.661491,960.627744141,0.759352242852,1.0,3476.40573392,0.773340254152,0.905264266505,0.00778752604167,0.563199843479,0.500964935996,1.0,1.0,0.78110635822,16.7413333333,0.661333333333,3525.50297656,385310.46873,43006496.8207,4.72,0.384,824.914666667,1.35926805524e-05,Class 3
0.360014222222,559.181333333,86912.6166668,920.676410807,0.676108582936,1.0,3071.85576711,0.887629955283,1.02510606497,0.00629930381944,0.731033704168,0.310582090102,1.0,1.0,0.694481376155,16.7746666667,0.597333333333,3128.5308099,315983.111342,33503733.0264,10.8773333333,-0.012,642.861333333,3.33460850189e-05,Class 3
0.468259555556,404.848,61384.0291316,739.588577474,0.74728305216,1.0,2505.72322184,0.730215424892,0.837482838282,0.00789441493056,0.599958596463,0.369379815416,1.0,1.0,0.763228003555,13.4533333333,0.682666666667,2542.80464323,259041.175964,27606958.2678,7.97866666667,0.0613333333333,534.909333333,2.41426081719e-05,Class 3
0.323264,429.536,139903.672442,1096.97557747,0.696173150928,1.0,3890.89437923,0.943359183907,1.09004256517,0.00633241493056,0.689434203185,0.398426217744,1.0,1.0,0.71583758463,19.864,0.565333333333,3962.47797656,417971.37736,45556908.4033,8.43733333333,-0.0453333333333,883.856,2.56148464207e-05,Class 3
0.784476444444,211.821333333,7710.50978135,210.069160807,0.899790811883,1.0,611.70296746,0.286138500866,0.312266364346,0.012244859375,0.260873896709,0.313486573881,1.0,1.0,0.903380185474,3.95866666667,0.885333333333,615.658143229,53353.2482481,5008017.24363,4.152,0.0653333333333,101.082666667,1.26317023997e-05,Class 3
0.547150222222,332.792,44817.7057706,590.165494141,0.788744443412,1.0,2046.79676303,0.631050062211,0.703149781752,0.00896819270833,0.523625266283,0.414355810451,1.0,1.0,0.802210555164,11.052,0.738666666667,2072.91547656,208867.559477,21984411.3344,6.55733333333,-0.212,435.376,1.98456380141e-05,Class 3
0.866382222222,106.917333333,5654.8949288,128.000160807,0.940588239355,1.0,419.034287321,0.190847487185,0.202085940356,0.0134510815972,0.171145920159,0.426786447536,1.0,1.0,0.943917150286,2.54933333333,0.930666666667,420.626309896,38062.0820736,3662423.37451,2.13333333333,-0.072,78.5066666667,6.37588251752e-06,Class 3
0.482325333333,404.992,57884.4015449,722.429910807,0.746261115001,1.0,2420.12194053,0.723415636193,0.828370669993,0.00783530381944,0.599963835309,0.351436883069,1.0,1.0,0.763548986314,13.0773333333,0.693333333333,2455.8063099,246751.702261,25852677.9005,7.76533333333,0.138666666667,513.112,2.41511954332e-05,Class 3
0.46432,409.544,66092.2983037,783.091744141,0.735176957306,1.0,2645.93852861,0.747607999006,0.857164135327,0.007506859375,0.625493835702,0.353051652235,1.0,1.0,0.752795190666,13.8946666667,0.68,2685.1948099,279035.858967,30276562.9433,7.99733333333,0.158666666667,569.346666667,2.44226483054e-05,Class 3
0.442872888889,375.261333333,86572.1554561,880.475827474,0.745493589686,1.0,3106.92753509,0.783671358819,0.894833838728,0.00772819270833,0.611826911256,0.401322759694,1.0,1.0,0.763919541548,15.6013333333,0.664,3153.26947656,336716.4363,37149608.4321,7.17066666667,-0.0146666666667,694.989333333,2.23782440144e-05,Class 3
0.447239111111,321.264,73516.8925005,756.208410807,0.749185568874,1.0,2681.4772904,0.714525694711,0.842792761995,0.00767330381944,0.558579231468,0.352510408204,1.0,1.0,0.76775208377,14.4053333333,0.666666666667,2720.33897656,271839.678542,28053642.2678,6.58666666667,-0.0746666666667,600.218666667,1.91581800373e-05,Class 3
0.520298666667,331.418666667,54796.2026238,680.452910807,0.791805732168,1.0,2332.00075682,0.654564588366,0.739132411118,0.00881774826389,0.506039984688,0.43846961702,1.0,1.0,0.804544981871,12.208,0.72,2362.01097656,245031.130001,26501294.2419,6.44266666667,0.101333333333,508.029333333,1.97637409847e-05,Class 3
0.528035555556,287.709333333,58728.1795191,699.845244141,0.792826238546,1.0,2427.46316132,0.635317180955,0.72822970626,0.00882419270833,0.50722398302,0.470717014375,1.0,1.0,0.805382765026,12.3693333333,0.725333333333,2456.94814323,259492.007363,28365269.1932,5.80533333333,0.270666666667,542.696,1.7157189123e-05,Class 3
0.425009777778,293.010666667,102597.914937,925.564994141,0.74233702614,1.0,3320.92387745,0.801406487215,0.952780654478,0.00743397048611,0.614210506144,0.415970970781,1.0,1.0,0.76376761941,16.5853333333,0.650666666667,3371.3758099,357435.967066,38826858.5459,5.864,0.158666666667,770.109333333,1.74733275588e-05,Class 3
0.688576,342.298666667,15009.0565278,350.506577474,0.849012601397,1.0,1053.21077179,0.432211922,0.472774168639,0.0107364149306,0.394722865996,0.306547667475,1.0,1.0,0.855655758194,6.33333333333,0.829333333333,1063.18264323,99409.1802455,10039852.7787,6.30933333333,-0.008,180.418666667,2.04125562856e-05,Class 3
0.458574222222,477.165333333,50367.7625983,665.380910807,0.747690527949,1.0,2230.05009281,0.698813602497,0.803883799745,0.00791552604167,0.580344773741,0.29018183771,1.0,1.0,0.760175237644,12.844,0.674666666667,2263.85947656,216664.223977,21852443.0881,9.224,-0.364,447.074666667,2.84551626188e-05,Class 3
0.680355555556,271.770666667,18001.9861469,362.164244141,0.850823099438,1.0,1107.06259666,0.411855841507,0.458859947299,0.0106250815972,0.366530937534,0.338864028138,1.0,1.0,0.857843791486,6.58666666667,0.824,1116.92164323,104529.735397,10434541.749,5.392,0.282666666667,211.493333333,1.6206706512e-05,Class 3
0.625130666667,381.437333333,15582.7367519,368.350327474,0.8185488165,1.0,1079.21120131,0.461708033776,0.522986464281,0.00989397048611,0.410307497224,0.181281807968,1.0,1.0,0.825107020243,7.14266666667,0.789333333333,1091.29747656,93066.4624044,8609832.83747,7.51733333333,0.00133333333333,177.688,2.27465421116e-05,Class 3
0.584,348.016,30191.825207,506.522160807,0.796334808193,1.0,1595.82445441,0.544839840337,0.61005463106,0.00931441493056,0.472948431323,0.377828256869,1.0,1.0,0.808433646691,9.20533333333,0.762666666667,1614.43964323,155276.779074,15827424.1461,6.96533333333,0.290666666667,316.893333333,2.07535023652e-05,Class 3
0.239552,545.013333333,170274.860403,1195.27757747,0.626945114162,1.0,4136.90276068,1.01240333715,1.20251458027,0.00495708159722,0.758989466706,0.299903832916,1.0,1.0,0.648575762905,22.2426666667,0.482666666667,4223.17264323,427580.800631,44908727.7133,11.0133333333,0.0293333333333,920.234666667,3.25011939176e-05,Class 3
0.422336,191.170666667,135400.380063,1054.31607747,0.774718170151,1.0,3963.61355839,0.794880438692,0.923104535964,0.00808974826389,0.528441515107,0.531320657635,1.0,1.0,0.795726339003,18.38,0.648,4019.1248099,451763.795415,51618843.6169,3.912,0.0146666666667,957.562666667,1.1400225515e-05,Class 3
0.365802666667,226.002666667,158672.696304,1121.50407747,0.738875176088,1.0,4196.76833228,0.871392124935,1.03551849223,0.00704508159722,0.591992196666,0.496439573002,1.0,1.0,0.76054617442,19.98,0.602666666667,4263.15414323,470411.69229,52874089.8288,4.824,-0.00666666666667,1009.912,1.34773886178e-05,Class 3
0.148074666667,468.954666667,377663.382573,1592.41482747,0.598992723959,1.0,5711.82263052,1.17812278852,1.41262036771,0.00427908159722,0.765593790661,0.368380093833,1.0,1.0,0.624468750182,29.0773333333,0.373333333333,5843.82764323,615568.221511,66518465.3614,9.792,0.237333333333,1344.62666667,2.79655296994e-05,Class 3
0.603384888889,374.370666667,28668.5375119,503.881077474,0.819268558632,1.0,1587.14345285,0.553945788527,0.609169931899,0.00973997048611,0.465958946981,0.373962913032,1.0,1.0,0.827545102611,8.95066666667,0.776,1605.55147656,157556.992498,16408107.5636,6.96266666667,0.153333333333,308.074666667,2.23251302128e-05,Class 3
0.460565333333,306.144,93455.2836836,917.358410807,0.765299657178,1.0,3288.29627475,0.736326574269,0.861427733856,0.00798574826389,0.575010645854,0.414477669392,1.0,1.0,0.782119447687,15.7866666667,0.677333333333,3332.2783099,368272.823803,41749599.2428,5.92533333333,0.144,757.026666667,1.82565175972e-05,Class 3
0.515847111111,229.330666667,72151.1663093,758.529827474,0.800496121202,1.0,2722.84045401,0.681987775677,0.778682282312,0.00888819270833,0.504430353804,0.484371911855,1.0,1.0,0.815618502862,13.4706666667,0.717333333333,2757.4398099,294652.928483,32255920.3064,4.648,0.217333333333,632.448,1.36758497686e-05,Class 3
0.464049777778,235.482666667,103981.343595,950.515994141,0.77311549017,1.0,3467.88240355,0.742713932812,0.864518305714,0.00806708159722,0.560103199401,0.472503437448,1.0,1.0,0.792183038263,16.2906666667,0.68,3513.69264323,392143.061256,44608934.5653,4.656,0.229333333333,820.061333333,1.40427166557e-05,Class 3
0.512504888889,287.344,60149.1789731,679.946994141,0.796140321897,1.0,2418.85588915,0.669139644802,0.761435278505,0.00898997048611,0.504514575726,0.420649671017,1.0,1.0,0.810386277336,12.656,0.714666666667,2450.70164323,250992.684626,26548307.3224,5.744,-0.114666666667,541.234666667,1.71354029229e-05,Class 3
0.523825777778,341.517333333,50774.5562828,644.949577474,0.783768764583,1.0,2217.09130936,0.6688170469,0.743659164091,0.00862174826389,0.531398208324,0.415203830954,1.0,1.0,0.797054880011,11.8333333333,0.722666666667,2246.82314323,229406.845722,24461918.7658,6.70133333333,-0.0573333333333,476.696,2.03659624417e-05,Class 3
0.798485333333,119.954666667,15695.4523924,265.164160807,0.92322936554,1.0,918.803574421,0.276369290434,0.302663166815,0.0126917482639,0.224307535727,0.561897485938,1.0,1.0,0.928195949993,4.748,0.893333333333,923.383476562,95107.4930398,10128787.6638,2.296,0.076,201.005333333,7.15334771501e-06,Class 3
0.701902222222,203.749333333,24403.7374025,382.280494141,0.883420069222,1.0,1328.23031773,0.407978872436,0.450946519262,0.0114513038194,0.318000631998,0.457953746948,1.0,1.0,0.890392208428,7.056,0.837333333333,1338.69764323,135033.111813,14134249.138,3.824,-0.0666666666667,283.957333333,1.21503386949e-05,Class 3
0.461219555556,440.354666667,55416.7390737,714.315910807,0.74650100482,1.0,2343.4737083,0.73394088938,0.834253783927,0.00784174826389,0.59567300151,0.341227081307,1.0,1.0,0.761114703732,13.124,0.677333333333,2379.82447656,233518.566618,24081753.9197,8.57333333333,0.156,485.277333333,2.62600041843e-05,Class 3
0.483505777778,456.301333333,42429.4497166,628.587577474,0.743876754908,1.0,1996.4582663,0.676675657362,0.768268413501,0.007694859375,0.584696864595,0.286639203772,1.0,1.0,0.756548150004,11.78,0.693333333333,2026.4138099,190107.658743,18861016.8396,8.95733333333,0.145333333333,392.896,2.72109638654e-05,Class 3
0.477091555556,461.389333333,44056.3861665,635.540244141,0.744691085107,1.0,2051.40828495,0.66614586399,0.762863933714,0.00782308159722,0.560740060173,0.314612263423,1.0,1.0,0.757069220641,11.9906666667,0.688,2081.4168099,198201.034311,20015067.8747,9.13866666667,-0.00133333333333,405.381333333,2.75143804326e-05,Class 3
0.539470222222,349.754666667,45327.4805162,613.226160807,0.780201729259,1.0,2077.73998359,0.630814416631,0.711616572378,0.00873241493056,0.53045152951,0.399312373241,1.0,1.0,0.794024292234,11.2053333333,0.733333333333,2104.2163099,213370.850792,22649363.9755,6.928,-0.00266666666667,438.965333333,2.08571855947e-05,Class 3
0.512661333333,347.053333333,49811.3423219,638.704244141,0.778220319394,1.0,2165.59345547,0.661863305864,0.748099105393,0.00861130381944,0.534664616712,0.36058700799,1.0,1.0,0.791921335078,11.8813333333,0.714666666667,2195.12647656,217760.428003,22536961.5802,6.936,0.0653333333333,462.389333333,2.0696094933e-05,Class 3
0.761095111111,118.522666667,18644.7119778,285.176827474,0.918417457755,1.0,1028.13709111,0.319225817647,0.349023304262,0.0123335260417,0.229291725276,0.545620778208,1.0,1.0,0.922205385355,5.50666666667,0.872,1034.3793099,102720.584068,10526650.0835,2.4,-0.064,229.136,7.06795217174e-06,Class 4
0.818083555556,130.152,14044.4677433,231.576660807,0.931375092,1.0,869.7808714,0.22148908857,0.243796683842,0.0130033038194,0.181070581493,0.513692657626,1.0,1.0,0.934114840818,4.23066666667,0.904,872.952143229,99320.3093419,11874118.7653,2.54133333333,-0.318666666667,185.832,7.76145303618e-06,Class 4
0.770325333333,184.648,12803.2484058,250.866910807,0.900576085439,1.0,830.874546758,0.307015936589,0.338711540128,0.0120995260417,0.261729181409,0.411105184819,1.0,1.0,0.905454484184,4.76933333333,0.877333333333,836.042143229,80260.8438315,8162107.70801,3.61333333333,-0.076,162.997333333,1.10112543812e-05,Class 4
0.803505777778,189.485333333,7539.84122076,204.075327474,0.902720635035,1.0,586.914012449,0.259630085269,0.282811675184,0.0123921927083,0.250521373393,0.356826897886,1.0,1.0,0.907286396372,3.67066666667,0.896,590.200809896,53255.6205606,5214571.943,3.768,0.156,100.293333333,1.12997227527e-05,Class 4
0.469340444444,346.328,61425.598675,709.155994141,0.773303669557,1.0,2429.22323561,0.680415555613,0.784097381351,0.00819863715278,0.532061666436,0.369698606324,1.0,1.0,0.784364813007,13.3133333333,0.682666666667,2463.33147656,243465.083394,25037180.0464,7.00533333333,0.134666666667,529.666666667,2.06528405796e-05,Class 4
0.729066666667,114.330666667,24575.6322715,345.919994141,0.921951667438,1.0,1259.36850522,0.365042743236,0.394741529696,0.0124793038194,0.225259068551,0.573708601611,1.0,1.0,0.925059407682,6.576,0.853333333333,1268.0163099,127839.741001,13214899.9983,2.32,0.00266666666667,288.626666667,6.81796745289e-06,Class 4
0.0319075555556,167.610666667,2099997.64224,2866.56232747,0.590170920489,1.0,11078.5942144,1.3303692477,1.70869290192,0.00403441493056,0.719983884024,0.370913318991,1.0,1.0,0.625931758969,50.184,0.0986666666667,11337.6053099,1292512.88552,148198977.963,3.84,-0.16,2794.06666667,9.99525414666e-06,Class 4
0.0688995555556,661.272,629017.075483,1900.14757747,0.521225728099,1.0,6578.21632973,1.32177674547,1.58458350545,0.003266859375,0.84141591288,0.360906576494,1.0,1.0,0.547217136163,34.3986666667,0.232,6754.0398099,702124.060608,75420324.4162,13.56,0.822666666667,1524.26666667,3.94341352583e-05,Class 4
0.387377777778,319.605333333,107889.619062,958.874827474,0.771510700554,1.0,3337.30435837,0.811654642145,0.910579418434,0.00788930381944,0.528122684789,0.523017315528,1.0,1.0,0.780263520815,17.224,0.618666666667,3390.4133099,351900.623891,37647243.1654,6.576,0.613333333333,768.24,1.90592675086e-05,Class 4
0.662535111111,231.010666667,28675.0438766,418.960077474,0.847224391877,1.0,1497.90495109,0.44916479205,0.510219981878,0.0104855260417,0.383385504063,0.467237691782,1.0,1.0,0.858329796474,7.98266666667,0.813333333333,1511.04847656,153116.561826,16146647.5874,4.52,-0.297333333333,320.258666667,1.37760344842e-05,Class 4
0.837212444444,241.621333333,-0.0173387484068,120.740077474,0.914697179104,1.0,239.882053586,0.196072519926,0.22176041289,0.0128466371528,0.196072519926,0.00742289879962,1.0,1.0,0.916248112722,2.26666666667,0.914666666667,241.338976562,12898.5665841,691729.453864,4.53333333333,0.0,0.0,1.44087884259e-05,Class 4
0.891399111111,125.688,2075.55952792,94.9089108073,0.947640007856,1.0,243.927297598,0.142711015019,0.156927261679,0.0137659704861,0.136359413456,0.206958228381,1.0,1.0,0.949603046575,1.756,0.944,244.690809896,19226.7540085,1683188.57892,2.408,0.0573333333333,29.8053333333,7.49524793481e-06,Class 4
0.448391111111,442.24,51216.572138,709.711244141,0.751044525616,1.0,2197.39596661,0.672563581561,0.785785532629,0.00778441493056,0.539430936146,0.230758111094,1.0,1.0,0.762285064101,12.904,0.666666666667,2230.04664323,208877.209579,20563096.2656,8.816,0.781333333333,447.354666667,2.63724336984e-05,Class 4
0.81312,217.050666667,8942.29528343,226.327410807,0.918205510754,1.0,692.048153643,0.24421492664,0.264836861929,0.0129219704861,0.203164207745,0.331601610881,1.0,1.0,0.92136744806,3.88266666667,0.901333333333,695.296976562,69560.7025528,7524838.34656,3.83466666667,-0.016,119.682666667,1.29435472048e-05,Class 4
0.702371555556,316.696,11416.3509,297.640494141,0.857065477179,1.0,867.735007968,0.385709726272,0.427537415773,0.0110299704861,0.351516327028,0.255256978373,1.0,1.0,0.862521202968,5.628,0.837333333333,875.566809896,75926.178696,7144556.52535,6.06133333333,-0.004,139.893333333,1.8885773025e-05,Class 4
0.574186666667,438.490666667,20866.5306681,437.896494141,0.789622246828,1.0,1322.79602857,0.505120142221,0.562522304723,0.00911152604167,0.453910274717,0.297241269067,1.0,1.0,0.796175094204,8.48533333333,0.754666666667,1338.62564323,118987.456855,11536937.7036,8.688,-0.130666666667,225.298666667,2.6148846857e-05,Class 4
0.827256888889,78.928,13253.7381833,216.648494141,0.936595384553,1.0,769.978364075,0.241195965821,0.259674832592,0.0130004149306,0.185984533599,0.648067645904,1.0,1.0,0.94014287121,4.01866666667,0.909333333333,773.295976562,78282.5733497,8152863.20766,1.63733333333,0.0693333333333,173.717333333,4.70677335146e-06,Class 4
0.851733333333,97.4773333333,9153.01924459,179.745244141,0.947394199382,1.0,590.488335525,0.203198560609,0.213649960829,0.0133813038194,0.163661659615,0.557000728819,1.0,1.0,0.948909580398,3.24266666667,0.922666666667,592.678309896,57633.3988028,5836792.8583,1.824,0.138666666667,123.901333333,5.81293983003e-06,Class 4
1.0,0.0,-0.015873015873,0.000244140625,1.0,1.0,0.0,-0.0,-0.0,0.015380859375,-0.0,nan,1.0,1.0,1.0,0.0,1.0,0.0009765625,-3.0517578125e-05,9.53674316406e-07,0.0,0.0,0.0,0.0,Class 4
0.891427555556,127.853333333,1416.54331476,83.5891608073,0.948551487955,1.0,208.548304552,0.140872328577,0.153716275059,0.0137670815972,0.132915233704,0.136462976835,1.0,1.0,0.949803898845,1.64133333333,0.944,209.249143229,14842.4880033,1174318.25987,2.48266666667,-0.00666666666667,20.4,7.62437490154e-06,Class 4
0.957845333333,62.3146666667,-0.0162222397823,31.139577474,0.978674017884,1.0,62.1851512244,0.0576561062722,0.064078079513,0.0147230815972,0.0576561062722,0.00155772092204,1.0,1.0,0.97905518832,0.576,0.978666666667,62.2436432292,3370.67334448,182843.943652,1.152,1.38777878078e-17,0.0,3.71605783083e-06,Class 4
0.916714666667,142.752,-0.0165821688475,71.3377441406,0.957346243399,1.0,142.249051811,0.104265309111,0.117109255593,0.0140830815972,0.104265309111,0.00344343390248,1.0,1.0,0.95806178914,1.232,0.957333333333,142.598976562,8283.74418823,482782.736138,2.464,2.77555756156e-17,0.0,8.51283840295e-06,Class 4
0.968327111111,34.4213333333,477.791959256,13.869077474,0.986671837045,1.0,63.1843770909,0.0426548600792,0.0448663368068,0.0149684149306,0.034649769967,0.362986094373,1.0,1.0,0.986924158343,0.477333333333,0.984,63.2053098958,4743.61843302,400364.245239,0.677333333333,-0.205333333333,7.21066666667,2.05267350566e-06,Class 4
0.634389333333,380.8,13709.9424509,356.193577474,0.830046032873,1.0,1003.21432458,0.42650117445,0.484886429716,0.0103790815972,0.367359867525,0.178996085939,1.0,1.0,0.835868019294,6.81333333333,0.794666666667,1013.8053099,84126.142558,7590848.81825,7.488,0.141333333333,158.464,2.2708535529e-05,Class 4
0.793834666667,255.330666667,5279.85360984,192.605577474,0.898531959586,1.0,533.935566904,0.273693974606,0.30152603155,0.0122421927083,0.260987653496,0.237413764202,1.0,1.0,0.901994028615,3.62266666667,0.890666666667,537.374809896,45007.3892794,4187407.79344,4.70133333333,-0.124,70.624,1.52263275096e-05,Class 4
0.846727111111,214.546666667,1904.74848744,140.394077474,0.928023062172,1.0,319.207419972,0.208733327366,0.227393263672,0.0131433038194,0.192875354161,0.187466706781,1.0,1.0,0.929237515019,2.45466666667,0.92,320.907476562,22703.9459356,1747606.42718,3.848,0.132,26.6666666667,1.27942242716e-05,Class 4
0.861660444444,210.016,-0.0170969174903,101.616410807,0.928025201652,1.0,208.750523063,0.166775849483,0.188333412605,0.0132266371528,0.166775849483,0.0063686040168,1.0,1.0,0.929319327957,1.93866666667,0.928,209.774643229,11428.0556622,626856.471423,3.87733333333,-0.0666666666667,0.0,1.25240435863e-05,Class 4
0.291719111111,766.565333333,91337.8250628,986.623494141,0.584160683799,1.0,3184.70310095,0.957769859952,1.13963446717,0.00462863715278,0.868474826311,0.22624309392,1.0,1.0,0.607626232919,18.3386666667,0.536,3251.7513099,315218.742256,32389181.6662,14.6506666667,-0.309333333333,621.869333333,4.57131725508e-05,Class 4
0.471843555556,543.858666667,29846.9360208,542.345744141,0.734895314339,1.0,1662.42437335,0.604153033906,0.7019872149,0.00779863715278,0.542613067195,0.166885518513,1.0,1.0,0.74486553105,10.9053333333,0.682666666667,1687.05114323,144927.873785,13422256.6854,10.792,-0.286666666667,286.138666667,3.24323368035e-05,Class 4
0.807985777778,177.146666667,9340.0826876,220.004494141,0.909097030495,1.0,666.915170868,0.270919093278,0.290690093556,0.0124617482639,0.253991935233,0.455401895943,1.0,1.0,0.913727469458,3.89866666667,0.898666666667,670.580309896,63115.2276466,6314890.40508,3.37066666667,0.146666666667,123.48,1.0563921675e-05,Class 4
0.968298666667,42.1866666667,-0.0161338564546,21.0807441406,0.984006080169,1.0,42.1174750217,0.0432608434966,0.0480773234272,0.0148861927083,0.0432608434966,0.00116491437165,1.0,1.0,0.984305904698,0.410666666667,0.984,42.1363098958,2164.19670907,111226.199088,0.821333333333,0.0,0.0,2.5157495243e-06,Class 4
0.851946666667,187.354666667,1439.01519668,100.011994141,0.928026125579,1.0,266.870285303,0.179934601315,0.201199540823,0.0131524149306,0.172003941128,0.0742786781192,1.0,1.0,0.929317806684,2.2,0.922666666667,268.147309896,17959.1203601,1337867.59158,3.6,-0.272,20.2666666667,1.11726630896e-05,Class 4
0.90144,67.176,5500.54134741,100.675327474,0.956302095331,1.0,378.463012118,0.137112672913,0.144826779661,0.0140015260417,0.119576714909,0.697690372687,1.0,1.0,0.959176308746,2.07333333333,0.949333333333,379.323143229,37528.3330346,3891933.9646,1.384,-0.209333333333,78.1013333333,4.00595741255e-06,Class 4
0.866496,131.392,4149.05561303,108.404577474,0.938075112561,1.0,362.107161667,0.17863026031,0.19124101366,0.0134541927083,0.161140170011,0.397714006588,1.0,1.0,0.940712962394,2.36533333333,0.930666666667,363.470643229,31202.0974955,2910973.11686,2.57066666667,-0.285333333333,58.0933333333,7.83539889767e-06,Class 4
0.817870222222,120.541333333,10092.8954296,190.681827474,0.939374105607,1.0,649.802077575,0.230818244383,0.254934234151,0.0132290815972,0.167280930039,0.434439257402,1.0,1.0,0.940955168901,3.764,0.904,652.754476562,60835.1102742,5925737.74557,2.37066666667,-0.06,133.170666667,7.18833285378e-06,Class 4
0.702442666667,121.442666667,27799.9755274,360.039910807,0.901224866997,1.0,1374.66468806,0.384976999626,0.424033805538,0.0116273038194,0.279654973619,0.560730721716,1.0,1.0,0.905646392771,7.25466666667,0.837333333333,1384.78214323,137785.331561,14034037.5098,2.504,-0.332,316.061333333,7.2420827488e-06,Class 4
0.747640888889,297.530666667,4898.30865225,227.009410807,0.874065900059,1.0,547.246196288,0.305447106423,0.3446185194,0.0115986371528,0.291339654893,0.146329551796,1.0,1.0,0.878002571673,4.12,0.864,551.672643229,41574.4166101,3499034.32713,5.808,0.28,63.664,1.77428721507e-05,Class 4
0.95264,37.2826666667,1972.39099342,51.9241608073,0.980538149417,1.0,154.15656473,0.0688627417624,0.0720737283828,0.0146419704861,0.0650457717246,0.621277090962,1.0,1.0,0.981137307825,0.910666666667,0.976,154.289809896,14253.8153888,1394128.12348,0.717333333333,0.0733333333333,29.28,2.22330556885e-06,Class 4
1.0,0.0,-0.015873015873,0.000244140625,1.0,1.0,0.0,-0.0,-0.0,0.015380859375,-0.0,nan,1.0,1.0,1.0,0.0,1.0,0.0009765625,-3.0517578125e-05,9.53674316406e-07,0.0,0.0,0.0,0.0,Class 4
0.957845333333,38.6986666667,1650.74282279,56.5041608073,0.981071301135,1.0,137.066947523,0.0608670928926,0.064078079513,0.0147226371528,0.0608670928926,0.65039338405,1.0,1.0,0.982021587366,0.802666666667,0.978666666667,137.159309896,13023.0300059,1327133.95205,0.730666666667,0.224,24.64,2.30774697197e-06,Class 4
0.603342222222,235.421333333,40164.2627517,531.544744141,0.831456219029,1.0,1865.47012007,0.542728071545,0.612986901937,0.00971197048611,0.435562968989,0.465135915325,1.0,1.0,0.84081578038,9.78533333333,0.776,1885.19647656,193422.056222,20573954.4772,4.77066666667,0.012,412.749333333,1.40390591184e-05,Class 4
0.808270222222,209.976,5083.43150608,170.656744141,0.912295552615,1.0,481.179826839,0.246735790763,0.270424663941,0.0126955260417,0.213509053072,0.263774685115,1.0,1.0,0.915241874662,3.28933333333,0.898666666667,483.955143229,40639.9246596,3810868.83428,4.05066666667,-0.0626666666667,68.5973333333,1.25216582359e-05,Class 4
0.827285333333,160.917333333,7043.89717086,177.255077474,0.920111150959,1.0,537.974680716,0.235985959415,0.254252369244,0.0128370815972,0.224365416093,0.434469870855,1.0,1.0,0.923827385892,3.312,0.909333333333,540.632309896,48497.7123757,4649167.75871,3.104,0.0533333333333,95.032,9.59610551796e-06,Class 4
0.906503111111,77.1173333333,4228.25363516,97.6734941406,0.963758563772,1.0,318.388891333,0.12883570278,0.136863169331,0.0141595260417,0.10874241382,0.513567744788,1.0,1.0,0.96512851017,1.84933333333,0.952,319.095143229,30038.7167221,2991889.1756,1.47466666667,-0.012,60.552,4.59879649135e-06,Class 4
0.896348444444,60.52,9339.09087638,166.597077474,0.965386180276,1.0,583.538472364,0.143154176983,0.156604106882,0.0140810815972,0.11060711568,0.657809478174,1.0,1.0,0.967167361118,2.66266666667,0.946666666667,584.710809896,67958.6851544,8137869.37234,1.10666666667,0.084,131.130666667,3.60903511087e-06,Class 4
0.612771555556,319.898666667,23979.1486043,452.909577474,0.833535452397,1.0,1348.53121878,0.486411736892,0.542528940256,0.0100993038194,0.38937079666,0.308014141493,1.0,1.0,0.840596155885,8.168,0.781333333333,1363.16664323,124045.851329,11945517.89,6.30933333333,0.621333333333,261.072,1.9076760078e-05,Class 4
0.931960888889,61.76,3270.31044499,60.0152441406,0.969333604231,1.0,252.737435977,0.100813607686,0.104024594306,0.014398859375,0.0912251747621,0.647902978917,1.0,1.0,0.971147729512,1.37066666667,0.965333333333,253.109643229,26341.1163341,2949341.74906,1.17866666667,-0.314666666667,47.88,3.68298097236e-06,Class 4
0.822833777778,253.557333333,-0.0174852101912,130.034244141,0.906701332731,1.0,251.577991026,0.208150623219,0.236182283179,0.012624859375,0.208150623219,0.00854511933547,1.0,1.0,0.908429747885,2.42933333333,0.906666666667,253.254643229,13243.4858705,694490.877095,4.85866666667,0.0666666666667,0.0,1.51205769765e-05,Class 4
0.916657777778,126.714666667,640.757217617,69.506327474,0.957399634032,1.0,163.794127349,0.110293755876,0.121532209048,0.0140810815972,0.110293755876,0.0746843329879,1.0,1.0,0.958372009329,1.28,0.957333333333,164.187643229,11672.2799695,944976.733324,2.26133333333,-0.0666666666667,9.408,7.55647192766e-06,Class 4
0.82272,190.002666667,7246.76652303,187.966244141,0.922122057219,1.0,580.405902814,0.227729902745,0.247340569679,0.0129955260417,0.197463486787,0.334319724734,1.0,1.0,0.924588899538,3.39066666667,0.906666666667,583.019809896,58245.73542,6437602.34878,3.608,-0.084,98.36,1.13305732842e-05,Class 4
0.623921777778,234.349333333,40429.2795103,563.239577474,0.835109709498,1.0,1913.26978166,0.533126707405,0.59003651076,0.0101401927083,0.425404683763,0.510642973508,1.0,1.0,0.847975764679,9.628,0.789333333333,1932.3148099,205993.597134,22747303.1052,4.55733333333,0.377333333333,424.792,1.39751317285e-05,Class 4
0.475882666667,316.56,73007.4462964,775.918577474,0.800739336393,1.0,2735.27112427,0.720849220224,0.794380670426,0.00873508159722,0.496062447434,0.480955379579,1.0,1.0,0.81120997528,14.152,0.688,2773.7893099,285893.042391,30360457.2309,6.016,0.0666666666667,614.749333333,1.88776628337e-05,Class 4
0.836956444444,150.584,9006.81821873,213.146494141,0.926258289547,1.0,636.33946315,0.230393862858,0.242238299447,0.0129899704861,0.209126853842,0.45978438731,1.0,1.0,0.929509322955,3.43066666667,0.914666666667,639.020143229,66467.8451544,7393110.10226,2.856,0.252,122.216,8.97989000553e-06,Class 4
0.947448888889,54.4693333333,2504.87828533,63.952827474,0.9770898845,1.0,202.463021204,0.0784607196799,0.0800662129901,0.0146413038194,0.0688627417624,0.515920940878,1.0,1.0,0.978255372284,1.09333333333,0.973333333333,202.664309896,20744.6205424,2268925.14268,0.970666666667,-0.00266666666667,37.0826666667,3.24821111146e-06,Class 4
0.989376,19.2,-0.0159592523546,9.59524414062,0.994668147737,1.0,19.1909713607,0.0144327230451,0.0160382163553,0.0152150815972,0.0144327230451,0.000386075322963,1.0,1.0,0.994754098361,0.16,0.994666666667,19.1809765625,1150.20090698,68976.1124619,0.32,0.0,0.0,1.14496817794e-06,Class 4
0.932074666667,58.952,1806.89466116,52.5084941406,0.97467644117,1.0,164.700514484,0.087071054173,0.0931796676104,0.0145626371528,0.0669296428945,0.327807328153,1.0,1.0,0.97514147813,1.12666666667,0.965333333333,164.945476563,13494.3831544,1199375.72069,1.192,-0.068,26.5333333333,3.51552937634e-06,Class 4
0.851932444444,179.544,2497.58751362,124.248994141,0.928556946402,1.0,317.73646629,0.18300044374,0.201593067299,0.0130764149306,0.17818396381,0.256669951489,1.0,1.0,0.930090537372,2.36933333333,0.922666666667,319.142143229,23973.477269,1994721.68213,3.38933333333,-0.004,34.9733333333,1.07068836739e-05,Class 4
0.876579555556,171.168,-0.0169534599344,85.532577474,0.93602409492,1.0,170.195294977,0.150507700257,0.16977361998,0.0134599704861,0.150507700257,0.0053985107324,1.0,1.0,0.937217315491,1.65333333333,0.936,170.962309896,8861.86132365,460301.025201,3.30666666667,6.93889390391e-17,0.0,1.02073913063e-05,Class 4
0.957845333333,63.104,-0.0162223627738,40.196077474,0.97867402308,1.0,62.970341088,0.0592615995824,0.064078079513,0.014722859375,0.0592615995824,0.00194677614428,1.0,1.0,0.979054676187,0.578666666667,0.978666666667,63.0326432292,3452.18869344,190011.082943,1.15733333333,0.152,0.0,3.76312874481e-06,Class 4
1.0,0.0,-0.015873015873,0.000244140625,1.0,1.0,0.0,-0.0,-0.0,0.015380859375,-0.0,nan,1.0,1.0,1.0,0.0,1.0,0.0009765625,-3.0517578125e-05,9.53674316406e-07,0.0,0.0,0.0,0.0,Class 4
0.911594666667,125.245333333,-0.0166284121277,66.051577474,0.954683149914,1.0,124.716470423,0.113760725086,0.127290821657,0.0140026371528,0.113760725086,0.0037382477121,1.0,1.0,0.955514553095,1.19066666667,0.954666666667,125.097476562,6583.76652938,346940.069236,2.38133333333,0.068,0.0,7.46885005737e-06,Class 4
0.947534222222,66.1653333333,-0.0163107524695,39.996577474,0.973344096223,1.0,65.9943673371,0.0660102996737,0.0724322729146,0.0145633038194,0.0660102996737,0.0026595203396,1.0,1.0,0.973858499483,0.664,0.973333333333,66.0833098958,3291.94486011,164070.31686,1.328,0.136,0.0,3.94568755985e-06,Class 4
0.632853333333,266.069333333,29532.8451811,463.726410807,0.827445361355,1.0,1539.47015813,0.501998054323,0.5531221598,0.00994508159722,0.438426740842,0.465319207818,1.0,1.0,0.837332843036,8.40533333333,0.794666666667,1555.0463099,156621.871886,16591027.4564,5.424,0.186666666667,322.506666667,1.58667145725e-05,Class 4
0.973546666667,29.5733333333,458.171634265,29.5454108073,0.987203928098,1.0,57.2415922543,0.040072233315,0.040072233315,0.0149675260417,0.040072233315,0.500678879188,1.0,1.0,0.98775593538,0.416,0.986666666667,57.2556432292,4394.21390698,371949.038347,0.565333333333,0.144,6.93333333333,1.76356904074e-06,Class 4
1.0,0.0,-0.015873015873,0.000244140625,1.0,1.0,0.0,-0.0,-0.0,0.015380859375,-0.0,nan,1.0,1.0,1.0,0.0,1.0,0.0009765625,-3.0517578125e-05,9.53674316406e-07,0.0,0.0,0.0,0.0,Class 4
0.813134222222,158.050666667,7295.97282003,193.921327474,0.920023850557,1.0,544.38299218,0.235298408813,0.25849505536,0.0126981927083,0.203863239285,0.316927559884,1.0,1.0,0.92296378997,3.46266666667,0.901333333333,547.154809896,47788.7613419,4471858.59267,3.15466666667,0.342666666667,97.384,9.42515540806e-06,Class 4
0.685816888889,253.226666667,15998.1778639,321.972410807,0.876730789648,1.0,1002.14453638,0.36214433947,0.404130173867,0.0113544149306,0.270889458392,0.345760372349,1.0,1.0,0.879410710016,6.224,0.826666666667,1010.2523099,90417.7324382,8626388.07581,5.11466666667,0.128,189.450666667,1.51008580801e-05,Class 4
0.615857777778,312.301333333,31265.872827,495.320827474,0.828670249668,1.0,1633.95961448,0.528749100708,0.584674450803,0.0100619704861,0.44946489599,0.421333914405,1.0,1.0,0.837665322495,8.95066666667,0.784,1651.4928099,164624.237498,17220956.6781,5.99733333333,0.076,335.077333333,1.86237025309e-05,Class 4
0.702115555556,152.528,26526.5187444,386.510660807,0.89461806942,1.0,1357.63313322,0.401297865696,0.438335765911,0.0115381927083,0.305489794715,0.527890187684,1.0,1.0,0.899599381499,7.17333333333,0.837333333333,1368.09097656,137424.702167,14254355.105,3.01333333333,0.130666666667,304.114666667,9.09581803355e-06,Class 4
0.387377777778,319.605333333,107889.619062,958.874827474,0.771510700554,1.0,3337.30435837,0.811654642145,0.910579418434,0.00788930381944,0.528122684789,0.523017315528,1.0,1.0,0.780263520815,17.224,0.618666666667,3390.4133099,351900.623891,37647243.1654,6.576,0.613333333333,768.24,1.90592675086e-05,Class 4
0.837212444444,241.621333333,-0.0173387484068,120.740077474,0.914697179104,1.0,239.882053586,0.196072519926,0.22176041289,0.0128466371528,0.196072519926,0.00742289879962,1.0,1.0,0.916248112722,2.26666666667,0.914666666667,241.338976562,12898.5665841,691729.453864,4.53333333333,0.0,0.0,1.44087884259e-05,Class 4
0.891399111111,125.688,2075.55952792,94.9089108073,0.947640007856,1.0,243.927297598,0.142711015019,0.156927261679,0.0137659704861,0.136359413456,0.206958228381,1.0,1.0,0.949603046575,1.756,0.944,244.690809896,19226.7540085,1683188.57892,2.408,0.0573333333333,29.8053333333,7.49524793481e-06,Class 4
1.0,0.0,-0.015873015873,0.000244140625,1.0,1.0,0.0,-0.0,-0.0,0.015380859375,-0.0,nan,1.0,1.0,1.0,0.0,1.0,0.0009765625,-3.0517578125e-05,9.53674316406e-07,0.0,0.0,0.0,0.0,Class 4
0.957845333333,62.3146666667,-0.0162222397823,31.139577474,0.978674017884,1.0,62.1851512244,0.0576561062722,0.064078079513,0.0147230815972,0.0576561062722,0.00155772092204,1.0,1.0,0.97905518832,0.576,0.978666666667,62.2436432292,3370.67334448,182843.943652,1.152,1.38777878078e-17,0.0,3.71605783083e-06,Class 4
0.916714666667,142.752,-0.0165821688475,71.3377441406,0.957346243399,1.0,142.249051811,0.104265309111,0.117109255593,0.0140830815972,0.104265309111,0.00344343390248,1.0,1.0,0.95806178914,1.232,0.957333333333,142.598976562,8283.74418823,482782.736138,2.464,2.77555756156e-17,0.0,8.51283840295e-06,Class 4
0.634389333333,380.8,13709.9424509,356.193577474,0.830046032873,1.0,1003.21432458,0.42650117445,0.484886429716,0.0103790815972,0.367359867525,0.178996085939,1.0,1.0,0.835868019294,6.81333333333,0.794666666667,1013.8053099,84126.142558,7590848.81825,7.488,0.141333333333,158.464,2.2708535529e-05,Class 4
0.471843555556,543.858666667,29846.9360208,542.345744141,0.734895314339,1.0,1662.42437335,0.604153033906,0.7019872149,0.00779863715278,0.542613067195,0.166885518513,1.0,1.0,0.74486553105,10.9053333333,0.682666666667,1687.05114323,144927.873785,13422256.6854,10.792,-0.286666666667,286.138666667,3.24323368035e-05,Class 4
0.807985777778,177.146666667,9340.0826876,220.004494141,0.909097030495,1.0,666.915170868,0.270919093278,0.290690093556,0.0124617482639,0.253991935233,0.455401895943,1.0,1.0,0.913727469458,3.89866666667,0.898666666667,670.580309896,63115.2276466,6314890.40508,3.37066666667,0.146666666667,123.48,1.0563921675e-05,Class 4
0.729066666667,114.330666667,24575.6322715,345.919994141,0.921951667438,1.0,1259.36850522,0.365042743236,0.394741529696,0.0124793038194,0.225259068551,0.573708601611,1.0,1.0,0.925059407682,6.576,0.853333333333,1268.0163099,127839.741001,13214899.9983,2.32,0.00266666666667,288.626666667,6.81796745289e-06,Class 4
0.90144,67.176,5500.54134741,100.675327474,0.956302095331,1.0,378.463012118,0.137112672913,0.144826779661,0.0140015260417,0.119576714909,0.697690372687,1.0,1.0,0.959176308746,2.07333333333,0.949333333333,379.323143229,37528.3330346,3891933.9646,1.384,-0.209333333333,78.1013333333,4.00595741255e-06,Class 4
0.817870222222,120.541333333,10092.8954296,190.681827474,0.939374105607,1.0,649.802077575,0.230818244383,0.254934234151,0.0132290815972,0.167280930039,0.434439257402,1.0,1.0,0.940955168901,3.764,0.904,652.754476562,60835.1102742,5925737.74557,2.37066666667,-0.06,133.170666667,7.18833285378e-06,Class 4
1.0,0.0,-0.015873015873,0.000244140625,1.0,1.0,0.0,-0.0,-0.0,0.015380859375,-0.0,nan,1.0,1.0,1.0,0.0,1.0,0.0009765625,-3.0517578125e-05,9.53674316406e-07,0.0,0.0,0.0,0.0,Class 4
0.957845333333,38.6986666667,1650.74282279,56.5041608073,0.981071301135,1.0,137.066947523,0.0608670928926,0.064078079513,0.0147226371528,0.0608670928926,0.65039338405,1.0,1.0,0.982021587366,0.802666666667,0.978666666667,137.159309896,13023.0300059,1327133.95205,0.730666666667,0.224,24.64,2.30774697197e-06,Class 4
0.469340444444,346.328,61425.598675,709.155994141,0.773303669557,1.0,2429.22323561,0.680415555613,0.784097381351,0.00819863715278,0.532061666436,0.369698606324,1.0,1.0,0.784364813007,13.3133333333,0.682666666667,2463.33147656,243465.083394,25037180.0464,7.00533333333,0.134666666667,529.666666667,2.06528405796e-05,Class 4
0.780636444444,271.037333333,2562.07414189,172.427744141,0.887202641831,1.0,405.358874028,0.247784816199,0.279783128323,0.012048859375,0.241510901909,0.118942629949,1.0,1.0,0.890255081506,3.32666666667,0.882666666667,408.179809896,27875.071045,2139710.4583,5.336,0.06,34.3893333333,1.61629750885e-05,Class 4
0.620124444444,194.778666667,38381.1724823,438.386244141,0.844934810545,1.0,1771.38691987,0.501875328436,0.571196282125,0.0101599704861,0.39665430449,0.487539681623,1.0,1.0,0.855236883131,9.37066666667,0.786666666667,1788.7763099,179925.676709,18641320.1777,4.01066666667,-1.072,398.792,1.16153841184e-05,Class 4
0.112576,861.082666667,264855.386481,1475.27574414,0.454697814188,1.0,4838.86896804,1.14241851903,1.43191343853,0.002614859375,0.925979384651,0.188590106544,1.0,1.0,0.486886480844,27.5973333333,0.314666666667,4960.22597656,481402.907839,48912635.2086,17.3013333333,0.365333333333,1025.648,5.13495964534e-05,Class 4
0.789283555556,150.352,10676.6126789,220.038160807,0.915489605229,1.0,698.213464852,0.263334674719,0.299486821828,0.0125486371528,0.217044303462,0.323039202468,1.0,1.0,0.919582007625,4.19733333333,0.888,702.041643229,63780.2177299,6105666.33957,3.03466666667,0.136,138.053333333,8.96605497338e-06,Class 4
0.813134222222,158.050666667,7295.97282003,193.921327474,0.920023850557,1.0,544.38299218,0.235298408813,0.25849505536,0.0126981927083,0.203863239285,0.316927559884,1.0,1.0,0.92296378997,3.46266666667,0.901333333333,547.154809896,47788.7613419,4471858.59267,3.15466666667,0.342666666667,97.384,9.42515540806e-06,Class 4
0.942300444444,53.632,2386.92200946,41.0624941406,0.971411725625,1.0,194.218014801,0.0832390447351,0.0848445380453,0.0144797482639,0.0816335514249,0.792305984998,1.0,1.0,0.973232866468,1.112,0.970666666667,194.443309896,19099.7964851,2023177.48719,1.04,-0.373333333333,35.2373333333,3.19827777703e-06,Class 4
0.0796657777778,999.906666667,396409.016924,1732.89966081,0.356822999711,1.0,5781.33486859,1.38496396586,1.70294504138,0.00160552604167,1.20957508617,0.173041907495,1.0,1.0,0.399909088684,31.244,0.269333333333,5948.59947656,610648.75179,65650992.1793,19.7466666667,-0.036,1238.14933333,5.96281934499e-05,Class 4
0.257116444444,320.152,244334.8778,1466.36591081,0.740341082226,1.0,5155.42306475,0.90496504161,1.010780999,0.007220859375,0.561814102694,0.513177614323,1.0,1.0,0.753826318985,24.956,0.485333333333,5241.8228099,577297.112946,65354856.7223,6.83466666667,1.23066666667,1231.19733333,1.9091867297e-05,Class 4
0.881472,130.282666667,1971.12905162,89.9024108073,0.943376609677,1.0,241.796639403,0.150947850729,0.164804161029,0.0136119704861,0.142997308176,0.204748392171,1.0,1.0,0.945069703158,1.832,0.938666666667,242.651976562,18167.9447039,1524576.28868,2.58666666667,-0.0666666666667,28.1493333333,7.76924518072e-06,Class 4
0.715953777778,251.208,13120.2340049,279.722494141,0.870579288672,1.0,886.728686485,0.355859834751,0.396975808693,0.011318859375,0.312745629092,0.30488642095,1.0,1.0,0.876112015832,5.52133333333,0.845333333333,893.772143229,80387.0752377,7769063.91064,5.016,-0.132,160.813333333,1.49804773981e-05,Class 4
0.947463111111,27.4933333333,2762.30299414,61.3196608073,0.985337479053,1.0,189.862719673,0.0752497330595,0.0784607196799,0.0148046371528,0.0506568116548,0.653999815795,1.0,1.0,0.985539545235,1.07733333333,0.973333333333,190.047643229,17787.1794486,1723838.56608,0.549333333333,0.136,40.672,1.63953082146e-06,Class 4
0.876579555556,171.168,-0.0169534599344,85.532577474,0.93602409492,1.0,170.195294977,0.150507700257,0.16977361998,0.0134599704861,0.150507700257,0.0053985107324,1.0,1.0,0.937217315491,1.65333333333,0.936,170.962309896,8861.86132365,460301.025201,3.30666666667,6.93889390391e-17,0.0,1.02073913063e-05,Class 4
0.957930666667,60.816,-0.016221521209,30.3904941406,0.978674296853,1.0,60.7048518555,0.0500221661967,0.0564441394375,0.0147257482639,0.0500221661967,0.00176821283312,1.0,1.0,0.979061790668,0.568,0.978666666667,60.7459765625,3268.71779761,176954.270206,1.136,-1.38777878078e-17,0.0,3.62668670361e-06,Class 4
0.947448888889,53.7973333333,2570.40709445,76.4564108073,0.976450253011,1.0,205.665212948,0.0800662129901,0.0800662129901,0.014640859375,0.0720737283828,0.533873661835,1.0,1.0,0.977695959705,1.09866666667,0.973333333333,205.874309896,21386.7302403,2377536.71083,0.970666666667,0.176,38.0533333333,3.20813722523e-06,Class 4
0.128903111111,942.922666667,230236.702843,1419.63741081,0.413765291799,1.0,4688.99988748,1.227358448,1.49655916099,0.00228952604167,1.09565756866,0.202948607964,1.0,1.0,0.450989324346,26.4426666667,0.346666666667,4814.00764323,477338.66524,49894901.3493,18.8426666667,-0.325333333333,968.597333333,5.62300233118e-05,Class 4
0.798741333333,203.573333333,6379.31007791,193.758327474,0.90476630808,1.0,539.453982044,0.256385833214,0.284710116789,0.0122499704861,0.248650990277,0.281046633274,1.0,1.0,0.90763456895,3.592,0.893333333333,542.623976563,45674.4680164,4174892.34319,3.952,0.138666666667,84.8746666667,1.21398431533e-05,Class 4
0.852188444444,189.184,518.513982365,108.807577474,0.922962846775,1.0,217.25172499,0.165410628244,0.186164853803,0.0130844149306,0.165410628244,0.0642168709201,1.0,1.0,0.924788834507,2.01866666667,0.922666666667,218.308643229,12594.0551309,802666.895466,3.76533333333,0.136,7.344,1.12817531133e-05,Class 4
0.487246222222,553.690666667,25034.4391232,526.221160807,0.734123970593,1.0,1521.05764908,0.580762339249,0.676988342747,0.00794530381944,0.517858577446,0.162222853585,1.0,1.0,0.744497637864,10.2346666667,0.693333333333,1543.21764323,130424.756772,12004571.6846,11.0133333333,0.0186666666667,247.701333333,3.30186559246e-05,Class 4
0.852188444444,189.184,518.513982365,108.807577474,0.922962846775,1.0,217.25172499,0.165410628244,0.186164853803,0.0130844149306,0.165410628244,0.0642168709201,1.0,1.0,0.924788834507,2.01866666667,0.922666666667,218.308643229,12594.0551309,802666.895466,3.76533333333,0.136,7.344,1.12817531133e-05,Class 4
0.667029333333,135.64,35055.7029111,443.787244141,0.894952481875,1.0,1645.56461365,0.433253810671,0.486460400775,0.0113530815972,0.286664012106,0.532692262934,1.0,1.0,0.899854029525,8.43333333333,0.816,1658.9388099,170125.9638,17841608.0761,2.73866666667,-0.0813333333333,381.088,8.08872310704e-06,Class 4
0.989376,13.3333333333,-0.0159592523546,6.66274414062,0.994668799147,1.0,13.3258441845,0.0144327230451,0.0160382163553,0.0152150815972,0.0144327230451,0.000386075322963,1.0,1.0,0.99477124183,0.133333333333,0.994666666667,13.3176432292,665.417417399,33250.0780934,0.266666666667,0.0,0.0,7.95116790233e-07,Class 4
0.989376,13.3333333333,-0.0159592523546,6.66274414062,0.994668799147,1.0,13.3258441845,0.0144327230451,0.0160382163553,0.0152150815972,0.0144327230451,0.000386075322963,1.0,1.0,0.99477124183,0.133333333333,0.994666666667,13.3176432292,665.417417399,33250.0780934,0.266666666667,0.0,0.0,7.95116790233e-07,Class 4
0.53728,433.693333333,27311.4275563,516.345660807,0.785286796241,1.0,1526.88262705,0.557252299454,0.636045747143,0.00895619270833,0.462848259953,0.194393567811,1.0,1.0,0.793926913101,9.612,0.730666666667,1546.7968099,137584.31554,13102329.0203,8.58933333333,0.412,278.576,2.58627638359e-05,Class 4
0.817728,141.024,9352.57850681,208.362577474,0.913499615627,1.0,635.003130247,0.248167513699,0.267778180633,0.0125424149306,0.235636927021,0.483255673901,1.0,1.0,0.918106472863,3.66666666667,0.904,638.123976562,61398.5757872,6299180.78746,2.88,0.269333333333,124.389333333,8.40979126693e-06,Class 4
0.667370666667,272.298666667,18894.5874584,325.242910807,0.859732591909,1.0,1133.66755295,0.422116260361,0.469393103854,0.0107637482639,0.356038575471,0.302486363068,1.0,1.0,0.864415069042,6.86933333333,0.816,1144.2303099,103840.250886,9969184.97449,5.36533333333,-0.554666666667,218.197333333,1.62381931369e-05,Class 4
0.808156444444,158.306666667,9306.47302219,229.157827474,0.920734024542,1.0,646.638546317,0.260778850154,0.280370983605,0.012766859375,0.216740658887,0.444654942304,1.0,1.0,0.923868456333,3.80666666667,0.898666666667,650.066476563,61518.8713575,6234604.2325,3.11733333333,0.537333333333,123.058666667,9.44042165043e-06,Class 4
0.808156444444,158.306666667,9306.47302219,229.157827474,0.920734024542,1.0,646.638546317,0.260778850154,0.280370983605,0.012766859375,0.216740658887,0.444654942304,1.0,1.0,0.923868456333,3.80666666667,0.898666666667,650.066476563,61518.8713575,6234604.2325,3.11733333333,0.537333333333,123.058666667,9.44042165043e-06,Class 4
0.612771555556,334.186666667,22293.6894062,413.678910807,0.829274340222,1.0,1296.72723548,0.47603816812,0.540824614274,0.0100295260417,0.403009588196,0.264431246427,1.0,1.0,0.836135386497,8.00533333333,0.781333333333,1310.7443099,117357.577542,11152227.4207,6.59733333333,0.0586666666667,244.389333333,1.99288072304e-05,Class 4
0.921820444444,89.2266666667,917.163142278,68.0461608073,0.961880208903,1.0,142.640156884,0.101028307072,0.11034790713,0.0141615260417,0.101028307072,0.200094990295,1.0,1.0,0.962893774345,1.14666666667,0.96,142.950976563,9939.74902157,774527.082825,1.76533333333,0.2,13.4666666667,5.32092156024e-06,Class 4
0.698602666667,277.922666667,11942.7007345,308.292827474,0.861266631729,1.0,851.086718162,0.353181587626,0.404296137347,0.0110515260417,0.314037473503,0.20659098858,1.0,1.0,0.866661810861,5.60666666667,0.834666666667,858.182809896,73150.0059044,6734283.70215,5.58666666667,0.476,145.24,1.6573573399e-05,Class 4
0.841962666667,176.808,3311.26823004,138.037660807,0.923108243651,1.0,358.597803316,0.207617453145,0.225078276541,0.0129944149306,0.196482510377,0.258460427774,1.0,1.0,0.925450741079,2.572,0.917333333333,360.370143229,28862.1922898,2596923.54046,3.46933333333,0.0706666666667,45.9706666667,1.05437257086e-05,Class 4
0.599502222222,343.24,29288.1427633,465.080577474,0.821597174892,1.0,1572.41253997,0.537017635833,0.599709706379,0.00980974826389,0.447172090594,0.370256278776,1.0,1.0,0.829571480847,8.95866666667,0.773333333333,1590.24914323,154106.283045,15800091.1786,6.62133333333,-0.350666666667,312.032,2.0468691531e-05,Class 4
0.780636444444,271.037333333,2562.07414189,172.427744141,0.887202641831,1.0,405.358874028,0.247784816199,0.279783128323,0.012048859375,0.241510901909,0.118942629949,1.0,1.0,0.890255081506,3.32666666667,0.882666666667,408.179809896,27875.071045,2139710.4583,5.336,0.06,34.3893333333,1.61629750885e-05,Class 4
0.743104,253.914666667,9359.71478583,252.032827474,0.881360585218,1.0,723.307493204,0.325424631658,0.357879245073,0.0117450815972,0.284608088954,0.313209305583,1.0,1.0,0.885994038264,4.71466666667,0.861333333333,728.750309896,63388.7454278,6012536.67432,5.008,0.130666666667,118.856,1.51418861065e-05,Class 4
0.761649777778,177.056,12027.0322137,248.077077474,0.902693895516,1.0,779.360925275,0.291020970417,0.324827147822,0.0120470815972,0.244520612022,0.367212270526,1.0,1.0,0.906236011676,4.736,0.872,784.198309896,70777.9897195,6750376.24055,3.568,0.144,151.933333333,1.05585148809e-05,Class 4
0.968355555556,33.3333333333,441.721443821,19.9877441406,0.986671997868,1.0,59.9291544108,0.0387577233694,0.0426548600792,0.0149697482639,0.0307526332571,0.15926708462,1.0,1.0,0.986928104575,0.466666666667,0.984,59.9426432292,4327.71103719,349458.684783,0.666666666667,-0.0666666666667,6.66666666667,1.98779197558e-06,Class 4
0.752490666667,176.149333333,13353.5976703,261.903244141,0.910960656468,1.0,837.36464562,0.298082148301,0.33319303824,0.0124815260417,0.213969342059,0.362862263332,1.0,1.0,0.914460767428,5.01333333333,0.866666666667,842.627643229,76956.9690111,7403781.60571,3.54133333333,0.138666666667,166.776,1.05044469391e-05,Class 4
0.685816888889,253.226666667,15998.1778639,321.972410807,0.876730789648,1.0,1002.14453638,0.36214433947,0.404130173867,0.0113544149306,0.270889458392,0.345760372349,1.0,1.0,0.879410710016,6.224,0.826666666667,1010.2523099,90417.7324382,8626388.07581,5.11466666667,0.128,189.450666667,1.51008580801e-05,Class 4
0.963079111111,41.352,460.845121005,20.5262441406,0.984006192867,1.0,68.9886070601,0.0506568116548,0.0544737816926,0.0148864149306,0.0426548600792,0.188382683516,1.0,1.0,0.984308735783,0.542666666667,0.981333333333,69.0291432292,4926.2427325,394984.975061,0.813333333333,-0.137333333333,6.936,2.46597521323e-06,Class 4
0.803377777778,141.517333333,10348.2915548,219.941744141,0.928328019515,1.0,678.610814667,0.262760905217,0.284530925281,0.0129190815972,0.200063679742,0.425288524418,1.0,1.0,0.93064990942,3.988,0.896,682.235809896,63310.2010867,6184550.23975,2.79733333333,0.273333333333,135.304,8.43921058817e-06,Class 4
0.973560888889,25.8773333333,431.728129495,19.4599108073,0.988004396798,1.0,51.9547461352,0.0362552632772,0.0384667400047,0.0149681927083,0.0362552632772,0.286344060217,1.0,1.0,0.988212287582,0.394666666667,0.986666666667,51.9623098958,3857.11561532,318461.566655,0.528,0.0,6.53333333333,1.54316266648e-06,Class 4
0.808270222222,209.976,5083.43150608,170.656744141,0.912295552615,1.0,481.179826839,0.246735790763,0.270424663941,0.0126955260417,0.213509053072,0.263774685115,1.0,1.0,0.915241874662,3.28933333333,0.898666666667,483.955143229,40639.9246596,3810868.83428,4.05066666667,-0.0626666666667,68.5973333333,1.25216582359e-05,Class 4
0.989376,12.8053333333,-0.0159592523546,6.39882747396,0.994668887039,1.0,12.7979981336,0.0144327230451,0.0160382163553,0.0152150815972,0.0144327230451,0.000386075322963,1.0,1.0,0.994773333333,0.130666666667,0.994666666667,12.7899765625,626.261568441,30667.247667,0.261333333333,0.0,0.0,7.6363016534e-07,Class 4
0.654570666667,285.952,20930.7401334,369.885410807,0.869229290753,1.0,1224.9859867,0.44372151696,0.483942360721,0.011108859375,0.328396836754,0.336874806952,1.0,1.0,0.872398548433,7.296,0.808,1236.82764323,114109.988719,11125516.4373,5.53066666667,-0.208,237.946666667,1.705239273e-05,Class 4
0.932046222222,69.1253333333,1403.93135765,55.2009941406,0.972010303742,1.0,151.44038535,0.0876770375904,0.095391144338,0.0144819704861,0.0733134612599,0.228219265579,1.0,1.0,0.972514049494,1.08533333333,0.965333333333,151.678643229,11914.9044955,1032838.80927,1.36,-1.38777878078e-17,20.672,4.12220348728e-06,Class 4
0.911594666667,121.44,511.583673881,67.5844941406,0.957348547134,1.0,150.826531566,0.115366218396,0.127290821657,0.0140819704861,0.107396129059,0.0992883154858,1.0,1.0,0.958122694725,1.27733333333,0.954666666667,151.243976562,9677.02412052,686256.184147,2.272,-0.00533333333333,7.49066666667,7.24192372544e-06,Class 4
0.876437333333,135.192,2462.54754733,112.915660807,0.942419040015,1.0,273.799411441,0.163511980083,0.176568383506,0.0135321927083,0.152353741023,0.225243127079,1.0,1.0,0.944074445563,1.99066666667,0.936,274.826809896,21310.1087169,1831224.74028,2.632,0.204,34.9706666667,8.06200718289e-06,Class 4
0.837283555556,127.893333333,6680.58758614,171.753160807,0.929776965797,1.0,488.271513591,0.20443408247,0.225251169199,0.013000859375,0.183773056872,0.38403153568,1.0,1.0,0.932634044983,3.04533333333,0.914666666667,490.340309896,43526.3594799,4121441.19524,2.59733333333,0.338666666667,90.7066666667,7.62676025191e-06,Class 4
0.383082666667,361.941333333,97780.7647147,896.459410807,0.774044319041,1.0,3164.21364747,0.770513571616,0.859749174968,0.00797374826389,0.486507293231,0.448076880188,1.0,1.0,0.781989930455,16.8186666667,0.613333333333,3213.35464323,326659.85485,34502230.7338,7.216,0.0613333333333,713.378666667,2.15839223409e-05,Class 4
0.827285333333,160.917333333,7043.89717086,177.255077474,0.920111150959,1.0,537.974680716,0.235985959415,0.254252369244,0.0128370815972,0.224365416093,0.434469870855,1.0,1.0,0.923827385892,3.312,0.909333333333,540.632309896,48497.7123757,4649167.75871,3.104,0.0533333333333,95.032,9.59610551796e-06,Class 4
0.822449777778,227.541333333,3530.66752068,166.312994141,0.910959984116,1.0,418.542155241,0.242311632806,0.26316230965,0.0126121927083,0.237495152876,0.210973064009,1.0,1.0,0.913851706362,2.97333333333,0.906666666667,420.994643229,33757.597058,3038444.38221,4.21866666667,0.0746666666667,48.456,1.35691450954e-05,Class 4
0.419392,340.501333333,97999.5350651,929.635910807,0.774591660428,1.0,3277.8658155,0.796118709888,0.895694558728,0.00814419270833,0.529121154451,0.47841684558,1.0,1.0,0.787470172958,16.4213333333,0.645333333333,3327.47364323,357083.883855,39640110.1549,6.62933333333,0.186666666667,747.256,2.03053745422e-05,Class 4
0.761166222222,224.074666667,13946.1592539,295.228910807,0.897268664337,1.0,926.112597939,0.318392320656,0.346731660862,0.0121695260417,0.269369721306,0.364790214231,1.0,1.0,0.90151309534,5.096,0.872,931.865309896,94929.7438289,10370071.958,4.21333333333,0.130666666667,177.106666667,1.33624147299e-05,Class 4
0.751893333333,286.157333333,9273.79660784,244.737077474,0.875279742107,1.0,756.22814596,0.335158335394,0.362845248143,0.0115855260417,0.324482621105,0.331791084596,1.0,1.0,0.879840670109,4.71333333333,0.866666666667,761.846476562,69834.9520033,7029424.92057,5.38933333333,-0.302666666667,119.069333333,1.70646375286e-05,Class 4
0.756700444444,248.218666667,7668.8210747,211.637077474,0.884210047471,1.0,638.202371105,0.309697411828,0.343748540827,0.0118110815972,0.285101867793,0.253971844773,1.0,1.0,0.888829441662,4.32266666667,0.869333333333,642.921976562,53556.4261309,4871444.49989,4.88,-0.210666666667,98.8106666667,1.48022122137e-05,Class 4
0.603342222222,235.421333333,40164.2627517,531.544744141,0.831456219029,1.0,1865.47012007,0.542728071545,0.612986901937,0.00971197048611,0.435562968989,0.465135915325,1.0,1.0,0.84081578038,9.78533333333,0.776,1885.19647656,193422.056222,20573954.4772,4.77066666667,0.012,412.749333333,1.40390591184e-05,Class 4
0.871544888889,94.5946666667,5669.21649384,126.885827474,0.943904972285,1.0,408.830795221,0.168032489473,0.180615199748,0.0135353038194,0.149929807354,0.418182504103,1.0,1.0,0.947261567468,2.46,0.933333333333,410.149476563,37579.8941335,3657323.94142,1.93333333333,0.00666666666667,78.9653333333,5.64103557999e-06,Class 4
0.973546666667,42.456,-0.0160899668374,26.175327474,0.986670996678,1.0,42.4021160298,0.0368612466945,0.040072233315,0.0149679704861,0.0368612466945,0.00116312218622,1.0,1.0,0.986901684277,0.374666666667,0.986666666667,42.4101432292,2419.97124813,139072.831008,0.749333333333,0.0813333333333,0.0,2.53181088346e-06,Class 4
0.947448888889,54.4693333333,2504.87828533,63.952827474,0.9770898845,1.0,202.463021204,0.0784607196799,0.0800662129901,0.0146413038194,0.0688627417624,0.515920940878,1.0,1.0,0.978255372284,1.09333333333,0.973333333333,202.664309896,20744.6205424,2268925.14268,0.970666666667,-0.00266666666667,37.0826666667,3.24821111146e-06,Class 4
0.916657777778,126.714666667,640.757217617,69.506327474,0.957399634032,1.0,163.794127349,0.110293755876,0.121532209048,0.0140810815972,0.110293755876,0.0746843329879,1.0,1.0,0.958372009329,1.28,0.957333333333,164.187643229,11672.2799695,944976.733324,2.26133333333,-0.0666666666667,9.408,7.55647192766e-06,Class 4
0.916615111111,89.9413333333,3644.74194958,97.6941608073,0.960309850101,1.0,300.253917186,0.11932073232,0.126348688979,0.0141586371528,0.112952910333,0.440670353493,1.0,1.0,0.962065386477,1.688,0.957333333333,300.835309896,29668.9068601,3142026.98886,1.648,-4.16333634234e-17,52.776,5.36353982019e-06,Class 4
0.599672888889,211.0,40157.9825144,519.106244141,0.829937875343,1.0,1828.41545856,0.511922739845,0.588178629594,0.00977419270833,0.412266905267,0.477044208578,1.0,1.0,0.841092248788,9.756,0.773333333333,1846.91214323,185526.434884,19255498.0222,4.46666666667,0.0786666666667,409.282666667,1.25827232054e-05,Class 4
0.942328888889,75.5413333333,-0.0163557324792,34.4164108073,0.97067808788,1.0,75.3268131503,0.0739194446773,0.0826330613177,0.0144817482639,0.0739194446773,0.00244450339281,1.0,1.0,0.971234165605,0.744,0.970666666667,75.4493098958,3830.97032886,194677.475778,1.488,-0.0666666666667,0.0,4.50481368674e-06,Class 4
0.95264,35.512,2222.69192312,62.9534941406,0.978437584777,1.0,167.226401643,0.0720737283828,0.0720737283828,0.0146410815972,0.0704682350726,0.800469097719,1.0,1.0,0.979632548309,0.934666666667,0.976,167.374809896,16657.5805294,1771117.81616,0.722666666667,0.22,32.9946666667,2.11771405911e-06,Class 4
1.0,0.0,-0.015873015873,0.000244140625,1.0,1.0,0.0,-0.0,-0.0,0.015380859375,-0.0,nan,1.0,1.0,1.0,0.0,1.0,0.0009765625,-3.0517578125e-05,9.53674316406e-07,0.0,0.0,0.0,0.0,Class 4
0.871516444444,86.4693333333,6004.72379862,137.352994141,0.953880589253,1.0,418.383110124,0.165033959794,0.180089383003,0.0136917482639,0.131519138405,0.499552395917,1.0,1.0,0.954903283531,2.49866666667,0.933333333333,419.693976562,38350.6284434,3692145.44503,1.75466666667,0.208,83.384,5.15649140802e-06,Class 4
