0.711872507662,10.0071317829,403.839931949,22.2678597384,0.915322172836,1.0,78.6653029702,0.346031931816,0.387236938313,0.0460451531609,0.223326989674,0.390099584574,1.0,1.0,0.920095834398,1.70248062016,0.842790697674,80.0664001938,2009.93505753,52265.3437882,0.813953488372,-0.0187596899225,17.7237209302,0.000153896682552,Class 1
0.498744546602,11.4306976744,1328.13080158,46.3447202035,0.882542216958,1.0,169.343314808,0.550739227644,0.616837215258,0.0409004383,0.288244609626,0.466157667982,1.0,1.0,0.889041684414,3.52310077519,0.70015503876,175.055314922,4541.33081819,120357.644033,0.986666666667,-0.0207751937984,41.3426356589,0.000175789276039,Class 1
0.844883937263,6.08465116279,133.695872239,9.66297601744,0.954443549977,1.0,32.9055920787,0.189579443971,0.206788223941,0.0522289281744,0.121863658614,0.381912480644,1.0,1.0,0.957183803277,0.782790697674,0.918759689922,33.0874854651,757.359921875,18157.5228677,0.495813953488,-0.0100775193798,6.84465116279,9.35740278784e-05,Class 1
0.832868890091,4.77953488372,196.227840212,11.9268907461,0.956939957554,1.0,43.2590622612,0.211108020544,0.229102799864,0.0519472984646,0.123862602391,0.49664112327,1.0,1.0,0.959211843712,0.938294573643,0.912248062016,43.5532994186,1077.12701974,27560.2076569,0.405581395349,-0.0120930232558,9.80682170543,7.35030355051e-05,Class 1
0.711872507662,10.0071317829,403.839931949,22.2678597384,0.915322172836,1.0,78.6653029702,0.346031931816,0.387236938313,0.0460451531609,0.223326989674,0.390099584574,1.0,1.0,0.920095834398,1.70248062016,0.842790697674,80.0664001938,2009.93505753,52265.3437882,0.813953488372,-0.0187596899225,17.7237209302,0.000153896682552,Class 1
0.844883937263,6.08465116279,133.695872239,9.66297601744,0.954443549977,1.0,32.9055920787,0.189579443971,0.206788223941,0.0522289281744,0.121863658614,0.381912480644,1.0,1.0,0.957183803277,0.782790697674,0.918759689922,33.0874854651,757.359921875,18157.5228677,0.495813953488,-0.0100775193798,6.84465116279,9.35740278784e-05,Class 1
0.501414963043,8.00713178295,1565.76145084,50.8078209787,0.910816396461,1.0,189.010697417,0.547736283849,0.601519578788,0.0441643166727,0.241936114088,0.558349739333,1.0,1.0,0.915276698753,3.7480620155,0.701395348837,195.064074612,5234.09822614,142552.326419,0.692403100775,0.00356589147287,47.2288372093,0.000123139281552,Class 1
0.600692842978,10.6765891473,800.207268552,34.4487512112,0.898804877988,1.0,125.054842,0.457324132528,0.509344121416,0.0432425451445,0.258027511299,0.45367233424,1.0,1.0,0.904143680609,2.61457364341,0.772403100775,128.33686531,3314.09882207,87830.5055542,0.896124031008,-0.0238759689922,29.7379844961,0.000164192066856,Class 1
0.498744546602,11.4306976744,1328.13080158,46.3447202035,0.882542216958,1.0,169.343314808,0.550739227644,0.616837215258,0.0409004383,0.288244609626,0.466157667982,1.0,1.0,0.889041684414,3.52310077519,0.70015503876,175.055314922,4541.33081819,120357.644033,0.986666666667,-0.0207751937984,41.3426356589,0.000175789276039,Class 1
0.677075944955,5.50325581395,688.016787218,29.9002240795,0.929761331987,1.0,113.568383125,0.363019632393,0.405831773729,0.0464440835136,0.202094729896,0.53782741622,1.0,1.0,0.932790427918,2.23255813953,0.820775193798,115.577795543,3087.19153525,83675.0763682,0.491162790698,-0.0263565891473,27.7937984496,8.46329229366e-05,Class 1
0.431607427438,17.0449612403,1529.21942116,50.8917744671,0.851418005357,1.0,182.392850992,0.59941078743,0.65885052185,0.0385177449522,0.296480388454,0.488128063674,1.0,1.0,0.859541002925,3.92372093023,0.646511627907,189.495004845,4866.47310501,128856.978025,1.45674418605,-0.0548837209302,43.5990697674,0.000262129353946,Class 1
0.338495138513,18.6641860465,2363.85005452,63.1429760174,0.830414862479,1.0,225.052073263,0.684421110209,0.759726530897,0.0355991463103,0.338810949275,0.438603391102,1.0,1.0,0.839526322515,4.90945736434,0.561860465116,235.585082364,5952.47675812,154276.509309,1.60124031008,-0.0313178294574,54.84,0.000287030927282,Class 1
0.713152046151,6.97457364341,436.929246701,21.902162064,0.930556725456,1.0,80.5002793905,0.328117737721,0.361048312904,0.0477968267382,0.182856389137,0.499615774617,1.0,1.0,0.934166638271,1.7319379845,0.843100775194,81.8153924419,2036.09812924,52033.3257311,0.608062015504,-0.022480620155,18.9227906977,0.000107259879176,Class 1
0.650861943393,15.5572093023,392.620746574,24.0644876453,0.881437339633,1.0,78.7388141586,0.391013633442,0.439690793203,0.0428130517247,0.266081677383,0.28040087679,1.0,1.0,0.888788340858,1.88744186047,0.804651162791,80.6098885659,1878.25685501,46049.8710629,1.26511627907,0.00186046511628,16.4951937984,0.000239249662473,Class 1
0.639253217956,11.736744186,572.217979339,27.9903015988,0.907566237103,1.0,99.7420330047,0.414029587772,0.454851837717,0.0456092899315,0.227499482129,0.429973661863,1.0,1.0,0.91302180765,2.18682170543,0.797209302326,102.114462209,2541.44054203,65505.9164723,0.952868217054,-0.0364341085271,22.863875969,0.00018049587368,Class 1
0.826712721591,5.63534883721,186.249894145,11.8196039244,0.949844651124,1.0,42.0595553938,0.21537933164,0.236911713158,0.0510494557869,0.138598156741,0.440899289455,1.0,1.0,0.952705440554,0.939224806202,0.908837209302,42.3683381783,1027.02803719,25899.8748905,0.478139534884,-0.013023255814,9.29674418605,8.66643419794e-05,Class 1
0.498744546602,11.4306976744,1328.13080158,46.3447202035,0.882542216958,1.0,169.343314808,0.550739227644,0.616837215258,0.0409004383,0.288244609626,0.466157667982,1.0,1.0,0.889041684414,3.52310077519,0.70015503876,175.055314922,4541.33081819,120357.644033,0.986666666667,-0.0207751937984,41.3426356589,0.000175789276039,Class 1
0.713152046151,6.97457364341,436.929246701,21.902162064,0.930556725456,1.0,80.5002793905,0.328117737721,0.361048312904,0.0477968267382,0.182856389137,0.499615774617,1.0,1.0,0.934166638271,1.7319379845,0.843100775194,81.8153924419,2036.09812924,52033.3257311,0.608062015504,-0.022480620155,18.9227906977,0.000107259879176,Class 1
0.641464238928,9.39813953488,619.844601278,28.7047977229,0.91358176235,1.0,103.88645743,0.406826230059,0.449503623504,0.0457789672345,0.220032656287,0.465791191831,1.0,1.0,0.918542820229,2.23643410853,0.798449612403,106.257718023,2662.91348777,68618.0453677,0.797209302326,-0.0172093023256,24.4905426357,0.000144531173162,Class 1
0.771717372754,7.38976744186,266.777339106,15.8620457849,0.939320051235,1.0,56.3752733139,0.266694803278,0.292265117012,0.0500359950574,0.154030955253,0.4585803565,1.0,1.0,0.943061376608,1.26356589147,0.877519379845,57.0359350775,1381.45387052,34741.402749,0.62015503876,-0.0195348837209,12.5655813953,0.000113645020252,Class 1
0.645309777057,7.36062015504,696.117340451,30.119410126,0.927929742562,1.0,112.373102886,0.402280521952,0.439970772041,0.0472054199718,0.198393014899,0.533141908358,1.0,1.0,0.931573984155,2.33333333333,0.800620155039,114.814849806,2940.3692775,76809.7314021,0.623875968992,-0.0325581395349,27.1513178295,0.000113196772857,Class 1
0.846498071029,6.27100775194,132.027232258,9.6035186531,0.953503797998,1.0,32.7947526464,0.190651946902,0.209158633333,0.0521459884472,0.127746816276,0.373748691021,1.0,1.0,0.956523653349,0.778294573643,0.919689922481,32.9784156977,755.604345325,18132.8894011,0.504186046512,-0.0161240310078,6.77023255814,9.6439950049e-05,Class 1
0.805005372273,7.09643410853,187.326568184,12.350650436,0.943831149315,1.0,43.0330358883,0.224873066475,0.246031222246,0.0506704521213,0.143386126303,0.407528843638,1.0,1.0,0.94715184428,1.01333333333,0.896434108527,43.4029118217,1002.34971354,24139.0852054,0.589147286822,-0.0217054263566,9.19937984496,0.000109133934772,Class 1
0.549254011177,7.68248062016,1301.84925127,45.8212705911,0.931952614429,1.0,172.873279954,0.482925288497,0.516784356652,0.0480052877682,0.189585598719,0.623054750367,1.0,1.0,0.935364525655,3.3696124031,0.733643410853,177.479966085,4827.9634054,133381.842361,0.629457364341,-0.0331782945736,42.8666666667,0.000118146568553,Class 1
0.451537191275,7.47286821705,2194.91797451,61.449526405,0.925695326044,1.0,233.520950116,0.565702902486,0.604077177026,0.0466820019079,0.203566640998,0.649321387726,1.0,1.0,0.929174588977,4.47751937984,0.656744186047,241.109578488,6667.19099261,186609.207221,0.633798449612,-0.0499224806202,58.9649612403,0.000114923002185,Class 1
0.704798509705,11.8297674419,362.10857821,21.4895651647,0.905823471246,1.0,73.5002670457,0.350616753551,0.392054058772,0.0452371608527,0.234381868424,0.340207390809,1.0,1.0,0.91131990232,1.6584496124,0.838449612403,74.8896560078,1828.52356529,46646.827015,0.958449612403,-0.0144186046512,15.968372093,0.000181926450471,Class 1
0.586791178415,7.65271317829,1009.09910518,38.699526405,0.923559444666,1.0,145.169313094,0.464583819027,0.509178125925,0.0466149386305,0.211078489562,0.559255243931,1.0,1.0,0.927794829202,2.9088372093,0.762170542636,148.920276163,3953.66098292,106866.733747,0.649302325581,-0.0322480620155,35.6765891473,0.00011768878398,Class 1
0.506471197644,5.51813953488,1641.91417186,51.0271233043,0.929397383755,1.0,193.828157692,0.526639043552,0.569246470541,0.0463792556787,0.20321014496,0.623547444225,1.0,1.0,0.932392708067,3.81395348837,0.702015503876,199.693764535,5349.24862827,144859.548093,0.494263565891,-0.0207751937984,49.016744186,8.48618152231e-05,Class 1
0.617374148188,4.28775193798,971.603407553,36.6404566376,0.951644658488,1.0,140.562954533,0.421351979154,0.449364650847,0.0502600921669,0.150742844761,0.666648640461,1.0,1.0,0.953807181191,2.77457364341,0.780775193798,143.690043605,3810.00265928,102213.285419,0.369612403101,-0.0257364341085,35.1934883721,6.59400528717e-05,Class 1
0.38314399375,17.5159689922,1954.70621664,57.5788674903,0.841784177566,1.0,206.411546101,0.655167749779,0.722136939619,0.03696756167,0.318463438066,0.470936010683,1.0,1.0,0.850195047846,4.43085271318,0.606511627907,215.394307171,5540.14247032,146579.424878,1.50356589147,-0.0482170542636,50.0195348837,0.000269372841096,Class 1
0.599133129019,3.20930232558,1262.44609906,44.5938674903,0.965888399921,1.0,173.436199318,0.402905435808,0.421278422258,0.0525045606484,0.113571031396,0.75101956531,1.0,1.0,0.967189382968,3.20651162791,0.764651162791,176.853919574,4956.18865734,139845.254542,0.265426356589,-0.0303875968992,43.8080620155,4.93548992785e-05,Class 1
0.768990036656,10.224496124,224.782358243,15.4425884205,0.920658147908,1.0,51.8528337678,0.27791516566,0.311426979592,0.0474310915059,0.200751986466,0.311552402539,1.0,1.0,0.925391515461,1.20992248062,0.876279069767,52.5312839147,1247.19341509,31190.4190717,0.828527131783,-0.0186046511628,10.7240310078,0.000157239463653,Class 1
0.409159353404,16.920620155,1734.07272217,54.1883636143,0.852643696803,1.0,194.592375939,0.625273037131,0.683829510149,0.0385476229644,0.297372260134,0.487844503747,1.0,1.0,0.860588763949,4.17472868217,0.627906976744,202.571051357,5206.61923389,137722.664617,1.44217054264,-0.0516279069767,46.9305426357,0.000260217149635,Class 1
0.649356456944,3.55813953488,919.522467487,35.9530147771,0.961671292108,1.0,139.660649401,0.366902008358,0.386322851138,0.0519261338712,0.123237607154,0.709769873469,1.0,1.0,0.963217849334,2.6392248062,0.799689922481,142.095392442,3905.28590056,108280.843783,0.304186046512,-0.0317829457364,34.9603100775,5.47195622435e-05,Class 1
0.760805913106,9.84403100775,267.231738968,17.0305729167,0.920379769661,1.0,58.6207378474,0.291095397628,0.328006758192,0.0471509761282,0.207231433902,0.336564666833,1.0,1.0,0.925208038731,1.31457364341,0.871627906977,59.425004845,1456.81520288,37385.0039772,0.798449612403,-0.0221705426357,12.5556589147,0.000151388404579,Class 1
0.697236079563,11.4837209302,388.068975388,21.947782219,0.901436404847,1.0,76.7960449409,0.348287079387,0.395204323473,0.0442871458296,0.247346666516,0.338514313783,1.0,1.0,0.907202260272,1.72604651163,0.833798449612,78.2319815891,1903.59067769,48146.9896022,0.945426356589,-0.0367441860465,16.8989147287,0.000176604704809,Class 1
0.564737503756,4.90294573643,1461.09469575,50.0575496609,0.949627962853,1.0,192.720905127,0.426297879918,0.454605505955,0.0499140913256,0.155128247388,0.681885210522,1.0,1.0,0.951712113468,3.54542635659,0.739534883721,196.827718023,5570.65988796,158931.640622,0.403100775194,-0.0254263565891,48.4204651163,7.54009340474e-05,Class 1
0.705854215492,14.2818604651,292.163307958,19.7254566376,0.88960405971,1.0,64.8431782253,0.340169117616,0.38929178814,0.0436049752869,0.260991187164,0.246135956616,1.0,1.0,0.8966375898,1.54527131783,0.839069767442,66.0730668605,1553.21776102,38621.3764578,1.15379844961,-0.0271317829457,13.1370542636,0.000219636454673,Class 1
0.431607427438,17.0449612403,1529.21942116,50.8917744671,0.851418005357,1.0,182.392850992,0.59941078743,0.65885052185,0.0385177449522,0.296480388454,0.488128063674,1.0,1.0,0.859541002925,3.92372093023,0.646511627907,189.495004845,4866.47310501,128856.978025,1.45674418605,-0.0548837209302,43.5990697674,0.000262129353946,Class 1
0.712615924524,12.7817054264,309.023899252,19.6720845446,0.900778097982,1.0,66.357148308,0.336078598298,0.379291743376,0.044807859729,0.240240610168,0.297811177598,1.0,1.0,0.906665814805,1.54713178295,0.843100775194,67.5660901163,1609.63444707,40318.5220683,1.03348837209,-0.0311627906977,13.8855813953,0.000196566019629,Class 1
0.407403112794,15.903255814,1854.7798726,56.0925109012,0.858147861107,1.0,203.114101468,0.627768448981,0.683969480874,0.0388926022324,0.291266866166,0.512341255446,1.0,1.0,0.86549564131,4.28341085271,0.626046511628,211.349888566,5503.00039184,147092.037851,1.36124031008,-0.0508527131783,49.3931782946,0.000244571408135,Class 1
0.444826056126,15.8381395349,1460.37482201,49.1839450097,0.86358031542,1.0,177.023176307,0.587407155188,0.642771814059,0.0400548520972,0.277954688197,0.49817312126,1.0,1.0,0.87117426243,3.81271317829,0.657364341085,183.745857558,4696.78579881,123662.526116,1.35007751938,-0.0536434108527,42.4496124031,0.000243570004381,Class 1
0.516125232859,17.6992248062,943.2059063,40.143286095,0.852927157365,1.0,138.628790503,0.540490145535,0.6148356271,0.0384817254822,0.338006858754,0.332929047563,1.0,1.0,0.86219907999,3.07906976744,0.714108527132,143.469578488,3561.96252362,91538.3248081,1.43875968992,-0.0117829457364,31.8235658915,0.000272191077373,Class 1
0.484200420648,15.848372093,1127.33719217,42.5536349322,0.866398703498,1.0,151.738751412,0.536508027672,0.592430733291,0.0406514027853,0.274575275963,0.451539921256,1.0,1.0,0.874140159582,3.36511627907,0.687131782946,157.005625,3895.93596839,99734.4041468,1.34418604651,-0.0506976744186,35.7060465116,0.000243727367828,Class 1
0.338495138513,18.6641860465,2363.85005452,63.1429760174,0.830414862479,1.0,225.052073263,0.684421110209,0.759726530897,0.0355991463103,0.338810949275,0.438603391102,1.0,1.0,0.839526322515,4.90945736434,0.561860465116,235.585082364,5952.47675812,154276.509309,1.60124031008,-0.0313178294574,54.84,0.000287030927282,Class 1
0.702584411994,13.6986046512,420.536221603,24.8191388081,0.906134746175,1.0,85.4895955068,0.347194729453,0.387368926359,0.0459257132234,0.233832857697,0.337400391055,1.0,1.0,0.912350058211,1.7903875969,0.836589147287,86.9759350775,2291.96922905,63150.0766298,1.04186046512,-0.024496124031,18.5392248062,0.000210666738196,Class 1
0.876208208641,4.16279069767,159.679373075,9.81452640504,0.968477686888,1.0,37.1190267403,0.15997864293,0.172883320201,0.0539367702512,0.0981946084751,0.535677766511,1.0,1.0,0.970348993384,0.737829457364,0.935813953488,37.2122916667,1002.49206335,27918.2563803,0.328992248062,-0.0364341085271,8.35069767442,6.40183113829e-05,Class 1
0.801818448411,9.01488372093,166.061107228,12.4341000484,0.933001159348,1.0,40.9853359135,0.239565770475,0.265445986236,0.0493817314915,0.167460104802,0.306832372453,1.0,1.0,0.937045304824,0.988992248062,0.89488372093,41.3967877907,952.947702883,23232.9033473,0.730852713178,-0.0125581395349,8.21519379845,0.000138637196785,Class 1
0.79097679226,9.77891472868,167.550786469,12.8888674903,0.927601279548,1.0,41.6867596986,0.247453480047,0.275498970982,0.0487520698125,0.17940948326,0.280533303089,1.0,1.0,0.93211271545,1.0296124031,0.888682170543,42.1454699612,946.913681565,22529.9394568,0.791007751938,-0.00759689922481,8.21643410853,0.000150387000826,Class 1
0.697258001322,2.78139534884,712.998325866,29.5696814438,0.969691423474,1.0,115.770786342,0.334483630783,0.353932286053,0.0533974877561,0.103037778735,0.744964383015,1.0,1.0,0.971360862652,2.20310077519,0.831937984496,117.52058624,3200.04218447,88066.5853362,0.233178294574,-0.0365891472868,28.9562790698,4.27742460413e-05,Class 1
0.664410359954,10.8939534884,502.522624535,26.2179760174,0.907792039557,1.0,91.0463954539,0.388192798797,0.430580713925,0.0452292526741,0.230716098507,0.405457877449,1.0,1.0,0.912989919641,2.00139534884,0.813333333333,93.0183381783,2303.89904978,59035.085203,0.900775193798,0.0193798449612,20.7773643411,0.000167534847957,Class 2
0.773707637762,7.97302325581,233.44392936,15.1813481105,0.938779945129,1.0,51.1350355546,0.253357648259,0.276324653342,0.0500999335226,0.150889141614,0.403043343265,1.0,1.0,0.942391018542,1.20108527132,0.878449612403,51.7031443798,1195.38479591,28748.647669,0.658294573643,0.0212403100775,11.0787596899,0.000122614736729,Class 2
0.392386515233,21.8691472868,1750.79067833,58.0421233043,0.816028921757,1.0,199.416233767,0.666377256994,0.746401248365,0.0340112489484,0.381015718187,0.381158405227,1.0,1.0,0.826037084363,4.26728682171,0.617054263566,208.228648256,5437.55593447,147087.650157,1.80899224806,0.0359689922481,47.119379845,0.00033631906631,Class 2
0.717471786551,5.0111627907,491.573235727,23.5887899709,0.949911342716,1.0,87.0138333517,0.326226897106,0.350257672365,0.0505658790788,0.142937128314,0.596974459576,1.0,1.0,0.952378240622,1.80418604651,0.845271317829,88.3752374031,2251.48009629,58504.2880906,0.435658914729,0.0184496124031,21.0626356589,7.70651717139e-05,Class 2
0.745142239048,5.46201550388,501.666059386,25.228402374,0.948193129769,1.0,92.8985328617,0.290974598129,0.316864401552,0.0505716840184,0.153797300488,0.582093272695,1.0,1.0,0.951398628503,1.75147286822,0.861085271318,93.9922916667,2632.36158854,75172.4638948,0.457984496124,0.0271317829457,22.3475968992,8.39987005594e-05,Class 2
0.665647400998,9.38604651163,490.514774068,24.9731698159,0.924239042961,1.0,87.4740166183,0.353753226268,0.38356265234,0.0479391979899,0.181466582603,0.483294880593,1.0,1.0,0.928579677429,1.97612403101,0.812403100775,89.1726792636,2126.19532401,52153.8573711,0.782635658915,0.0260465116279,20.1897674419,0.00014434519818,Class 2
0.658564942011,9.56868217054,506.377196556,25.7154178779,0.922904353513,1.0,89.5482425101,0.358117068747,0.38506071543,0.0479040678895,0.173923141721,0.498026482986,1.0,1.0,0.927289505069,2.01906976744,0.807751937984,91.3183381783,2188.83256722,54042.941264,0.805891472868,0.0382945736434,20.6858914729,0.000147153897279,Class 2
0.720869082387,6.90201550388,539.313993815,26.8681310562,0.93943311299,1.0,98.0536928751,0.325678538124,0.358578164748,0.0491656146716,0.176086691543,0.522695021417,1.0,1.0,0.942870261521,1.89131782946,0.847441860465,99.4814389535,2733.22462149,76702.780702,0.553488372093,0.0184496124031,23.3773643411,0.000106144029279,Class 2
0.485223628388,11.5885271318,1568.29065921,52.7985961725,0.893229251307,1.0,191.007070745,0.569518380631,0.629641032559,0.0423856975993,0.276034760676,0.499839980533,1.0,1.0,0.899023596558,3.82279069767,0.689612403101,197.495547481,5301.81259629,145114.413139,0.94480620155,0.0373643410853,46.9506976744,0.000178216487994,Class 2
0.357151132744,28.1624806202,1590.10742668,55.7192163275,0.777526831847,1.0,184.678740544,0.689984292766,0.784398195708,0.031111002569,0.424371533818,0.281615837436,1.0,1.0,0.791190902121,4.27224806202,0.58511627907,193.873299419,4762.17097323,122306.021087,2.30697674419,0.0120930232558,41.9578294574,0.000433102354789,Class 2
0.554376395649,7.02759689922,1241.88521177,44.7975884205,0.92758597385,1.0,165.901419251,0.484400645515,0.52060479374,0.0466093620425,0.2022757307,0.587154260465,1.0,1.0,0.930597907261,3.28651162791,0.737674418605,170.407097868,4549.24429688,123128.68304,0.594108527132,0.031007751938,41.2517829457,0.000108075307947,Class 2
0.949289393666,2.67224806202,23.5234138911,2.73448764535,0.980919657526,1.0,7.94843110195,0.0698921113636,0.0760862499885,0.0560724832492,0.0539177219345,0.285842026081,1.0,1.0,0.98223126615,0.213023255814,0.974263565891,7.91221414729,165.351738735,3760.67960945,0.218914728682,0.00744186046512,1.33271317829,4.10957026069e-05,Class 2
0.663703671654,6.32310077519,636.281005153,28.8370845446,0.936993046608,1.0,104.818676875,0.376752996634,0.405363981642,0.0484521238958,0.173298524496,0.566215509618,1.0,1.0,0.939854828634,2.1903875969,0.811782945736,106.89810562,2710.58928719,70038.2408643,0.544496124031,0.0396899224806,25.4136434109,9.72410730518e-05,Class 2
0.609119836548,6.77085271318,998.667808089,39.7072395833,0.939455284944,1.0,147.390477388,0.423042057264,0.451903777523,0.0494376776486,0.172903356095,0.626348767887,1.0,1.0,0.94326210353,2.85178294574,0.774263565891,150.626942829,4122.6740837,114904.293204,0.556279069767,0.0226356589147,36.3165891473,0.000104126916004,Class 2
0.785862868818,7.91472868217,208.765081743,14.0176659399,0.935843961289,1.0,47.1827307874,0.243792317837,0.268522562311,0.0495498103329,0.156111736832,0.376781786587,1.0,1.0,0.939601101741,1.11302325581,0.885581395349,47.6677955426,1105.9357649,26832.5599365,0.664496124031,0.00976744186047,10.0734883721,0.00012171824194,Class 2
0.485952815336,10.2310077519,1599.2744171,52.7682085756,0.897079807292,1.0,193.218173375,0.556997696133,0.612027596771,0.042582380491,0.263510928699,0.522475675571,1.0,1.0,0.902095167107,3.8488372093,0.688682170543,199.574307171,5366.9320149,146823.374108,0.86976744186,0.0212403100775,47.8130232558,0.000157339604028,Class 2
0.643507193077,4.42635658915,834.690691811,34.0366194283,0.952545058985,1.0,127.229042946,0.399535086009,0.421399870442,0.0506496120275,0.141188430955,0.686006501579,1.0,1.0,0.954648365846,2.51147286822,0.798759689922,129.842989341,3462.56911761,93863.5574849,0.386666666667,0.0299224806202,31.6641860465,6.80716122898e-05,Class 2
0.817607114957,5.91100775194,192.556074372,12.6233248547,0.95125883456,1.0,43.2415561903,0.213075054828,0.232973839472,0.05155418507,0.127153460713,0.448592248479,1.0,1.0,0.954095692421,0.980620155039,0.903565891473,43.557252907,1037.6341273,25660.7967921,0.497054263566,0.02,9.53023255814,9.09036178691e-05,Class 2
0.669001430203,6.14325581395,620.951723777,28.2875496609,0.934174888334,1.0,102.957099971,0.377829363506,0.411035687753,0.0479770082177,0.180624508459,0.5606068506,1.0,1.0,0.937381676463,2.14356589147,0.815813953488,104.997795543,2678.23962633,69721.0429525,0.542635658915,0.037519379845,24.9776744186,9.44752912565e-05,Class 2
0.508288973018,10.1460465116,1447.36886458,50.5692550872,0.895276194333,1.0,183.800906546,0.533465450017,0.591467278046,0.0422996210414,0.26748066563,0.511159894793,1.0,1.0,0.900545617174,3.63643410853,0.706356589147,189.473376938,5127.93171451,141272.337407,0.868527131783,0.0466666666667,45.2824806202,0.000156033010559,Class 2
0.60055342828,5.37612403101,1002.23626772,38.5012318314,0.944089067936,1.0,143.135820201,0.444228173703,0.471057359256,0.0494860761823,0.160531017993,0.662759916326,1.0,1.0,0.946739841554,2.84465116279,0.770542635659,146.586477713,3904.35426781,105822.506126,0.468217054264,0.0356589147287,35.6542635659,8.26778013227e-05,Class 2
0.615533104982,8.01488372093,809.729734185,34.3091000484,0.921316414528,1.0,124.927761297,0.437368057483,0.474279982634,0.0463240306322,0.204496804638,0.549562763045,1.0,1.0,0.925121489621,2.56589147287,0.781705426357,127.95810562,3337.46526587,89034.5410823,0.690852713178,0.0232558139535,30.3026356589,0.000123258496285,Class 2
0.513374244336,6.01054263566,1548.73719588,50.1412705911,0.934014713207,1.0,186.752528742,0.523981368188,0.556998685042,0.0477919352052,0.180482872374,0.667306183093,1.0,1.0,0.937031107136,3.68031007752,0.708527131783,192.367097868,5178.01485889,141416.711615,0.532713178295,0.0381395348837,47.0452713178,9.24343350351e-05,Class 2
0.775407727901,5.85457364341,383.733031881,21.3713868702,0.962792729241,1.0,76.0103981366,0.237356377184,0.248032540873,0.0538412471456,0.0938022172119,0.660824684732,1.0,1.0,0.965239131669,1.46744186047,0.877829457364,76.6291908915,2120.49503815,60387.4340499,0.457364341085,0.0528682170543,17.8731782946,9.00357346161e-05,Class 2
0.481101568415,11.9026356589,1551.07768836,52.4947977229,0.885860346741,1.0,190.252784142,0.56034930309,0.619501167391,0.0413660833934,0.28147593208,0.493145968962,1.0,1.0,0.891661527103,3.82449612403,0.685271317829,196.61438469,5268.81977168,143979.447638,1.00341085271,0.0251162790698,46.6520930233,0.000183047068957,Class 2
0.573886184724,5.13426356589,1146.33752821,41.702162064,0.936545514316,1.0,155.368896303,0.46087348869,0.492723848764,0.047658061039,0.178985882262,0.648141889338,1.0,1.0,0.939008007496,3.10201550388,0.751007751938,159.339656008,4206.13498486,112522.591019,0.465736434109,0.0437209302326,38.9351937984,7.89583016669e-05,Class 2
0.716172056968,3.51565891473,771.338484277,34.5141000484,0.977225937128,1.0,130.768537878,0.25017918873,0.256046889665,0.0555036953158,0.0680905132689,0.799864704533,1.0,1.0,0.978762032541,2.30015503876,0.83503875969,131.873299419,3863.97608951,114184.584169,0.266666666667,0.0455813953488,32.3730232558,5.40662655091e-05,Class 2
0.666514656571,2.9184496124,1077.9571255,43.4403791182,0.97845959477,1.0,166.61737598,0.280196956493,0.289625547115,0.0552789852623,0.0722635820869,0.803048458636,1.0,1.0,0.979755927535,2.89612403101,0.798449612403,168.352369186,4962.60459726,147012.919139,0.218914728682,0.0418604651163,41.7165891473,4.48819625129e-05,Class 2
0.532892109849,9.40744186047,1347.51446269,48.6591000484,0.905273623666,1.0,177.974919872,0.51147554612,0.559831196634,0.0437319868848,0.245819565762,0.543188225956,1.0,1.0,0.909834738905,3.46248062016,0.723720930233,183.081593992,5033.3347087,140923.619563,0.801550387597,0.0376744186047,43.8474418605,0.000144674230841,Class 2
0.664184027402,4.65860465116,726.344475436,31.2962705911,0.942419388316,1.0,115.698700232,0.384406331047,0.415988815795,0.0487509280542,0.167684835331,0.620688705024,1.0,1.0,0.944979526933,2.30542635659,0.812713178295,117.958725775,3115.16689377,83542.0537955,0.424186046512,0.048992248062,28.6093023256,7.16432856772e-05,Class 2
0.587419025299,3.41519379845,1290.02484046,46.2741775678,0.944008927764,1.0,175.343419856,0.417156929084,0.453666906675,0.0481347871973,0.171403391184,0.658894444185,1.0,1.0,0.946025953375,3.27069767442,0.757829457364,179.007252907,4979.01420967,139401.855942,0.32496124031,0.0468217054264,44.3029457364,5.25212425752e-05,Class 2
0.590331542576,9.74573643411,812.596591704,34.2573946221,0.906048402007,1.0,123.515815893,0.451208735984,0.496179721169,0.0443245594465,0.239366325579,0.476869171471,1.0,1.0,0.911039029446,2.65953488372,0.764031007752,126.79810562,3162.7466806,80735.7670416,0.82976744186,0.0108527131783,29.591627907,0.00014987676177,Class 2
0.494007523586,9.75689922481,1552.58897255,51.5626271802,0.908109802902,1.0,188.45377818,0.557898915596,0.607353754451,0.0443136706778,0.243298738408,0.550103151904,1.0,1.0,0.912711204816,3.7680620155,0.695503875969,194.682911822,5208.86161277,141793.342008,0.806821705426,0.0325581395349,46.6986046512,0.000150048430985,Class 2
0.761443182501,7.67782945736,399.203219944,22.4832085756,0.940755498526,1.0,79.6333739992,0.279470050537,0.305761117074,0.0499164709903,0.168762261728,0.4822494697,1.0,1.0,0.94448120226,1.54868217054,0.871007751938,80.5277955426,2217.60094901,62838.487044,0.599379844961,0.0296124031008,18.4021705426,0.000118075039713,Class 2
0.588553572502,10.2319379845,818.470252685,35.0853403585,0.911887721029,1.0,125.178858194,0.442058975387,0.48037699213,0.0457606630461,0.214550780351,0.501798815069,1.0,1.0,0.916617130931,2.68062015504,0.761550387597,128.398725775,3228.46757207,83140.1999292,0.859534883721,0.0316279069767,29.8728682171,0.000157353909796,Class 2
0.721497506159,6.02449612403,509.029252412,25.0956891957,0.937136424857,1.0,91.8527734445,0.325900692168,0.361793977073,0.0483628744517,0.183632038096,0.521592656373,1.0,1.0,0.940391515461,1.83209302326,0.848062015504,93.2344622093,2471.2720149,66800.5023444,0.513798449612,0.0209302325581,22.0275968992,9.26489215537e-05,Class 2
0.450667820443,5.5280620155,2185.1353849,60.1101465601,0.924000740103,1.0,226.498842771,0.581281577145,0.629144645747,0.0456565707439,0.211297019593,0.645095946026,1.0,1.0,0.927538404748,4.41085271318,0.659224806202,234.226942829,6373.41233951,175538.131983,0.517829457364,0.0105426356589,57.7221705426,8.50144100808e-05,Class 2
0.471788858843,11.5603100775,1668.49984269,54.3935186531,0.891043221877,1.0,197.296338308,0.582451304358,0.640440930405,0.0418643587375,0.277220812759,0.509361446504,1.0,1.0,0.896470511401,3.95007751938,0.679379844961,204.20058624,5483.49991703,150063.925249,0.951317829457,0.0325581395349,48.6499224806,0.000177782546367,Class 2
0.800245466018,7.92124031008,173.754223503,12.5742163275,0.938119344738,1.0,41.266715269,0.226856070722,0.249385391879,0.0501721767772,0.144264801766,0.372957153874,1.0,1.0,0.941923460261,0.998759689922,0.893643410853,41.6377955426,949.789432534,22831.4498129,0.664186046512,0.0151937984496,8.55007751938,0.000121818382316,Class 2
0.730301400156,8.62418604651,340.171291735,19.429410126,0.92476394447,1.0,67.9726790482,0.310426795679,0.344186805052,0.0477415415991,0.188173078316,0.420651539622,1.0,1.0,0.929265028253,1.52325581395,0.853333333333,69.021749031,1675.21794513,42186.2639917,0.731472868217,0.00170542635659,15.2858914729,0.000132628774264,Class 2
0.791212355027,5.41023255814,286.244974477,16.5754178779,0.953516886016,1.0,58.6678156702,0.251034307549,0.270871822719,0.0515481637972,0.132097814802,0.538658201436,1.0,1.0,0.95601074765,1.23875968992,0.888682170543,59.2449273256,1495.69076974,38803.8890668,0.452093023256,0.031007751938,13.6096124031,8.32023461459e-05,Class 2
0.63691547383,5.69085271318,1012.45620507,41.5215419089,0.951707494161,1.0,154.963415696,0.362845245398,0.384798079365,0.0512195777748,0.140432336671,0.680255745002,1.0,1.0,0.954383692535,2.8296124031,0.787906976744,157.53942345,4520.74475715,131399.37389,0.46480620155,0.0494573643411,38.3119379845,8.75179194645e-05,Class 2
0.76975326002,2.42170542636,411.343308798,19.9908442345,0.970310049264,1.0,75.2824805759,0.266561760617,0.280237865265,0.0533780418094,0.0941514379605,0.717326282724,1.0,1.0,0.971509668626,1.51255813953,0.875968992248,76.0835319767,1966.2126399,51472.2179476,0.223875968992,0.0282170542636,18.600620155,3.72426824507e-05,Class 2
0.439403112794,14.4753488372,1799.32031636,57.3191775678,0.87552274215,1.0,204.527270497,0.619331529288,0.685497018813,0.0403273237035,0.306232985558,0.465414891574,1.0,1.0,0.882247508306,4.17348837209,0.654263565891,212.411671512,5638.0354742,152873.622795,1.16186046512,0.0441860465116,50.0018604651,0.000222612054398,Class 2
0.622227510366,5.91410852713,1048.87593207,41.8287512112,0.936044992656,1.0,156.6015252,0.400859267637,0.438095423739,0.047837545445,0.189640267141,0.594322061513,1.0,1.0,0.93915792089,2.89596899225,0.782945736434,159.651981589,4520.23159823,129516.762233,0.494573643411,0.0308527131783,38.7925581395,9.09513037621e-05,Class 2
0.494729787873,9.62666666667,1507.79421427,50.6597589632,0.908974334504,1.0,183.74423677,0.554120456849,0.602101954423,0.0447239104471,0.236621747832,0.563807775021,1.0,1.0,0.913856177414,3.71131782946,0.695813953488,189.823221899,5041.076293,136430.190995,0.810542635659,0.0589147286822,45.5091472868,0.000148045623478,Class 2
0.617537023015,8.69860465116,714.492685205,31.5067357074,0.919918615601,1.0,113.037767074,0.412935478641,0.450095681842,0.0465102213659,0.203995176929,0.511428546954,1.0,1.0,0.924102791266,2.44573643411,0.781395348837,115.699733527,2861.11124939,72328.5870198,0.739534883721,0.0308527131783,27.0520930233,0.000133773235696,Class 2
0.612515978607,10.9897674419,716.700732175,32.6475884205,0.911023632042,1.0,115.726954397,0.43483760098,0.476640070927,0.0457386211015,0.227473204381,0.468489599886,1.0,1.0,0.916113979044,2.47875968992,0.778914728682,118.625547481,2991.28260114,77564.0032771,0.889302325581,0.0195348837209,27.2148837209,0.000169008342051,Class 2
0.600833796046,12.528372093,723.383043126,33.5678597384,0.899795428781,1.0,117.237071394,0.448448604307,0.494404840135,0.0444117657442,0.247479761863,0.439775480082,1.0,1.0,0.90566013573,2.52775193798,0.771472868217,120.321981589,3034.72680656,78939.224624,1.01333333333,0.0279069767442,27.2604651163,0.000192670082169,Class 2
0.714522348417,7.4703875969,429.400689069,22.4147202035,0.934988338557,1.0,79.921306409,0.329424498184,0.359654201279,0.0488652841626,0.175001598272,0.488329402888,1.0,1.0,0.938566289008,1.72341085271,0.843720930233,81.2376405039,2017.23248486,51443.2057189,0.624496124031,0.0182945736434,18.6533333333,0.00011488485347,Class 2
0.741057869118,11.0235658915,291.882183731,18.964410126,0.912541143415,1.0,63.133180631,0.314185254835,0.354600980348,0.0462567390031,0.223751335654,0.317830263434,1.0,1.0,0.918017065622,1.42434108527,0.86015503876,64.1279505814,1569.07107498,40258.4042776,0.889612403101,0.0128682170543,13.4502325581,0.000169528118285,Class 3
0.68726494802,11.7618604651,461.960512182,25.4599140019,0.907924691494,1.0,88.1513328914,0.374769490186,0.416339030942,0.045331590274,0.234704078828,0.380828432957,1.0,1.0,0.913119246387,1.88,0.827906976744,89.9047722868,2308.08173874,61580.6287374,0.936434108527,0.00372093023256,19.7668217054,0.000180882129414,Class 3
0.515858133526,17.3807751938,1188.66757923,48.1413093508,0.852560173099,1.0,169.081193354,0.531188809348,0.601859925995,0.0385762270146,0.347649230538,0.352487190971,1.0,1.0,0.863370233126,3.40790697674,0.711317829457,174.351671512,4732.46718932,132353.936792,1.39503875969,0.0150387596899,39.6648062016,0.00026729373616,Class 3
0.634942130882,10.0269767442,589.4521116,27.9088287306,0.913905008699,1.0,99.6204552066,0.396107002041,0.431895884944,0.0461473585572,0.20771706493,0.464834876635,1.0,1.0,0.918615938325,2.21751937984,0.793178294574,101.883919574,2472.87853622,61757.1643454,0.844341085271,-0.00573643410853,23.2375193798,0.000154201872267,Class 3
0.663059671895,11.2266666667,481.543662526,25.3464256298,0.901682084404,1.0,88.188419382,0.384348743868,0.429983475085,0.0444494798239,0.240369367061,0.381777654706,1.0,1.0,0.907472158333,1.97147286822,0.812403100775,90.1015164729,2201.1218647,55731.9052345,0.941395348837,0.0015503875969,19.9612403101,0.000172651544278,Class 3
0.672508527132,11.0595348837,425.392990999,23.1102240795,0.907064756174,1.0,80.2943618816,0.356853569554,0.393079244224,0.0453767438105,0.217896955861,0.382997560847,1.0,1.0,0.91219815714,1.85348837209,0.817674418605,81.9015939922,1936.47983467,47479.6625721,0.928682170543,-0.0100775193798,17.9382945736,0.000170081274644,Class 3
0.646582200589,11.2217054264,538.389797541,26.9230535368,0.901564494103,1.0,95.1239439589,0.397826100013,0.444076711553,0.044424192882,0.23803224134,0.400471735474,1.0,1.0,0.90727493824,2.10790697674,0.801860465116,97.2816715116,2392.72659339,60854.5271337,0.943875968992,-0.0148837209302,21.7745736434,0.000172575246849,Class 3
0.562633399435,12.1308527132,920.478726913,38.4312318314,0.88248235455,1.0,136.86285513,0.491319816959,0.547287301555,0.0409621293041,0.278636848724,0.444531527997,1.0,1.0,0.88832389187,2.87751937984,0.746976744186,140.853454457,3643.87285308,96958.7002248,1.03565891473,0.0120930232558,32.5364341085,0.000186556750683,Class 3
0.514398605853,14.4989147287,1117.54554655,43.3219295058,0.86503636991,1.0,154.645951644,0.545460231193,0.612906219182,0.0389918270386,0.315928347335,0.406845521661,1.0,1.0,0.872291052617,3.26093023256,0.713178294574,159.848415698,4146.01085211,110669.659961,1.21891472868,-0.0203100775194,36.7410852713,0.000222974467185,Class 3
0.366291737275,20.0496124031,2088.0305017,61.7559217539,0.827343957113,1.0,215.543836096,0.692389634812,0.775526638342,0.034703959723,0.377526224501,0.375864972328,1.0,1.0,0.836438055485,4.63255813953,0.593178294574,225.593919574,5788.24816315,152557.133597,1.64403100775,0.0254263565891,51.9612403101,0.000308336984285,Class 3
0.384608328826,14.6964341085,2152.85353033,60.4082473353,0.846385302314,1.0,217.660446677,0.672259617064,0.752897985401,0.0359678380957,0.350141524848,0.429243526171,1.0,1.0,0.854208677627,4.58139534884,0.609612403101,227.252989341,5887.68662246,155938.820559,1.27255813953,-0.00713178294574,53.7079069767,0.00022601205857,Class 3
0.66389500631,8.79565891473,545.02643134,26.2622395833,0.917093202837,1.0,94.7019932201,0.376576719232,0.419262863247,0.0462096024127,0.214864113695,0.449190536479,1.0,1.0,0.921913152739,2.06046511628,0.812403100775,96.6492684109,2387.05749455,60530.2241928,0.751627906977,-0.00682170542636,22.2170542636,0.000135265804148,Class 3
0.712431897122,10.5615503876,342.251314655,20.2539450097,0.916461552366,1.0,69.3676782969,0.328685136017,0.362661493586,0.0470000236614,0.199402358621,0.386936519914,1.0,1.0,0.921385055513,1.59023255814,0.842480620155,70.5708963178,1690.99724746,42269.0051157,0.872868217054,-0.00108527131783,15.1972093023,0.000162422920224,Class 3
0.367095342828,10.3888372093,2728.90332033,66.7623171027,0.87908232693,1.0,246.390833792,0.674821640097,0.742015356046,0.039389471411,0.296848774406,0.517531095069,1.0,1.0,0.884334497544,5.05240310078,0.588837209302,257.062756783,6740.47558563,179343.628393,0.919069767442,-0.00899224806202,62.296124031,0.000159766815983,Class 3
0.437224589868,10.1004651163,1916.82268371,56.8932473353,0.881630132604,1.0,207.624691759,0.610052675794,0.673135387783,0.0397798325672,0.288308350978,0.514153052266,1.0,1.0,0.886756069512,4.23658914729,0.652093023256,215.488028101,5675.63096354,152044.088214,0.901085271318,0.0372093023256,51.8725581395,0.000155332027932,Class 3
0.465726530858,17.4341085271,1290.41399785,47.7907667151,0.84376468235,1.0,167.047500683,0.5950208979,0.673735045893,0.0366448767352,0.352322828419,0.361327790944,1.0,1.0,0.852511074197,3.6023255814,0.677209302326,173.481749031,4430.87564862,116693.225343,1.4496124031,0.00542635658915,39.4582945736,0.00026811393352,Class 3
0.521128009134,13.9063565891,1034.44670884,41.0904178779,0.868264246948,1.0,145.423224875,0.530169311057,0.591464065176,0.0392930469173,0.302721505585,0.408900912117,1.0,1.0,0.874900076668,3.14139534884,0.717519379845,150.248958333,3800.12883176,98910.4203071,1.18325581395,0.00403100775194,34.4744186047,0.000213861693028,Class 3
0.394926554895,17.3745736434,1768.08347945,54.9514256298,0.842370435237,1.0,193.827472403,0.644075554534,0.714244452967,0.036866546106,0.329803134093,0.426142723155,1.0,1.0,0.850880214101,4.25069767442,0.616124031008,202.253997093,5089.59178234,131927.472926,1.48248062016,0.00170542635659,46.7472868217,0.000267198364374,Class 3
0.840572273301,6.17798449612,130.340233408,9.62654190891,0.949981165826,1.0,32.282477823,0.183811991098,0.202703820455,0.0515714556667,0.124101882342,0.36611475792,1.0,1.0,0.95299588267,0.783565891473,0.916279069767,32.4486482558,732.838172844,17398.4442412,0.522170542636,-0.00217054263566,6.66170542636,9.50093732583e-05,Class 3
0.628143885584,13.384496124,572.496889288,28.9468907461,0.884511769186,1.0,100.748520105,0.428272349968,0.483550316374,0.041974015609,0.280523540084,0.346544970196,1.0,1.0,0.891108527132,2.22899224806,0.790697674419,103.284694767,2560.67465056,65863.9626933,1.1023255814,-0.0165891472868,22.7497674419,0.000205836157232,Class 3
0.84042747431,4.92775193798,165.409239032,10.5804953973,0.958220708195,1.0,37.7448753428,0.192736024971,0.209624700392,0.0523445221892,0.117024497284,0.460115840701,1.0,1.0,0.960500766675,0.856124031008,0.916279069767,37.9553149225,897.638928658,21980.1577974,0.414263565891,-0.0114728682171,8.36,7.57824211916e-05,Class 3
0.541450826272,16.3094573643,863.131060489,37.9601853198,0.860186640587,1.0,131.766595696,0.515291567454,0.582988271803,0.0389484522415,0.322263175949,0.3421730014,1.0,1.0,0.868132336656,2.89488372093,0.732403100775,136.036090116,3411.5729306,88567.9365813,1.34263565891,-0.00992248062016,30.2896124031,0.000250818260121,Class 3
0.538948476654,11.2272868217,1046.61763518,40.5928209787,0.893347431858,1.0,146.081153502,0.510715363862,0.560346382224,0.0426435066252,0.257535603671,0.48284881094,1.0,1.0,0.898748374365,3.09240310078,0.729302325581,150.607097868,3854.02392866,101175.542894,0.96,0.0102325581395,35.2275968992,0.000172661081456,Class 3
0.434478024157,11.416744186,1999.16380125,59.2393713663,0.879640119493,1.0,216.823331311,0.616658702923,0.685889694451,0.0398670148278,0.30148703458,0.488122177243,1.0,1.0,0.885495130193,4.34124031008,0.64992248062,224.996322674,6039.69554203,164904.606298,0.970852713178,0.0113178294574,53.9336434109,0.00017557468952,Class 3
0.509509092002,11.5134883721,1113.61095006,41.1680147771,0.89250046494,1.0,148.955047549,0.493810864104,0.538004095826,0.0428334952076,0.242419824738,0.480009406205,1.0,1.0,0.897873654769,3.27674418605,0.703875968992,153.560818798,3764.28721839,94300.5987446,0.99503875969,-0.00790697674419,35.9175193798,0.000177062489382,Class 3
0.557979832943,12.5643410853,919.088662319,38.3920457849,0.890134358379,1.0,136.626204964,0.486628110625,0.535270447424,0.0430346249474,0.250789380282,0.486374491513,1.0,1.0,0.896359414487,2.88589147287,0.742635658915,140.579500969,3641.63805656,97384.2245707,1.06170542636,0.00713178294574,32.360620155,0.000193223238528,Class 3
0.585454143381,12.7190697674,790.382538574,35.4048752422,0.888189369113,1.0,124.71796722,0.470303951465,0.519991410912,0.0424171740731,0.264374274461,0.436028244082,1.0,1.0,0.894147741148,2.64728682171,0.762170542636,128.168880814,3303.61766412,87924.8041613,1.06635658915,0.0141085271318,29.1894573643,0.00019560276459,Class 3
0.536712457184,11.2700775194,1105.85358836,42.4298752422,0.889643637927,1.0,152.748419499,0.519285148113,0.576438827564,0.0420246495854,0.271759641801,0.475230998595,1.0,1.0,0.895519890962,3.16744186047,0.728372093023,157.489888566,4110.59243641,109959.809726,0.964341085271,0.0182945736434,36.9469767442,0.00017331914678,Class 3
0.701338525329,10.0784496124,443.359837143,23.9709217539,0.916658067757,1.0,84.3090917531,0.354914935298,0.3936254766,0.046255248708,0.217505452144,0.420365293974,1.0,1.0,0.921230669847,1.79984496124,0.836279069767,85.853997093,2181.73449552,57332.4013561,0.813953488372,-0.00046511627907,19.1649612403,0.000154993458092,Class 3
0.495278793342,13.9510077519,1150.13653097,42.9492938469,0.884227493538,1.0,153.183718935,0.529219657224,0.578126134258,0.0421822482874,0.268009680816,0.442467936999,1.0,1.0,0.890410242213,3.3792248062,0.693643410853,158.38306686,3897.83329881,98348.9059709,1.15162790698,-0.0102325581395,36.5265116279,0.000214548369888,Class 3
0.706411489694,10.3727131783,367.926496787,21.3512705911,0.911599739871,1.0,73.0398092717,0.337857475339,0.374467426919,0.045949293537,0.209666526091,0.40188164258,1.0,1.0,0.916512281001,1.64620155039,0.839069767442,74.3429118217,1815.6857116,46283.0254525,0.87503875969,0.0127131782946,16.1944186047,0.000159518849339,Class 3
0.65580145424,14.1770542636,368.806480707,22.3720845446,0.890049532235,1.0,74.1550198094,0.349709229407,0.388822175084,0.0441511443874,0.222005711711,0.306941128231,1.0,1.0,0.896601868416,1.8215503876,0.806511627907,75.685625,1712.54529009,40672.9727805,1.18542635659,-0.00666666666667,15.6009302326,0.000218024671489,Class 3
0.637583702902,11.271627907,558.068031962,27.960650436,0.898502734076,1.0,97.3066963853,0.401272061487,0.447844702922,0.0441553268283,0.233747166815,0.427953582618,1.0,1.0,0.904420464548,2.15674418605,0.795968992248,99.5446947674,2457.9282649,62870.1329113,0.967751937984,0.02,22.3339534884,0.000173342989727,Class 3
0.278152034133,20.0471317829,3230.01298561,73.1951078004,0.808336291782,1.0,259.500360544,0.743431136966,0.830655947957,0.0326953184154,0.371205639154,0.42099237777,1.0,1.0,0.8181695346,5.65550387597,0.50015503876,272.953454457,6916.70065346,179493.628466,1.73829457364,-0.0062015503876,63.9296124031,0.00030829883557,Class 3
0.462452881437,5.80527131783,2105.57586945,59.4996039244,0.925727708928,1.0,224.172904493,0.575420746845,0.617715523237,0.0454833479809,0.209031558277,0.643976110062,1.0,1.0,0.928362736746,4.33147286822,0.669147286822,231.661361434,6338.96544029,175502.346344,0.509147286822,0.00806201550388,57.0015503876,8.9277528917e-05,Class 3
0.435394507542,7.80713178295,2170.82500918,60.0199140019,0.905968461466,1.0,224.204159813,0.611769480518,0.662750244251,0.0430233035124,0.244741285103,0.588730379085,1.0,1.0,0.909832268507,4.43782945736,0.649612403101,232.486322674,6269.5453337,171490.249953,0.697054263566,-0.00403100775194,56.720620155,0.000120063541452,Class 3
0.190802475813,22.1320930233,5581.69459451,93.1118519864,0.780718947225,1.0,329.455461269,0.831191284806,0.93001631951,0.029557069512,0.401552356759,0.416017482418,1.0,1.0,0.791544580742,7.13333333333,0.381395348837,348.930198643,8924.16509145,233184.545065,1.9392248062,0.0254263565891,82.5872868217,0.000340362830039,Class 3
0.591509356409,13.383875969,724.306887114,33.563286095,0.895296330206,1.0,116.977071133,0.465803667503,0.513125285511,0.0439435126345,0.255506689949,0.416489496725,1.0,1.0,0.901434917795,2.55550387597,0.765891472868,120.25942345,3005.89340056,77630.9897039,1.07751937984,0.0119379844961,27.0344186047,0.000205826620054,Class 3
0.495486473169,12.0058914729,1527.98223923,52.8915031492,0.881570572233,1.0,192.287473795,0.552140716273,0.61778950947,0.0402560178926,0.300006927766,0.455920534975,1.0,1.0,0.887444955561,3.77937984496,0.697364341085,198.455547481,5416.39868156,150611.658372,0.988837209302,0.0196899224806,47.0809302326,0.000184635009194,Class 3
0.530958956793,9.63255813953,1202.67294244,43.8798364826,0.902993461713,1.0,159.650159929,0.523885209595,0.574881543351,0.0435020007061,0.249926585166,0.512601550743,1.0,1.0,0.907790598291,3.2888372093,0.723720930233,164.638803295,4289.13277071,113991.897529,0.823875968992,0.0231007751938,39.1587596899,0.000148136226675,Class 3
0.470826416682,10.2598449612,1819.8138114,57.6303015988,0.881065688196,1.0,212.294119815,0.566755291638,0.638569148041,0.0396399611652,0.302518604185,0.479526543857,1.0,1.0,0.886956271119,4.11472868217,0.678139534884,219.25934593,6035.48953912,168661.597657,0.885581395349,0.0176744186047,52.7603100775,0.000157783082833,Class 3
0.484791346674,14.5572093023,1204.99512555,44.3763093508,0.865972918411,1.0,157.861677559,0.556873043356,0.620546426417,0.0393378879725,0.30484355323,0.413287580392,1.0,1.0,0.873045730755,3.44325581395,0.689612403101,163.515392442,4093.39073583,105250.655949,1.23441860465,-0.0125581395349,37.6660465116,0.000223870961973,Class 3
0.517723982934,15.1187596899,1044.89280943,41.984526405,0.871778758294,1.0,147.578018676,0.537734745351,0.595806081104,0.0402696108257,0.298497458204,0.407463647169,1.0,1.0,0.878507780333,3.17891472868,0.714728682171,152.552679264,3876.59971354,101476.646136,1.24217054264,0.00248062015504,34.7519379845,0.0002325068772,Class 3
0.765111231296,3.67100775194,409.503660136,20.2218519864,0.955856865817,1.0,76.237016862,0.278013892441,0.304199930814,0.0510300338772,0.13886434856,0.58865361733,1.0,1.0,0.958038915864,1.53131782946,0.873488372093,77.1126017442,2005.72668544,52993.2240014,0.328372093023,0.00201550387597,18.5479069767,5.64553287495e-05,Class 3
0.767039192356,6.00527131783,350.206495348,19.0113093508,0.948527192464,1.0,69.1265996208,0.276992164604,0.303168925805,0.0507867191725,0.149088412197,0.517081553417,1.0,1.0,0.951443975921,1.43209302326,0.874728682171,69.9361676357,1795.10870094,47236.3459394,0.493953488372,0.00201550387597,16.1578294574,9.2353269017e-05,Class 3
0.616719379845,12.5841860465,633.887600522,30.740650436,0.901774103151,1.0,106.985986473,0.439094952436,0.481734091598,0.0449498584069,0.236939570013,0.430114332109,1.0,1.0,0.907578399637,2.34449612403,0.782635658915,109.75438469,2742.69195191,71040.9605881,1.02201550388,0.0120930232558,24.5817054264,0.000193528428243,Class 3
0.537061474671,14.312248062,884.459429989,37.4154953973,0.880717197205,1.0,130.798332637,0.497443897453,0.547990801662,0.0418397328135,0.272930231797,0.404345199195,1.0,1.0,0.887255686174,2.92945736434,0.726821705426,134.930741279,3290.69148195,82698.1420973,1.18666666667,0.00914728682171,30.5168992248,0.000220103776425,Class 3
0.535926158284,13.8065116279,895.065458833,37.3924721415,0.873024024934,1.0,131.664552943,0.494334122876,0.552455742264,0.0406102393937,0.27791842389,0.407860265608,1.0,1.0,0.880059687083,2.92930232558,0.726821705426,135.763376938,3341.46545967,84829.1300746,1.18759689922,-5.48606299278e-17,30.8514728682,0.000212326207273,Class 3
0.64603473349,12.7792248062,513.466283655,27.0400690407,0.892594412944,1.0,93.431399692,0.404891893315,0.453708142528,0.0434429417553,0.25390251756,0.370722185993,1.0,1.0,0.898820952949,2.07643410853,0.801860465116,95.6077955426,2369.92872032,61118.6636429,1.06201550388,-0.00418604651163,20.9627906977,0.000196527870914,Class 3
0.560510450093,12.9441860465,841.593981374,36.0229760174,0.882339073823,1.0,127.4722586,0.483982042223,0.540904231304,0.0415894834295,0.276810817507,0.402815946109,1.0,1.0,0.888865178749,2.79054263566,0.74480620155,131.26066376,3267.96481529,83783.6302756,1.09488372093,-0.00108527131783,29.9240310078,0.000199064760423,Class 3
0.747468445406,8.91751937984,288.278681686,17.5249915213,0.931171989894,1.0,60.4686205524,0.290457966801,0.31549165638,0.0488333750225,0.172628161839,0.4046421589,1.0,1.0,0.934992858563,1.38775193798,0.863255813953,61.3183381783,1452.88841994,35772.7930663,0.728372093023,-0.00232558139535,13.2697674419,0.000137139859744,Class 4
0.863047076498,4.06511627907,193.708505432,11.647782219,0.972262249102,1.0,43.5465487857,0.153104406417,0.161100548523,0.0549546898474,0.0717866243173,0.642891143005,1.0,1.0,0.974037425107,0.838449612403,0.928062015504,43.6329893411,1218.96820191,35185.3481317,0.328062015504,-0.0186046511628,9.99286821705,6.25162057527e-05,Class 4
0.770488985037,9.98542635659,217.710778309,15.1434798934,0.926559255151,1.0,50.4254006285,0.269332689237,0.296768603098,0.0485840150081,0.177487412381,0.33472274619,1.0,1.0,0.930938098078,1.18899224806,0.876899224806,51.0549273256,1200.52575521,29757.5062107,0.808992248062,-0.00852713178295,10.4120930233,0.000153562881301,Class 4
0.868002163332,5.46387596899,118.252775906,8.98413880814,0.95843143323,1.0,29.7666292636,0.174155724531,0.190914721275,0.0526188686828,0.119929742768,0.387688731178,1.0,1.0,0.960938254252,0.680775193798,0.931472868217,29.8857800388,713.454466449,17887.7060314,0.439379844961,0.0106976744186,6.18666666667,8.40273120952e-05,Class 4
0.459260380987,23.7913178295,893.030742663,40.6603403585,0.823746769283,1.0,132.991905873,0.544444198134,0.607514457254,0.0373724291659,0.317404640788,0.30905900038,1.0,1.0,0.834845372973,3.23209302326,0.665736434109,138.133842054,3215.81233467,78652.1566516,1.96186046512,0.0150387596899,28.9857364341,0.000365879551395,Class 4
0.784300655009,4.52496124031,307.201667348,16.4870457849,0.960744589142,1.0,60.8493079111,0.249936761605,0.268056665034,0.0527034429271,0.113368482231,0.582082918557,1.0,1.0,0.963001618537,1.29627906977,0.884341085271,61.4502761628,1522.08782885,38533.2044375,0.381705426357,0.00077519379845,14.3894573643,6.9588023688e-05,Class 4
0.196231764918,3.9215503876,11400.8345784,172.186115552,0.879426388679,1.0,653.398310381,0.777724385295,0.860528429401,0.0366826028334,0.282674756353,0.496589968081,1.0,1.0,0.881727489565,12.4274418605,0.351317829457,685.255857558,19078.5069568,533177.803362,0.475348837209,-0.00604651162791,171.883100775,6.03083489058e-05,Class 4
0.134595661318,29.1866666667,7545.61825625,107.624875242,0.729981664101,1.0,373.69479101,0.892810960719,1.00944940279,0.0259561561054,0.441259954755,0.392206705687,1.0,1.0,0.74432671721,8.30093023256,0.261085271318,398.407485465,10058.4991661,260528.00656,2.52868217054,0.0522480620155,93.3389147287,0.000448853005254,Class 4
0.414960735533,14.295503876,1779.98290583,54.6987124516,0.877639133817,1.0,194.850720226,0.606899317247,0.658539210457,0.0418223420317,0.262810733691,0.525290545762,1.0,1.0,0.884724195701,4.20759689922,0.628217054264,202.608570736,5119.1403773,132555.172107,1.21209302326,0.0373643410853,47.6003100775,0.000219846272602,Class 4
0.657402704164,12.0034108527,503.484474729,26.1667744671,0.894315706665,1.0,92.117602782,0.386655872952,0.436444755426,0.0432436628658,0.257846252652,0.372944669909,1.0,1.0,0.9002880853,2.02930232558,0.808992248062,94.1076405039,2336.01445676,60088.8988948,1.00062015504,-0.0280620155039,20.7758139535,0.00018459686048,Class 4
0.874766756805,10.6933333333,-0.0715247882608,5.20216206395,0.935285701214,1.0,10.4832302175,0.1376015901,0.157195598773,0.0508140612794,0.1376015901,0.0061269287265,1.0,1.0,0.939629241559,0.416124031008,0.93488372093,10.5008963178,134.189539123,1727.44554453,0.832248062016,-0.0077519379845,0.0,0.000164449570678,Class 4
0.876947779581,7.86728682171,41.1374240021,6.16262718023,0.945715198853,1.0,16.4809502555,0.147098000136,0.165465619275,0.0516670629019,0.129005954804,0.121061355055,1.0,1.0,0.949441136383,0.488372093023,0.936124031008,16.5181056202,318.26243641,6822.7464893,0.635658914729,0.00558139534884,2.21984496124,0.000120988647777,Class 4
0.524617799411,17.031627907,768.104136867,36.06390625,0.859338714138,1.0,119.552335877,0.458877269813,0.509997350236,0.0400659692176,0.269230865466,0.355818545131,1.0,1.0,0.867315103501,2.83364341085,0.715658914729,123.141749031,2870.47017381,69433.4146603,1.44589147287,0.0798449612403,26.8778294574,0.000261924304606,Class 4
0.840908406947,6.7615503876,196.477808569,13.1818519864,0.950709791439,1.0,45.9940658808,0.197928818578,0.218423126762,0.0516291925816,0.140576950235,0.406384237761,1.0,1.0,0.954160462277,0.932713178295,0.916589147287,46.2426017442,1238.84277556,34576.9284418,0.520310077519,-0.0046511627907,9.98294573643,0.000103983858325,Class 4
0.750124055045,12.2306976744,208.966314897,15.8231698159,0.91027372717,1.0,50.3799889224,0.291870529907,0.326684003157,0.0467014358362,0.209970620252,0.261576103546,1.0,1.0,0.915999602465,1.24279069767,0.86511627907,51.1399660853,1165.00572129,28262.9972596,0.98976744186,-0.00279069767442,9.87875968992,0.000188092236439,Class 4
0.619400949462,17.5627906977,410.59286663,25.0981698159,0.866792937012,1.0,81.6726744452,0.404032668627,0.454725763532,0.0417254247792,0.266500442899,0.276711401369,1.0,1.0,0.875349703268,2.01612403101,0.783255813953,83.7753149225,1921.68907401,46784.659905,1.45364341085,-0.0192248062016,16.8012403101,0.00027009289808,Class 4
0.86497542215,3.06263565891,160.027038644,9.79154190891,0.973846631178,1.0,35.5057523653,0.164640452081,0.175452134889,0.0548061651193,0.0733641586743,0.621790959575,1.0,1.0,0.97546258909,0.763875968992,0.929612403101,35.6153924419,876.119156371,22149.3701206,0.263255813953,0.00976744186047,8.22976744186,4.70993565385e-05,Class 4
0.900739426717,3.18356589147,98.4844301882,6.95541787791,0.977552644105,1.0,24.0538330066,0.129158819198,0.136373456305,0.0555085868487,0.0647847608354,0.552249972845,1.0,1.0,0.978933852969,0.53007751938,0.948837209302,24.0615939922,588.229408309,15032.2901884,0.255813953488,0.0116279069767,5.28186046512,4.89591063664e-05,Class 4
0.998760266811,0.10480620155,-0.0667107820794,0.0558054748062,0.999383492932,1.0,0.104774887485,0.00225839349607,0.0024450787647,0.0585162786942,0.00225839349607,3.4165618626e-05,1.0,1.0,0.99942414175,0.00403100775194,0.999379844961,0.118415697674,1.32160307655,17.0410144895,0.00806201550388,0.0,0.0,1.61178318417e-06,Class 4
0.899611994471,5.79348837209,37.2715810423,5.00801477713,0.959320977452,1.0,13.7766598679,0.117081117238,0.130194901637,0.0533025054834,0.0963020791558,0.178929870439,1.0,1.0,0.961939290683,0.401550387597,0.948217054264,13.7658575581,266.105769743,5643.81040402,0.47503875969,0.00961240310078,2.03937984496,8.90963225235e-05,Class 4
0.979659299321,1.59565891473,0.767482630575,0.841774467054,0.98998469439,1.0,1.7821040817,0.0297255505182,0.0327010549382,0.0573236700769,0.0297255505182,0.0285515703062,1.0,1.0,0.990651333163,0.0666666666667,0.98976744186,1.77143895349,24.5234441618,369.178717978,0.125891472868,8.67361737988e-19,0.0483720930233,2.45391605495e-05,Class 4
0.81961257136,15.216124031,10.2233779554,8.11049539729,0.907049108292,1.0,16.9360811479,0.191721427712,0.220127851345,0.0475533678114,0.187141951619,0.0120901047042,1.0,1.0,0.913287432206,0.632248062016,0.904496124031,17.0836870155,248.160886022,3984.0836986,1.18511627907,0.00341085271318,0.542015503876,0.000234004214241,Class 4
0.939696124031,2.99689922481,31.1368293655,2.98479772287,0.978884210299,1.0,9.90910229011,0.0811174286149,0.0879863960965,0.0557340660868,0.0599274264825,0.321927760243,1.0,1.0,0.980193457705,0.261240310078,0.969302325581,9.87229166667,206.894669937,4656.21944714,0.243410852713,-0.0190697674419,1.74759689922,4.60884156064e-05,Class 4
0.63937244156,25.656744186,159.170964238,19.9387512112,0.833848622483,1.0,51.8272782505,0.36426246013,0.416662108958,0.0396022711225,0.295629112559,0.0909054532583,1.0,1.0,0.84502204901,1.5688372093,0.795658914729,53.2116715116,1030.7554742,22292.0387252,2.03627906977,0.0165891472868,7.08093023256,0.000394567384637,Class 4
0.819982164533,9.38201550388,131.073583954,11.2516969477,0.933034518377,1.0,35.2345086552,0.223282417475,0.248893608603,0.0495837265639,0.167145266719,0.258798353104,1.0,1.0,0.93726025783,0.864651162791,0.90511627907,35.5401986434,818.348759084,20260.5578483,0.750697674419,0.00077519379845,6.64372093023,0.000144283206519,Class 4
0.886477783787,5.74170542636,93.1725478552,7.91355741279,0.962353611221,1.0,25.3314727795,0.153790166935,0.167880569117,0.0534559457815,0.10689702162,0.346399108444,1.0,1.0,0.964751029332,0.576279069767,0.941395348837,25.3898110465,618.530096294,16043.061734,0.438759689922,0.0100775193798,4.98015503876,8.82999681101e-05,Class 4
0.841154930593,13.2654263566,13.3964282967,7.20549539729,0.919734466527,1.0,15.7657985903,0.177028157671,0.201644195565,0.0489071806833,0.171285555712,0.0133430892783,1.0,1.0,0.925088863333,0.566356589147,0.916589147287,15.8679505814,241.415832728,4072.75603629,1.02480620155,-0.00604651162791,0.717519379845,0.00020400501894,Class 4
0.367096304309,36.1959689922,1176.80698863,50.7168132267,0.719829163364,1.0,160.89542366,0.668922336524,0.797209598248,0.0253242469653,0.522749683633,0.138090933689,1.0,1.0,0.737870900417,3.91689922481,0.596899224806,168.985547481,3998.82091509,99922.6699341,2.9023255814,-0.042480620155,33.6831007752,0.000556646966432,Class 4
0.500707890151,30.3141085271,427.627280495,30.6054178779,0.783218375463,1.0,89.4914976551,0.462036418535,0.535814551316,0.0339638840064,0.353860092156,0.107705105321,1.0,1.0,0.797141678735,2.51488372093,0.697054263566,92.6840746124,1909.43486374,42403.1058813,2.48589147287,-0.0116279069767,15.9029457364,0.000466191595957,Class 4
0.838928141338,5.02325581395,188.777208428,12.1312318314,0.954923546386,1.0,42.3671082183,0.205991142074,0.229673115507,0.0519651459498,0.130197192231,0.456732743445,1.0,1.0,0.958016653889,0.907286821705,0.915658914729,42.6342296512,1071.71209726,27926.7109127,0.424186046512,0.0164341085271,9.51224806202,7.72511466967e-05,Class 4
0.982112998017,1.39100775194,0.702325316899,0.736735707364,0.991372174836,1.0,1.56414623839,0.0262595588426,0.0288731526034,0.057515257121,0.0250381730476,0.0312018514451,1.0,1.0,0.991955476048,0.0586046511628,0.991007751938,1.55593507752,21.3702852471,317.011905962,0.10976744186,-4.33680868994e-19,0.0446511627907,2.139189161e-05,Class 4
0.879856835527,6.32930232558,63.467947408,6.31723958333,0.955764044198,1.0,19.6400996764,0.146121896226,0.160788858107,0.0528599719819,0.10947830207,0.249803392838,1.0,1.0,0.958762827612,0.52496124031,0.937674418605,19.6787257752,412.170207728,9320.49789433,0.512868217054,-0.0151937984496,3.39906976744,9.73364448379e-05,Class 4
0.886557009795,3.34139534884,122.592894827,7.85413880814,0.970612461111,1.0,28.8750709026,0.150684894217,0.164492374503,0.0541271794814,0.0918430550907,0.504973808693,1.0,1.0,0.972360919442,0.62511627907,0.941395348837,28.9322141473,712.95618641,18172.269624,0.280930232558,-0.0173643410853,6.4719379845,5.13863183212e-05,Class 4
0.88953529235,4.84589147287,80.2271538699,6.52758842054,0.964452023294,1.0,21.773282151,0.141613764942,0.153756939681,0.0537318666997,0.0939506159926,0.373997709779,1.0,1.0,0.966631711957,0.526511627907,0.942945736434,21.8038420543,499.720430596,12179.3043042,0.397519379845,-0.0102325581395,4.30139534884,7.45235136158e-05,Class 4
0.804599050538,7.87751937984,167.995895524,11.9821233043,0.93904409844,1.0,40.2823811322,0.22216458622,0.244726986232,0.0503458201881,0.143290948735,0.373210142562,1.0,1.0,0.942850469943,0.974728682171,0.896124031008,40.6274854651,926.689931565,22266.5820973,0.658294573643,-0.0116279069767,8.30542635659,0.000121146011224,Class 4
0.728438242894,7.62418604651,351.219990962,18.9524333818,0.937675183681,1.0,68.3292061923,0.299522931358,0.324551741752,0.0496056002494,0.161054199942,0.471723004217,1.0,1.0,0.941217111054,1.55379844961,0.851162790698,69.3398110465,1634.97084726,39702.3036017,0.634418604651,-0.0232558139535,15.6192248062,0.000117250073764,Class 4
0.704867351722,20.8086821705,107.731494402,15.6034798934,0.86092319842,1.0,39.8035476326,0.302147912382,0.348655142376,0.0420514027853,0.262803341066,0.063423969968,1.0,1.0,0.870182724252,1.22635658915,0.837209302326,40.5968653101,765.439684472,16099.8371676,1.66573643411,0.0198449612403,5.09643410853,0.000320010490896,Class 4
0.951096015864,3.09147286822,15.3269850405,2.45080547481,0.980586345877,1.0,6.53715734182,0.0673875934424,0.0731677458648,0.0561477912235,0.0523553925138,0.214112421069,1.0,1.0,0.981880171508,0.191317829457,0.97519379845,6.50415213178,124.656990673,2644.59250674,0.243720930233,0.00403100775194,0.873178294574,4.75428353436e-05,Class 4
0.992574484706,0.32992248062,5.01001241229,0.438247335271,0.997223707117,1.0,1.51153761537,0.0130335550362,0.0137345372182,0.0581684390211,0.0112513991421,0.558734669948,1.0,1.0,0.997373086861,0.0347286821705,0.996279069767,1.51143895349,36.3795972626,947.286058094,0.0279069767442,-0.00186046511628,0.295813953488,5.07377901761e-06,Class 4
0.96135366865,1.04465116279,40.2824367782,2.94576671512,0.992041061027,1.0,10.1297726677,0.0596164287465,0.0623574796923,0.0574378819632,0.0286261019176,0.644796213571,1.0,1.0,0.992520955788,0.213178294574,0.980465116279,10.0860901163,253.01683079,6563.9967485,0.0852713178295,0.0113178294574,2.28310077519,1.60653773593e-05,Class 4
0.614616237005,10.0741085271,721.460535311,32.0679760174,0.913794024153,1.0,115.535319034,0.432307878963,0.475145067562,0.0463410969142,0.214484086773,0.497429014967,1.0,1.0,0.919177442712,2.46062015504,0.780775193798,118.388725775,3004.82334242,78408.5183376,0.841860465116,-0.00387596899225,27.3823255814,0.000154926697841,Class 4
0.83245737636,9.93519379845,76.5364194316,8.79026283915,0.932855651361,1.0,25.3347041574,0.188745217834,0.209755439011,0.050256594781,0.142461198848,0.207229510881,1.0,1.0,0.93731234915,0.706201550388,0.911627906977,25.4947722868,530.211888929,12266.8877272,0.805271317829,-0.00666666666667,3.97426356589,0.000152790369834,Class 4
0.85839677904,5.46387596899,130.358669718,9.54789849806,0.959150544274,1.0,31.9534023891,0.17964039325,0.196854627294,0.0528377978337,0.115074705336,0.40156545434,1.0,1.0,0.961694721299,0.73503875969,0.926201550388,32.0974079457,756.920173813,18652.6995634,0.440620155039,0.0131782945736,6.74635658915,8.40273120952e-05,Class 4
0.900598665946,3.58418604651,88.3360689945,6.59115431202,0.972389530856,1.0,22.3346287286,0.131418240474,0.142372524378,0.0546096384682,0.0827546804355,0.454977283995,1.0,1.0,0.974024434222,0.510542635659,0.948837209302,22.3460901163,527.430832728,12998.4313851,0.293023255814,0.00821705426357,4.7503875969,5.51201237449e-05,Class 4
0.948126578932,2.20124031008,48.4245133653,3.83080547481,0.984461525901,1.0,13.0321762921,0.0703855037776,0.075239320762,0.0565621893967,0.0462909461319,0.515995837937,1.0,1.0,0.985583510804,0.271162790698,0.973643410853,12.9836094961,346.71428234,9800.28942776,0.178914728682,0.00232558139535,2.72558139535,3.38522154568e-05,Class 4
0.55791925966,25.3875968992,396.764073687,28.4115031492,0.828001552892,1.0,83.607418541,0.447333970808,0.505145884133,0.0380518835256,0.317699629639,0.172952771455,1.0,1.0,0.838761194877,2.24697674419,0.741395348837,86.3200436047,1837.07811955,41812.7731293,2.0288372093,0.0389147286822,15.5100775194,0.000390428249123,Class 4
0.926519608197,3.31503875969,67.798131687,5.08495276163,0.978035798265,1.0,18.1427755491,0.10308797573,0.110358193835,0.0555787148459,0.0664727365874,0.466693215023,1.0,1.0,0.979381491893,0.387131782946,0.962480620155,18.1138420543,467.671976139,12763.2992824,0.257674418605,-0.0184496124031,3.74418604651,5.09809882305e-05,Class 4
0.851552767262,11.1934883721,19.3607131057,6.68789849806,0.92805020616,1.0,15.0349626807,0.160974873978,0.183174823145,0.0498522200439,0.148763953462,0.0282087254463,1.0,1.0,0.932858193486,0.529147286822,0.922170542636,15.1008187984,238.339553658,4212.55768358,0.892713178295,0.00945736434109,1.03906976744,0.000172141305222,Class 4
0.964997103539,2.36372093023,11.6600578495,1.91863493217,0.984766102784,1.0,5.02334385052,0.0528945223349,0.0573694395629,0.0566364878162,0.0462736614301,0.20531158612,1.0,1.0,0.985862339211,0.140310077519,0.982325581395,4.99570251938,102.156123425,2353.73306149,0.184496124031,0.00604651162791,0.671627906977,3.63509562512e-05,Class 4
0.866634360916,7.62108527132,83.3679471491,8.07650314922,0.949545765394,1.0,24.9763417936,0.159252567004,0.175537412796,0.0522788770957,0.117600944292,0.324278013599,1.0,1.0,0.953011045802,0.608992248062,0.930542635659,25.0500436047,600.991496487,15894.7352441,0.61023255814,-0.00651162790698,4.42945736434,0.000117202387871,Class 4
0.656485836188,7.63100775194,691.955102731,31.3644488857,0.926167381641,1.0,114.013738403,0.401708533348,0.440811976293,0.0471171800823,0.203165486853,0.529546068186,1.0,1.0,0.930255146662,2.29178294574,0.808372093023,116.404617248,3094.98135114,84231.2189893,0.644341085271,0.0257364341085,27.4759689922,0.000117354982729,Class 4
0.545370398414,7.6688372093,1188.04076145,42.5309605136,0.924095036551,1.0,157.690288751,0.497896239246,0.534228253719,0.0464556212818,0.205158134731,0.58074100067,1.0,1.0,0.92754404123,3.23162790698,0.732403100775,162.278260659,4211.92380269,111119.69506,0.651782945736,0.00372093023256,39.0524031008,0.000117936750624,Class 4
0.88682949342,3.69271317829,149.221604668,10.0176271802,0.973743527972,1.0,34.8686881599,0.143677934357,0.152739925072,0.0548300458957,0.080065052168,0.571647149623,1.0,1.0,0.975259008433,0.67984496124,0.941395348837,34.9144622093,960.526937379,27322.0586816,0.291162790698,0.0240310077519,7.88651162791,5.67891300007e-05,Class 4
0.953519139475,1.40620155039,58.501175825,3.82913880814,0.987241269571,1.0,14.4990921614,0.0673501747024,0.0713384745585,0.0567498704255,0.0447847744046,0.613315463557,1.0,1.0,0.98835264219,0.278604651163,0.976434108527,14.4459350775,398.170793968,11319.0081487,0.116899224806,-0.00914728682171,3.29085271318,2.16255524858e-05,Class 4
0.964995757466,2.31286821705,16.5173019643,1.98150314922,0.985687627185,1.0,6.07863998322,0.0530215462931,0.0574738013731,0.0567124087345,0.0444625516144,0.255645690643,1.0,1.0,0.9866554079,0.152713178295,0.982325581395,6.04748546512,137.991859859,3499.47205373,0.175813953488,-0.00821705426357,0.948837209302,3.55689076056e-05,Class 4
0.953594711856,2.50914728682,15.9979230856,2.05960392442,0.982289982232,1.0,6.1193978714,0.0566962492803,0.0620762191125,0.0563460845953,0.0419347253549,0.240173252875,1.0,1.0,0.983504557458,0.179534883721,0.976434108527,6.08275678295,116.426041061,2454.79852418,0.209612403101,-0.00744186046512,0.911937984496,3.85874246339e-05,Class 4
0.878815359654,5.43348837209,86.9038710661,7.28289849806,0.962892647276,1.0,23.5923052933,0.1456578313,0.157912711907,0.0538569793732,0.0890497196942,0.383518841131,1.0,1.0,0.965435954227,0.575968992248,0.937054263566,23.6343071705,538.531074976,13123.4608667,0.438759689922,0.00263565891473,4.61829457364,8.35599903436e-05,Class 4
0.898530713298,8.05581395349,3.22599798646,4.15010780039,0.949009043471,1.0,8.64599686051,0.113215689786,0.128613101765,0.0523989419957,0.110013327297,0.00651302316528,1.0,1.0,0.952474458358,0.335503875969,0.947596899225,8.63298934109,116.036787185,1656.97426546,0.641240310078,-0.00186046511628,0.182325581395,0.000123887950073,Class 4
0.958396923262,3.1807751938,0.993039569072,1.74487524225,0.979360858336,1.0,3.39899438929,0.0519560517003,0.0577376823633,0.0560389996845,0.0507363190369,0.0327574273925,1.0,1.0,0.980783144504,0.132713178295,0.978914728682,3.37314437984,45.0440546269,659.925670497,0.256744186047,0.00713178294574,0.0607751937984,4.89161890626e-05,Class 4
0.998141265549,0.133953488372,-0.0667328534379,0.00390625,0.999076182839,1.0,0.133891909292,0.00322372175447,0.00322372175447,0.0584775790968,0.00322372175447,nan,1.0,1.0,0.999141323792,0.00558139534884,0.999069767442,0.146787790698,1.55577943314,18.4982964662,0.0111627906977,-0.00558139534884,0.0,2.06003057858e-06,Class 4
0.935623868758,4.94108527132,1.57651867604,2.58964268411,0.967807607373,1.0,5.25683208524,0.0748203564053,0.0845241422801,0.0546251904182,0.073602254244,0.00503952367837,1.0,1.0,0.970013686572,0.206976744186,0.967131782946,5.22531492248,68.5040788517,952.671089586,0.399069767442,0.00387596899225,0.093023255814,7.59874705316e-05,Class 4
0.951254467881,3.42449612403,3.06563277285,1.87514656008,0.976595373996,1.0,4.10757092468,0.0547122419989,0.0618062822068,0.0557139711406,0.0505818467068,0.0224660902675,1.0,1.0,0.978240054519,0.156899224806,0.97519379845,4.07609011628,56.9102755572,881.033877862,0.284031007752,-2.60208521397e-18,0.178604651163,5.26643002542e-05,Class 4
0.719689922481,7.8688372093,402.485587077,21.6859605136,0.927956824116,1.0,76.6055844123,0.328637539008,0.361939391038,0.0478539987831,0.185456475374,0.470812705874,1.0,1.0,0.931995854275,1.65689922481,0.847131782946,77.8628343023,1946.43450521,50262.5801206,0.673178294574,0.0209302325581,17.7017054264,0.000121012490724,Class 4
0.974154437834,1.75131782946,5.69631041831,1.20816981589,0.988598826379,1.0,3.0679628793,0.0381196639974,0.0410962030166,0.0571333089207,0.0334227475419,0.18203052494,1.0,1.0,0.989356461368,0.0945736434109,0.986976744186,3.04926841085,56.757920906,1221.39209976,0.14015503876,0.00031007751938,0.332403100775,2.69329923792e-05,Class 4
1.0,0.0,-0.0666666666667,0.00390625,1.0,1.0,0.0,-0.0,-0.0,0.05859375,-0.0,nan,1.0,1.0,1.0,0.0,1.0,0.015625,-0.001953125,0.000244140625,0.0,0.0,0.0,0.0,Class 4
0.826939438736,7.45643410853,124.397653629,10.034410126,0.944361727946,1.0,32.1197958308,0.19014387775,0.208889773791,0.0511607832312,0.127762551166,0.322647151861,1.0,1.0,0.947784422296,0.817519379845,0.908527131783,32.3122916667,700.613565286,16069.0763948,0.61984496124,0.00759689922481,6.31224806202,0.000114670266952,Class 4
0.781339679106,7.58728682171,205.355863031,13.5653403585,0.944077047659,1.0,46.0848324542,0.2209777144,0.239175129408,0.0514191090529,0.114791484635,0.4293905822,1.0,1.0,0.947711048641,1.1207751938,0.881860465116,46.4819040698,1039.46315831,24237.6741177,0.636589147287,0.00387596899225,9.85984496124,0.000116682611637,Class 4
0.632524006971,12.5559689922,602.852743652,29.9231310562,0.895508222204,1.0,104.490565784,0.427232617254,0.481087243449,0.0438892851241,0.261140218208,0.383003209927,1.0,1.0,0.902258838061,2.25782945736,0.793488372093,107.053221899,2705.73502846,70780.0226303,1.02356589147,0.00077519379845,23.9026356589,0.000193094486617,Class 4
0.707645453999,8.92465116279,408.303975208,22.2093326066,0.928569425139,1.0,77.7813584867,0.334107822072,0.363723567958,0.0484895375128,0.181048189964,0.467549232159,1.0,1.0,0.932831530227,1.71348837209,0.839069767442,79.1185707364,1951.08915153,49947.9112422,0.73488372093,0.0167441860465,17.7587596899,0.000137249537298,Class 4
0.414960735533,14.295503876,1779.98290583,54.6987124516,0.877639133817,1.0,194.850720226,0.606899317247,0.658539210457,0.0418223420317,0.262810733691,0.525290545762,1.0,1.0,0.884724195701,4.20759689922,0.628217054264,202.608570736,5119.1403773,132555.172107,1.21209302326,0.0373643410853,47.6003100775,0.000219846272602,Class 4
0.874766756805,10.6933333333,-0.0715247882608,5.20216206395,0.935285701214,1.0,10.4832302175,0.1376015901,0.157195598773,0.0508140612794,0.1376015901,0.0061269287265,1.0,1.0,0.939629241559,0.416124031008,0.93488372093,10.5008963178,134.189539123,1727.44554453,0.832248062016,-0.0077519379845,0.0,0.000164449570678,Class 4
0.876947779581,7.86728682171,41.1374240021,6.16262718023,0.945715198853,1.0,16.4809502555,0.147098000136,0.165465619275,0.0516670629019,0.129005954804,0.121061355055,1.0,1.0,0.949441136383,0.488372093023,0.936124031008,16.5181056202,318.26243641,6822.7464893,0.635658914729,0.00558139534884,2.21984496124,0.000120988647777,Class 4
0.998760266811,0.10480620155,-0.0667107820794,0.0558054748062,0.999383492932,1.0,0.104774887485,0.00225839349607,0.0024450787647,0.0585162786942,0.00225839349607,3.4165618626e-05,1.0,1.0,0.99942414175,0.00403100775194,0.999379844961,0.118415697674,1.32160307655,17.0410144895,0.00806201550388,0.0,0.0,1.61178318417e-06,Class 4
0.979659299321,1.59565891473,0.767482630575,0.841774467054,0.98998469439,1.0,1.7821040817,0.0297255505182,0.0327010549382,0.0573236700769,0.0297255505182,0.0285515703062,1.0,1.0,0.990651333163,0.0666666666667,0.98976744186,1.77143895349,24.5234441618,369.178717978,0.125891472868,8.67361737988e-19,0.0483720930233,2.45391605495e-05,Class 4
0.81961257136,15.216124031,10.2233779554,8.11049539729,0.907049108292,1.0,16.9360811479,0.191721427712,0.220127851345,0.0475533678114,0.187141951619,0.0120901047042,1.0,1.0,0.913287432206,0.632248062016,0.904496124031,17.0836870155,248.160886022,3984.0836986,1.18511627907,0.00341085271318,0.542015503876,0.000234004214241,Class 4
0.63937244156,25.656744186,159.170964238,19.9387512112,0.833848622483,1.0,51.8272782505,0.36426246013,0.416662108958,0.0396022711225,0.295629112559,0.0909054532583,1.0,1.0,0.84502204901,1.5688372093,0.795658914729,53.2116715116,1030.7554742,22292.0387252,2.03627906977,0.0165891472868,7.08093023256,0.000394567384637,Class 4
0.500707890151,30.3141085271,427.627280495,30.6054178779,0.783218375463,1.0,89.4914976551,0.462036418535,0.535814551316,0.0339638840064,0.353860092156,0.107705105321,1.0,1.0,0.797141678735,2.51488372093,0.697054263566,92.6840746124,1909.43486374,42403.1058813,2.48589147287,-0.0116279069767,15.9029457364,0.000466191595957,Class 4
0.838928141338,5.02325581395,188.777208428,12.1312318314,0.954923546386,1.0,42.3671082183,0.205991142074,0.229673115507,0.0519651459498,0.130197192231,0.456732743445,1.0,1.0,0.958016653889,0.907286821705,0.915658914729,42.6342296512,1071.71209726,27926.7109127,0.424186046512,0.0164341085271,9.51224806202,7.72511466967e-05,Class 4
0.784300655009,4.52496124031,307.201667348,16.4870457849,0.960744589142,1.0,60.8493079111,0.249936761605,0.268056665034,0.0527034429271,0.113368482231,0.582082918557,1.0,1.0,0.963001618537,1.29627906977,0.884341085271,61.4502761628,1522.08782885,38533.2044375,0.381705426357,0.00077519379845,14.3894573643,6.9588023688e-05,Class 4
0.886557009795,3.34139534884,122.592894827,7.85413880814,0.970612461111,1.0,28.8750709026,0.150684894217,0.164492374503,0.0541271794814,0.0918430550907,0.504973808693,1.0,1.0,0.972360919442,0.62511627907,0.941395348837,28.9322141473,712.95618641,18172.269624,0.280930232558,-0.0173643410853,6.4719379845,5.13863183212e-05,Class 4
0.804599050538,7.87751937984,167.995895524,11.9821233043,0.93904409844,1.0,40.2823811322,0.22216458622,0.244726986232,0.0503458201881,0.143290948735,0.373210142562,1.0,1.0,0.942850469943,0.974728682171,0.896124031008,40.6274854651,926.689931565,22266.5820973,0.658294573643,-0.0116279069767,8.30542635659,0.000121146011224,Class 4
0.992574484706,0.32992248062,5.01001241229,0.438247335271,0.997223707117,1.0,1.51153761537,0.0130335550362,0.0137345372182,0.0581684390211,0.0112513991421,0.558734669948,1.0,1.0,0.997373086861,0.0347286821705,0.996279069767,1.51143895349,36.3795972626,947.286058094,0.0279069767442,-0.00186046511628,0.295813953488,5.07377901761e-06,Class 4
0.96135366865,1.04465116279,40.2824367782,2.94576671512,0.992041061027,1.0,10.1297726677,0.0596164287465,0.0623574796923,0.0574378819632,0.0286261019176,0.644796213571,1.0,1.0,0.992520955788,0.213178294574,0.980465116279,10.0860901163,253.01683079,6563.9967485,0.0852713178295,0.0113178294574,2.28310077519,1.60653773593e-05,Class 4
0.459260380987,23.7913178295,893.030742663,40.6603403585,0.823746769283,1.0,132.991905873,0.544444198134,0.607514457254,0.0373724291659,0.317404640788,0.30905900038,1.0,1.0,0.834845372973,3.23209302326,0.665736434109,138.133842054,3215.81233467,78652.1566516,1.96186046512,0.0150387596899,28.9857364341,0.000365879551395,Class 4
0.789013448711,13.9795348837,60.6838139378,9.83053415698,0.904650814327,1.0,25.6539674045,0.209733230406,0.239490014953,0.0472105759119,0.174463607829,0.0803358164823,1.0,1.0,0.91106664395,0.820465116279,0.886511627907,25.9036870155,464.892174782,9331.27397476,1.14480620155,-0.0114728682171,3.07968992248,0.000214987080103,Class 4
0.625686725557,6.54697674419,760.174362666,30.5554566376,0.918095261937,1.0,117.779820761,0.392143632006,0.438463588508,0.0453320109218,0.220248764902,0.533571167659,1.0,1.0,0.922656401738,2.48248062016,0.786356589147,120.29438469,3016.19132207,76825.5282189,0.602170542636,-0.0880620155039,28.743255814,0.000100683994528,Class 4
0.182118959197,36.68,3627.68049289,82.3505729167,0.680142227354,1.0,274.66658425,0.798118733782,0.933537961088,0.0218552607265,0.508147138461,0.189476710733,1.0,1.0,0.697425944856,6.51178294574,0.368682170543,291.578028101,6971.58685986,172472.129806,3.10852713178,0.0221705426357,64.5345736434,0.000564090734333,Class 4
0.830542106845,7.58945736434,111.39125829,9.5627434593,0.944228061072,1.0,29.8280283422,0.179636581545,0.197517488919,0.0514073789886,0.117031105637,0.310647964006,1.0,1.0,0.947832012948,0.777054263566,0.910387596899,29.9812063953,640.028260053,14550.3903895,0.63503875969,0.0136434108527,5.6911627907,0.000116715991762,Class 4
0.826939438736,7.45643410853,124.397653629,10.034410126,0.944361727946,1.0,32.1197958308,0.19014387775,0.208889773791,0.0511607832312,0.127762551166,0.322647151861,1.0,1.0,0.947784422296,0.817519379845,0.908527131783,32.3122916667,700.613565286,16069.0763948,0.61984496124,0.00759689922481,6.31224806202,0.000114670266952,Class 4
0.949258818581,1.15720930233,65.3709554667,3.72518531977,0.986797316127,1.0,15.6847555462,0.0741131727502,0.0800993646354,0.0563343184755,0.0506649170683,0.691708033921,1.0,1.0,0.987592128801,0.307906976744,0.974263565891,15.6322141473,414.036680596,11211.5393478,0.100465116279,-0.0353488372093,3.65333333333,1.77963752761e-05,Class 4
0.115811597861,56.1689922481,4813.61619943,95.6070457849,0.53121062111,1.0,302.697339657,0.964676123217,1.19464722289,0.0115730661469,0.736559003708,0.0647656334677,1.0,1.0,0.563997401823,7.18651162791,0.301085271318,325.919733527,8022.05073583,206798.503139,4.55224806202,0.00945736434109,68.3320930233,0.000863806109159,Class 4
0.311780782405,12.6657364341,3583.39377219,78.0065806686,0.878796861487,1.0,281.575847581,0.670498469355,0.7133900792,0.0414452493089,0.245300370986,0.642015810965,1.0,1.0,0.885316182525,5.77410852713,0.521550387597,293.740973837,7785.81979591,210839.527824,1.11658914729,0.0959689922481,70.9866666667,0.00019478256723,Class 4
0.907685547744,5.37798449612,38.2767961137,4.70557291667,0.963939145537,1.0,13.6322709915,0.116255737629,0.127712211035,0.0539148004176,0.0909328280664,0.211415277789,1.0,1.0,0.966250220064,0.381085271318,0.952558139535,13.6210513566,274.835479046,6071.48301061,0.431627906977,-0.00372093023256,2.10449612403,8.27064128585e-05,Class 4
0.750523646415,11.6440310078,203.328770509,15.1612318314,0.912538110479,1.0,48.7834078228,0.278262199376,0.311946753771,0.0469643166727,0.19978757182,0.262564776389,1.0,1.0,0.918065266775,1.22666666667,0.86511627907,49.4736094961,1097.93847323,25831.9803798,0.95503875969,-0.00961240310078,9.60682170543,0.000179070065479,Class 4
0.954821561204,0.904186046512,43.8715222179,3.03378997093,0.992135478089,1.0,10.7216233838,0.0585797175843,0.0612842196613,0.0574008769755,0.0267941077304,0.682916977231,1.0,1.0,0.992568361871,0.240620155039,0.977054263566,10.6698885659,246.783240673,5840.31450771,0.0781395348837,0.0114728682171,2.46759689922,1.39052064054e-05,Class 4
0.898530713298,8.05581395349,3.22599798646,4.15010780039,0.949009043471,1.0,8.64599686051,0.113215689786,0.128613101765,0.0523989419957,0.110013327297,0.00651302316528,1.0,1.0,0.952474458358,0.335503875969,0.947596899225,8.63298934109,116.036787185,1656.97426546,0.641240310078,-0.00186046511628,0.182325581395,0.000123887950073,Class 4
0.910748825191,7.30728682171,0.730807843978,3.68782097868,0.954704879866,1.0,7.37741822136,0.101823327254,0.115543772107,0.0530791294844,0.100607050497,0.00367595166083,1.0,1.0,0.957769997444,0.291782945736,0.954108527132,7.355625,94.5273395107,1243.68136333,0.576124031008,0.00186046511628,0.0446511627907,0.000112376575497,Class 4
0.953483180097,1.31162790698,55.8940958682,3.86568919574,0.987864465401,1.0,13.8180985909,0.0690687440845,0.0748074149626,0.0567881734121,0.0432591290414,0.591087589368,1.0,1.0,0.988783314876,0.271627906977,0.976434108527,13.7681831395,371.704674782,10364.1185,0.111627906977,0.00558139534884,3.14418604651,2.01711327486e-05,Class 4
0.15378066222,48.2964341085,3817.16588201,85.0734411337,0.576740414086,1.0,274.87255475,0.903285672829,1.11383965383,0.0141442698005,0.682319839405,0.0928037875707,1.0,1.0,0.605593988699,6.53457364341,0.360620155039,294.415314922,7189.92074067,183643.085661,4.00434108527,-0.0434108527132,62.3426356589,0.000742736395364,Class 4
0.84723956493,5.50015503876,141.688761564,10.0939450097,0.959168226738,1.0,33.9348094802,0.185426430721,0.199525206415,0.0528875063848,0.108964032965,0.443747379866,1.0,1.0,0.96156812051,0.78976744186,0.92,34.1069428295,793.984413154,19295.3602102,0.448372093023,0.015503875969,7.24651162791,8.45852370436e-05,Class 4
0.898094970254,7.01798449612,16.3293401927,4.53654190891,0.95256022149,1.0,10.478343734,0.112457237996,0.126976617671,0.052747827279,0.0998791922689,0.0616695230654,1.0,1.0,0.955791010024,0.359224806202,0.947286821705,10.4632994186,171.778894743,3200.56690838,0.574573643411,0.013488372093,0.902325581395,0.000107927481678,Class 4
0.550687963464,24.6945736434,397.953981684,27.5722008236,0.821280686716,1.0,83.1170156382,0.418495789062,0.4781689019,0.0377922116309,0.295683043779,0.15967102919,1.0,1.0,0.8327395576,2.26511627907,0.733333333333,85.6167102713,1802.1783085,40657.6688439,2.04279069767,-0.00217054263566,15.5097674419,0.000379770452032,Class 4
0.898094970254,7.01798449612,16.3293401927,4.53654190891,0.95256022149,1.0,10.478343734,0.112457237996,0.126976617671,0.052747827279,0.0998791922689,0.0616695230654,1.0,1.0,0.955791010024,0.359224806202,0.947286821705,10.4632994186,171.778894743,3200.56690838,0.574573643411,0.013488372093,0.902325581395,0.000107927481678,Class 4
0.718377501352,4.93581395349,486.800800141,22.9298752422,0.954899538347,1.0,86.3361128471,0.299583662337,0.320139536826,0.0515911900577,0.129398203577,0.614126553218,1.0,1.0,0.95723974217,1.8096124031,0.843720930233,87.5257025194,2192.16064377,55797.2066007,0.41984496124,-0.0142635658915,20.8697674419,7.59064045135e-05,Class 4
0.989496400457,0.66976744186,1.46661577377,0.445766715116,0.995380914194,1.0,1.02506735444,0.015120957882,0.0165166052339,0.0580150588156,0.0128638203959,0.113314423677,1.0,1.0,0.995706618962,0.0353488372093,0.994728682171,1.02492732558,16.2264771076,293.989924373,0.0558139534884,0.00186046511628,0.0893023255814,1.03001528929e-05,Class 4
0.989496400457,0.66976744186,1.46661577377,0.445766715116,0.995380914194,1.0,1.02506735444,0.015120957882,0.0165166052339,0.0580150588156,0.0128638203959,0.113314423677,1.0,1.0,0.995706618962,0.0353488372093,0.994728682171,1.02492732558,16.2264771076,293.989924373,0.0558139534884,0.00186046511628,0.0893023255814,1.03001528929e-05,Class 4
0.5292715582,25.1162790698,472.902138334,30.4771233043,0.81217555371,1.0,92.1462517208,0.443439483195,0.508852689645,0.0362620752208,0.317593895066,0.175610630628,1.0,1.0,0.823816182525,2.44713178295,0.719069767442,95.0822916667,2052.66126393,47312.0704573,2.08682170543,0.0356589147287,17.7934883721,0.000386255733484,Class 4
0.876191094285,3.61519379845,133.078899272,8.95503028101,0.968461325524,1.0,31.0380845061,0.16081792072,0.17375653085,0.0538002399946,0.0940682790849,0.518533573238,1.0,1.0,0.970213732004,0.677054263566,0.935813953488,31.1248498062,764.584582728,19473.1523105,0.306046511628,0.0215503875969,6.95813953488,5.55969826751e-05,Class 4
0.659689105222,16.8074418605,295.070102101,20.3525109012,0.870089127372,1.0,65.6131682116,0.349613484431,0.398407637039,0.0419469739649,0.269386245471,0.217880805067,1.0,1.0,0.878787687764,1.70015503876,0.809302325581,67.0340746124,1455.01867672,33520.1326327,1.39100775194,-0.0486821705426,12.7652713178,0.00025847661454,Class 4
0.830206934679,4.96062015504,187.994474925,12.12390625,0.952184733676,1.0,41.7927777935,0.207246113045,0.229145146509,0.0513059668139,0.133011587289,0.472784798495,1.0,1.0,0.955014339666,0.928682170543,0.910697674419,42.0709738372,1019.10456819,25600.5592412,0.432868217054,0.0313178294574,9.38976744186,7.62878916577e-05,Class 4
0.830206934679,4.96062015504,187.994474925,12.12390625,0.952184733676,1.0,41.7927777935,0.207246113045,0.229145146509,0.0513059668139,0.133011587289,0.472784798495,1.0,1.0,0.955014339666,0.928682170543,0.910697674419,42.0709738372,1019.10456819,25600.5592412,0.432868217054,0.0313178294574,9.38976744186,7.62878916577e-05,Class 4
0.715234997897,9.6384496124,326.551192073,19.1203015988,0.923835845588,1.0,65.9355314541,0.30503862616,0.333882296361,0.048239648684,0.172186576879,0.409486654296,1.0,1.0,0.928445424085,1.55069767442,0.843410852713,66.9748498062,1553.56342478,37469.8076812,0.808682170543,-0.00124031007752,14.5240310078,0.000148226829872,Class 4
0.954735220239,3.07100775194,8.81517405863,2.09898376938,0.980032409203,1.0,5.05933748421,0.0603054575763,0.0660859648477,0.0560734807854,0.0527886730997,0.12549667092,1.0,1.0,0.981399267399,0.163720930233,0.977054263566,5.02895833333,86.266418968,1654.65334492,0.245581395349,0.00589147286822,0.506046511628,4.72281084496e-05,Class 4
0.706313034072,16.1869767442,173.197088303,16.5345651647,0.883188556297,1.0,46.8832405399,0.278867738525,0.316981044969,0.0445044404633,0.206032507121,0.169478291914,1.0,1.0,0.890865008377,1.3207751938,0.836899224806,47.633997093,965.371443193,21192.2181438,1.34604651163,0.0475968992248,8.02294573643,0.000248934667346,Class 4
0.854592199988,5.19875968992,130.453550581,9.29010780039,0.959171016281,1.0,31.6181360265,0.176114225552,0.191486671287,0.0528600801484,0.107048950371,0.428435639645,1.0,1.0,0.961638214499,0.74015503876,0.924031007752,31.7540746124,737.445653464,17905.4472257,0.434108527132,0.00403100775194,6.72744186047,7.99501682418e-05,Class 4
0.611273553272,13.7364341085,631.348844056,30.2613868702,0.895813231273,1.0,107.206508322,0.442319263998,0.488929857505,0.0440300699327,0.255927111106,0.402883040355,1.0,1.0,0.901890876565,2.37612403101,0.778914728682,110.042446705,2710.13259145,69053.9408304,1.08899224806,-0.0527131782946,24.3696124031,0.00021124850609,Class 4
0.789013448711,13.9795348837,60.6838139378,9.83053415698,0.904650814327,1.0,25.6539674045,0.209733230406,0.239490014953,0.0472105759119,0.174463607829,0.0803358164823,1.0,1.0,0.91106664395,0.820465116279,0.886511627907,25.9036870155,464.892174782,9331.27397476,1.14480620155,-0.0114728682171,3.07968992248,0.000214987080103,Class 4
0.764911435611,7.35472868217,264.95636153,16.0357667151,0.940443617005,1.0,55.6178063976,0.263347049103,0.286971277151,0.0502538425425,0.146425907151,0.442890472674,1.0,1.0,0.944057585825,1.28201550388,0.873178294574,56.2735319767,1320.71075521,32143.0662688,0.618604651163,0.011007751938,12.3860465116,0.00011310616966,Class 4
0.785897674419,7.88124031008,191.259805927,13.187278343,0.938875986313,1.0,43.9930036988,0.222519697908,0.243713679252,0.0504113931705,0.133832091038,0.382972852348,1.0,1.0,0.942648947951,1.07829457364,0.88496124031,44.3797335271,989.593749394,23085.9743163,0.66511627907,0.00976744186047,9.25550387597,0.000121203234296,Class 4
0.948184652365,2.87968992248,17.7838058148,2.36576671512,0.980132561493,1.0,6.87116912778,0.0632764284197,0.0693334241637,0.056082807148,0.0473845962835,0.241827938735,1.0,1.0,0.981490331374,0.201395348837,0.973643410853,6.83306686047,130.986346294,2767.67683571,0.237829457364,-0.00542635658915,1.0096124031,4.42858888501e-05,Class 4
0.789803016646,6.12651162791,223.849893125,13.8613481105,0.950521817067,1.0,48.1616572235,0.218481088715,0.235698345966,0.0517465773541,0.112680822275,0.49321697329,1.0,1.0,0.953467927421,1.12496124031,0.887131782946,48.5501986434,1116.98576005,26575.7138876,0.522790697674,0.015503875969,10.7426356589,9.42177874342e-05,Class 4
0.781339679106,7.58728682171,205.355863031,13.5653403585,0.944077047659,1.0,46.0848324542,0.2209777144,0.239175129408,0.0514191090529,0.114791484635,0.4293905822,1.0,1.0,0.947711048641,1.1207751938,0.881860465116,46.4819040698,1039.46315831,24237.6741177,0.636589147287,0.00387596899225,9.85984496124,0.000116682611637,Class 4
0.924290319091,5.13736434109,14.7383988857,3.07778221899,0.965241759879,1.0,8.35639629372,0.0912193809951,0.102144721001,0.0541787749384,0.0829044438716,0.0864222571726,1.0,1.0,0.967572933526,0.273178294574,0.961240310078,8.3267877907,143.839316255,2813.85368891,0.417364341085,-0.0232558139535,0.827596899225,7.90059875599e-05,Class 4
0.842993858542,4.60527131783,159.617727209,10.528402374,0.962837349551,1.0,36.3562526666,0.182980313764,0.196149532221,0.053224805826,0.0994193791155,0.499799014926,1.0,1.0,0.964929352301,0.83503875969,0.917519379845,36.5320591085,850.595711604,20474.4277393,0.386976744186,0.0195348837209,8.08217054264,7.08230883173e-05,Class 4
0.990109055946,0.491782945736,3.89756456696,0.497665939922,0.99630259289,1.0,1.41238837785,0.0153733885987,0.0165807132511,0.0580916407518,0.0121512994027,0.3477870352,1.0,1.0,0.996541443053,0.0393798449612,0.99503875969,1.41050872093,27.9146844719,607.514880769,0.0415503875969,0.00186046511628,0.230697674419,7.56298263339e-06,Class 4
0.83245737636,9.93519379845,76.5364194316,8.79026283915,0.932855651361,1.0,25.3347041574,0.188745217834,0.209755439011,0.050256594781,0.142461198848,0.207229510881,1.0,1.0,0.93731234915,0.706201550388,0.911627906977,25.4947722868,530.211888929,12266.8877272,0.805271317829,-0.00666666666667,3.97426356589,0.000152790369834,Class 4
0.994430334715,0.401860465116,-0.066865430435,0.180650436047,0.997228548516,1.0,0.401371508344,0.00833853525944,0.00917112211152,0.0582458862899,0.00833853525944,0.000201846098508,1.0,1.0,0.997423971377,0.0167441860465,0.997209302326,0.409113372093,4.67124454942,55.4944011174,0.033488372093,-0.00186046511628,0.0,6.18009173574e-06,Class 4
0.708364833844,8.01860465116,411.643276692,21.4896039244,0.936569810601,1.0,77.1908960269,0.325089869597,0.349111639588,0.0494976139505,0.161286579423,0.495394858153,1.0,1.0,0.940070590908,1.71596899225,0.839379844961,78.4742296512,1896.20620579,47181.3188197,0.661085271318,-0.0102325581395,17.824496124,0.000123315719357,Class 4
0.939699585361,3.75069767442,20.2526518397,2.99185198643,0.976607758185,1.0,8.25097999731,0.0797019331231,0.086771527872,0.0556586259089,0.0614969181638,0.215053112296,1.0,1.0,0.978188985433,0.240310077519,0.969302325581,8.21671027132,156.467242611,3256.67800092,0.293953488372,-8.29414661951e-18,1.14263565891,5.76808562002e-05,Class 4
0.90525011718,5.36930232558,52.3018767932,5.53960392442,0.96537562064,1.0,16.6123349497,0.125882270077,0.137429670537,0.0540528690433,0.0928364413786,0.282207720755,1.0,1.0,0.967559062385,0.423875968992,0.951317829457,16.6136094961,366.812513929,8784.13048154,0.41984496124,0.00372093023256,2.86015503876,8.2572892358e-05,Class 4
0.88732465597,7.18139534884,36.5462103622,5.78479772287,0.951578249607,1.0,14.9082508334,0.135379974874,0.151323427829,0.0523863345803,0.115590026382,0.133033605362,1.0,1.0,0.954749183633,0.444341085271,0.941705426357,14.923997093,284.333502301,6010.96682844,0.577364341085,0.0210852713178,1.98728682171,0.00011044052824,Class 4
0.849348284358,7.01457364341,96.2634284971,8.84669694767,0.949857089324,1.0,26.5838411209,0.169403969811,0.18593015023,0.052092734436,0.113900890731,0.314681803215,1.0,1.0,0.953124698299,0.688992248062,0.920930232558,26.6931443798,572.591089511,13111.7655833,0.576744186047,0.0353488372093,5.00186046512,0.000107875027196,Class 4
0.358806994772,16.6818604651,2259.30072896,61.7658829942,0.871157477458,1.0,220.646623464,0.636901637532,0.686969789475,0.0419449067814,0.259391438659,0.52798525458,1.0,1.0,0.879049805492,4.84976744186,0.565891472868,230.187020349,5741.18166606,147153.168972,1.38139534884,0.00387596899225,53.9786046512,0.000256545335873,Class 4
0.85839677904,5.46387596899,130.358669718,9.54789849806,0.959150544274,1.0,31.9534023891,0.17964039325,0.196854627294,0.0528377978337,0.115074705336,0.40156545434,1.0,1.0,0.961694721299,0.73503875969,0.926201550388,32.0974079457,756.920173813,18652.6995634,0.440620155039,0.0131782945736,6.74635658915,8.40273120952e-05,Class 4
0.866924535785,7.34015503876,78.8893940282,7.82619307171,0.95155529757,1.0,23.6597116379,0.170676914984,0.187302465243,0.0521861422841,0.12476688633,0.256073837807,1.0,1.0,0.954559431525,0.606511627907,0.930852713178,23.7570203488,520.548860828,12314.1444883,0.576124031008,0.00403100775194,4.17612403101,0.000112882045963,Class 4
0.482357262184,9.72620155039,1569.49814402,50.7718907461,0.910563709155,1.0,186.149916191,0.568028578794,0.611983693264,0.0450272335647,0.231345566484,0.572279243507,1.0,1.0,0.915201791748,3.79581395349,0.686511627907,192.569500969,5074.76564862,136395.615595,0.81519379845,0.0125581395349,46.1813953488,0.000149576340644,Class 4
0.759818087855,9.94263565891,277.884036739,17.8060380329,0.928622535638,1.0,60.7691619737,0.285323094002,0.312087903804,0.049059527297,0.175942366237,0.398096065091,1.0,1.0,0.93325006389,1.33100775194,0.870697674419,61.5569428295,1562.42100715,41788.0871506,0.796589147287,-0.00356589147287,13.0660465116,0.000152904815977,Class 4
0.861614854877,5.94604651163,135.626827992,9.83278221899,0.953848252236,1.0,33.6586648961,0.18290221989,0.204055543612,0.0519239705396,0.133618999601,0.366757786419,1.0,1.0,0.956778814209,0.738604651163,0.928062015504,33.8119040698,844.992872456,22192.64475,0.475658914729,-0.00713178294574,7.05488372093,9.14424684603e-05,Class 4
0.757462267893,14.0976744186,127.74513838,13.093286095,0.899668805372,1.0,37.9268144604,0.256553154302,0.29055413815,0.0459908174839,0.202624851277,0.157645628953,1.0,1.0,0.906151574524,1.06217054264,0.868837209302,38.4355474806,787.263710635,17609.5994907,1.15441860465,-0.00356589147287,6.21333333333,0.000216803912628,Class 4
0.614616237005,10.0741085271,721.460535311,32.0679760174,0.913794024153,1.0,115.535319034,0.432307878963,0.475145067562,0.0463410969142,0.214484086773,0.497429014967,1.0,1.0,0.919177442712,2.46062015504,0.780775193798,118.388725775,3004.82334242,78408.5183376,0.841860465116,-0.00387596899225,27.3823255814,0.000154926697841,Class 4
0.893103539451,3.9503875969,86.923901371,6.63375121124,0.969846920685,1.0,22.298828431,0.133223288942,0.143956302086,0.0543964902199,0.0813387729317,0.43453675326,1.0,1.0,0.971679955703,0.528062015504,0.94480620155,22.3140746124,512.088327883,12319.760249,0.328682170543,0.0046511627907,4.65302325581,6.07518277109e-05,Class 4
0.971700354546,1.74573643411,12.5115959482,1.79592175388,0.989518046825,1.0,4.61787107631,0.0433293737779,0.0463009400775,0.0572466434559,0.0324807646412,0.316416819899,1.0,1.0,0.990189425562,0.120620155039,0.985736434109,4.59221414729,98.7982697432,2337.0572548,0.133953488372,0.0151937984496,0.722790697674,2.68471577718e-05,Class 4
0.953519139475,1.40620155039,58.501175825,3.82913880814,0.987241269571,1.0,14.4990921614,0.0673501747024,0.0713384745585,0.0567498704255,0.0447847744046,0.613315463557,1.0,1.0,0.98835264219,0.278604651163,0.976434108527,14.4459350775,398.170793968,11319.0081487,0.116899224806,-0.00914728682171,3.29085271318,2.16255524858e-05,Class 4
0.964997103539,2.36372093023,11.6600578495,1.91863493217,0.984766102784,1.0,5.02334385052,0.0528945223349,0.0573694395629,0.0566364878162,0.0462736614301,0.20531158612,1.0,1.0,0.985862339211,0.140310077519,0.982325581395,4.99570251938,102.156123425,2353.73306149,0.184496124031,0.00604651162791,0.671627906977,3.63509562512e-05,Class 4
0.954068529535,2.72434108527,27.5479255131,2.87394500969,0.981606436368,1.0,8.92840878074,0.0695847590493,0.0759134780905,0.0561043202782,0.0586564481361,0.291396040191,1.0,1.0,0.982928798592,0.213333333333,0.976744186047,8.89190406977,209.159829821,5342.70727902,0.21023255814,-0.00217054263566,1.56465116279,4.18968256097e-05,Class 4
0.648951865873,7.92217054264,599.005694562,27.5854566376,0.925852037046,1.0,100.032051315,0.374060297782,0.403392559617,0.0475102694399,0.173996532562,0.54535964457,1.0,1.0,0.929622057529,2.17534883721,0.802170542636,102.074927326,2516.92000908,63598.2767485,0.691782945736,0.00635658914729,23.8062015504,0.000121832688084,Class 4
0.965671870681,1.98015503876,9.28457180127,1.5581310562,0.986450052675,1.0,4.10342273945,0.0430564535032,0.0471571143704,0.0569105819212,0.032426289012,0.191010008016,1.0,1.0,0.987402674845,0.126821705426,0.982635658915,4.075625,73.7684635417,1485.01025868,0.164341085271,0.00372093023256,0.535813953488,3.04522112843e-05,Class 4
0.968652076197,0.986976744186,28.1845451986,2.27212330426,0.992136044153,1.0,7.40362191356,0.0488042094742,0.0510574041024,0.0574384227961,0.0270776679193,0.62141990242,1.0,1.0,0.992583695374,0.162015503876,0.984186046512,7.36748546512,181.045755208,4664.73842001,0.0827906976744,0.0141085271318,1.61147286822,1.51784197491e-05,Class 4
0.998760266811,0.0893023255814,-0.0667107820794,0.0480922965116,0.999384121893,1.0,0.089273812624,0.00225839349607,0.0024450787647,0.0585162786942,0.00225839349607,3.4165618626e-05,1.0,1.0,0.999427549195,0.00372093023256,0.999379844961,0.103066860465,1.03653524709,12.3322790243,0.00744186046512,0.0,0.0,1.37335371905e-06,Class 4
0.887542335196,4.55317829457,76.7109521713,6.47948764535,0.965788200749,1.0,20.7068600777,0.129600518497,0.141031568226,0.0539649897092,0.0847310346928,0.369733911651,1.0,1.0,0.967915949683,0.523100775194,0.941705426357,20.7153149225,448.326777495,10238.5581172,0.380775193798,0.0133333333333,4.10201550388,7.00219653145e-05,Class 4
