0.717455621302,5130.27884615,802324.963495,4823.38049903,0.851104761925,1.0,15194.0522793,0.354334732345,0.371701847479,0.00278946916027,0.354334732345,0.507996125752,1.0,1.0,0.853480442743,22.5817307692,0.846153846154,15225.2270743,5797375.2947,2406942130.65,23.9903846154,-1.12980769231,2523.91346154,1.19452257953e-06,Class 1
0.579326923077,5910.60576923,2263397.25773,8470.18255733,0.765669987259,1.0,29381.5949994,0.563988529735,0.575566606492,0.00225134855191,0.546621414601,0.67931408288,1.0,1.0,0.777411049798,40.0913461538,0.759615384615,29470.4683603,11632584.0116,4809295593.41,27.5673076923,-1.91826923077,5890.27884615,1.37621214398e-06,Class 1
0.685465976331,6449.22115385,541845.798646,4505.07821538,0.837473294979,1.0,13162.3242551,0.376828659046,0.417351927694,0.00272951746833,0.354027618942,0.345622338002,1.0,1.0,0.841563586914,22.7355769231,0.826923076923,13195.7414973,4254577.16841,1504149353.43,29.5288461538,-1.97596153846,1686.80769231,1.50162213784e-06,Class 1
0.733727810651,4159.13461538,814703.680534,4426.77172499,0.857819220825,1.0,14383.847409,0.337227276087,0.348805352843,0.00285231009038,0.337227276087,0.570580436945,1.0,1.0,0.864502207047,21.625,0.855769230769,14412.2281259,5245275.0901,2031977220.43,19.3653846154,-1.01923076923,2563.44230769,9.68403542648e-07,Class 1
0.717455621302,5130.27884615,802324.963495,4823.38049903,0.851104761925,1.0,15194.0522793,0.354334732345,0.371701847479,0.00278946916027,0.354334732345,0.507996125752,1.0,1.0,0.853480442743,22.5817307692,0.846153846154,15225.2270743,5797375.2947,2406942130.65,23.9903846154,-1.12980769231,2523.91346154,1.19452257953e-06,Class 1
0.685465976331,6449.22115385,541845.798646,4505.07821538,0.837473294979,1.0,13162.3242551,0.376828659046,0.417351927694,0.00272951746833,0.354027618942,0.345622338002,1.0,1.0,0.841563586914,22.7355769231,0.826923076923,13195.7414973,4254577.16841,1504149353.43,29.5288461538,-1.97596153846,1686.80769231,1.50162213784e-06,Class 1
0.337093195266,6513.04807692,9531832.43263,18211.8436901,0.596542071569,1.0,67350.4431769,0.934705430568,0.985387810315,0.00135785164918,0.874293003418,0.769339864278,1.0,1.0,0.622268814561,81.5913461538,0.576923076923,67652.0753315,29327836.5188,13047059485.6,32.0288461538,-1.27403846154,15285.3942308,1.51648345495e-06,Class 1
0.593934911243,6166.99038462,2087407.09588,8208.0414816,0.772195058075,1.0,28337.6501754,0.541539887933,0.55311796469,0.00230913331523,0.518383734421,0.617842033939,1.0,1.0,0.783768733997,38.5913461538,0.769230769231,28419.7460045,11260336.3885,4686749311.42,27.625,-2.05288461538,5563.49038462,1.43590816076e-06,Class 1
0.579326923077,5910.60576923,2263397.25773,8470.18255733,0.765669987259,1.0,29381.5949994,0.563988529735,0.575566606492,0.00225134855191,0.546621414601,0.67931408288,1.0,1.0,0.777411049798,40.0913461538,0.759615384615,29470.4683603,11632584.0116,4809295593.41,27.5673076923,-1.91826923077,5890.27884615,1.37621214398e-06,Class 1
0.717455621302,3044.75961538,1589138.23271,5813.64424603,0.847912182861,1.0,21958.7656217,0.348545693967,0.371701847479,0.00278946916027,0.354334732345,0.764380014792,1.0,1.0,0.855391101566,27.9182692308,0.846153846154,21996.6949228,9147268.87493,3929408394.63,14.5480769231,-2.07211538462,4738.20192308,7.08934975835e-07,Class 1
0.370931952663,7373.375,6426214.40711,14251.0384768,0.644744319287,1.0,54633.4939714,0.866972778622,0.921259160386,0.00153626210591,0.802915954103,0.710548754416,1.0,1.0,0.665608376488,69.6105769231,0.605769230769,54871.9689613,23211068.2493,10219176407.6,36.3173076923,-5.61057692308,11875.1923077,1.71680003933e-06,Class 1
0.284578402367,8275.375,8894182.45211,16789.6868392,0.556980747441,1.0,61796.9896111,1.0228106914,1.08507114791,0.00111948950051,0.942127986543,0.68010343287,1.0,1.0,0.583103969874,81.6586538462,0.528846153846,62127.4770743,25116257.6554,10522646822.1,41.1826923077,-3.41826923077,13463.6634615,1.92681968915e-06,Class 1
0.654400887574,3691.38461538,1998981.40211,7445.38034879,0.814687567741,1.0,25932.2242811,0.451229685339,0.457018723717,0.00254243929711,0.44544064696,0.726544015732,1.0,1.0,0.823897734732,33.7211538462,0.807692307692,25991.8308904,10660560.9003,4536895416.68,18.1730769231,0.0576923076923,5575.375,8.5949368544e-07,Class 1
0.566013313609,9821.33653846,505973.174462,6148.30462764,0.750084598316,1.0,15601.054565,0.512256714746,0.56683215903,0.00220656536035,0.512256714746,0.224383388967,1.0,1.0,0.752417485417,29.7355769231,0.75,15660.7919781,4720869.37199,1637520388.89,47.1442307692,-1.03365384615,1460.09615385,2.28677789418e-06,Class 1
0.579696745562,8474.98076923,1118141.68525,6866.92805011,0.778131374529,1.0,20877.530015,0.538647339862,0.563988529735,0.00231057793431,0.510409659682,0.436381394699,1.0,1.0,0.784780225527,33.5288461538,0.759615384615,20948.4330538,7316238.27805,2799488825.25,38.4230769231,-2.16346153846,3118.625,1.97329544719e-06,Class 1
0.800850591716,4339.48076923,139077.92673,2173.89146658,0.894245186995,1.0,6250.3158098,0.233599164483,0.250966279618,0.00311523076345,0.233599164483,0.209417103896,1.0,1.0,0.895015991365,12.3365384615,0.894230769231,6261.40300575,1790074.60923,586012737.587,20.6346153846,-2.13461538462,480.576923077,1.01039493519e-06,Class 1
0.579326923077,5910.60576923,2263397.25773,8470.18255733,0.765669987259,1.0,29381.5949994,0.563988529735,0.575566606492,0.00225134855191,0.546621414601,0.67931408288,1.0,1.0,0.777411049798,40.0913461538,0.759615384615,29470.4683603,11632584.0116,4809295593.41,27.5673076923,-1.91826923077,5890.27884615,1.37621214398e-06,Class 1
0.654400887574,3691.38461538,1998981.40211,7445.38034879,0.814687567741,1.0,25932.2242811,0.451229685339,0.457018723717,0.00254243929711,0.44544064696,0.726544015732,1.0,1.0,0.823897734732,33.7211538462,0.807692307692,25991.8308904,10660560.9003,4536895416.68,18.1730769231,0.0576923076923,5575.375,8.5949368544e-07,Class 1
0.638868343195,6232.14423077,1019724.82726,6176.4867941,0.820557945003,1.0,18076.0040205,0.462305246678,0.485461400191,0.00260383560813,0.416948256116,0.455340977516,1.0,1.0,0.82617721624,28.5817307692,0.798076923077,18127.7511127,6362861.95691,2408078999.22,29.2788461538,0.1875,2974.125,1.45107843566e-06,Class 1
0.623890532544,6034.17307692,1262116.71541,6138.04493713,0.801482944206,1.0,20372.8268749,0.482723535046,0.502275686541,0.00248609915288,0.446357097201,0.547695781281,1.0,1.0,0.809343136705,30.8557692308,0.788461538462,20431.2088952,7525196.43994,2983123567.96,29.0,-2.14423076923,3599.5,1.40498327778e-06,Class 1
0.536797337278,7954.375,2048773.26909,8599.53584759,0.734296417124,1.0,28928.9019582,0.619436483735,0.636803598869,0.00208593966693,0.605673370618,0.569961564088,1.0,1.0,0.744526245704,41.5432692308,0.730769230769,29030.1537569,11232765.8309,4661191627.43,37.0480769231,-3.05288461538,5269.26923077,1.85207877164e-06,Class 1
0.801405325444,4227.94230769,153206.036279,2643.49047499,0.894239327172,1.0,6336.09595507,0.210443010971,0.233599164483,0.00312100923978,0.210443010971,0.190663147476,1.0,1.0,0.89493203866,12.2980769231,0.894230769231,6346.01959229,1895323.16451,662977514.462,20.4423076923,-2.22044604925e-16,529.615384615,9.84424570856e-07,Class 1
0.717640532544,5600.21153846,389784.114292,3802.81033677,0.847740373161,1.0,10585.2197326,0.340571619228,0.365912809101,0.0027916360889,0.340571619228,0.325389024557,1.0,1.0,0.851757473924,19.2211538462,0.846153846154,10610.6878615,3281487.20881,1127557355.85,26.6153846154,-1.09615384615,1252.76923077,1.3039406499e-06,Class 1
0.654215976331,3283.82692308,2546734.45688,8086.51323641,0.822388267547,1.0,30977.9253503,0.451229685339,0.462807762095,0.00254677315435,0.414310418709,0.844132509879,1.0,1.0,0.837550995941,37.4134615385,0.807692307692,31044.0808904,13425084.4099,5952639648.22,14.5384615385,-2.18269230769,6940.35576923,7.64598869676e-07,Class 1
0.550665680473,3478.11538462,4590725.09014,11645.564844,0.784649453975,1.0,46268.591769,0.597148475803,0.620304629315,0.00225784933779,0.513306149989,0.840925218022,1.0,1.0,0.800158777917,52.9903846154,0.740384615385,46393.1518038,21133016.1603,9834760685.76,16.5576923077,-3.44230769231,10729.1730769,8.09836557764e-07,Class 1
0.717455621302,5518.55769231,567721.666156,4564.60578449,0.848359919,1.0,12711.4701214,0.348545693967,0.371701847479,0.00279091377935,0.342756655589,0.368585886298,1.0,1.0,0.85243416127,20.9230769231,0.846153846154,12739.8654457,4350865.13251,1633773252.7,25.5192307692,4.30211422042e-16,1805.49038462,1.28492855215e-06,Class 1
0.579326923077,4038.03846154,3208960.84764,10025.4470555,0.787433478006,1.0,35833.4010944,0.569777568113,0.575566606492,0.00230768869614,0.533565813195,0.743866347809,1.0,1.0,0.799830393577,44.8557692308,0.759615384615,35933.9060106,15064871.3403,6491010231.92,18.7884615385,0.0769230769231,7974.31730769,9.40207786745e-07,Class 1
0.443602071006,5770.125,5511798.41627,13834.8237833,0.677540299574,1.0,49836.1693679,0.765897464308,0.791238654181,0.00172839644393,0.732293137177,0.744291522756,1.0,1.0,0.698557345076,62.7355769231,0.663461538462,50025.8184204,20837647.2373,8915104787.52,27.4711538462,-0.793269230769,11064.4134615,1.34350291786e-06,Class 1
0.523113905325,4865.81730769,4068484.72481,11391.6086391,0.756442841349,1.0,42371.2752839,0.635880505539,0.653247620673,0.00214155750162,0.57399232229,0.714625740647,1.0,1.0,0.770882129492,52.1778846154,0.721153846154,42501.9560406,18251914.7932,8079079689.65,23.375,-2.08173076923,9409.44230769,1.13294595015e-06,Class 1
0.470784023669,6795.0,3425585.71189,10473.3462442,0.71414750321,1.0,37923.8638626,0.676880872938,0.708300163709,0.00193786621094,0.613259240388,0.680412770033,1.0,1.0,0.726763050974,51.2596153846,0.682692307692,38060.5905057,15552850.0708,6716849134.77,34.8076923077,-3.26923076923,7816.79807692,1.58213250611e-06,Class 1
0.564903846154,3715.77884615,4110468.09768,10894.8647989,0.80080418239,1.0,42957.5014922,0.586384310525,0.597962387281,0.00231780102972,0.475675429413,0.852909789382,1.0,1.0,0.816804148922,50.2451923077,0.75,43073.4395142,19211428.6113,8770158761.51,16.4326923077,-3.39903846154,9839.80769231,8.65173583226e-07,Class 1
0.654585798817,6604.46153846,587732.879861,4632.36570035,0.80924614126,1.0,13725.8374855,0.41649545507,0.451229685339,0.0025474954639,0.41649545507,0.385787592923,1.0,1.0,0.814121928583,24.2115384615,0.807692307692,13765.2434505,4476129.17593,1635473883.31,32.1730769231,-2.09615384615,1790.38461538,1.53776795958e-06,Class 1
0.431028106509,7315.76923077,4282090.80754,11558.9446517,0.68409484761,1.0,43283.7763238,0.787724206586,0.813065396459,0.00177317963549,0.730247086382,0.687280863983,1.0,1.0,0.699887693677,57.8461538462,0.653846153846,43463.6154457,17692378.4926,7551602844.52,36.0769230769,-5.22115384615,9037.41346154,1.70338724168e-06,Class 1
0.766826923077,1048.30769231,1802903.76216,5507.07115408,0.88425382771,1.0,22985.5224675,0.29708308264,0.302872121018,0.002985215046,0.269556856406,0.976933003163,1.0,1.0,0.897277719616,26.3365384615,0.875,23015.9078134,10267282.2473,4632719031.69,5.01923076923,-2.21153846154,5492.10576923,2.44085603592e-07,Class 1
0.638868343195,6268.59615385,1040333.02142,6125.80477788,0.801332098232,1.0,18352.5145106,0.462305246678,0.485461400191,0.00248393222425,0.4565162083,0.455340977516,1.0,1.0,0.807835449921,28.7788461538,0.798076923077,18404.6199529,6527097.38118,2500024717.45,29.7692307692,-0.0961538461538,3034.23076923,1.45956581938e-06,Class 1
0.71801035503,5091.17307692,727262.996565,4189.90896959,0.848147564547,1.0,14216.3939422,0.342756655589,0.357938734362,0.00279235839844,0.342756655589,0.53295676797,1.0,1.0,0.854090039783,22.0865384615,0.846153846154,14245.867549,5115232.16208,1991421752.95,23.5192307692,-3.04807692308,2288.84615385,1.18541728024e-06,Class 1
0.701368343195,2247.16346154,2387480.12361,7398.14777668,0.849242793501,1.0,29450.6191961,0.369209697716,0.394550887589,0.00272951746833,0.357631620959,0.828895796371,1.0,1.0,0.863803834537,33.8221153846,0.836538461538,29499.3758122,13274087.8364,6078996567.27,9.85576923077,-2.27403846154,6813.31730769,5.23224482568e-07,Class 1
0.623890532544,7610.68269231,786063.578654,5852.55830853,0.788839251191,1.0,16828.1605153,0.467541456272,0.502275686541,0.00242614746094,0.467541456272,0.386694165144,1.0,1.0,0.792695820966,28.1394230769,0.788461538462,16879.6880118,5733052.20855,2157771408.23,35.9711538462,-1.13942307692,2317.47115385,1.77205422829e-06,Class 1
0.370931952663,7373.375,6426214.40711,14251.0384768,0.644744319287,1.0,54633.4939714,0.866972778622,0.921259160386,0.00153626210591,0.802915954103,0.710548754416,1.0,1.0,0.665608376488,69.6105769231,0.605769230769,54871.9689613,23211068.2493,10219176407.6,36.3173076923,-5.61057692308,11875.1923077,1.71680003933e-06,Class 1
0.685465976331,6985.48076923,440205.09103,4055.24813725,0.826979110664,1.0,12489.582221,0.382617697425,0.417351927694,0.00266595422869,0.388406735803,0.346592053328,1.0,1.0,0.828755967391,22.1442307692,0.826923076923,12522.6349769,3981902.55033,1415412341.52,32.3269230769,-3.44230769231,1384.46153846,1.62648361969e-06,Class 1
0.456176035503,4305.43269231,5929405.12617,13121.2755561,0.703889834514,1.0,52309.0177083,0.74619523586,0.775140427751,0.00188080375717,0.660664171085,0.791718228753,1.0,1.0,0.724582417175,62.8221153846,0.673076923077,52494.0080238,23010102.5621,10346558305.8,21.9711538462,-4.55288461538,12047.6346154,1.0024672576e-06,Class 1
0.371856508876,7122.94230769,5620152.88683,12724.054853,0.649733419003,1.0,49048.4759538,0.851790699848,0.899521972531,0.00154781905857,0.739889426896,0.704807329083,1.0,1.0,0.670787845516,65.7211538462,0.605769230769,49269.6193519,19959654.3538,8458616891.43,36.3269230769,-6.27884615385,10537.1826923,1.65848985492e-06,Class 1
0.536982248521,11941.4615385,463884.311538,7045.77104891,0.73629544383,1.0,17097.7039976,0.578913215088,0.631014560491,0.00209027352418,0.578913215088,0.227145356618,1.0,1.0,0.739653890302,32.8269230769,0.730769230769,17172.3588351,4924134.31851,1565190051.44,53.5,-1.05769230769,1307.98076923,2.7804230273e-06,Class 1
0.395155325444,6605.68269231,5488983.08214,12869.0615387,0.65064726804,1.0,48687.0657595,0.807938921777,0.858621301524,0.00158610146427,0.768932080066,0.739760989576,1.0,1.0,0.668822364397,64.2067307692,0.625,48891.9070622,19928537.659,8442295024.25,34.125,-4.38942307692,10572.0576923,1.5380522903e-06,Class 1
0.284578402367,8275.375,8894182.45211,16789.6868392,0.556980747441,1.0,61796.9896111,1.0228106914,1.08507114791,0.00111948950051,0.942127986543,0.68010343287,1.0,1.0,0.583103969874,81.6586538462,0.528846153846,62127.4770743,25116257.6554,10522646822.1,41.1826923077,-3.41826923077,13463.6634615,1.92681968915e-06,Class 1
0.685465976331,4666.15384615,1495372.86079,6790.37899663,0.833958265068,1.0,22449.9848283,0.399984812559,0.417351927694,0.00266450960961,0.399984812559,0.595167641371,1.0,1.0,0.838514794833,29.0288461538,0.826923076923,22495.3621404,9661933.06201,4409389315.82,22.5961538462,9.0552565446e-16,4457.52884615,1.08645675916e-06,Class 1
0.818047337278,4030.94230769,323715.585715,1595.66835961,0.904825859844,1.0,8490.73155748,0.22205124102,0.227840279398,0.00318096093172,0.22205124102,0.558415232725,1.0,1.0,0.906972204129,13.4134615385,0.903846153846,8502.17704421,3088689.28301,1257763125.71,17.8076923077,-6.65384615385,1117.91346154,9.38555534255e-07,Class 1
0.750184911243,5164.07692308,249052.894921,3003.30252427,0.866031645184,1.0,8447.33023482,0.308494821765,0.325861936899,0.0029173179491,0.308494821765,0.296265507559,1.0,1.0,0.868653931593,16.1730769231,0.865384615385,8466.68696007,2466361.44072,801581339.143,24.5192307692,-1.97115384615,825.778846154,1.20239204769e-06,Class 1
0.639053254438,7756.98076923,402467.60626,4680.2591048,0.7995294486,1.0,12618.3237013,0.442753095183,0.479672361813,0.00248609915288,0.442753095183,0.272454931191,1.0,1.0,0.803861940803,24.2403846154,0.798076923077,12660.3002413,3671972.3038,1186244975.94,36.75,-2.01923076923,1226.01923077,1.80611794324e-06,Class 1
0.701368343195,3744.25,1446000.20956,5129.03945336,0.843072156817,1.0,20933.8180046,0.394550887589,0.394550887589,0.00272446130154,0.394550887589,0.794655388753,1.0,1.0,0.849905669165,27.7403846154,0.836538461538,20976.5754817,8548869.15905,3646070451.02,17.9230769231,-4.48076923077,4308.29807692,8.71802742606e-07,Class 1
0.593934911243,6407.88461538,1942694.44551,8669.14988004,0.780537815346,1.0,27277.4069153,0.524172772799,0.55311796469,0.00236691807854,0.495882892403,0.578661113986,1.0,1.0,0.787807196098,37.6153846154,0.769230769231,27354.8245803,10815058.4344,4517042447.1,29.8846153846,1.04807692308,5237.02884615,1.49199743126e-06,Class 2
0.852810650888,2611.25,244775.822993,2168.67992812,0.923463390691,1.0,6056.41660862,0.181455470423,0.187244508801,0.00331675512551,0.181455470423,0.404285947799,1.0,1.0,0.925320130575,10.2019230769,0.923076923077,6063.46971248,2022531.76831,741505338.181,12.5384615385,2.22044604925e-16,863.134615385,6.07997572713e-07,Class 2
0.326183431953,11869.6826923,5340655.63435,16801.2213945,0.588444208536,1.0,51135.2374827,0.96391802777,1.00662633278,0.00131090152898,0.913734313416,0.563072397452,1.0,1.0,0.603158846409,70.0240384615,0.567307692308,51402.1098868,20769264.747,8932760229.87,56.2788461538,3.79326923077,9883.65384615,2.76371020232e-06,Class 2
0.579881656805,6271.21153846,1870007.46901,8563.50865408,0.764765259034,1.0,26138.6632096,0.550225416618,0.558199491357,0.002252793171,0.538647339862,0.566553013566,1.0,1.0,0.775790479262,37.4519230769,0.759615384615,26219.61815,10042539.4255,4079011523.79,30.0576923077,2.05769230769,4987.39423077,1.46017477965e-06,Class 2
0.67048816568,4033.64423077,2430424.25392,9633.41174903,0.844459625592,1.0,31460.9202253,0.40537017936,0.420552258133,0.00273023977788,0.35981665732,0.757423897468,1.0,1.0,0.852465939855,36.3413461538,0.817307692308,31518.5470863,14457333.7034,6854607058.12,17.4134615385,3.26442307692,6871.50961538,9.39184643943e-07,Class 2
0.551220414201,6559.25,1713067.82534,8183.82483497,0.75133320802,1.0,24363.3493455,0.568203283912,0.602937514181,0.00214516904933,0.560229209173,0.453979748158,1.0,1.0,0.763608146375,37.6153846154,0.740384615385,24447.343811,8717834.48237,3310522473.97,32.3076923077,2.03846153846,4472.31730769,1.52724100673e-06,Class 2
0.524223372781,6056.43269231,2432236.18493,9671.66775865,0.748156636877,1.0,29857.7006476,0.600380204566,0.630091467161,0.00209894123867,0.547016916133,0.661550027981,1.0,1.0,0.760528616449,43.1201923077,0.721153846154,29959.5467858,11329786.1246,4515636327.03,30.2596153846,3.10096153846,5976.11538462,1.41016615652e-06,Class 2
0.608727810651,6257.64423077,2175230.34602,9642.34489206,0.790266482183,1.0,29913.7263512,0.50746096916,0.530617122672,0.00236691807854,0.495882892403,0.585720249226,1.0,1.0,0.797513900333,38.4182692308,0.778846153846,29990.2514132,12745569.8683,5713233921.76,27.9711538462,2.36057692308,5933.45192308,1.45701579826e-06,Class 2
0.406434911243,9095.40384615,4338524.96551,14081.1848109,0.651071227092,1.0,45065.3002544,0.825403498191,0.856533726442,0.00157960067839,0.805851346696,0.635188980538,1.0,1.0,0.6668317325,60.3365384615,0.634615384615,45261.9414673,18607555.305,8090070345.19,43.4038461538,2.16346153846,9042.10576923,2.11775336e-06,Class 2
0.337832840237,12609.3942308,3352947.14969,13460.3128909,0.596438998729,1.0,39349.016165,0.897786163939,0.962231656802,0.00135785164918,0.870689001401,0.430525690175,1.0,1.0,0.607849190386,60.6490384615,0.576923076923,39564.114394,14461331.5496,5738121470.79,61.6057692308,1.45673076923,6739.15384615,2.93594297202e-06,Class 2
0.509060650888,2785.54807692,5485310.07598,13708.9972358,0.746450489907,1.0,49692.7471812,0.658057885292,0.687003077183,0.00209388507188,0.565150101971,0.797167987301,1.0,1.0,0.766351755533,58.3605769231,0.711538461538,49844.1089853,21944877.9592,9824417366.13,14.5865384615,2.30288461538,11765.0961538,6.48580744641e-07,Class 2
0.924926035503,1780.34615385,-0.0040767096852,890.140790499,0.961539297035,1.0,1778.99052904,0.0823783394656,0.0939564162219,0.0035991781562,0.0823783394656,0.00348005280719,1.0,1.0,0.961716768808,4.13461538462,0.961538461538,1780.21700815,383791.159266,82853587.4512,8.26923076923,-2.22044604925e-16,0.0,4.14531791337e-07,Class 2
0.654400887574,4415.15384615,1620867.90278,7307.03644855,0.813973514789,1.0,22846.3782606,0.437466572222,0.457018723717,0.00254316160665,0.4432556106,0.715358860321,1.0,1.0,0.820377088778,31.3461538462,0.807692307692,22900.0589553,9074583.53762,3779698756.53,21.9230769231,2.14423076923,4621.47115385,1.0280144841e-06,Class 2
0.485207100592,6128.99038462,4854213.18277,14141.6053338,0.765112182762,1.0,48584.5566733,0.629533942834,0.670057211481,0.00216178216878,0.499387718327,0.68741019328,1.0,1.0,0.781083302906,58.8894230769,0.692307692308,48730.6116896,21275754.0182,9621256047.22,26.0480769231,1.47596153846,10650.8653846,1.42706032629e-06,Class 2
0.654215976331,6892.11538462,544240.366189,5504.10308016,0.817960699239,1.0,13482.6369415,0.433862570204,0.462807762095,0.00260455791767,0.411159217738,0.316586602412,1.0,1.0,0.821429431111,24.2307692308,0.807692307692,13523.7428495,4226212.25917,1462469455.41,32.8076923077,1.96153846154,1658.09615385,1.60474463368e-06,Class 2
0.52274408284,4102.70192308,4465235.38838,13016.1894684,0.746370006924,1.0,44664.7817959,0.641669543917,0.66482569743,0.00209171814326,0.580043118225,0.809072504703,1.0,1.0,0.766445840203,53.6105769231,0.721153846154,44800.2958844,19654439.1369,8850967578.38,19.9711538462,3.37019230769,10174.8173077,9.55263881588e-07,Class 2
0.579326923077,2899.02884615,3719217.05225,11052.1338794,0.777510428938,1.0,38867.807217,0.552410452979,0.575566606492,0.00225857164733,0.516621089487,0.834652531306,1.0,1.0,0.793269495297,46.9567307692,0.759615384615,38969.7922786,16768787.7725,7369535305.68,14.625,2.37019230769,9018.05769231,6.75003351531e-07,Class 2
0.734097633136,5250.42307692,411727.516804,3970.51887043,0.856175691685,1.0,10577.8694573,0.314071122574,0.337227276087,0.00285664394762,0.314071122574,0.326078968497,1.0,1.0,0.85919957823,18.4903846154,0.855769230769,10600.4222365,3434376.0266,1238839206.71,24.8461538462,0.0192307692308,1337.64423077,1.22249669181e-06,Class 2
0.608912721893,4918.35576923,1770571.47701,8167.41971177,0.790695168686,1.0,24147.220243,0.505275932799,0.524828084294,0.00236691807854,0.499486894421,0.697264138937,1.0,1.0,0.798854869525,34.4663461538,0.778846153846,24215.5479877,9286006.15663,3760025786.95,24.8173076923,4.12019230769,4824.56730769,1.14517888729e-06,Class 2
0.522928994083,4625.35576923,4162401.03887,13020.4782304,0.746715858756,1.0,42915.270272,0.641669543917,0.659036659052,0.00208666197647,0.59988433224,0.785974959203,1.0,1.0,0.762234606732,52.3413461538,0.721153846154,43047.566317,18725408.3131,8407189800.43,22.6057692308,4.60096153846,9605.96153846,1.07695742676e-06,Class 2
0.52274408284,2663.07692308,4950513.58135,12814.5315657,0.75218097954,1.0,45965.340244,0.647458582295,0.66482569743,0.0020418787849,0.573620049036,0.877487434819,1.0,1.0,0.771159395295,55.0384615385,0.721153846154,46105.7416476,19991522.2611,8845365978.35,14.1538461538,2.46153846154,10861.0961538,6.20064836832e-07,Class 2
0.733912721893,2716.74038462,1638000.33437,6780.3982274,0.879211165115,1.0,22649.5997416,0.331438237709,0.343016314465,0.00298232580783,0.285505005883,0.778152115658,1.0,1.0,0.885011861197,26.9951923077,0.855769230769,22684.4353074,10217073.4102,4774265158.24,13.3365384615,2.03365384615,4992.13461538,6.32559716434e-07,Class 2
0.406804733728,5686.06730769,6898221.06174,16479.2250754,0.680970070118,1.0,57279.2427676,0.811640385074,0.844955649686,0.00168289094282,0.727648786443,0.762625791895,1.0,1.0,0.700342970155,69.5240384615,0.634615384615,57502.1255118,25034231.6242,11228052104.5,27.4903846154,2.59134615385,12954.5576923,1.32393111397e-06,Class 2
0.703217455621,4006.98076923,1604049.00131,7957.96756334,0.876645455818,1.0,23178.5564217,0.343868507843,0.351842582581,0.00298449273646,0.275345894784,0.602577828136,1.0,1.0,0.881552892137,29.0,0.836538461538,23217.4207341,10112807.3119,4641239390.02,18.1346153846,4.69230769231,4802.83653846,9.32976383571e-07,Class 2
0.456545857988,3252.92307692,6936668.03355,15971.9531403,0.711178083401,1.0,57230.3753019,0.749799237878,0.763562350994,0.00187430297129,0.688479459839,0.866493097756,1.0,1.0,0.729976466377,66.6057692308,0.673076923077,57427.4955538,25547663.2302,11558447141.8,17.3461538462,3.39423076923,13544.1634615,7.57403287694e-07,Class 2
0.382396449704,4434.98076923,8299935.18607,17465.1742941,0.64207289177,1.0,61454.8387399,0.870803740424,0.905537970693,0.00153987365362,0.784782768265,0.803579620274,1.0,1.0,0.669187399887,74.3942307692,0.615384615385,61710.8867798,26663249.7392,11791328519.3,23.2307692308,4.22115384615,14319.5576923,1.03263094025e-06,Class 2
0.624630177515,4983.88461538,2627798.84278,10927.6615988,0.837554715667,1.0,33673.4690143,0.457382345173,0.482723535046,0.00260889177492,0.391607066243,0.585406546084,1.0,1.0,0.841845249506,39.6538461538,0.788461538462,33744.5685707,15553554.0395,7489117392.54,22.5192307692,4.89423076923,7190.48076923,1.16043647634e-06,Class 2
0.594119822485,3450.46153846,4283503.41799,13597.6390627,0.814863624637,1.0,45947.0507832,0.547328926311,0.547328926311,0.00242686977048,0.47333049465,0.80412904217,1.0,1.0,0.827216955507,49.9711538462,0.769230769231,46054.5923086,22000771.5772,10716476650.4,15.0384615385,4.84615384615,10651.4230769,8.03397698468e-07,Class 2
0.593934911243,2211.02884615,4169906.83476,12136.9614035,0.783585160998,1.0,43010.0396897,0.547328926311,0.55311796469,0.002366195769,0.501671930781,0.897501505887,1.0,1.0,0.798770384329,48.3028846154,0.769230769231,43113.9809805,19901484.5849,9345074607.5,12.2019230769,3.40865384615,10226.1153846,5.14810980052e-07,Class 2
0.50924556213,6176.74038462,3815088.00634,13189.6676835,0.73550433478,1.0,41649.3946801,0.667450925687,0.681214038804,0.00203104414178,0.633695469178,0.785045940807,1.0,1.0,0.747702161472,51.9567307692,0.711538461538,41786.0398747,18061401.6495,8137800012.41,29.4134615385,5.35096153846,8902.73076923,1.43817832882e-06,Class 2
0.536982248521,2696.17307692,5359390.39354,14024.4327076,0.787481468999,1.0,50347.6747261,0.59988433224,0.631014560491,0.00220945459851,0.505412543145,0.830963908866,1.0,1.0,0.805941602717,57.0673076923,0.730769230769,50482.4667077,22880255.2194,10510751343.8,12.3269230769,3.24038461538,11947.0192308,6.27770870803e-07,Class 2
0.509060650888,4702.94230769,3632724.33645,11305.8931943,0.731143514133,1.0,37734.4572131,0.661661887309,0.687003077183,0.00203465568949,0.616328354044,0.723822292781,1.0,1.0,0.746681586569,49.9615384615,0.711538461538,37864.688763,15230089.3934,6353982204.59,23.8846153846,3.09615384615,8290.82692308,1.09502250175e-06,Class 2
0.484282544379,4425.74038462,5504547.43191,14091.3089095,0.770359352346,1.0,51043.2801922,0.686005360959,0.691794399337,0.00225134855191,0.546621414601,0.769793457338,1.0,1.0,0.782906039433,60.4278846154,0.692307692308,51206.7366896,22747332.2719,10395706762.9,21.2596153846,0.956730769231,11695.7211538,1.03047942989e-06,Class 2
0.76701183432,4720.19230769,853980.644014,5760.26841971,0.890006972086,1.0,15796.8916512,0.283319969523,0.29708308264,0.00304877828564,0.260284263613,0.522693263672,1.0,1.0,0.892188950816,21.0384615385,0.875,15819.9964553,6541313.73036,2896865076.38,19.7692307692,2.45192307692,2775.11538462,1.09903895292e-06,Class 2
0.685650887574,3009.71153846,1668122.06372,7007.61863004,0.857112292281,1.0,22227.9903979,0.39201073782,0.411562889315,0.00278946916027,0.354334732345,0.748815372238,1.0,1.0,0.866194300764,29.6730769231,0.826923076923,22273.438162,8866357.84004,3651791206.22,14.7115384615,3.14423076923,4816.16346154,7.00774460489e-07,Class 2
0.624075443787,7193.45192308,1195618.25472,7271.35315528,0.793704488745,1.0,20929.8277059,0.461752417894,0.496486648163,0.00242831438956,0.461752417894,0.493262644783,1.0,1.0,0.798022486277,31.2932692308,0.788461538462,20986.4356079,7875081.3978,3207759701.05,33.1057692308,1.04326923077,3448.49038462,1.67490715506e-06,Class 2
0.276812130178,2846.67307692,19274806.6383,25135.4887472,0.664747347915,1.0,96490.2187263,0.951534459321,1.00800587745,0.00158682377381,0.763143041688,0.818421131062,1.0,1.0,0.690684205469,106.865384615,0.509615384615,96892.7182101,44946393.307,21149092082.9,15.7115384615,0.423076923077,23512.3461538,6.62812952064e-07,Class 2
0.315828402367,10207.625,8492277.34876,19886.3453428,0.58742630386,1.0,66126.1219941,0.95974457886,1.01621599698,0.00123216978897,0.928614350609,0.657028428755,1.0,1.0,0.608807140735,81.8028846154,0.557692307692,66436.6841055,28768017.3699,12962322664.0,45.5480769231,3.22596153846,14057.9038462,2.37672043013e-06,Class 2
0.733727810651,4630.95192308,548812.220966,4280.8513524,0.856440145306,1.0,11659.4706995,0.331438237709,0.348805352843,0.00285375470946,0.32564919933,0.452738566259,1.0,1.0,0.860510066743,19.2740384615,0.855769230769,11684.3112089,4004632.68998,1510465836.25,22.4711538462,0.985576923077,1763.49038462,1.07826042263e-06,Class 2
0.623705621302,6762.58653846,1083905.02487,6280.95591971,0.789634500391,1.0,19209.6081534,0.484908571407,0.508064724919,0.00242398053231,0.484908571407,0.456423092313,1.0,1.0,0.795349700693,30.0721153846,0.788461538462,19266.7622305,6879497.72233,2662884649.19,32.2596153846,-1.04326923077,3126.27884615,1.57458542868e-06,Class 2
0.750184911243,2149.13461538,1287688.94672,5736.76210961,0.890664478946,1.0,17987.8390592,0.314283860143,0.325861936899,0.0030480559761,0.262469299974,0.80650974786,1.0,1.0,0.898635981206,23.5961538462,0.865384615385,18016.6665274,7258906.47574,3015679293.09,10.5384615385,3.16346153846,3967.06730769,5.00399666668e-07,Class 2
0.623890532544,2975.25961538,3399721.29035,11446.2120796,0.821506881911,1.0,38330.4884698,0.490697609785,0.502275686541,0.00254243929711,0.44544064696,0.84626155303,1.0,1.0,0.831701078857,43.3509615385,0.788461538462,38413.9818819,17805906.6853,8459395372.26,14.5480769231,4.58173076923,8860.01923077,6.92752752262e-07,Class 2
0.906619822485,1353.09615385,254262.869421,1833.17481995,0.952531851177,1.0,5045.83494333,0.111553106063,0.117342144441,0.00352694720206,0.111553106063,0.58634325895,1.0,1.0,0.954579919986,7.33653846154,0.951923076923,5048.86694805,1914655.22219,775015909.195,6.42307692308,1.05769230769,924.0,3.15051862972e-07,Class 2
0.418639053254,7908.83653846,5288312.20207,15748.0911361,0.672266854228,1.0,50632.7387944,0.823252649347,0.834830726104,0.00172117334851,0.765897464308,0.726009148324,1.0,1.0,0.686332595724,63.8317307692,0.644230769231,50840.2649348,21717135.7829,9673918223.57,37.2403846154,4.50480769231,10733.3557692,1.84147569875e-06,Class 2
0.418823964497,7646.69230769,6456172.99844,17777.6730922,0.676219552418,1.0,58698.1697878,0.789937384735,0.829041687726,0.00172839644393,0.723189159301,0.676525699396,1.0,1.0,0.692120953704,69.1730769231,0.644230769231,58913.953787,26614664.4673,12446324641.2,33.9807692308,4.67307692308,12817.3557692,1.78043862608e-06,Class 2
0.419193786982,6655.22115385,5797556.94977,16397.1882665,0.696643138599,1.0,52468.0972923,0.787752348375,0.821067612987,0.00187358066175,0.697872500234,0.716094968912,1.0,1.0,0.709917049947,65.1971153846,0.644230769231,52670.8761127,22652091.7044,10107053660.1,32.8942307692,6.70673076923,11504.4230769,1.54958671418e-06,Class 2
0.608912721893,4184.15384615,2200311.54241,8389.7907304,0.805614018189,1.0,27556.2421841,0.513250007538,0.524828084294,0.00242470284185,0.482723535046,0.729334087902,1.0,1.0,0.81277635728,37.0480769231,0.778846153846,27630.8807702,11067839.2531,4622556903.25,21.3076923077,2.04807692308,5861.97115385,9.74228964029e-07,Class 2
0.70173816568,3999.16346154,1322621.28376,6444.49137644,0.853482699266,1.0,19741.5777601,0.363420659338,0.382972810833,0.00273312901604,0.340264505825,0.683223016782,1.0,1.0,0.86091602933,27.2163461538,0.836538461538,19780.1591656,7663506.72909,3095504544.76,17.8365384615,2.19711538462,3945.46153846,9.31156219243e-07,Class 2
0.305288461538,9836.39423077,7146860.00427,17921.1401144,0.632187290923,1.0,56796.5430073,0.98804832187,1.03731173596,0.00144669572277,0.848550530265,0.665710749715,1.0,1.0,0.64441028941,76.4182692308,0.548076923077,57095.1985286,22870595.236,9571427923.38,46.5865384615,5.34134615385,11815.2980769,2.29028389337e-06,Class 2
0.523483727811,7216.95192308,2282157.77386,9754.76098281,0.746291479703,1.0,29817.5384298,0.604750277288,0.641669543917,0.00209099583372,0.576728178727,0.567985282356,1.0,1.0,0.757099184797,43.2355769231,0.721153846154,29920.4085646,11264539.2342,4482432604.64,34.0865384615,2.12980769231,5676.20192308,1.68037884217e-06,Class 2
0.685465976331,6319.93269231,717721.084189,5677.31987704,0.827226367617,1.0,15121.5951665,0.388406735803,0.417351927694,0.00266595422869,0.388406735803,0.464410265546,1.0,1.0,0.830646075132,24.3028846154,0.826923076923,15158.442519,5240641.22472,1970665173.27,28.9711538462,1.21634615385,2209.81730769,1.47151890345e-06,Class 3
0.654400887574,4440.24038462,1664637.98553,7380.86216971,0.808688529333,1.0,23370.8585117,0.451229685339,0.457018723717,0.00254316160665,0.439651608582,0.697272235665,1.0,1.0,0.816324309467,31.6490384615,0.807692307692,23426.7898747,9420783.2211,3983877598.19,21.7980769231,1.99519230769,4746.88461538,1.03385557726e-06,Class 3
0.482433431953,5634.92307692,5582163.44856,15365.6522088,0.712932081047,1.0,53358.2065477,0.682690421461,0.725398726468,0.00192630925827,0.662811716997,0.725450079531,1.0,1.0,0.726294004014,61.8557692308,0.692307692308,53524.7209144,24249693.0302,11284414808.0,26.6923076923,2.35576923077,11972.9326923,1.31202280639e-06,Class 3
0.654400887574,6130.17307692,881318.181548,5728.64702548,0.816213110954,1.0,16594.4423361,0.428073531826,0.457018723717,0.00254677315435,0.414310418709,0.450947782051,1.0,1.0,0.823640482643,26.6346153846,0.807692307692,16639.0331139,5809089.55137,2205536446.88,28.8461538462,0.0865384615385,2627.42307692,1.42733570171e-06,Class 3
0.624075443787,6704.94230769,1052811.42253,7009.59015949,0.798620150755,1.0,18794.8979997,0.476934496668,0.496486648163,0.00248609915288,0.442753095183,0.504497414135,1.0,1.0,0.803801225238,29.7788461538,0.788461538462,18850.5502413,6635213.71779,2528833165.34,31.5961538462,2.99038461538,3036.63461538,1.56116367573e-06,Class 3
0.733727810651,3481.21153846,988995.873724,4361.9075423,0.857188136702,1.0,15762.2967209,0.348805352843,0.348805352843,0.00285086547129,0.348805352843,0.680014576833,1.0,1.0,0.863962799367,22.5480769231,0.855769230769,15792.930049,6025813.65264,2429835867.91,16.9230769231,-2.09615384615,3078.10576923,8.10557459257e-07,Class 3
0.766826923077,4034.44230769,554580.053462,3583.18789086,0.886558609293,1.0,11294.242604,0.291294044262,0.302872121018,0.00304733366656,0.268258338352,0.490711254708,1.0,1.0,0.888788828893,17.6730769231,0.875,11314.1977774,4056946.33625,1582519302.0,19.2692307692,-1.10576923077,1820.07692308,9.39370466377e-07,Class 3
0.701553254438,3833.71153846,1202027.7726,5747.90626526,0.841973589049,1.0,18287.4210092,0.382972810833,0.388761849211,0.00272590592063,0.382972810833,0.636664397655,1.0,1.0,0.846858519445,25.7692307692,0.836538461538,18325.9447726,7122626.38008,2926696468.85,19.25,1.0,3623.25961538,8.92632765866e-07,Class 3
0.337278106509,10376.7403846,5497712.70054,15100.0553788,0.595963615029,1.0,50771.7331614,0.954257582063,0.979598771937,0.00135351779193,0.905423231669,0.600710513122,1.0,1.0,0.614468415647,69.0817307692,0.576923076923,51032.3508723,20632313.1636,8827886353.38,49.9134615385,-1.09134615385,10164.4423077,2.41609687564e-06,Class 3
0.228180473373,17149.0576923,4947359.89749,16958.6251655,0.479568756443,1.0,49580.4906247,1.11353715757,1.18595672517,0.00089123968542,1.08601093133,0.406009003213,1.0,1.0,0.493484471964,76.5576923077,0.471153846154,49917.8576332,18112062.5414,7114349382.75,80.4038461538,0.961538461538,8192.79807692,3.99294799473e-06,Class 3
0.418823964497,8571.49038462,4525667.22812,13253.1292971,0.659179541769,1.0,46092.5667798,0.805885534213,0.829041687726,0.00167783477603,0.762093954193,0.67963316655,1.0,1.0,0.675402648366,60.6105769231,0.644230769231,46285.4040574,19169984.0963,8350622558.31,40.3557692308,-2.08173076923,9428.95192308,1.99576652882e-06,Class 3
0.750369822485,5626.86538462,127728.009129,3486.91062223,0.86595301973,1.0,7321.48233775,0.28894267027,0.320072898521,0.00292020718727,0.28894267027,0.123770276615,1.0,1.0,0.867895414798,15.2788461538,0.865384615385,7338.5802894,1919069.90028,559791357.667,26.5384615385,1.08653846154,428.048076923,1.31014667145e-06,Class 3
0.639607988166,3639.49038462,1885075.20591,7127.48348882,0.815963111692,1.0,24398.3613936,0.457935173957,0.465909248696,0.0025474954639,0.415729384366,0.655006307616,1.0,1.0,0.827849876327,33.3605769231,0.798076923077,24458.2171584,9605914.50793,3926768830.47,18.4903846154,0.754807692308,5204.94230769,8.47410749549e-07,Class 3
0.246116863905,10215.0673077,9746701.94591,18375.8443662,0.523903454293,1.0,65427.0986231,1.10801369835,1.15651104174,0.000994529949843,1.05843297869,0.628471396726,1.0,1.0,0.543252482619,86.9375,0.490384615385,65808.4659565,26718685.4188,11311600676.1,50.7403846154,-3.01442307692,13899.0288462,2.3784532803e-06,Class 3
0.348187869822,6381.28846154,8046353.56245,17555.923618,0.627951401201,1.0,60014.0345141,0.964079686155,0.964079686155,0.00145825267543,0.820660471597,0.754434278387,1.0,1.0,0.654928210637,75.8173076923,0.586538461538,60303.1115394,25239336.445,10885555163.4,31.25,4.11538461538,13481.0480769,1.48580484266e-06,Class 3
0.482433431953,8116.90384615,3214968.58699,11370.8220555,0.697196939078,1.0,37656.0512583,0.694268498217,0.725398726468,0.00187358066175,0.694268498217,0.627151722804,1.0,1.0,0.710053625625,51.3365384615,0.692307692308,37796.5304096,14970235.6443,6219770031.58,37.5,-0.25,7420.30769231,1.88992162237e-06,Class 3
0.394230769231,10259.2596154,4248017.14283,13677.6039816,0.649338648408,1.0,45001.6254446,0.849228261128,0.883962491397,0.0016251061795,0.794307457457,0.599503754829,1.0,1.0,0.662177593093,61.4951923077,0.625,45207.8764132,18119978.2929,7684525781.84,47.2596153846,-0.956730769231,8737.63461538,2.38874291775e-06,Class 3
0.382581360947,5105.28846154,7785629.69088,15944.7356673,0.640841249213,1.0,59319.9148864,0.851251588929,0.899748932315,0.00151314820058,0.745872646696,0.782001652798,1.0,1.0,0.673180291205,73.0096153846,0.615384615385,59565.5069721,25417711.3875,11145990248.7,24.6538461538,-1.01923076923,13615.625,1.18870387463e-06,Class 3
0.818047337278,3321.40384615,249947.914938,2905.05432716,0.905375095622,1.0,6765.47421998,0.22205124102,0.227840279398,0.00318096093172,0.22205124102,0.406498896886,1.0,1.0,0.908542346168,12.0576923077,0.903846153846,6775.75787354,2159733.41953,769175810.215,16.0384615385,1.91346153846,863.682692308,7.73348195868e-07,Class 3
0.733912721893,5023.95192308,508701.012342,4349.19645456,0.867536724723,1.0,11539.6768481,0.331438237709,0.343016314465,0.0029173179491,0.308494821765,0.391771030304,1.0,1.0,0.870947651719,19.4086538462,0.855769230769,11564.6916175,3810078.6089,1363952032.11,23.1634615385,0.985576923077,1635.33653846,1.16976565808e-06,Class 3
0.83524408284,2651.30769231,371474.049568,2609.1638524,0.91358731301,1.0,7775.73596423,0.204669853782,0.21045889216,0.00324813571907,0.204669853782,0.504049057235,1.0,1.0,0.915506284547,12.2596153846,0.913461538462,7785.34771729,2739978.58412,1040969535.01,12.7884615385,4.4408920985e-16,1283.60576923,6.1732451563e-07,Class 3
0.348557692308,13403.0865385,3687167.82588,13865.4478067,0.602713342224,1.0,42771.3945311,0.904004266013,0.952501609398,0.00140335715029,0.853682489379,0.489975141851,1.0,1.0,0.616661137684,63.1298076923,0.586538461538,42996.8830238,16084939.824,6441633854.7,60.5288461538,-1.0625,7398.94230769,3.12074450254e-06,Class 3
0.456360946746,6665.68269231,4386972.65735,12800.8774191,0.688789295364,1.0,44082.973949,0.738221161121,0.769351389373,0.00182374130339,0.708300163709,0.675049923019,1.0,1.0,0.704980543789,57.3701923077,0.673076923077,44250.043781,18188467.8397,7769903442.47,32.375,0.168269230769,9396.53846154,1.55202255525e-06,Class 3
0.29474852071,9036.61538462,10243183.042,20280.744231,0.551542825059,1.0,70692.0830003,1.00765182988,1.064123248,0.00114910419171,0.978706637985,0.692210935199,1.0,1.0,0.571488667827,87.0096153846,0.538461538462,71039.0502413,30550128.7019,13555672031.2,42.7692307692,1.11538461538,15501.2884615,2.10406518694e-06,Class 3
0.372226331361,11443.4134615,2800539.19348,11437.7765327,0.612407802781,1.0,35006.4741233,0.805842225257,0.884339893757,0.00145319650864,0.808027261617,0.4226880881,1.0,1.0,0.626139671102,55.4759615385,0.605769230769,35182.910668,12394943.2937,4711970802.7,55.8173076923,-1.02403846154,5935.30769231,2.66445863405e-06,Class 3
0.419933431953,9030.72115385,3535536.01701,12154.6106673,0.68560942797,1.0,39234.4124011,0.760226122141,0.797911459474,0.00173128568209,0.707241009823,0.543806936194,1.0,1.0,0.693764138408,55.8798076923,0.644230769231,39402.0134324,15176944.6583,6197836483.46,43.2788461538,0.110576923077,7593.25961538,2.10269278751e-06,Class 3
0.509430473373,5143.95192308,3900970.2838,11743.1821066,0.719042429519,1.0,40604.2504154,0.650083810553,0.675425000426,0.00198048247388,0.632716695419,0.735029047771,1.0,1.0,0.736068429586,51.8605769231,0.711538461538,40737.0621103,16938593.6003,7283931937.44,25.2403846154,1.13942307692,8898.68269231,1.19770618799e-06,Class 3
0.359837278107,11465.8076923,3572007.14696,13903.9502106,0.609912589838,1.0,40259.6334398,0.884812717631,0.931125024656,0.00139902329304,0.873234640874,0.552371554609,1.0,1.0,0.62365823824,60.0288461538,0.596153846154,40469.4318519,15133913.418,6076651036.0,55.0192307692,4.19230769231,7251.375,2.66967285634e-06,Class 3
0.553069526627,11457.3076923,512221.816541,7191.26834459,0.746180341928,1.0,17243.0147855,0.513916902148,0.568203283912,0.00216105985924,0.513916902148,0.223588451215,1.0,1.0,0.749072112206,32.1153846154,0.740384615385,17307.765686,5236163.70287,1800744310.12,51.5192307692,-2.6645352591e-15,1462.86538462,2.66769373547e-06,Class 3
0.371671597633,13314.8365385,2484199.40867,11888.7576024,0.619312629351,1.0,34664.565762,0.849605663488,0.898103006874,0.00144741803231,0.830053511993,0.457083883734,1.0,1.0,0.630891339788,55.2836538462,0.605769230769,34849.9936007,12277533.0196,4718519974.67,61.5480769231,-0.870192307692,5384.22115385,3.10019657117e-06,Class 3
0.579696745562,7689.83653846,1006199.30499,6651.63493112,0.769840521074,1.0,18858.7667492,0.524884226745,0.563988529735,0.0022564047187,0.513306149989,0.343994338067,1.0,1.0,0.777841929463,31.9663461538,0.759615384615,18924.6068819,6219047.47167,2222433560.25,36.7211538462,-0.00480769230769,2808.94230769,1.79048423167e-06,Class 3
0.609467455621,8127.35576923,423762.586708,5357.2017881,0.781063258642,1.0,13135.1826086,0.461148662134,0.50746096916,0.00237414117396,0.461148662134,0.237021925203,1.0,1.0,0.784863218854,25.7932692308,0.778846153846,13181.7420983,3791450.70694,1233057658.12,39.7596153846,0.0721153846154,1263.79807692,1.89235522461e-06,Class 3
0.536797337278,9249.59615385,1120756.21698,8252.24543293,0.731240045105,1.0,21242.9388898,0.588306255483,0.636803598869,0.00208738428601,0.594095293862,0.414980019691,1.0,1.0,0.736090864522,35.7788461538,0.730769230769,21325.6704336,7129830.03188,2617508090.87,44.3846153846,2.96153846154,3019.29807692,2.15365514988e-06,Class 3
0.265347633136,11175.3461538,7207303.32634,17522.156115,0.531407645927,1.0,56630.1800947,1.06305832991,1.11297463896,0.00107253938032,1.01113346761,0.543036108057,1.0,1.0,0.553681088947,78.7884615385,0.509615384615,56961.6148447,22422344.0295,9303316351.47,54.9038461538,2.15384615385,11447.1826923,2.60204244548e-06,Class 3
0.394415680473,4510.60576923,8906566.985,18255.4088193,0.702869217475,1.0,66789.2874563,0.841254186389,0.878173453019,0.00177751349274,0.703486930852,0.760127161665,1.0,1.0,0.723643623064,76.7932692308,0.625,67044.590656,30410991.9124,14109090110.3,21.3557692308,1.34134615385,15634.0961538,1.05023929503e-06,Class 3
0.48224852071,2789.25,5968499.06093,13570.779838,0.73339928245,1.0,51131.1201721,0.708031611334,0.731187764846,0.00193425466323,0.627022353505,0.836923663208,1.0,1.0,0.752155834413,61.3076923077,0.692307692308,51302.3341957,22076277.4252,9651872310.02,14.5576923077,0.105769230769,12128.75,6.49442692078e-07,Class 3
0.108357988166,11965.0673077,24339928.3802,26557.2338644,0.394141311806,1.0,92105.1742302,1.39880913302,1.50406695705,0.000529362605168,1.17345956265,0.623230414293,1.0,1.0,0.4285873562,119.552884615,0.317307692308,92768.4082642,38444832.7832,16550875291.1,58.9903846154,1.89903846154,20201.7692308,2.78591934147e-06,Class 3
0.50924556213,9606.51923077,1536556.88366,9041.72304711,0.727638994119,1.0,25316.3590341,0.632716695419,0.681214038804,0.00203248876086,0.618513390405,0.44226971475,1.0,1.0,0.734355564414,40.4326923077,0.711538461538,25417.0250009,8884205.86982,3367758354.47,44.7884615385,1.17307692308,3952.94230769,2.23676031576e-06,Class 3
0.523113905325,8887.46153846,2510499.79053,11090.0730321,0.72259954715,1.0,34058.6787401,0.608354279305,0.653247620673,0.00203537799903,0.602565240927,0.506832054893,1.0,1.0,0.73246866573,46.0096153846,0.721153846154,34168.8314913,13952894.3435,6074551125.23,39.4423076923,1.25961538462,6320.70192308,2.06933654111e-06,Class 3
0.371486686391,6230.10576923,7472144.24013,16885.6238133,0.633516893207,1.0,58975.1147388,0.872761817,0.907496047269,0.00145753036589,0.788475110122,0.759961537784,1.0,1.0,0.656644598536,72.9951923077,0.605769230769,59226.9016536,25398984.0062,11232952752.1,31.0288461538,2.23557692308,13249.7692308,1.45060380486e-06,Class 3
0.456176035503,5816.16346154,5455202.54564,14874.9596006,0.679310962854,1.0,51147.0484997,0.755588276256,0.775140427751,0.00177101270687,0.740406197482,0.737698192111,1.0,1.0,0.695171307,61.8701923077,0.673076923077,51331.5377714,22541614.3848,10222878591.0,28.9711538462,2.37980769231,11379.3269231,1.35422240962e-06,Class 3
0.50924556213,8304.77884615,2072897.2348,9272.9302286,0.721144447429,1.0,29014.5936003,0.638505733797,0.681214038804,0.00197976016434,0.638505733797,0.552015475213,1.0,1.0,0.731058076903,42.8798076923,0.711538461538,29122.3619901,11040624.0732,4508219125.84,39.9134615385,-0.716346153846,5204.73076923,1.93366601451e-06,Class 3
0.394600591716,8590.91346154,4715131.59407,14027.3889876,0.647307510325,1.0,46196.7781279,0.833280111651,0.872384414641,0.00153915134407,0.786201733922,0.638148763019,1.0,1.0,0.665414027959,62.2836538462,0.625,46401.7363892,18760063.7346,7980483885.39,41.3365384615,1.15865384615,9453.19230769,2.00028895433e-06,Class 3
0.623705621302,3046.31730769,2461037.61838,7661.95606995,0.818798624645,1.0,28909.9338265,0.484908571407,0.508064724919,0.00248971070058,0.434489957925,0.776760026339,1.0,1.0,0.831730529291,37.6971153846,0.788461538462,28981.6393339,11672500.3156,4827032413.65,15.0865384615,-1.30288461538,6484.125,7.09297665406e-07,Class 3
0.701368343195,2887.23076923,1707842.68331,6424.47244615,0.842866036595,1.0,22765.3728642,0.394550887589,0.394550887589,0.00272590592063,0.382972810833,0.744603405948,1.0,1.0,0.853426568784,29.375,0.836538461538,22810.6590154,9314085.24904,3918630376.87,13.9038461538,-6.93889390391e-17,4981.08653846,6.72256313855e-07,Class 3
0.66974852071,5285.08653846,981012.598581,5993.31687223,0.825136256478,1.0,16934.4644852,0.428526332872,0.440104409628,0.00260311329859,0.422737294494,0.571065434566,1.0,1.0,0.832550729951,26.3413461538,0.817307692308,16978.6095863,6023532.08304,2290801761.91,25.0288461538,2.02403846154,2923.58653846,1.23056765417e-06,Class 3
0.46948964497,6834.73076923,3291137.59677,11271.826112,0.69695854152,1.0,36323.0499741,0.714089202087,0.741615428321,0.00182951977972,0.67356593344,0.670722628325,1.0,1.0,0.711896241562,50.9519230769,0.682692307692,36466.4847365,14094833.8558,5712691276.63,33.6730769231,2.07692307692,7408.33653846,1.591383329e-06,Class 3
0.40698964497,7610.10576923,4221720.79305,12013.9886721,0.664191209401,1.0,41834.2994153,0.786299195201,0.839166611308,0.0015918799406,0.751275902412,0.604342024264,1.0,1.0,0.682207158256,58.7836538462,0.634615384615,42016.7303795,16175524.0479,6517531663.67,37.4519230769,-1.94711538462,8602.11538462,1.77191989882e-06,Class 3
0.579326923077,4374.31730769,3086743.73544,10163.8195766,0.77824485348,1.0,35292.9834101,0.569777568113,0.575566606492,0.00225207086146,0.54443637824,0.758728077088,1.0,1.0,0.791855199016,44.2163461538,0.759615384615,35392.0509925,14950601.223,6516484446.88,20.7980769231,1.03365384615,7754.77884615,1.0185061964e-06,Class 3
0.536797337278,7287.29807692,2184977.14428,9239.98852187,0.744259265322,1.0,29413.2878405,0.603488334257,0.636803598869,0.00214083519208,0.583385362686,0.563349039153,1.0,1.0,0.754178837893,41.9951923077,0.730769230769,29512.9857882,11386459.0336,4673077651.88,34.6057692308,0.0913461538462,5556.75,1.6967580823e-06,Class 3
0.579881656805,5094.42307692,2148908.93406,8605.65363605,0.78154558582,1.0,27425.6662375,0.530673265123,0.558199491357,0.0023156341011,0.485068469809,0.60781113828,1.0,1.0,0.794636637012,38.5576923077,0.759615384615,27506.0259024,10583249.948,4267426201.02,24.8653846154,2.08653846154,5603.20192308,1.18617400293e-06,Class 4
0.800665680473,2439.31730769,1123578.51317,4520.7490387,0.91494381651,1.0,17181.5542686,0.239388202861,0.256755317996,0.00318168324126,0.216262202642,0.578298123353,1.0,1.0,0.918828589029,19.9759615385,0.894230769231,17200.0008122,8025406.72344,3906638891.17,10.9326923077,-1.38942307692,3690.32692308,5.67965151615e-07,Class 4
0.85299556213,2262.11538462,404226.936735,2734.57513545,0.92322049069,1.0,7899.34272655,0.173481395684,0.181455470423,0.00331819974459,0.173481395684,0.582630915501,1.0,1.0,0.924901972294,11.5769230769,0.923076923077,7906.98443604,3000098.25274,1223149318.23,11.0769230769,0.961538461538,1411.30769231,5.26705854684e-07,Class 4
0.71801035503,5549.46153846,587758.621924,5104.2806643,0.860895838373,1.0,12999.8074286,0.33696761721,0.357938734362,0.00285664394762,0.314071122574,0.410095988095,1.0,1.0,0.863167683347,21.0576923077,0.846153846154,13027.4189312,4553778.43139,1757524103.73,25.3846153846,2.09615384615,1869.65384615,1.29212413413e-06,Class 4
0.509430473373,3538.79807692,4146923.94211,11252.1345555,0.758005819976,1.0,40322.862296,0.640690770157,0.675425000426,0.00204837957077,0.545804760283,0.763614536584,1.0,1.0,0.775056096472,51.8221153846,0.711538461538,40453.6402353,16594310.6469,7000583092.54,18.8365384615,1.11057692308,9229.11538462,8.23965779259e-07,Class 4
0.623890532544,3344.75,2357671.8546,8394.46380733,0.808918940362,1.0,28391.4656737,0.482723535046,0.502275686541,0.0024290366991,0.455197308812,0.807429270217,1.0,1.0,0.819170019032,37.0384615385,0.788461538462,28461.5926091,11592125.8986,4879702437.43,17.3846153846,2.05769230769,6279.5,7.78784061783e-07,Class 4
0.0251479289941,4227.28846154,222971179.269,44255.5843001,0.27265455903,1.0,173436.083523,1.62485552971,1.84305618999,0.000320615147698,1.1957823959,0.725256761948,1.0,1.0,0.345149774168,193.182692308,0.125,174682.982333,80055446.1815,36987459764.9,22.3076923077,-2.125,42615.4326923,9.84272330789e-07,Class 4
0.0462278106509,10864.2307692,62232448.487,34170.1796276,0.265936246919,1.0,119714.559404,1.56924188765,1.7241269582,0.000314114361825,1.25594677579,0.671140220403,1.0,1.0,0.327542539547,149.903846154,0.192307692308,120648.354027,51035708.9608,22232931760.7,54.0384615385,5.56730769231,27447.2019231,2.52960303957e-06,Class 4
0.348927514793,7798.18269231,6289552.78842,15529.6383115,0.657859083868,1.0,52436.2500592,0.876478039779,0.94452753466,0.00158465684518,0.776906154805,0.598395204613,1.0,1.0,0.67501639964,70.1586538462,0.586538461538,52679.2595262,21150001.3138,8836248387.23,38.2788461538,1.98557692308,11220.8173077,1.81571130627e-06,Class 4
0.59448964497,6314.05769231,1700181.64674,7314.15183317,0.780311768895,1.0,24786.357685,0.498831582926,0.535750849555,0.00237052962625,0.482119779286,0.600504657171,1.0,1.0,0.787924674805,35.6346153846,0.769230769231,24856.0980178,9541232.78754,3901411626.62,30.1923076923,-2.14423076923,4635.78846154,1.47015098167e-06,Class 4
0.924926035503,1648.19230769,-0.0040767096852,824.065069345,0.961539359375,1.0,1646.88737725,0.0823783394656,0.0939564162219,0.0035991781562,0.0823783394656,0.00348005280719,1.0,1.0,0.961723389879,3.98076923077,0.961538461538,1648.06796969,341200.87195,70645690.4461,7.96153846154,0.0,0.0,3.83761387244e-07,Class 4
0.817862426036,3831.47115385,123103.502351,2159.43976886,0.903904696651,1.0,5540.7445679,0.216262202642,0.233629317776,0.00318168324126,0.216262202642,0.207926298192,1.0,1.0,0.904944465257,11.1201923077,0.903846153846,5549.96986272,1537734.33197,479812610.587,18.2980769231,-0.947115384615,429.711538462,8.92111119754e-07,Class 4
0.550850591716,5828.38461538,2087102.78174,9913.09774663,0.767779430126,1.0,26951.856265,0.581200326325,0.614515590937,0.00219861995539,0.547280007534,0.637158402682,1.0,1.0,0.778158465578,39.7307692308,0.740384615385,27042.6430899,9966049.03889,3865795312.76,28.6730769231,8.06730769231,5303.875,1.35706795557e-06,Class 4
0.733727810651,5187.11538462,796169.690685,5125.39462163,0.855831722641,1.0,15285.9569087,0.331438237709,0.348805352843,0.00285303239992,0.331438237709,0.469079507079,1.0,1.0,0.857763955085,22.1057692308,0.855769230769,15314.4631019,5904652.8861,2460597311.3,23.6923076923,-1.11022302463e-16,2532.00961538,1.20775627122e-06,Class 4
0.66974852071,5292.51923077,824540.721747,4927.83309819,0.822882679259,1.0,15197.0127834,0.399581140981,0.440104409628,0.00260600253675,0.399581140981,0.410981003263,1.0,1.0,0.827680378797,24.8173076923,0.817307692308,15235.7437509,5226650.40317,1946397817.08,26.2115384615,-0.990384615385,2486.0,1.23229826552e-06,Class 4
0.539201183432,7955.30769231,1325422.38374,7532.32415889,0.743415543875,1.0,22035.9214287,0.532554559774,0.580332180745,0.00210688664363,0.526765521396,0.426664042054,1.0,1.0,0.749716024322,36.0096153846,0.730769230769,22111.2209144,7735109.90892,2983303605.41,39.8846153846,0.0384615384615,3539.25961538,1.85229593762e-06,Class 4
0.766826923077,1943.22115385,1069811.23208,4568.30920997,0.878691052845,1.0,15386.0783675,0.29708308264,0.302872121018,0.00298232580783,0.285505005883,0.740173126196,1.0,1.0,0.886749731718,20.9086538462,0.875,15410.1832041,6040857.07579,2452685731.76,10.3173076923,1.05288461538,3366.90384615,4.52455239745e-07,Class 4
0.83524408284,2696.51923077,477731.98707,3194.1166018,0.915315751368,1.0,9221.54277074,0.198880815404,0.21045889216,0.00324885802862,0.198880815404,0.669673111708,1.0,1.0,0.920105437235,13.6057692308,0.913461538462,9231.90180382,3338011.68001,1265569124.23,11.5961538462,1.00961538462,1633.95192308,6.27851468485e-07,Class 4
1.0,0.0,-0.00392156862745,1.52587890625e-05,1.0,1.0,0.0,-0.0,-0.0,0.00389099121094,-0.0,nan,1.0,1.0,1.0,0.0,1.0,6.103515625e-05,-4.76837158203e-07,3.72529029846e-09,0.0,0.0,0.0,0.0,Class 4
0.870562130178,2492.25961538,111223.502885,2056.2877256,0.942309028329,1.0,4088.04753321,0.152408548852,0.163986625608,0.00345688317654,0.129107614294,0.256567186443,1.0,1.0,0.942583980876,7.95673076923,0.932692307692,4092.6264132,1171036.68192,374116077.788,11.9903846154,1.98557692308,400.153846154,5.80292119378e-07,Class 4
1.0,0.0,-0.00392156862745,1.52587890625e-05,1.0,1.0,0.0,-0.0,-0.0,0.00389099121094,-0.0,nan,1.0,1.0,1.0,0.0,1.0,6.103515625e-05,-4.76837158203e-07,3.72529029846e-09,0.0,0.0,0.0,0.0,Class 4
0.734097633136,6350.36538462,-0.00455316802768,2958.99573341,0.855772548592,1.0,6332.52564882,0.29670400744,0.337227276087,0.00285881087625,0.29670400744,0.0153338720792,1.0,1.0,0.85645669022,15.1057692308,0.855769230769,6349.89339036,1339729.49577,283818180.109,30.2115384615,-1.01923076923,0.0,1.47860478303e-06,Class 4
0.906619822485,1682.60576923,106383.197101,837.362920908,0.952885499789,1.0,3241.49870759,0.111553106063,0.117342144441,0.00352694720206,0.111553106063,0.503066690412,1.0,1.0,0.954510341776,5.95673076923,0.951923076923,3243.95814397,981941.861781,327626981.773,8.06730769231,-1.94711538462,390.384615385,3.91774140172e-07,Class 4
0.510724852071,7687.88461538,1729449.17575,8026.58738004,0.73582983861,1.0,25042.9852347,0.605190469185,0.646479808535,0.00199420635517,0.576245277294,0.410697836352,1.0,1.0,0.745369745334,40.2115384615,0.711538461538,25138.7049889,8669715.8738,3206451636.21,37.8076923077,-0.932692307692,4363.01923077,1.79002975029e-06,Class 4
0.670303254438,6852.95192308,594377.29759,5973.69082055,0.822233218095,1.0,14138.073975,0.393792102603,0.422737294494,0.00260816946538,0.393792102603,0.388091845131,1.0,1.0,0.824370768176,24.0721153846,0.817307692308,14175.0843459,4718116.36842,1751034676.74,31.9519230769,3.19711538462,1830.72115385,1.59562590145e-06,Class 4
0.83524408284,3588.64423077,272739.409537,2940.49475685,0.913529841957,1.0,7387.27987747,0.198880815404,0.21045889216,0.00324885802862,0.198880815404,0.405386688287,1.0,1.0,0.914827009342,12.0144230769,0.913461538462,7396.42268724,2537801.63233,957031755.327,15.7980769231,0.966346153846,952.038461538,8.35571845529e-07,Class 4
0.870562130178,3365.89423077,-0.0042001028354,1021.44637944,0.932693710124,1.0,3361.35399547,0.152408548852,0.163986625608,0.00338681915103,0.152408548852,0.00883153252909,1.0,1.0,0.932996655943,7.48557692308,0.932692307692,3365.66036753,764959.970364,175766009.047,14.9711538462,-3.08173076923,0.0,7.83707236885e-07,Class 4
0.431213017751,8241.61538462,3986305.21582,11765.566121,0.672555965063,1.0,42157.0778109,0.768172055091,0.807276358081,0.00172478489622,0.740556274435,0.686445045943,1.0,1.0,0.684828601053,57.1826923077,0.653846153846,42330.4054096,17001836.7256,7181961606.06,40.1730769231,-4.10576923077,8522.64423077,1.91895917629e-06,Class 4
0.431952662722,8565.26923077,2887589.39009,10523.0886571,0.6924359616,1.0,34176.4566353,0.750804939956,0.791328208603,0.00183240901789,0.67356593344,0.474659579504,1.0,1.0,0.703197027625,51.1730769231,0.653846153846,34327.9778255,12725463.9193,5040352581.95,42.9807692308,-0.980769230769,6441.07692308,1.99431800936e-06,Class 4
0.783653846154,3737.24038462,530874.493867,4088.05507836,0.88643056606,1.0,10760.6276685,0.27404737673,0.279836415108,0.00304661135702,0.27404737673,0.541629928368,1.0,1.0,0.891145119776,16.6971153846,0.884615384615,10778.3340454,3839763.17476,1472973088.12,17.2403846154,2.10096153846,1760.40384615,8.70170639537e-07,Class 4
1.0,0.0,-0.00392156862745,1.52587890625e-05,1.0,1.0,0.0,-0.0,-0.0,0.00389099121094,-0.0,nan,1.0,1.0,1.0,0.0,1.0,6.103515625e-05,-4.76837158203e-07,3.72529029846e-09,0.0,0.0,0.0,0.0,Class 4
0.88849852071,2419.95192308,108504.422624,1409.96012644,0.943270238311,1.0,3993.27408289,0.129107614294,0.14068569105,0.00345688317654,0.129107614294,0.337445272364,1.0,1.0,0.944929238438,7.30288461538,0.942307692308,3996.80069204,1193007.65885,387391499.076,10.7403846154,-0.966346153846,394.269230769,5.63456159048e-07,Class 4
0.888683431953,2082.97115385,111088.837429,1231.13620817,0.942375127441,1.0,3694.57193297,0.121133539555,0.134896652672,0.00345832779563,0.121133539555,0.278199654937,1.0,1.0,0.943278193134,6.96634615385,0.942307692308,3697.71505503,1097514.47648,362785068.29,10.1057692308,-1.01442307692,403.740384615,4.84994315201e-07,Class 4
0.817862426036,2785.39423077,353138.009456,2374.28359398,0.905096834467,1.0,7606.68501743,0.216262202642,0.233629317776,0.00318168324126,0.216262202642,0.440818366862,1.0,1.0,0.908655794165,12.7451923077,0.903846153846,7617.26523531,2545779.64837,925819958.721,13.875,-1.04326923077,1208.06730769,6.48544923449e-07,Class 4
0.685835798817,3421.05769231,1400147.90553,5411.00857896,0.859526280428,1.0,19736.1637846,0.376828659046,0.405773850937,0.0027952476366,0.323204504094,0.638325776457,1.0,1.0,0.866597535857,27.9134615385,0.826923076923,19777.2239192,7478538.63417,2943393067.6,16.5576923077,-1.93269230769,4089.25961538,7.9655137311e-07,Class 4
0.654585798817,3009.05769231,2024487.19793,6951.50444735,0.835215336476,1.0,25331.2506577,0.431677533844,0.451229685339,0.00266450960961,0.403588814577,0.710894640155,1.0,1.0,0.843184331723,33.5192307692,0.807692307692,25387.8948928,10138688.1897,4175934408.49,15.5192307692,-0.855769230769,5594.97115385,7.00622220422e-07,Class 4
0.639423076923,6608.95192308,702146.506972,5790.60893954,0.817784851268,1.0,14941.7800451,0.439149093166,0.468094285056,0.00260816946538,0.393792102603,0.339493889664,1.0,1.0,0.82095648697,25.9567307692,0.798076923077,14986.3716055,4876230.4878,1751483109.3,32.1634615385,1.94711538462,2094.55769231,1.53881349063e-06,Class 4
0.924926035503,1326.70192308,122072.514699,1354.81657175,0.961605402678,1.0,3134.61438376,0.0881673778437,0.0939564162219,0.00359845584666,0.0881673778437,0.502179319025,1.0,1.0,0.962412083153,5.17788461538,0.961538461538,3136.27094445,1070078.67445,402021047.826,6.29807692308,1.07211538462,452.432692308,3.08906289687e-07,Class 4
1.0,0.0,-0.00392156862745,1.52587890625e-05,1.0,1.0,0.0,-0.0,-0.0,0.00389099121094,-0.0,nan,1.0,1.0,1.0,0.0,1.0,6.103515625e-05,-4.76837158203e-07,3.72529029846e-09,0.0,0.0,0.0,0.0,Class 4
0.943417159763,1330.05769231,-0.00403716950265,901.938642062,0.97115447319,1.0,1329.26010493,0.0647398898433,0.0705289282214,0.0036706868008,0.0647398898433,0.00346001147253,1.0,1.0,0.971287675646,3.09615384615,0.971153846154,1329.96099854,285823.731752,61463678.4636,6.19230769231,1.06730769231,0.0,3.09687639441e-07,Class 4
0.469119822485,7984.24038462,3041069.81561,10558.6233626,0.704611391286,1.0,35928.1916491,0.724248313186,0.753193505077,0.00192703156782,0.657022678619,0.580707652055,1.0,1.0,0.717274208649,50.3028846154,0.682692307692,36071.8223267,14200109.6156,5936641679.84,38.2596153846,-2.09134615385,7022.28846154,1.85903256058e-06,Class 4
0.870562130178,2186.35576923,234701.998627,2221.36194435,0.937693401683,1.0,5524.4618644,0.15819758723,0.163986625608,0.00338609684148,0.15819758723,0.503551933521,1.0,1.0,0.93892933296,9.11057692308,0.932692307692,5529.91727858,1868135.37961,685500270.638,10.2788461538,1.17788461538,835.961538462,5.09066156354e-07,Class 4
0.750184911243,5177.99038462,407014.106405,3681.64762644,0.870756639366,1.0,10498.9711922,0.302705783387,0.325861936899,0.00291804025864,0.302705783387,0.383677281227,1.0,1.0,0.873476033811,17.8798076923,0.865384615385,10519.9701632,3453740.82588,1248785605.78,23.4711538462,-1.08173076923,1335.63461538,1.20563162676e-06,Class 4
0.88849852071,2621.65384615,-0.00415774841932,1310.77901165,0.942308985292,1.0,2618.64300549,0.123318575916,0.14068569105,0.00345760548609,0.123318575916,0.0052767765244,1.0,1.0,0.942578931195,6.13461538462,0.942307692308,2621.46220046,562856.864926,121450656.263,12.2692307692,-2.22044604925e-16,0.0,6.10419980835e-07,Class 4
0.962093195266,769.230769231,-0.00399801282203,384.600375836,0.980769711526,1.0,768.915002873,0.0412710555387,0.0470600939169,0.00374364006449,0.0412710555387,0.00172156641612,1.0,1.0,0.980864906238,1.92307692308,0.980769230769,769.170734112,153828.125704,30764423.3586,3.84615384615,0.0,0.0,1.79105960957e-07,Class 4
0.59448964497,8139.22115385,719555.508602,7244.32768954,0.771305728972,1.0,16382.8244786,0.501016619286,0.539354851573,0.00231274486293,0.501016619286,0.321371190408,1.0,1.0,0.777675390046,29.2259615385,0.769230769231,16440.2309805,5180844.87331,1804388566.07,38.7980769231,5.13942307692,2075.48076923,1.89511793406e-06,Class 4
0.924926035503,1674.78846154,-0.0040767096852,837.362920908,0.961539350679,1.0,1673.4740259,0.0823783394656,0.0939564162219,0.0035991781562,0.0823783394656,0.00348005280719,1.0,1.0,0.961722351545,4.00961538462,0.961538461538,1674.66322209,350312.92169,73400089.0502,8.01923076923,0.0,0.0,3.89953975844e-07,Class 4
0.784023668639,4371.89423077,115198.967257,2774.2490387,0.884810253888,1.0,5936.41807679,0.240732112118,0.268258338352,0.00305166752381,0.240732112118,0.102688171151,1.0,1.0,0.886335216874,12.6971153846,0.884615384615,5948.18981464,1527632.80581,439491088.921,21.5673076923,0.966346153846,394.173076923,1.01794201262e-06,Class 4
0.924926035503,1438.32692308,110999.777354,1435.81536983,0.961576477706,1.0,3081.96127147,0.0939564162219,0.0939564162219,0.00359773353712,0.0939564162219,0.502179319025,1.0,1.0,0.962234670464,5.19230769231,0.961538461538,3083.74164757,1007427.01137,356837138.488,6.55769230769,1.21153846154,411.394230769,3.34896803446e-07,Class 4
0.767196745562,4909.51923077,554691.546287,3777.40483798,0.894281538264,1.0,12255.9159897,0.265952854388,0.291294044262,0.00311667538254,0.225625089744,0.239929769769,1.0,1.0,0.895301848952,18.0961538462,0.875,12274.5307101,4849158.84752,2143207282.77,21.75,-2.22115384615,1841.39423077,1.14312140756e-06,Class 4
0.522928994083,6522.40384615,3024119.37223,11150.5937653,0.731537037387,1.0,35753.8724141,0.641669543917,0.659036659052,0.00203176645132,0.624302428783,0.613491484873,1.0,1.0,0.739509582422,47.2403846154,0.721153846154,35873.2353375,14751233.5884,6366285024.18,31.7115384615,2.29807692308,7338.07692308,1.5186618312e-06,Class 4
0.406804733728,8599.875,4477136.0955,13816.199835,0.695707844077,1.0,44893.448376,0.805851346696,0.844955649686,0.00177606887366,0.710694934887,0.596564489818,1.0,1.0,0.709073216758,61.0913461538,0.634615384615,45087.8121103,17861230.184,7399163021.3,39.8557692308,1.94711538462,9122.46153846,2.00237553878e-06,Class 4
0.906619822485,1601.52884615,284624.328772,2135.21771358,0.952150343513,1.0,5734.7806976,0.117342144441,0.117342144441,0.00352622489252,0.117342144441,0.668423598524,1.0,1.0,0.953914956665,7.85096153846,0.951923076923,5738.20664156,2302449.22906,986125271.312,6.97115384615,1.20673076923,1034.23076923,3.72896371888e-07,Class 4
0.943417159763,1437.61538462,-0.00403716950265,526.482437134,0.971154437734,1.0,1436.78791728,0.0647398898433,0.0705289282214,0.0036706868008,0.0647398898433,0.00346001147253,1.0,1.0,0.971283516949,3.21153846154,0.971153846154,1437.51508507,323291.383988,73032580.0024,6.42307692308,-0.961538461538,0.0,3.34731130432e-07,Class 4
0.924926035503,1818.99038462,-0.00407709841569,495.454116821,0.961539281437,1.0,1817.52474558,0.0881673778437,0.0939564162219,0.00359845584666,0.0881673778437,0.00521566941594,1.0,1.0,0.961715045697,4.17788461538,0.961538461538,1818.85988676,396739.205481,86711827.5703,8.35576923077,-1.99519230769,0.0,4.2352962705e-07,Class 4
0.906619822485,1542.45192308,105848.850616,1161.58940829,0.953847113152,1.0,3093.72978281,0.111553106063,0.117342144441,0.00352694720206,0.111553106063,0.336255102684,1.0,1.0,0.955319330947,5.78365384615,0.951923076923,3096.11739878,933498.903785,312956527.977,7.72115384615,0.00480769230769,388.461538462,3.59141034086e-07,Class 4
0.801405325444,4339.80769231,115132.613138,2552.11720276,0.894350241737,1.0,5921.59930649,0.211572914108,0.237203166501,0.00312100923978,0.211572914108,0.193945509974,1.0,1.0,0.895649426333,12.1153846154,0.894230769231,5931.42914757,1585892.78539,469126058.717,20.4038461538,-0.0384615384615,398.0,1.01047105523e-06,Class 4
0.980954142012,424.038461538,-0.00395960625,1.52587890625e-05,0.990384833416,1.0,423.9439091,0.0235503186773,0.0235503186773,0.00381659332817,0.0235503186773,nan,1.0,1.0,0.990430185928,1.00961538462,0.990384615385,424.006972093,89038.1388909,18697313.5567,2.01923076923,-1.00961538462,0.0,9.87321609774e-08,Class 4
0.924926035503,1815.32692308,-0.00407709841569,1391.23904771,0.961539283643,1.0,1813.86297956,0.0881673778437,0.0939564162219,0.00359845584666,0.0881673778437,0.00521566941594,1.0,1.0,0.961715277484,4.17307692308,0.961538461538,1815.19657546,395760.070188,86504620.16,8.34615384615,2.15384615385,0.0,4.22676634911e-07,Class 4
1.0,0.0,-0.00392156862745,1.52587890625e-05,1.0,1.0,0.0,-0.0,-0.0,0.00389099121094,-0.0,nan,1.0,1.0,1.0,0.0,1.0,6.103515625e-05,-4.76837158203e-07,3.72529029846e-09,0.0,0.0,0.0,0.0,Class 4
0.962093195266,769.25,-0.00399801282203,388.456069946,0.980769711562,1.0,768.89021393,0.0470600939169,0.0470600939169,0.00374291775495,0.0470600939169,0.00172156641612,1.0,1.0,0.980864908606,1.92307692308,0.980769230769,769.189964881,153839.663715,30769038.4019,3.84615384615,0.00961538461538,0.0,1.79110438606e-07,Class 4
0.924926035503,1577.63461538,-0.0040767096852,788.786899273,0.9615394003,1.0,1576.35820052,0.0823783394656,0.0939564162219,0.0035991781562,0.0823783394656,0.00348005280719,1.0,1.0,0.961727517651,3.89423076923,0.961538461538,1577.51298171,319624.852537,64779497.6264,7.78846153846,1.11022302463e-16,0.0,3.67332892975e-07,Class 4
0.623890532544,5507.90384615,1733933.59774,8321.33910781,0.79065051867,1.0,24773.9954514,0.488512573424,0.502275686541,0.00242398053231,0.488512573424,0.680413823055,1.0,1.0,0.796268938786,34.0480769231,0.788461538462,24839.2245202,9951835.56821,4232399352.33,27.0961538462,3.77884615385,4833.09615385,1.28244793459e-06,Class 4
1.0,0.0,-0.00392156862745,1.52587890625e-05,1.0,1.0,0.0,-0.0,-0.0,0.00389099121094,-0.0,nan,1.0,1.0,1.0,0.0,1.0,6.103515625e-05,-4.76837158203e-07,3.72529029846e-09,0.0,0.0,0.0,0.0,Class 4
1.0,0.0,-0.00392156862745,1.52587890625e-05,1.0,1.0,0.0,-0.0,-0.0,0.00389099121094,-0.0,nan,1.0,1.0,1.0,0.0,1.0,6.103515625e-05,-4.76837158203e-07,3.72529029846e-09,0.0,0.0,0.0,0.0,Class 4
0.750369822485,4087.05769231,500449.648113,4065.51864507,0.877361477732,1.0,10569.7546415,0.294731708648,0.320072898521,0.00298377042691,0.277530931145,0.415858160719,1.0,1.0,0.881011741256,17.8173076923,0.865384615385,10590.1163471,3517818.07609,1274211623.29,20.0,1.95192307692,1625.90384615,9.51621314107e-07,Class 4
0.624815088757,4640.53846154,1479810.76249,6440.07145456,0.807985203732,1.0,21119.5206172,0.429567056419,0.476934496668,0.00249332224829,0.412752770069,0.565029939062,1.0,1.0,0.818464136374,31.5,0.788461538462,21172.4772245,7790482.70084,3034257867.32,23.5,-0.0288461538462,4133.23076923,1.08049253066e-06,Class 4
0.394230769231,8299.84615385,5305739.40757,14396.9594504,0.666948143051,1.0,49518.7994751,0.84343922275,0.883962491397,0.00162944003675,0.774755305962,0.662349002696,1.0,1.0,0.678188337347,65.0576923077,0.625,49735.5439312,20335391.9917,8668603455.13,39.5961538462,-0.788461538462,10359.4326923,1.93251749753e-06,Class 4
0.537352071006,5929.66346154,2582321.58641,9823.54058016,0.771438857847,1.0,31251.4317285,0.574543142367,0.619436483735,0.0022564047187,0.516910152006,0.595561174439,1.0,1.0,0.783149745814,43.7740384615,0.730769230769,31350.3340454,12051751.624,4855222453.41,28.2019230769,2.72596153846,6355.50961538,1.38064949416e-06,Class 4
0.348927514793,7798.18269231,6289552.78842,15529.6383115,0.657859083868,1.0,52436.2500592,0.876478039779,0.94452753466,0.00158465684518,0.776906154805,0.598395204613,1.0,1.0,0.67501639964,70.1586538462,0.586538461538,52679.2595262,21150001.3138,8836248387.23,38.2788461538,1.98557692308,11220.8173077,1.81571130627e-06,Class 4
0.924926035503,1648.19230769,-0.0040767096852,824.065069345,0.961539359375,1.0,1646.88737725,0.0823783394656,0.0939564162219,0.0035991781562,0.0823783394656,0.00348005280719,1.0,1.0,0.961723389879,3.98076923077,0.961538461538,1648.06796969,341200.87195,70645690.4461,7.96153846154,0.0,0.0,3.83761387244e-07,Class 4
0.817862426036,3831.47115385,123103.502351,2159.43976886,0.903904696651,1.0,5540.7445679,0.216262202642,0.233629317776,0.00318168324126,0.216262202642,0.207926298192,1.0,1.0,0.904944465257,11.1201923077,0.903846153846,5549.96986272,1537734.33197,479812610.587,18.2980769231,-0.947115384615,429.711538462,8.92111119754e-07,Class 4
1.0,0.0,-0.00392156862745,1.52587890625e-05,1.0,1.0,0.0,-0.0,-0.0,0.00389099121094,-0.0,nan,1.0,1.0,1.0,0.0,1.0,6.103515625e-05,-4.76837158203e-07,3.72529029846e-09,0.0,0.0,0.0,0.0,Class 4
1.0,0.0,-0.00392156862745,1.52587890625e-05,1.0,1.0,0.0,-0.0,-0.0,0.00389099121094,-0.0,nan,1.0,1.0,1.0,0.0,1.0,6.103515625e-05,-4.76837158203e-07,3.72529029846e-09,0.0,0.0,0.0,0.0,Class 4
0.734097633136,6350.36538462,-0.00455316802768,2958.99573341,0.855772548592,1.0,6332.52564882,0.29670400744,0.337227276087,0.00285881087625,0.29670400744,0.0153338720792,1.0,1.0,0.85645669022,15.1057692308,0.855769230769,6349.89339036,1339729.49577,283818180.109,30.2115384615,-1.01923076923,0.0,1.47860478303e-06,Class 4
0.510724852071,7687.88461538,1729449.17575,8026.58738004,0.73582983861,1.0,25042.9852347,0.605190469185,0.646479808535,0.00199420635517,0.576245277294,0.410697836352,1.0,1.0,0.745369745334,40.2115384615,0.711538461538,25138.7049889,8669715.8738,3206451636.21,37.8076923077,-0.932692307692,4363.01923077,1.79002975029e-06,Class 4
0.431952662722,8565.26923077,2887589.39009,10523.0886571,0.6924359616,1.0,34176.4566353,0.750804939956,0.791328208603,0.00183240901789,0.67356593344,0.474659579504,1.0,1.0,0.703197027625,51.1730769231,0.653846153846,34327.9778255,12725463.9193,5040352581.95,42.9807692308,-0.980769230769,6441.07692308,1.99431800936e-06,Class 4
0.783653846154,3737.24038462,530874.493867,4088.05507836,0.88643056606,1.0,10760.6276685,0.27404737673,0.279836415108,0.00304661135702,0.27404737673,0.541629928368,1.0,1.0,0.891145119776,16.6971153846,0.884615384615,10778.3340454,3839763.17476,1472973088.12,17.2403846154,2.10096153846,1760.40384615,8.70170639537e-07,Class 4
0.623890532544,3344.75,2357671.8546,8394.46380733,0.808918940362,1.0,28391.4656737,0.482723535046,0.502275686541,0.0024290366991,0.455197308812,0.807429270217,1.0,1.0,0.819170019032,37.0384615385,0.788461538462,28461.5926091,11592125.8986,4879702437.43,17.3846153846,2.05769230769,6279.5,7.78784061783e-07,Class 4
0.888683431953,2082.97115385,111088.837429,1231.13620817,0.942375127441,1.0,3694.57193297,0.121133539555,0.134896652672,0.00345832779563,0.121133539555,0.278199654937,1.0,1.0,0.943278193134,6.96634615385,0.942307692308,3697.71505503,1097514.47648,362785068.29,10.1057692308,-1.01442307692,403.740384615,4.84994315201e-07,Class 4
0.685835798817,3421.05769231,1400147.90553,5411.00857896,0.859526280428,1.0,19736.1637846,0.376828659046,0.405773850937,0.0027952476366,0.323204504094,0.638325776457,1.0,1.0,0.866597535857,27.9134615385,0.826923076923,19777.2239192,7478538.63417,2943393067.6,16.5576923077,-1.93269230769,4089.25961538,7.9655137311e-07,Class 4
1.0,0.0,-0.00392156862745,1.52587890625e-05,1.0,1.0,0.0,-0.0,-0.0,0.00389099121094,-0.0,nan,1.0,1.0,1.0,0.0,1.0,6.103515625e-05,-4.76837158203e-07,3.72529029846e-09,0.0,0.0,0.0,0.0,Class 4
0.943417159763,1330.05769231,-0.00403716950265,901.938642062,0.97115447319,1.0,1329.26010493,0.0647398898433,0.0705289282214,0.0036706868008,0.0647398898433,0.00346001147253,1.0,1.0,0.971287675646,3.09615384615,0.971153846154,1329.96099854,285823.731752,61463678.4636,6.19230769231,1.06730769231,0.0,3.09687639441e-07,Class 4
0.509430473373,3538.79807692,4146923.94211,11252.1345555,0.758005819976,1.0,40322.862296,0.640690770157,0.675425000426,0.00204837957077,0.545804760283,0.763614536584,1.0,1.0,0.775056096472,51.8221153846,0.711538461538,40453.6402353,16594310.6469,7000583092.54,18.8365384615,1.11057692308,9229.11538462,8.23965779259e-07,Class 4
0.654955621302,5658.50961538,800342.421208,4843.37306213,0.816687766117,1.0,15172.8953146,0.406047281451,0.4432556106,0.0025511070116,0.400258243073,0.379739766402,1.0,1.0,0.822301868989,25.5336538462,0.807692307692,15213.4040574,5051868.14765,1823247364.83,27.9326923077,-1.89903846154,2388.92307692,1.31751464292e-06,Class 4
0.579326923077,4159.33653846,2575521.04364,6825.55470276,0.782014113873,1.0,30210.8102571,0.563988529735,0.575566606492,0.00225423779008,0.530673265123,0.841213280767,1.0,1.0,0.795450520477,40.6778846154,0.759615384615,30300.9884925,12014437.3345,4939341090.5,20.7788461538,-8.29326923077,6535.73076923,9.68450557963e-07,Class 4
0.0972633136095,11523.4711538,25087200.0633,25736.3853067,0.361960339368,1.0,88930.3419498,1.379633364,1.52399549102,0.000461465508275,1.22692077976,0.585634858925,1.0,1.0,0.402105223167,119.658653846,0.298076923077,89585.0395743,35614375.8741,14655737479.2,58.4134615385,2.10096153846,19516.3269231,2.68309908694e-06,Class 4
0.685835798817,4903.78846154,799119.670751,5284.28006334,0.837635911305,1.0,14612.6213154,0.374643622686,0.405773850937,0.00266884346685,0.368854584308,0.464288890347,1.0,1.0,0.842549354724,23.7403846154,0.826923076923,14647.3158663,5017942.92561,1855924797.25,24.0384615385,1.95192307692,2436.06730769,1.14178706815e-06,Class 4
0.750369822485,4087.05769231,500449.648113,4065.51864507,0.877361477732,1.0,10569.7546415,0.294731708648,0.320072898521,0.00298377042691,0.277530931145,0.415858160719,1.0,1.0,0.881011741256,17.8173076923,0.865384615385,10590.1163471,3517818.07609,1274211623.29,20.0,1.95192307692,1625.90384615,9.51621314107e-07,Class 4
0.924926035503,1395.98076923,143677.489568,491.098422711,0.961565621905,1.0,3523.56323646,0.0939564162219,0.0939564162219,0.00359773353712,0.0939564162219,1.0,1.0,1.0,0.962150007089,5.43269230769,0.961538461538,3525.42644325,1310747.14006,540500800.495,6.51923076923,-3.25961538462,532.403846154,3.25037020295e-07,Class 4
0.0621301775148,18607.1730769,26595077.1324,28946.7335639,0.249733463709,1.0,96801.8566939,1.5274007702,1.65581474774,0.000276554265671,1.45889634317,0.545913480807,1.0,1.0,0.277978935362,129.096153846,0.230769230769,97584.2158062,40154131.5534,17411760006.0,90.6538461538,-0.221153846154,19745.2692308,4.33245229902e-06,Class 4
0.258321005917,4497.20192308,16647441.6803,25361.9986631,0.657769058037,1.0,87629.3608502,1.00664893886,1.03199012873,0.00158682377381,0.771117116427,0.717434096048,1.0,1.0,0.675364652564,102.264423077,0.490384615385,88036.9292978,39470863.6451,18127367861.4,25.4326923077,8.67788461538,20885.7307692,1.04711837366e-06,Class 4
0.88849852071,2125.55769231,121719.501825,1301.00024062,0.94250108936,1.0,3890.8903693,0.134896652672,0.14068569105,0.003456160867,0.134896652672,0.337445272364,1.0,1.0,0.943737341222,7.11538461538,0.942307692308,3894.48924373,1206133.64338,419732510.609,10.1730769231,-0.990384615385,442.288461538,4.94910068965e-07,Class 4
0.701553254438,4166.45192308,966750.916057,5014.26421298,0.842213718692,1.0,15912.5999453,0.380787774472,0.388761849211,0.00272735053971,0.374998736094,0.572373134102,1.0,1.0,0.847090875332,24.0625,0.836538461538,15948.3538771,5810602.15357,2255610540.6,20.7211538462,-0.0336538461538,2945.66346154,9.70107288102e-07,Class 4
0.943417159763,412.778846154,220141.995577,1236.28990408,0.971867610404,1.0,3675.00083346,0.0705289282214,0.0705289282214,0.00366996449126,0.0705289282214,1.0,1.0,1.0,0.974191526956,4.95673076923,0.971153846154,3676.23939397,1430189.67286,571784493.851,2.10576923077,1.01442307692,815.903846154,9.61104974739e-08,Class 4
0.980954142012,424.038461538,-0.00395960625,1.52587890625e-05,0.990384833416,1.0,423.9439091,0.0235503186773,0.0235503186773,0.00381659332817,0.0235503186773,nan,1.0,1.0,0.990430185928,1.00961538462,0.990384615385,424.006972093,89038.1388909,18697313.5567,2.01923076923,-1.00961538462,0.0,9.87321609774e-08,Class 4
0.924926035503,1561.71153846,-0.0040767096852,780.825511052,0.961539408949,1.0,1560.44146039,0.0823783394656,0.0939564162219,0.0035991781562,0.0823783394656,0.00348005280719,1.0,1.0,0.961728405484,3.875,0.961538461538,1561.59050575,314683.148804,63416736.3682,7.75,1.11022302463e-16,0.0,3.63625399584e-07,Class 4
0.924926035503,1601.45192308,146190.88506,1720.05087163,0.961547303491,1.0,3766.83046983,0.0939564162219,0.0939564162219,0.00359773353712,0.0939564162219,0.379165574336,1.0,1.0,0.961936232192,5.66826923077,0.961538461538,3768.7748507,1412627.96534,582702157.102,7.08653846154,1.36057692308,541.875,3.72878461291e-07,Class 4
0.121301775148,14968.5288462,17818118.5007,24041.5769383,0.388120224824,1.0,84184.3766703,1.35190302498,1.44889771176,0.000557532677284,1.26897149743,0.631880391465,1.0,1.0,0.407887517556,111.918269231,0.336538461538,84784.2622305,34831488.0875,15035864487.9,73.5673076923,-3.61057692308,17454.8076923,3.48523856603e-06,Class 4
0.733727810651,5178.67307692,384373.955876,3837.41542992,0.856763811211,1.0,10147.5235428,0.331438237709,0.348805352843,0.00285303239992,0.331438237709,0.342643785381,1.0,1.0,0.86052498729,18.2115384615,0.855769230769,10170.9886428,3178768.11079,1100299079.87,24.6346153846,-2.22044604925e-16,1248.22115385,1.2057905833e-06,Class 4
0.924926035503,1565.66346154,-0.00407709841569,1181.00249423,0.961539406734,1.0,1564.30294514,0.0881673778437,0.0939564162219,0.00359845584666,0.0881673778437,0.00521566941594,1.0,1.0,0.961728180058,3.87980769231,0.961538461538,1565.54227858,315901.123491,63750387.5262,7.75961538462,1.95673076923,0.0,3.64545556458e-07,Class 4
0.421042899408,10616.0,1947610.19795,9906.89604891,0.655329605721,1.0,28559.6665075,0.714679885819,0.771151303944,0.00164460853712,0.714679885819,0.346997437146,1.0,1.0,0.666883092831,47.5865384615,0.644230769231,28693.7052894,9679782.20463,3557042609.76,52.1923076923,0.182692307692,4519.79807692,2.47180554597e-06,Class 4
0.924926035503,1565.66346154,-0.00407709841569,1181.00249423,0.961539406734,1.0,1564.30294514,0.0881673778437,0.0939564162219,0.00359845584666,0.0881673778437,0.00521566941594,1.0,1.0,0.961728180058,3.87980769231,0.961538461538,1565.54227858,315901.123491,63750387.5262,7.75961538462,1.95673076923,0.0,3.64545556458e-07,Class 4
0.623890532544,2944.38461538,2557392.89432,8002.14221778,0.823207612372,1.0,29857.881174,0.47114545829,0.502275686541,0.00254821777344,0.409940345988,0.739531975869,1.0,1.0,0.83871420623,38.2019230769,0.788461538462,29928.4600971,12314189.4031,5206439994.27,14.5384615385,-1.01923076923,6746.31730769,6.85563886754e-07,Class 4
1.0,0.0,-0.00392156862745,1.52587890625e-05,1.0,1.0,0.0,-0.0,-0.0,0.00389099121094,-0.0,nan,1.0,1.0,1.0,0.0,1.0,6.103515625e-05,-4.76837158203e-07,3.72529029846e-09,0.0,0.0,0.0,0.0,Class 4
1.0,0.0,-0.00392156862745,1.52587890625e-05,1.0,1.0,0.0,-0.0,-0.0,0.00389099121094,-0.0,nan,1.0,1.0,1.0,0.0,1.0,6.103515625e-05,-4.76837158203e-07,3.72529029846e-09,0.0,0.0,0.0,0.0,Class 4
0.483727810651,9282.50961538,1492983.05674,8644.70261442,0.716370659397,1.0,24207.5356105,0.642167152813,0.692083461856,0.00193569928231,0.614314373611,0.398165292798,1.0,1.0,0.72407208701,40.6682692308,0.692307692308,24310.3157161,8176996.41401,3012389881.97,45.6442307692,1.09134615385,3757.26923077,2.16131864618e-06,Class 4
0.852810650888,2157.76923077,371624.113166,2596.30830853,0.924475675773,1.0,7338.79891232,0.187244508801,0.187244508801,0.00331603281597,0.187244508801,0.553886999612,1.0,1.0,0.928049467181,11.2019230769,0.923076923077,7346.80384709,2662987.76672,1035177813.13,10.3653846154,1.02884615385,1297.34615385,5.0241013108e-07,Class 4
0.717455621302,3289.80769231,1075523.74419,4049.69202247,0.857444643316,1.0,16361.5991249,0.354334732345,0.371701847479,0.00279091377935,0.342756655589,0.715349369703,1.0,1.0,0.866500214824,23.8173076923,0.846153846154,16394.4865394,6093759.18781,2376579373.48,16.1730769231,-4.08653846154,3276.35576923,7.65991418522e-07,Class 4
0.817862426036,2856.78846154,547868.589385,3286.99956454,0.904052435121,1.0,10262.2979931,0.227840279398,0.233629317776,0.00318023862218,0.227840279398,0.575314804427,1.0,1.0,0.90633728802,14.8173076923,0.903846153846,10275.2870202,3922116.99446,1599520704.91,13.5769230769,0.00961538461538,1854.74038462,6.6516819545e-07,Class 4
0.817862426036,2856.78846154,547868.589385,3286.99956454,0.904052435121,1.0,10262.2979931,0.227840279398,0.233629317776,0.00318023862218,0.227840279398,0.575314804427,1.0,1.0,0.90633728802,14.8173076923,0.903846153846,10275.2870202,3922116.99446,1599520704.91,13.5769230769,0.00961538461538,1854.74038462,6.6516819545e-07,Class 4
0.509615384615,7815.14423077,1871997.2226,8765.62343773,0.724718752667,1.0,26544.1444234,0.621138618662,0.669635962048,0.00203754492765,0.593172200531,0.487826418674,1.0,1.0,0.735328555149,41.1778846154,0.711538461538,26644.7805598,9576270.33442,3699665954.75,38.7596153846,0.870192307692,4707.73076923,1.81966059271e-06,Class 4
0.88849852071,1642.45192308,235235.503848,2097.51774362,0.943365336655,1.0,5023.07391006,0.134896652672,0.14068569105,0.003456160867,0.134896652672,0.66902167384,1.0,1.0,0.945771165847,8.00480769231,0.942307692308,5027.12491079,1761252.70268,667614990.425,8.06730769231,2.03365384615,846.230769231,3.8242480901e-07,Class 4
0.71801035503,3935.89423077,774127.127943,5196.49325444,0.856776206296,1.0,13547.9706609,0.33696761721,0.357938734362,0.00285664394762,0.314071122574,0.595698544102,1.0,1.0,0.861843855136,21.5144230769,0.846153846154,13576.1835045,4739757.77148,1774468467.18,19.8557692308,3.96634615385,2410.24038462,9.16424753954e-07,Class 4
0.733727810651,5716.77884615,281059.082304,3994.59534278,0.861541234615,1.0,9383.65405191,0.319860160952,0.348805352843,0.002854477019,0.319860160952,0.261145431878,1.0,1.0,0.863565723857,17.5528846154,0.855769230769,9405.46114878,2845034.505,973033376.852,26.7211538462,1.01442307692,922.307692308,1.33108191946e-06,Class 4
0.594119822485,7578.63461538,1219661.11371,6306.17699843,0.776970994642,1.0,21106.8499865,0.518383734421,0.547328926311,0.00230913331523,0.518383734421,0.557741139508,1.0,1.0,0.783782022182,33.1538461538,0.769230769231,21174.2909264,7434851.54234,2805424821.88,34.7307692308,-4.11538461538,3399.17307692,1.76459222619e-06,Class 4
0.654955621302,5658.50961538,800342.421208,4843.37306213,0.816687766117,1.0,15172.8953146,0.406047281451,0.4432556106,0.0025511070116,0.400258243073,0.379739766402,1.0,1.0,0.822301868989,25.5336538462,0.807692307692,15213.4040574,5051868.14765,1823247364.83,27.9326923077,-1.89903846154,2388.92307692,1.31751464292e-06,Class 4
0.654585798817,7314.20192308,442990.56558,5178.5399792,0.807958869865,1.0,12732.2072136,0.41649545507,0.451229685339,0.0025474954639,0.41649545507,0.293999540981,1.0,1.0,0.810765682753,23.5336538462,0.807692307692,12770.505019,3935280.96152,1373239527.61,34.9134615385,0.889423076923,1364.25961538,1.70302231328e-06,Class 4
0.654770710059,5178.875,945299.773374,5617.16024663,0.827159872394,1.0,16294.2804764,0.423703459105,0.44544064696,0.00260744715583,0.39521106826,0.453437596832,1.0,1.0,0.834036663988,26.4182692308,0.807692307692,16338.0494901,5601550.46152,2067973598.56,25.625,1.07211538462,2790.0,1.20583759862e-06,Class 4
1.0,0.0,-0.00392156862745,1.52587890625e-05,1.0,1.0,0.0,-0.0,-0.0,0.00389099121094,-0.0,nan,1.0,1.0,1.0,0.0,1.0,6.103515625e-05,-4.76837158203e-07,3.72529029846e-09,0.0,0.0,0.0,0.0,Class 4
0.766826923077,3638.49038462,504610.972324,4097.61419795,0.881333421666,1.0,10243.7123776,0.285505005883,0.302872121018,0.00298232580783,0.285505005883,0.489114332189,1.0,1.0,0.885436219595,16.8509615385,0.875,10262.3484685,3496268.19119,1294974201.62,17.8942307692,2.99519230769,1656.09615385,8.47177911799e-07,Class 4
0.624815088757,4640.53846154,1479810.76249,6440.07145456,0.807985203732,1.0,21119.5206172,0.429567056419,0.476934496668,0.00249332224829,0.412752770069,0.565029939062,1.0,1.0,0.818464136374,31.5,0.788461538462,21172.4772245,7790482.70084,3034257867.32,23.5,-0.0288461538462,4133.23076923,1.08049253066e-06,Class 4
0.88849852071,2466.19230769,-0.00415774841932,1233.04959459,0.942309046399,1.0,2463.26684143,0.123318575916,0.14068569105,0.00345760548609,0.123318575916,0.0052767765244,1.0,1.0,0.942585734105,5.96153846154,0.942307692308,2466.00607065,510492.970031,105770255.461,11.9230769231,0.0,0.0,5.74222666126e-07,Class 4
0.766826923077,4208.80769231,370184.921947,3747.91708257,0.875399008515,1.0,9100.27073119,0.285505005883,0.302872121018,0.00298232580783,0.285505005883,0.436458744637,1.0,1.0,0.878415639742,16.0,0.875,9117.9615995,2908569.25346,1021525256.1,20.3653846154,2.0,1227.41346154,9.79969310077e-07,Class 4
0.943417159763,1146.17307692,-0.00403716950265,380.763912494,0.971154572133,1.0,1145.43275944,0.0647398898433,0.0705289282214,0.0036706868008,0.0647398898433,0.00346001147253,1.0,1.0,0.971297837734,2.875,0.971153846154,1146.08329421,228446.195313,45535922.1944,5.75,-0.961538461538,0.0,2.66872359475e-07,Class 4
0.870562130178,2186.35576923,234701.998627,2221.36194435,0.937693401683,1.0,5524.4618644,0.15819758723,0.163986625608,0.00338609684148,0.15819758723,0.503551933521,1.0,1.0,0.93892933296,9.11057692308,0.932692307692,5529.91727858,1868135.37961,685500270.638,10.2788461538,1.17788461538,835.961538462,5.09066156354e-07,Class 4
0.980954142012,380.778846154,-0.00395960625,1.52587890625e-05,0.990384858185,1.0,380.689275513,0.0235503186773,0.0235503186773,0.00381659332817,0.0235503186773,nan,1.0,1.0,0.990432692308,0.956730769231,0.990384615385,380.749009352,75766.0662303,15076855.2575,1.91346153846,-0.956730769231,0.0,8.86596894981e-08,Class 4
0.639053254438,4992.61538462,1358547.38596,6354.01368713,0.822088044115,1.0,20448.5705018,0.462305246678,0.479672361813,0.00260455791767,0.411159217738,0.500368534847,1.0,1.0,0.829417556744,30.2980769231,0.798076923077,20503.4378615,7620758.68958,3011931905.55,24.5192307692,-0.0480769230769,3877.94230769,1.16246932899e-06,Class 4
0.906619822485,1165.76923077,217556.611041,1181.06018653,0.954808406705,1.0,4324.8636731,0.111553106063,0.117342144441,0.00352694720206,0.111553106063,0.668423598524,1.0,1.0,0.957674881753,6.79807692308,0.951923076923,4327.67223652,1516672.24077,567159579.369,5.84615384615,-0.961538461538,790.528846154,2.7143508383e-07,Class 4
0.888683431953,2412.94230769,114407.176042,1358.93195636,0.942403866198,1.0,4072.25266252,0.126922577933,0.134896652672,0.00345760548609,0.126922577933,0.337445272364,1.0,1.0,0.943396633715,7.375,0.942307692308,4075.75036152,1235087.4719,410534148.043,10.8461538462,-1.125,415.759615385,5.61824055978e-07,Class 4
0.906619822485,1586.17307692,106925.338656,1989.83707956,0.952183886974,1.0,3152.48130672,0.117342144441,0.117342144441,0.00352622489252,0.117342144441,1.0,1.0,1.0,0.953485339969,5.84615384615,0.951923076923,3155.02890719,956235.686485,321650767.576,7.86538461538,3.93269230769,392.259615385,3.69320969142e-07,Class 4
0.801220414201,3511.96153846,229823.179084,2746.60533377,0.904809825086,1.0,6648.06059943,0.214047012988,0.239388202861,0.00318673940805,0.190921012768,0.216123551768,1.0,1.0,0.906677486506,12.6057692308,0.894230769231,6658.41382305,1980603.8042,657701669.423,17.4615384615,0.990384615385,786.711538462,8.17717220046e-07,Class 4
0.257951183432,9632.99038462,9093218.7608,18184.0426084,0.567285826679,1.0,62841.8336759,1.022522497,1.07940409584,0.00118016350199,0.867128476652,0.558831133503,1.0,1.0,0.593809876735,84.4278846154,0.5,63183.4674589,25378637.1931,10657417256.5,46.7788461538,-0.0336538461538,13388.2788462,2.24292379964e-06,Class 4
0.750184911243,5177.99038462,407014.106405,3681.64762644,0.870756639366,1.0,10498.9711922,0.302705783387,0.325861936899,0.00291804025864,0.302705783387,0.383677281227,1.0,1.0,0.873476033811,17.8798076923,0.865384615385,10519.9701632,3453740.82588,1248785605.78,23.4711538462,-1.08173076923,1335.63461538,1.20563162676e-06,Class 4
0.800665680473,3309.53846154,415551.676304,3061.45531874,0.89437234506,1.0,8923.06008323,0.239388202861,0.256755317996,0.00311450845391,0.239388202861,0.434291107317,1.0,1.0,0.896329598238,14.3365384615,0.894230769231,8936.28281344,3178649.56985,1246648048.74,16.4615384615,0.0,1406.79807692,7.70585486421e-07,Class 4
0.382951183432,6876.28846154,6771055.14362,16346.1605471,0.674705891931,1.0,56800.9434385,0.849066552569,0.891774857576,0.00163521851308,0.744754980848,0.703821390381,1.0,1.0,0.691974513929,70.4134615385,0.615384615385,57037.165025,24650706.9926,11069532758.0,32.9615384615,1.34615384615,12540.7692308,1.60105952854e-06,Class 4
0.733912721893,5195.54807692,798422.465342,5071.73198641,0.865772737901,1.0,15331.7766969,0.32346416297,0.343016314465,0.00291876256819,0.300520747026,0.41488925566,1.0,1.0,0.868075826854,22.1394230769,0.855769230769,15359.6255118,5941984.35644,2491860942.99,23.4326923077,-0.139423076923,2541.19230769,1.20971972032e-06,Class 4
0.654770710059,6742.625,889340.134799,5762.35698641,0.808605722728,1.0,17419.8657002,0.414310418709,0.44544064696,0.00254894008298,0.408521380331,0.446960101102,1.0,1.0,0.813886458379,26.8798076923,0.807692307692,17463.4004517,6553366.85517,2737168340.55,31.4903846154,-1.1875,2680.40384615,1.569937629e-06,Class 4
0.717455621302,4496.24038462,673292.492501,4135.39236802,0.853322547004,1.0,12939.1426004,0.348545693967,0.371701847479,0.00279019146981,0.348545693967,0.507996125752,1.0,1.0,0.857822027682,20.9855769231,0.846153846154,12967.6231079,4490397.76557,1691558258.68,22.0673076923,-1.05288461538,2118.00961538,1.04689449121e-06,Class 4
0.469119822485,7984.24038462,3041069.81561,10558.6233626,0.704611391286,1.0,35928.1916491,0.724248313186,0.753193505077,0.00192703156782,0.657022678619,0.580707652055,1.0,1.0,0.717274208649,50.3028846154,0.682692307692,36071.8223267,14200109.6156,5936641679.84,38.2596153846,-2.09134615385,7022.28846154,1.85903256058e-06,Class 4
0.870562130178,2085.36538462,223534.370911,2088.87373822,0.942568686218,1.0,5265.13467404,0.15819758723,0.163986625608,0.003456160867,0.134896652672,0.405295690683,1.0,1.0,0.943911869438,8.91346153846,0.932692307692,5270.47151536,1732450.20083,619152894.097,10.0576923077,1.09615384615,796.346153846,4.85551782505e-07,Class 4
1.0,0.0,-0.00392156862745,1.52587890625e-05,1.0,1.0,0.0,-0.0,-0.0,0.00389099121094,-0.0,nan,1.0,1.0,1.0,0.0,1.0,6.103515625e-05,-4.76837158203e-07,3.72529029846e-09,0.0,0.0,0.0,0.0,Class 4
0.943417159763,1437.61538462,-0.00403716950265,526.482437134,0.971154437734,1.0,1436.78791728,0.0647398898433,0.0705289282214,0.0036706868008,0.0647398898433,0.00346001147253,1.0,1.0,0.971283516949,3.21153846154,0.971153846154,1437.51508507,323291.383988,73032580.0024,6.42307692308,-0.961538461538,0.0,3.34731130432e-07,Class 4
0.924926035503,1438.32692308,110999.777354,1435.81536983,0.961576477706,1.0,3081.96127147,0.0939564162219,0.0939564162219,0.00359773353712,0.0939564162219,0.502179319025,1.0,1.0,0.962234670464,5.19230769231,0.961538461538,3083.74164757,1007427.01137,356837138.488,6.55769230769,1.21153846154,411.394230769,3.34896803446e-07,Class 4
0.870562130178,3357.82692308,131396.82222,2151.57340769,0.932700344223,1.0,5243.24548754,0.152408548852,0.163986625608,0.00338681915103,0.152408548852,0.254652186595,1.0,1.0,0.933185916259,9.06730769231,0.932692307692,5248.46670767,1658231.54343,574460338.861,14.2115384615,2.22044604925e-16,472.730769231,7.8182886312e-07,Class 4
0.654215976331,2957.85576923,2084252.1816,7373.45975084,0.812740874286,1.0,25878.8242252,0.462807762095,0.462807762095,0.00254171698756,0.451229685339,0.781819741543,1.0,1.0,0.825763292779,33.8317307692,0.807692307692,25940.1832041,10493589.9473,4375646378.52,15.1057692308,0.860576923077,5745.84615385,6.88700479896e-07,Class 4
1.0,0.0,-0.00392156862745,1.52587890625e-05,1.0,1.0,0.0,-0.0,-0.0,0.00389099121094,-0.0,nan,1.0,1.0,1.0,0.0,1.0,6.103515625e-05,-4.76837158203e-07,3.72529029846e-09,0.0,0.0,0.0,0.0,Class 4
0.906619822485,801.538461538,377965.038623,2278.99550805,0.953880205808,1.0,6236.43327498,0.117342144441,0.117342144441,0.00352622489252,0.117342144441,1.0,1.0,1.0,0.955956764344,8.20192307692,0.951923076923,6240.01298171,2545678.57362,1081068667.61,4.44230769231,2.22115384615,1359.68269231,1.86628411317e-07,Class 4
1.0,0.0,-0.00392156862745,1.52587890625e-05,1.0,1.0,0.0,-0.0,-0.0,0.00389099121094,-0.0,nan,1.0,1.0,1.0,0.0,1.0,6.103515625e-05,-4.76837158203e-07,3.72529029846e-09,0.0,0.0,0.0,0.0,Class 4
0.818047337278,2444.82692308,485981.113546,3284.55853389,0.919601953765,1.0,9017.43654037,0.214077166281,0.227840279398,0.0032503026477,0.190906740665,0.53412567941,1.0,1.0,0.922554597138,13.8942307692,0.903846153846,9028.85432786,3227995.59268,1231273546.2,11.9615384615,2.0,1646.11538462,5.6924799806e-07,Class 4
