0.734776730315,161.791044776,22203.1852789,343.49879579,0.894369892563,1.0,1218.41839333,0.398427224414,0.462228544796,0.0117459352237,0.310571973137,0.375989378435,1.0,1.0,0.9005740115,6.30989787903,0.857030636292,1227.5280288,127280.115643,13698511.0208,3.1688923802,-0.0671641791045,266.631186174,9.64820821581e-06,Class 1
0.480112666913,204.780832679,87254.3232971,806.267796183,0.799520839129,1.0,2998.57413833,0.738093483689,0.898452344386,0.0086717702828,0.513592985664,0.383867437059,1.0,1.0,0.814517260687,14.8342498036,0.69206598586,3039.97230414,323226.229956,35100238.5675,4.24430479183,-0.0934799685782,709.26119403,1.22118508786e-05,Class 1
0.83774989525,114.352317361,8595.29634053,170.500587817,0.934720997973,1.0,574.242523032,0.23615550889,0.26494135629,0.0131234994712,0.195735551696,0.357903307866,1.0,1.0,0.937866744459,3.3120581304,0.915161036921,576.902365997,54445.3025777,5402849.88656,2.26747839749,-0.0426158680283,115.740769835,6.81925856516e-06,Class 1
0.81559169876,91.9646504321,14034.3009639,225.507694553,0.930533758322,1.0,816.766586906,0.276657267121,0.314169848298,0.0127948066493,0.212789069851,0.473165710288,1.0,1.0,0.934432502734,4.26237234878,0.902985074627,820.875092823,83828.8970722,8856939.02713,1.87195600943,-0.0514532600157,182.360565593,5.48419782498e-06,Class 1
0.734776730315,161.791044776,22203.1852789,343.49879579,0.894369892563,1.0,1218.41839333,0.398427224414,0.462228544796,0.0117459352237,0.310571973137,0.375989378435,1.0,1.0,0.9005740115,6.30989787903,0.857030636292,1227.5280288,127280.115643,13698511.0208,3.1688923802,-0.0671641791045,266.631186174,9.64820821581e-06,Class 1
0.83774989525,114.352317361,8595.29634053,170.500587817,0.934720997973,1.0,574.242523032,0.23615550889,0.26494135629,0.0131234994712,0.195735551696,0.357903307866,1.0,1.0,0.937866744459,3.3120581304,0.915161036921,576.902365997,54445.3025777,5402849.88656,2.26747839749,-0.0426158680283,115.740769835,6.81925856516e-06,Class 1
0.484059526241,154.040062844,101159.807822,884.406555511,0.820326713985,1.0,3333.98135098,0.73578653445,0.889908184394,0.00910143322002,0.470284626353,0.450715754028,1.0,1.0,0.834349588313,15.6626080126,0.694815396701,3377.58046399,374743.055877,42258045.1548,3.24273369992,0.0298507462687,806.374312647,9.18598802516e-06,Class 1
0.595153187632,194.671249018,49922.7232822,587.712697499,0.843283288955,1.0,2154.52426833,0.585484128972,0.69694371185,0.0100990675188,0.42420766229,0.395506273629,1.0,1.0,0.854079251249,10.7193637078,0.771013354281,2177.94660205,232585.770076,25548427.0096,3.95561665357,-0.097604084839,496.153574234,1.16089784002e-05,Class 1
0.480112666913,204.780832679,87254.3232971,806.267796183,0.799520839129,1.0,2998.57413833,0.738093483689,0.898452344386,0.0086717702828,0.513592985664,0.383867437059,1.0,1.0,0.814517260687,14.8342498036,0.69206598586,3039.97230414,323226.229956,35100238.5675,4.24430479183,-0.0934799685782,709.26119403,1.22118508786e-05,Class 1
0.669724824425,99.9018067557,44205.4084116,514.678648991,0.873485842364,1.0,1971.75924852,0.472502647937,0.57939977456,0.0108750245905,0.351845225461,0.4595491146,1.0,1.0,0.884874085163,9.27258444619,0.818146111548,1987.90317609,219238.588448,24554531.249,2.13040062844,-0.125294579733,472.289866457,5.95752029445e-06,Class 1
0.440700845218,255.491751767,94266.6903205,847.435976662,0.790812933137,1.0,3136.83503909,0.768602933742,0.912747403111,0.00835781994621,0.492322512574,0.42760751977,1.0,1.0,0.803059954355,15.7297721917,0.662215239592,3182.63883988,338063.071246,36866105.1191,5.29222309505,-0.212097407698,732.278083268,1.52359336197e-05,Class 1
0.317398207622,315.80871956,156742.88667,1086.12508458,0.731201873075,1.0,3997.17355677,0.927399176654,1.12505016478,0.00679919021018,0.594718130202,0.368795345374,1.0,1.0,0.747043928923,20.3784367636,0.560094265515,4069.36294141,424716.717629,45411000.4204,6.56362922231,-0.178515318146,939.025137471,1.88328611568e-05,Class 1
0.72613418211,111.998821681,26636.7344129,363.016875621,0.898628018762,1.0,1346.69377458,0.393006746721,0.462523395825,0.0117263717818,0.288192634662,0.460702865732,1.0,1.0,0.905793478192,6.81991358995,0.851924587588,1356.40889585,141252.212713,15089546.0146,2.34524744698,-0.0748232521603,311.315396701,6.67891077037e-06,Class 1
0.647964337571,290.045168892,23107.760399,405.787226171,0.843086663364,1.0,1314.92314877,0.491682750224,0.571216503834,0.0103706271838,0.40998943552,0.247908860388,1.0,1.0,0.850760469086,7.61292223095,0.804399057345,1328.70332829,126488.574513,12735090.4461,5.64925373134,0.020620581304,259.902199529,1.72964837784e-05,Class 1
0.642758938594,204.23880597,34421.5105417,462.31856209,0.867359503597,1.0,1667.1872583,0.511697472732,0.587702779705,0.0107780365853,0.365531683409,0.382574829298,1.0,1.0,0.874503994201,8.74587588374,0.801256873527,1683.73413642,172021.332833,18219376.8702,3.99764336214,-0.179497250589,370.146897093,1.21795277883e-05,Class 1
0.810641771915,107.143362137,13405.131078,223.951908516,0.922769899151,1.0,799.428092814,0.282412042266,0.325300199811,0.0127105459696,0.22732853203,0.421337981636,1.0,1.0,0.927889986374,4.25235663786,0.900235663786,803.621435125,81300.523695,8560467.19729,2.19049489395,-0.0661822466614,174.252160251,6.38936146477e-06,Class 1
0.480112666913,204.780832679,87254.3232971,806.267796183,0.799520839129,1.0,2998.57413833,0.738093483689,0.898452344386,0.0086717702828,0.513592985664,0.383867437059,1.0,1.0,0.814517260687,14.8342498036,0.69206598586,3039.97230414,323226.229956,35100238.5675,4.24430479183,-0.0934799685782,709.26119403,1.22118508786e-05,Class 1
0.72613418211,111.998821681,26636.7344129,363.016875621,0.898628018762,1.0,1346.69377458,0.393006746721,0.462523395825,0.0117263717818,0.288192634662,0.460702865732,1.0,1.0,0.905793478192,6.81991358995,0.851924587588,1356.40889585,141252.212713,15089546.0146,2.34524744698,-0.0748232521603,311.315396701,6.67891077037e-06,Class 1
0.634573648481,176.339355852,39243.1296377,496.252343021,0.85819822972,1.0,1806.38877827,0.518962849749,0.615790400628,0.0105264887112,0.385117802879,0.393957459452,1.0,1.0,0.868068435137,9.26826394344,0.796150824823,1824.20143807,188673.981858,20084704.8869,3.5758051846,-0.0785545954438,412.254909662,1.05157786963e-05,Class 1
0.767523444505,120.320502749,18133.6612864,279.220393394,0.919295292548,1.0,1011.3951548,0.33517161569,0.382617264049,0.0124942826769,0.239100471677,0.432820352396,1.0,1.0,0.923689534648,5.37470542027,0.875883739199,1017.81774797,102034.199372,10565696.4073,2.42105263158,-0.102120974077,224.542026709,7.1751638959e-06,Class 1
0.639398924672,134.706991359,43781.3726942,513.63942079,0.871465664722,1.0,1930.7339805,0.517821035969,0.614282597248,0.01070574152,0.360689959208,0.440752406084,1.0,1.0,0.880746219198,9.60919088767,0.799293008641,1949.1690343,204677.973496,21920163.9463,2.72427336999,-0.136684996072,453.91555381,8.03308429435e-06,Class 1
0.847834565133,124.204241948,6638.9548777,149.590704667,0.936713158901,1.0,484.698316162,0.223204766817,0.247534884532,0.0132575027813,0.190439225691,0.297717539005,1.0,1.0,0.939309928942,2.93558523174,0.920659858602,486.903470671,44252.9656678,4276403.32767,2.43597800471,-0.0612725844462,90.7663000786,7.40676586433e-06,Class 1
0.813526632353,125.5435978,10715.1133119,199.639997676,0.930953522613,1.0,684.22961823,0.271019284922,0.30445054905,0.0129666978574,0.209269846565,0.351531552329,1.0,1.0,0.933862252653,3.90730557738,0.901806755695,687.904550797,65112.8238998,6446263.25422,2.46425765907,-0.0714846818539,140.712097408,7.4866366888e-06,Class 1
0.556202943607,121.743126473,76650.2241867,741.384965272,0.882862051611,1.0,2849.46724633,0.614929602473,0.702942969037,0.0107839567201,0.332218006294,0.569316847854,1.0,1.0,0.888699892746,13.2352710134,0.744697564808,2879.99071537,321906.541606,36508253.1945,2.46504320503,-0.157501963865,689.975255302,7.26000029655e-06,Class 1
0.440992108133,109.772584446,139767.314394,1040.31400838,0.856953251007,1.0,4047.41641597,0.774921274811,0.893420627957,0.00969391914591,0.380797409861,0.570090230512,1.0,1.0,0.864186260053,18.2908483896,0.662215239592,4101.2264037,468694.412732,54129231.3727,2.30597014925,-0.215043205027,998.434799686,6.54615187503e-06,Class 1
0.719494992067,199.862136685,20200.7375967,336.947465272,0.87396440891,1.0,1156.65312796,0.411572033291,0.479556661363,0.0112980587124,0.349629441936,0.316920299951,1.0,1.0,0.881664671818,6.29791830322,0.847996857816,1166.06566136,116707.834998,12247361.0673,3.96661429694,-0.0842498036135,241.747446976,1.19185305458e-05,Class 1
0.581361086411,139.727808327,61871.2012293,648.398798245,0.856039711494,1.0,2455.16111776,0.604582464845,0.717236748863,0.0102176726934,0.39554881995,0.465990970266,1.0,1.0,0.866575242446,11.8155930872,0.761979575805,2481.8936268,269402.967756,29790804.9664,2.89512961508,-0.123134328358,585.910447761,8.33249448473e-06,Class 1
0.488710785182,105.701099764,105992.288859,879.614234223,0.857390811055,1.0,3392.6282729,0.722443414314,0.849733354199,0.00990655225831,0.389924670168,0.534366437501,1.0,1.0,0.866806951326,15.8399450118,0.697957580518,3435.90118768,380056.341002,42526248.912,2.23998428908,-0.106637863315,833.044776119,6.30335393765e-06,Class 1
0.601533511588,88.396307934,62459.1513847,635.039545987,0.89681747289,1.0,2450.42999551,0.568344682372,0.658053137327,0.0113066641199,0.306603935213,0.562698108063,1.0,1.0,0.903270774128,11.5881775334,0.774941084053,2475.00375052,270126.233239,29866596.4533,1.82914375491,-0.101139041634,597.013747054,5.27140414747e-06,Class 1
0.397222141659,299.646897093,108395.796659,923.600487169,0.765423672522,1.0,3378.91632079,0.828488743541,0.986689778036,0.00767834467918,0.532438491809,0.408466446287,1.0,1.0,0.777900377237,17.094461901,0.628043990573,3432.74437307,363364.442643,39583736.3515,6.18892380204,-0.167124901807,783.808326787,1.78690709265e-05,Class 1
0.599741195622,45.9890023566,76702.2119749,730.932036658,0.912301432693,1.0,2889.66835127,0.540299215645,0.613783854276,0.0115377325704,0.258238822857,0.642855971998,1.0,1.0,0.917350361601,12.7376276512,0.773369992145,2915.31372205,337191.804867,39244884.4547,0.988216810683,-0.160644147683,717.728986646,2.74249709549e-06,Class 1
0.760024967156,182.4854674,14381.0583254,267.165171969,0.895434318693,1.0,898.480135591,0.344309033633,0.400694657773,0.0119878604685,0.290244959103,0.298472038983,1.0,1.0,0.901245018558,5.07619795758,0.871563236449,904.719161951,88071.4584736,9053989.08037,3.62136684996,-0.0852317360566,180.716810683,1.08822944327e-05,Class 1
0.401060394476,293.382953653,106805.572342,910.579351073,0.771805736239,1.0,3345.34726505,0.825339550272,0.976848791315,0.00781534662423,0.523441239448,0.409792742642,1.0,1.0,0.78367800349,16.9495286724,0.631186174391,3398.50483065,358903.938602,38993407.6093,6.04359780047,-0.225648075412,776.809897879,1.74955284313e-05,Class 1
0.643911340062,57.4713275727,57795.4693972,602.812375916,0.915786237329,1.0,2372.49829995,0.479150080607,0.548414726038,0.0118091909954,0.256298494921,0.617876650383,1.0,1.0,0.920672835415,10.7478397486,0.801649646504,2391.52552487,269957.888677,30707826.4056,1.21445404556,-0.16103692066,583.849175177,3.42723131325e-06,Class 1
0.760589597594,179.98939513,15696.3735228,280.627404392,0.89521310292,1.0,958.66323542,0.358141602391,0.412716613243,0.0119321061052,0.300259592445,0.319635364189,1.0,1.0,0.901306870162,5.24960722702,0.871956009427,965.400156649,96427.1389992,10136153.5817,3.50235663786,-0.105852317361,196.516496465,1.07334442599e-05,Class 1
0.715469454727,169.389630793,23870.326704,355.811332613,0.879012010889,1.0,1279.61089537,0.408641014572,0.48445478025,0.0113764619298,0.333974117024,0.348842376662,1.0,1.0,0.888101540224,6.74783974863,0.845640219953,1289.6311808,130692.23749,13706697.9774,3.35428122545,-0.162215239592,280.271013354,1.01013404651e-05,Class 1
0.545846140365,82.8915946583,95408.576261,858.12736757,0.893299520407,1.0,3349.93937393,0.599935367706,0.697434302699,0.0110170788981,0.312141076976,0.588367479197,1.0,1.0,0.899356967245,14.7117046347,0.73723487824,3383.04575268,394773.65984,46437881.6683,1.67635506677,-0.140219952867,825.498036135,4.94313740115e-06,Class 1
0.695218351538,254.474469756,19124.8076286,347.23346537,0.858715114435,1.0,1147.78079213,0.436169514817,0.512121104305,0.010925856757,0.378772133163,0.250464404515,1.0,1.0,0.866788425161,6.55263157895,0.833464257659,1158.20467845,111811.298281,11421235.6921,4.94579732914,-0.102120974077,226.137077769,1.51752692692e-05,Class 1
0.440700845218,255.491751767,94266.6903205,847.435976662,0.790812933137,1.0,3136.83503909,0.768602933742,0.912747403111,0.00835781994621,0.492322512574,0.42760751977,1.0,1.0,0.803059954355,15.7297721917,0.662215239592,3182.63883988,338063.071246,36866105.1191,5.29222309505,-0.212097407698,732.278083268,1.52359336197e-05,Class 1
0.714312733681,242.067164179,17315.3995913,322.780291273,0.864676536993,1.0,1068.57494387,0.412097388011,0.478024429324,0.0111314657356,0.364388068113,0.26592938543,1.0,1.0,0.872698367648,6.08739198743,0.844854673998,1077.67956553,104572.113787,10759009.2314,4.70659858602,-0.129811468971,209.093087196,1.44353749952e-05,Class 1
0.375717744021,323.268263943,118127.307603,970.707836933,0.760225133406,1.0,3551.52905577,0.857324146203,1.01324802005,0.00755039649066,0.533177243015,0.42072337192,1.0,1.0,0.772228958202,17.9067164179,0.610369206599,3609.96412955,384467.935079,42178412.0268,6.62568735271,-0.216614296936,822.233307148,1.92777018308e-05,Class 1
0.428819539792,285.961901021,92783.9360009,843.375526446,0.788158010265,1.0,3095.25117515,0.782600959935,0.920317401404,0.00832942933271,0.488680369563,0.416930590127,1.0,1.0,0.799290296728,15.801846033,0.652788688138,3142.13061619,329572.028328,35600956.5173,5.85113904163,-0.247643362137,714.535742341,1.70529831652e-05,Class 1
0.512632294763,305.826001571,59821.1007066,689.492364133,0.793605941491,1.0,2428.35945107,0.699413493663,0.843017030194,0.00879372120129,0.536437104999,0.292261207814,1.0,1.0,0.806268152549,12.6757659073,0.715239591516,2461.74918454,253136.301375,26934123.0938,5.98153967007,-0.0434014139827,539.376669285,1.82375541554e-05,Class 1
0.474137149042,283.687745483,70973.991034,728.602831533,0.798690435001,1.0,2640.27713479,0.707978273192,0.838795958512,0.0086602578384,0.479497760495,0.381778163956,1.0,1.0,0.808890374308,13.835624509,0.686959937156,2677.22871124,273966.466507,28919519.3565,5.76865671642,-0.213472113119,598.817360566,1.69173667213e-05,Class 1
0.317398207622,315.80871956,156742.88667,1086.12508458,0.731201873075,1.0,3997.17355677,0.927399176654,1.12505016478,0.00679919021018,0.594718130202,0.368795345374,1.0,1.0,0.747043928923,20.3784367636,0.560094265515,4069.36294141,424716.717629,45411000.4204,6.56362922231,-0.178515318146,939.025137471,1.88328611568e-05,Class 1
0.70949733081,215.541241163,27065.3715612,419.275271144,0.874045993006,1.0,1474.08490001,0.429247458569,0.501778482987,0.011255094347,0.362031621819,0.334626179578,1.0,1.0,0.881976149623,7.27651217596,0.842105263158,1485.48575661,162332.259514,18463531.8686,3.99921445405,-0.102513747054,317.713275727,1.28535344877e-05,Class 1
0.87103131138,89.5758051846,9231.13870394,159.746672361,0.955013140228,1.0,597.023040028,0.20121241285,0.219197423338,0.0137612011492,0.150839823325,0.505899428826,1.0,1.0,0.956705401688,2.98193244305,0.933228593873,599.010795887,64972.9604406,7357760.16397,1.67792615868,-0.209347996858,127.451688924,5.34174200257e-06,Class 1
0.793203330517,165.515318146,10704.7920216,219.856906552,0.909658817488,1.0,717.331347088,0.300425169878,0.339781812464,0.0123581292202,0.259924758598,0.288766276062,1.0,1.0,0.913968032578,4.19874312647,0.890416339356,721.762857945,67809.8938517,6751595.70206,3.23644933229,-0.0392772977219,139.192851532,9.8703006374e-06,Class 1
0.781351645049,160.780439906,12140.8572876,233.586924227,0.907416625842,1.0,777.047609775,0.309766810592,0.355996240703,0.0122599649017,0.266957703727,0.292589268352,1.0,1.0,0.912113558152,4.5190494894,0.883739198743,781.987155863,73251.3806681,7212785.71353,3.1810683425,-0.0406520031422,155.442655145,9.58794204825e-06,Class 1
0.700046713141,59.0451688924,42178.1922715,482.69902409,0.927424778091,1.0,1893.30300127,0.431159013756,0.485253517504,0.012321258544,0.230534429153,0.634424699812,1.0,1.0,0.931508141637,8.69540455617,0.8362136685,1907.02756238,213332.738333,24164624.5352,1.20227808327,-0.149842890809,462.267085625,3.52108538763e-06,Class 1
0.630294490256,218.379418696,34544.0316756,480.493591548,0.849559509432,1.0,1671.62736261,0.523499566041,0.61347748865,0.0103344555464,0.402253770595,0.34584796166,1.0,1.0,0.858288023462,8.90219952867,0.793401413983,1688.8827028,170623.798179,17881119.2765,4.39905734485,0.0710919088767,367.903770621,1.30227856835e-05,Class 2
0.81074389906,132.836606441,10299.9759485,206.418866489,0.925247564508,1.0,670.286562901,0.267857363702,0.30279282643,0.0127680262353,0.218271874416,0.329613186624,1.0,1.0,0.928324172613,3.88256087981,0.900235663786,673.890361873,63353.5667831,6259298.23169,2.64493322859,0.0915161036921,135.384524745,7.92154621044e-06,Class 2
0.397219673329,377.482717989,103693.261705,968.674402134,0.742369700998,1.0,3395.83575201,0.861358934476,1.03180885048,0.00742590010707,0.614687233516,0.325599086168,1.0,1.0,0.757776365288,17.0320109976,0.628436763551,3451.64848736,372543.238698,41679454.0216,7.48586017282,0.194619010212,769.073448547,2.25107135322e-05,Class 2
0.717540074877,97.5942655145,29659.8757006,394.360294219,0.908567396585,1.0,1447.68489141,0.406632566262,0.47045751906,0.0119063091664,0.267467335215,0.505499235435,1.0,1.0,0.914268151907,7.23428908091,0.846818538885,1458.38302193,152763.898443,16346535.7972,2.03652788688,0.0972113118617,340.423016496,5.81991293558e-06,Class 2
0.753611629289,81.4681853888,30994.7517829,417.895287837,0.920747476703,1.0,1549.91363307,0.358725069714,0.40589006533,0.0125362539252,0.242665237845,0.560357932488,1.0,1.0,0.927083621839,6.95640219953,0.867635506677,1558.89811914,180970.582437,21405837.0708,1.67478397486,0.135113904163,369.574626866,4.85825415544e-06,Class 2
0.650096665965,168.414768264,33426.0400712,450.189646635,0.886850847431,1.0,1590.73773931,0.472575943822,0.538571863154,0.0112240907751,0.315035009083,0.422897124695,1.0,1.0,0.891744033692,8.50628436764,0.805577376277,1605.53156376,158939.584817,16168700.1212,3.34956794973,0.12568735271,359.544776119,1.00432057477e-05,Class 2
0.628944930945,206.260801257,33537.5834213,467.739712915,0.869885785976,1.0,1613.0328001,0.492913809568,0.563862577522,0.0106921416014,0.342121605932,0.390000441306,1.0,1.0,0.874456205694,8.79811468971,0.792223095051,1629.03789722,159822.816937,16210086.7011,4.1241162608,0.167321288295,355.968970935,1.23001069685e-05,Class 2
0.710167173806,132.787117046,34049.9127632,461.521208398,0.892149411016,1.0,1679.46618928,0.426960867576,0.503299648689,0.0115617457553,0.321443668874,0.441836500704,1.0,1.0,0.899456473482,7.85231736057,0.842498036135,1691.71385952,190625.370802,22004360.8759,2.63393558523,0.0864100549882,389.976826394,7.91859497176e-06,Class 2
0.473631758518,192.712882954,102337.903565,914.761757299,0.810105989859,1.0,3385.79370576,0.761256906339,0.919824573875,0.00881526123544,0.496977659821,0.417654064613,1.0,1.0,0.823692073748,15.9294972506,0.687352710134,3431.72974227,382074.883161,43356025.0539,3.87627651218,0.1482717989,810.251767478,1.14921936698e-05,Class 2
0.349932028369,471.207776905,102510.402517,957.011818669,0.708906877923,1.0,3279.9700944,0.909109638483,1.08935900308,0.0066792592725,0.668174930505,0.256501671843,1.0,1.0,0.724059816558,17.6082089552,0.588766692852,3340.97473442,339899.678543,36082946.8055,9.27769049489,0.0575412411626,717.991751767,2.80998911329e-05,Class 2
0.538434671641,95.0883739199,84968.0663567,788.853948481,0.861535710807,1.0,2990.65456207,0.637240704779,0.755881948232,0.0100221925446,0.367629895271,0.530090534865,1.0,1.0,0.871515555035,13.9628829537,0.732914375491,3024.09497205,333992.695675,37285069.6895,2.04045561665,0.157698350353,732.687745483,5.67047719947e-06,Class 2
0.948861143491,51.5820895522,1206.95419197,44.210819553,0.977044700937,1.0,123.132261408,0.0822650940082,0.0888109868488,0.0146301930417,0.0755398132453,0.253080189654,1.0,1.0,0.977762513464,0.84328358209,0.974076983504,123.298551189,10137.9629821,915722.349332,1.0086410055,0.00981932443048,17.9552238806,3.07603391087e-06,Class 2
0.59403534278,160.162608013,51332.6802769,594.284096262,0.846596621397,1.0,2148.88840593,0.571162010383,0.684612485596,0.00998490244519,0.40328015572,0.419952419463,1.0,1.0,0.857750873839,10.7969363708,0.770227808327,2171.88073893,227456.13052,24360296.0604,3.33150039277,0.204634721131,503.266692852,9.55109840987e-06,Class 2
0.606540518559,98.5196386489,67416.3181261,709.0237246,0.915574254439,1.0,2683.817167,0.506650254382,0.554876471754,0.0121492853797,0.256444552972,0.635446462172,1.0,1.0,0.920726398031,12.0638256088,0.774941084053,2706.50203214,312000.316176,36570750.7947,1.93047918303,0.118028279654,652.372348782,5.8750964143e-06,Class 2
0.791195035695,125.50785546,13319.6248343,237.34502517,0.922051608198,1.0,802.748715002,0.288705573161,0.328246266382,0.0126589087033,0.223370615329,0.377667374295,1.0,1.0,0.925900910338,4.49666142969,0.889238020424,807.297102839,77639.4620374,7778409.21688,2.53927729772,0.0807148468185,170.587588374,7.48450523865e-06,Class 2
0.480747644751,171.256480754,99021.1349567,885.193488445,0.815960707675,1.0,3298.69487043,0.730124591959,0.884741390319,0.00892904545343,0.471001868911,0.433600963962,1.0,1.0,0.829498406958,15.594069128,0.692458758837,3341.75595987,369373.767929,41514119.6196,3.55734485467,0.116849960723,793.111940299,1.02126677463e-05,Class 2
0.632291060512,90.6017282011,52702.6965846,583.750710559,0.897907166935,1.0,2193.82805176,0.525733901773,0.598059384813,0.0112871778133,0.293003074674,0.582823383077,1.0,1.0,0.903742544775,10.4073055774,0.794579732914,2214.13761246,242476.480726,27023399.4089,1.89473684211,0.116653574234,531.208955224,5.40292164876e-06,Class 2
0.808595835064,112.276119403,12586.872319,222.489037837,0.927719284239,1.0,762.689212678,0.272488724882,0.312899445321,0.0128136999783,0.213261836271,0.395058509888,1.0,1.0,0.931182358134,4.17772977219,0.899057344855,766.647259948,75367.6825272,7710528.91226,2.28161822467,0.0520424194815,163.723095051,6.69544707596e-06,Class 2
0.63962539393,130.307148468,44115.5203571,532.792540881,0.886552014307,1.0,1947.47796053,0.513825346059,0.589902192309,0.0111215924165,0.310816864569,0.517996081542,1.0,1.0,0.892882696494,9.58326787117,0.799293008641,1965.71351584,210199.71247,22999568.2157,2.69913589945,0.155145326002,459.150824823,7.77070512258e-06,Class 2
0.509252534203,176.356637863,86950.1669966,837.25585343,0.824030983717,1.0,3085.71001493,0.693934313497,0.835319607688,0.00920495362138,0.453898472089,0.43689881712,1.0,1.0,0.836891290776,14.5255302435,0.712882953653,3123.73281081,347616.149053,39395557.6354,3.60644147683,0.207776904949,737.297721917,1.05168092876e-05,Class 2
0.575301645327,97.4065200314,69414.9198936,699.123501211,0.882237880425,1.0,2631.74552382,0.599735493808,0.688510430258,0.0107631253665,0.32186613464,0.583046243619,1.0,1.0,0.889351018136,12.3811861744,0.757659073056,2659.54091666,294077.462404,33080084.8083,2.10251374705,0.164768263943,640.920267086,5.80871696663e-06,Class 2
0.626372314226,129.237234878,48260.0123178,558.999642707,0.875620645463,1.0,2070.53849864,0.542007195094,0.634045021631,0.0107581694231,0.34615289108,0.483557939636,1.0,1.0,0.883392688636,10.1190102121,0.791044776119,2090.91913249,224485.833833,24634622.4285,2.68185388845,0.0683424980361,490.736449332,7.70690215312e-06,Class 2
0.494974789097,98.9210526316,105441.191319,898.456081729,0.865423475541,1.0,3409.48478991,0.705334700893,0.81625750465,0.0101831932117,0.359802604501,0.578117805076,1.0,1.0,0.874571356179,15.7256480754,0.701885310291,3451.38994455,387571.27059,44124438.1801,2.137863315,0.179300864101,838.608405342,5.89903423912e-06,Class 2
0.781210333169,95.8802042419,24588.6865882,366.042798638,0.955302375024,1.0,1313.04605288,0.263720819895,0.280063877951,0.0138310664524,0.141714956232,0.616540301053,1.0,1.0,0.956612319596,5.96366849961,0.881775333857,1318.5229964,153637.524443,18413052.2967,1.82678711705,0.203260015711,305.846818539,5.71769701828e-06,Class 2
0.499777850319,155.94069128,94034.5702207,859.74640233,0.820593923869,1.0,3213.31412584,0.705998943871,0.859261368347,0.00903066157694,0.462009285215,0.433723153618,1.0,1.0,0.834380240523,15.0728593873,0.70620581304,3253.4982517,361335.952449,40755491.7947,3.23605655931,0.126276512176,774.86017282,9.29932964382e-06,Class 2
0.554061667517,87.5223880597,77522.6918065,739.296223127,0.874251170902,1.0,2799.24649798,0.623151384911,0.725604598269,0.0104594966981,0.341274338458,0.560613764302,1.0,1.0,0.883002753753,13.2223095051,0.743519245876,2830.16437012,309521.724292,34281473.58,1.91437549097,0.181461115475,686.073448547,5.21928902007e-06,Class 2
0.730288998222,56.6123330715,45456.431792,560.585893198,0.971275549367,1.0,2126.36090082,0.274499225747,0.284464924651,0.0142991090253,0.0998757116201,0.770840478228,1.0,1.0,0.972195664032,8.85565593087,0.847211311862,2134.90305335,262443.238953,32568827.4251,1.0483110762,0.205616653574,519.849175177,3.37600624195e-06,Class 2
0.656802500912,57.0051060487,67220.0154799,733.796628174,0.948115720948,1.0,2808.09941375,0.384180763742,0.419418645423,0.0131743123539,0.174746459238,0.684755068835,1.0,1.0,0.950755507297,11.6144933229,0.804399057345,2824.34924345,347640.171654,43045764.0038,1.06245090338,0.217792615868,692.198743126,3.39942877112e-06,Class 2
0.545115206207,155.272977219,78186.6323497,787.677617962,0.850211546539,1.0,2925.11482186,0.649884097035,0.763394642275,0.00990760322685,0.404681311732,0.484081354059,1.0,1.0,0.859761273699,13.5001963865,0.737627651218,2958.10017629,335553.77935,38767301.8592,3.17321288295,0.154556166536,701.128436764,9.25951134423e-06,Class 2
0.654554161018,89.6590730558,46898.4580433,545.858747676,0.884960331837,1.0,2028.07948894,0.498997466437,0.589533371882,0.0110574062001,0.322342944606,0.527743288237,1.0,1.0,0.893849851545,9.64061272584,0.808719560094,2045.86895575,223480.290256,24804499.4436,1.95836606441,0.216417910448,489.353495679,5.34670757875e-06,Class 2
0.56750357445,50.4426551453,87083.7507174,811.686430806,0.887686505215,1.0,3118.32470697,0.563928062948,0.677757095198,0.0108588068924,0.3150096746,0.565390899454,1.0,1.0,0.89661644675,13.8438727416,0.752160251375,3147.50497794,361344.680494,41703926.7288,1.1637863315,0.20758051846,774.697957581,3.00808515375e-06,Class 2
0.584724494286,189.355852317,49072.508361,579.030524482,0.852580687544,1.0,2083.3018644,0.577646879499,0.676696639079,0.0101925603304,0.396873792842,0.407815183159,1.0,1.0,0.861471577447,10.758051846,0.763943440691,2106.48182888,215596.071793,22636570.6076,3.79732914375,0.100157109191,479.61743912,1.1292001313e-05,Class 2
0.476198204413,189.146897093,100492.614656,900.325190134,0.823488046381,1.0,3336.72733236,0.748625933414,0.893408330353,0.00922018784428,0.469926847992,0.442172527398,1.0,1.0,0.835784309776,15.7863315004,0.688923802042,3381.46680531,373984.854987,42138076.8521,3.76590730558,0.134328358209,798.573055774,1.12795405275e-05,Class 2
0.762564878506,136.961115475,25253.638015,386.368333791,0.91781666661,1.0,1367.59883924,0.343626531802,0.387052106013,0.0125947899804,0.25653912622,0.454867608005,1.0,1.0,0.922741359624,6.32462686567,0.872741555381,1375.38439663,157890.622836,18668700.4723,2.56912804399,0.133739198743,309.803220738,8.16750618925e-06,Class 2
0.588252046091,147.247054203,55406.7508703,615.117879647,0.867679582623,1.0,2256.60170431,0.571973421064,0.670968504896,0.0104519856477,0.368598805446,0.461899548805,1.0,1.0,0.875447274354,11.2240769835,0.766300078555,2280.5520125,239486.468365,25612561.9003,2.97289866457,0.144344069128,533.67674784,8.78089538316e-06,Class 2
0.695173613061,119.978397486,35153.6511483,457.864504255,0.900432441827,1.0,1679.48164898,0.438630479994,0.511173108252,0.0117577417464,0.295765052297,0.489660088669,1.0,1.0,0.906972790979,8.11606441477,0.833464257659,1692.51553371,183524.343197,20321968.1119,2.41358994501,0.0862136684996,393.387666929,7.15476287299e-06,Class 2
0.452769743707,86.2686567164,132020.893064,1002.47572038,0.857319313488,1.0,3863.52351579,0.745655588666,0.868517010172,0.00984918287461,0.377735565015,0.580438314051,1.0,1.0,0.8669811886,17.6814611155,0.669677926159,3913.49542864,441832.039255,50513172.3492,1.96229379419,0.0333857030636,957.358994501,5.14452430695e-06,Class 2
0.465090411835,225.846818539,101294.508315,918.880423834,0.797601288985,1.0,3376.82453066,0.772950497411,0.931977164629,0.00852319322092,0.525291408088,0.395606375081,1.0,1.0,0.811581377777,16.0137470542,0.681068342498,3423.73767138,379934.302387,43067806.4875,4.48153967007,0.112725844462,799.972898665,1.34680948081e-05,Class 2
0.801062184015,143.709347997,10522.8811028,212.282476073,0.924903979286,1.0,689.11996236,0.276592432262,0.308134803755,0.012825733086,0.210489935419,0.347850005444,1.0,1.0,0.927614596424,4.02985074627,0.894736842105,692.999209084,64995.0556911,6438100.48817,2.86567164179,0.0604870384918,137.448153967,8.56992866293e-06,Class 2
0.715642546354,164.127651218,22448.2519686,347.708487463,0.887290887989,1.0,1211.33680186,0.403469728644,0.469317867537,0.0115692519848,0.312062015747,0.363368805383,1.0,1.0,0.894317504295,6.54183032207,0.845640219953,1220.91498383,121458.485632,12545098.9459,3.32639434407,0.0292615868028,264.40102121,9.78754884184e-06,Class 2
0.755891131846,103.972898665,22398.5081397,330.052802075,0.921722871265,1.0,1179.65631776,0.353783299322,0.40129972144,0.0123754702012,0.236124938171,0.49954749476,1.0,1.0,0.925722323856,6.00530243519,0.869206598586,1187.27977173,122735.498322,13005660.1662,2.07501963865,0.130597014925,271.014139827,6.2002948093e-06,Class 2
0.630053828102,96.8008641005,64492.8895716,711.134351564,0.913743467817,1.0,2671.33659651,0.478618578872,0.538665799922,0.012065805695,0.262161248359,0.608937065154,1.0,1.0,0.918974960362,11.5626472899,0.790652003142,2691.79955767,321811.937061,38977403.9995,1.95326001571,0.233896307934,649.11076198,5.77259942665e-06,Class 2
0.776452627506,57.0058915947,23197.545564,317.869941705,0.938679735187,1.0,1182.59424096,0.325922300475,0.368218401403,0.0128423653863,0.18788622088,0.609930160995,1.0,1.0,0.942037278462,5.78770620581,0.880989787903,1189.31089899,126052.600616,13587324.8276,1.22113118617,0.116457187745,283.256873527,3.39947561618e-06,Class 2
0.426260498886,265.627258445,113308.657944,981.739762012,0.79978427512,1.0,3556.89389838,0.825037204009,0.982413448685,0.00857544756966,0.517442719985,0.413243850882,1.0,1.0,0.811501869028,17.1879418696,0.651610369207,3610.78846183,394156.052111,44007184.5762,5.08758837392,0.222113118617,836.82717989,1.5840351985e-05,Class 2
0.604683717477,119.597800471,67847.8636647,725.499605885,0.868159021041,1.0,2729.67566692,0.552161933049,0.658261971128,0.0106587709397,0.370323023899,0.48078754836,1.0,1.0,0.879121982311,12.1080125687,0.77690494894,2754.60059361,321601.779576,38070053.3641,2.41869599372,0.116653574234,659.128829537,7.13206644222e-06,Class 2
0.48881383795,182.086017282,93356.3596752,868.587587031,0.836758488978,1.0,3185.86759686,0.724099847147,0.846432304785,0.00957799924414,0.437975578862,0.479348868224,1.0,1.0,0.846893507065,15.1553417125,0.697564807541,3227.34575759,356220.870376,40145483.5696,3.68303220738,0.286920659859,761.788295365,1.08584737206e-05,Class 2
0.624948087939,151.661429694,42177.0936307,517.362086246,0.876138722702,1.0,1866.51889562,0.515018627231,0.596165890819,0.0108249059255,0.342136302468,0.44998396849,1.0,1.0,0.882689651405,9.61233307148,0.789866457188,1884.85520869,192712.175719,20170531.9513,3.10997643362,0.150432050275,433.598586017,9.04414118851e-06,Class 2
0.603265662015,191.846425766,46745.4226114,567.448974993,0.86375261592,1.0,2043.50375318,0.56230440931,0.651951122471,0.0105216291869,0.382175178981,0.419851126754,1.0,1.0,0.871380164652,10.3772584446,0.776119402985,2065.23209891,215024.53938,23003649.1932,3.71445404556,0.0614689709348,468.670463472,1.14405235704e-05,Class 2
0.58094733263,230.382168107,48364.6177067,597.682908123,0.845940009725,1.0,2107.21796109,0.598352456013,0.69660073629,0.0101326647654,0.423771611983,0.376720093373,1.0,1.0,0.854340347266,10.8230557738,0.761586802828,2131.41203803,221186.443946,23682626.4384,4.49764336214,0.136095836606,475.595443833,1.37385547524e-05,Class 2
0.681797425409,164.438334643,28687.3666404,408.219853332,0.889671895538,1.0,1440.50893057,0.443437932094,0.511791091937,0.0115263551128,0.308416898146,0.41311280292,1.0,1.0,0.895544767353,7.63000785546,0.825216025137,1452.89325857,146197.144097,15183831.1484,3.30950510605,0.0730557737628,322.351924588,9.80607606242e-06,Class 2
0.738178705842,206.286724273,17512.5856637,317.935817098,0.88363026173,1.0,1055.99336293,0.3922175661,0.452367369303,0.0116108230936,0.330299347892,0.293880065109,1.0,1.0,0.890558288501,5.79183032207,0.858994501178,1064.20315645,106134.354973,11145188.6254,3.95600942655,0.00274941084053,214.659858602,1.23016528554e-05,Class 3
0.722730972417,200.454045562,22073.9868507,365.378607259,0.881234354988,1.0,1244.75676134,0.419023051036,0.483888020744,0.0114743080652,0.344849764046,0.331786046561,1.0,1.0,0.88825390507,6.5137470542,0.849960722702,1254.68557986,129857.759316,14041806.3059,3.82953652789,0.0306362922231,263.76119403,1.19538282972e-05,Class 3
0.510746490806,318.243912019,74003.9319786,824.139347145,0.796902439065,1.0,2934.12419535,0.684075032518,0.80663978042,0.00912690233381,0.529783193562,0.310225185975,1.0,1.0,0.810466050793,13.9522780833,0.712490180676,2970.09079883,334815.083059,38982008.3898,6.07501963865,0.0347604084839,663.397486253,1.89780808377e-05,Class 3
0.624324217586,213.250196386,34852.1088114,472.207579176,0.851125772406,1.0,1666.91014453,0.513881854249,0.606124760267,0.0104147775045,0.390643662748,0.341542436492,1.0,1.0,0.860104571164,8.99116260801,0.789473684211,1684.00473245,167484.314276,17248033.5996,4.33424980361,-0.0406520031422,367.969363708,1.27169108751e-05,Class 3
0.636616808462,218.441084053,32549.428559,460.136990507,0.852555258069,1.0,1601.3190297,0.5079011355,0.599914420701,0.0105085161849,0.390917454961,0.335751331906,1.0,1.0,0.861597502292,8.63138256088,0.797329143755,1617.51867589,161452.001141,16722965.2805,4.38531029065,0.0265121759623,350.038884525,1.30264630206e-05,Class 3
0.660076431832,199.650039277,28104.6996141,409.200656552,0.867624634165,1.0,1430.24130328,0.457640202365,0.533224355154,0.0107575619826,0.353926537564,0.342699834847,1.0,1.0,0.874238305215,7.87018853103,0.811861743912,1443.45593041,140720.684549,14218306.214,4.00196386489,-0.0304399057345,311.197172035,1.190588238e-05,Class 3
0.626644139043,221.531814611,34121.5067064,469.941045888,0.847022141226,1.0,1653.46793344,0.515436597745,0.614030012277,0.010294272873,0.400259742495,0.330010787734,1.0,1.0,0.856126640804,8.89945011783,0.791044776119,1670.43921301,167111.220909,17349991.496,4.48468185389,-0.0545954438335,362.504713276,1.32107749026e-05,Class 3
0.574682403092,176.900628437,58709.2395491,650.868947499,0.826619427265,1.0,2390.2458253,0.610929183544,0.743157953073,0.00957027607165,0.450361297485,0.39481947999,1.0,1.0,0.840537598086,11.6671249018,0.757659073056,2416.92632515,261383.451297,28948542.3499,3.70502749411,0.0379025923016,560.37077769,1.05492494905e-05,Class 3
0.4996871392,288.270227808,68083.9666118,734.995629058,0.783578522896,1.0,2637.51292686,0.725337654011,0.87899987716,0.00843570732126,0.548827752499,0.314039314803,1.0,1.0,0.797812520372,13.3994501178,0.70620581304,2674.1893603,282452.016767,30819973.1264,5.76826394344,-0.104870384918,596.898271799,1.71906373691e-05,Class 3
0.349322659453,323.780047133,143622.997411,1088.37096046,0.717620705732,1.0,3932.63141634,0.929267341801,1.15284827823,0.00660513224361,0.665254084296,0.311074916219,1.0,1.0,0.737918445411,19.5699135899,0.589552238806,4002.06534223,426999.585719,46672873.2046,6.51688923802,0.127258444619,920.182639434,1.93082213863e-05,Class 3
0.365717305892,268.910840534,141186.9624,1052.91490194,0.735594125672,1.0,3886.56321488,0.907846346515,1.12209253856,0.0070768242806,0.624598099267,0.340198162329,1.0,1.0,0.756364743307,19.1525923016,0.603299293009,3952.89637621,424570.862719,46658898.2517,5.6068342498,-0.0445797329144,921.594658288,1.60361643288e-05,Class 3
0.645969310022,186.06205813,34053.6559495,455.999188563,0.866009995742,1.0,1634.57090008,0.492003924801,0.579452271352,0.0107389434482,0.366748246074,0.370378970429,1.0,1.0,0.873569063129,8.63550667714,0.803220738413,1650.24518316,166475.440076,17323129.9535,3.76433621367,-0.0549882168107,366.315396701,1.10955799834e-05,Class 3
0.759333526274,139.457187745,17644.5818727,287.275970771,0.906093338896,1.0,1003.81649435,0.344481391816,0.397432850348,0.0121036212787,0.267797970876,0.384802349664,1.0,1.0,0.911476811134,5.43165750196,0.871170463472,1010.50426604,100361.538252,10358519.2932,2.8138256088,-0.0019638648861,217.931264729,8.31635636213e-06,Class 3
0.350995878506,189.589945012,171640.316505,1126.36331366,0.763522004327,1.0,4252.4040101,0.919492987815,1.12311417012,0.00735072693059,0.56085354016,0.41654793082,1.0,1.0,0.780799821668,20.5542026709,0.590730557738,4324.58802487,467365.103073,51286929.6344,4.04634721131,-0.0467399842891,1034.39159466,1.13059611404e-05,Class 3
0.439424410177,211.958366064,105695.254752,910.635824463,0.779542254221,1.0,3347.8942736,0.788177380379,0.965367570768,0.00811701316336,0.534893117246,0.390005095187,1.0,1.0,0.797019101016,16.4116260801,0.661822466614,3396.96366313,365068.352146,40068489.6327,4.47368421053,0.151610369207,796.763943441,1.26398741766e-05,Class 3
0.460362943212,309.556952082,78626.1458458,802.754073677,0.765232279368,1.0,2850.42141014,0.770290389156,0.939990051775,0.0080315713493,0.579274153267,0.299189520552,1.0,1.0,0.781388577492,14.6186174391,0.677533385703,2893.0440343,302544.952328,32659354.9087,6.23487824038,0.0459544383346,646.328358209,1.846004476e-05,Class 3
0.52600971658,229.688138256,65783.7084314,706.174537149,0.806096964434,1.0,2555.02439258,0.681566944819,0.82910840251,0.00907157221476,0.496824852284,0.34703650199,1.0,1.0,0.82073104167,12.8413197172,0.724666142969,2587.96454687,273469.269364,29687941.6606,4.67871170463,0.032207384132,589.970149254,1.36971671434e-05,Class 3
0.390542841257,275.035349568,114930.858964,943.951037051,0.768947396885,1.0,3446.86870313,0.842276189757,1.00345537644,0.00771389441325,0.541019889675,0.387842468633,1.0,1.0,0.782609608739,17.5149253731,0.622545168892,3502.98050327,366798.989477,39449928.1576,5.64414768264,-0.0157109190888,807.533385703,1.64013918262e-05,Class 3
0.852208445514,107.494893951,7088.66230314,151.023258182,0.939040627217,1.0,492.895843475,0.211458949812,0.237381241449,0.0132717101404,0.177779686793,0.331588571773,1.0,1.0,0.941816771467,2.9120188531,0.923016496465,494.951192588,45938.7910649,4507651.6199,2.15789473684,0.00903377847604,96.9548311076,6.41032462837e-06,Class 3
0.632026640683,215.958758837,35566.3249706,482.528720181,0.841716232844,1.0,1712.99416803,0.526062692252,0.629262497138,0.0102355921891,0.417327539803,0.338425063958,1.0,1.0,0.852794665698,8.97977219167,0.794579732914,1730.49162366,177601.344256,18902187.7621,4.38295365279,-0.0748232521603,378.913589945,1.28784326362e-05,Class 3
0.843481357014,106.059701493,8589.60120832,167.472087228,0.937953003131,1.0,567.541014776,0.228815992675,0.260224226287,0.0132471329036,0.186305987053,0.353515747258,1.0,1.0,0.941225610902,3.23134328358,0.918303220738,570.043248754,54387.6676168,5444607.18417,2.11468970935,-0.0302435192459,116.096622152,6.32473870678e-06,Class 3
0.547242289401,266.5145326,53722.3725173,639.984471851,0.801907991546,1.0,2266.20304366,0.64784367379,0.784757888642,0.00905766375493,0.506419082384,0.309763962266,1.0,1.0,0.81601841409,11.7117046347,0.739198743126,2294.66977075,237754.374882,25449588.4451,5.30479183032,-0.0082482325216,507.404556167,1.58932634784e-05,Class 3
0.52855209626,191.060094266,67995.6959094,700.473118257,0.831656852739,1.0,2577.09619067,0.666549296316,0.795360076957,0.00958202474291,0.440556756825,0.414233550113,1.0,1.0,0.842511277721,12.8929693637,0.726237234878,2609.41645673,275661.584339,29834318.0851,3.98232521603,0.00333857030636,604.991751767,1.1393631667e-05,Class 3
0.425412319064,179.853102907,130655.258798,1022.50073511,0.782203461586,1.0,3846.46356247,0.817779704339,1.01006513755,0.00806569408021,0.541798744109,0.406994994196,1.0,1.0,0.800361934932,18.0066771406,0.651217596229,3902.44692118,434810.11321,49207537.0918,3.7792615868,0.0388845247447,931.210919089,1.07253166422e-05,Class 3
0.499254564405,215.589552239,68324.6514008,693.26879039,0.816529729608,1.0,2534.94817735,0.648087586705,0.775980185539,0.00903739645332,0.440663608645,0.386788782071,1.0,1.0,0.827173815417,13.2570699136,0.705027494108,2567.23897244,259883.914978,26949722.8267,4.51649646504,-0.0437941869599,588.326394344,1.28564154588e-05,Class 3
0.553383185367,204.480754124,60862.9347626,670.74152949,0.832659135493,1.0,2447.1370529,0.63575490021,0.74854645344,0.00963264478736,0.433114329,0.425922469324,1.0,1.0,0.843246208032,12.0938727416,0.743126472899,2475.97706651,266586.985453,29530066.8625,4.17910447761,0.00589159465829,568.251767478,1.21939560663e-05,Class 3
0.596445049734,205.462293794,47675.260327,582.624053548,0.840358166098,1.0,2093.99592756,0.580735805211,0.690934025509,0.0100172751689,0.419485280963,0.391146294663,1.0,1.0,0.85107077531,10.5021602514,0.771798900236,2116.74280197,225590.865843,24808959.8217,4.18263943441,0.040259230165,478.148075412,1.22524889667e-05,Class 3
0.509167068284,198.910054988,77196.8891609,768.149006906,0.81419077735,1.0,2808.93738428,0.704783989344,0.849502757471,0.00909269764664,0.475110372041,0.402420735627,1.0,1.0,0.828154106429,13.819128044,0.712882953653,2845.67225013,305038.671095,33452060.9174,4.08366064415,0.122741555381,662.122152396,1.1861754335e-05,Class 3
0.698948614928,179.430479183,27963.6341821,410.537213897,0.876694909682,1.0,1452.7302753,0.444059748023,0.520710862882,0.0111240462834,0.353637235093,0.374470215296,1.0,1.0,0.88441659295,7.40612725844,0.835820895522,1464.76334891,153659.127639,16675016.3789,3.48860958366,-0.00471327572663,321.564414768,1.07001140008e-05,Class 3
0.48683886558,245.681068342,71789.9204201,725.376790684,0.809019824515,1.0,2635.85265013,0.699057685215,0.828604675169,0.00884138599933,0.482605673982,0.365178281706,1.0,1.0,0.820123851548,13.740769835,0.69638648861,2672.06971183,271658.233909,28331162.2061,4.93008641005,-0.0746268656716,607.026315789,1.46508856861e-05,Class 3
0.704572395804,181.699135899,22988.4724034,362.902725975,0.883246856867,1.0,1246.41841729,0.417439167679,0.482280109361,0.0114275785328,0.317269822304,0.368439513833,1.0,1.0,0.889466999965,6.74076983504,0.83896307934,1256.65798756,125979.851942,13186277.9117,3.67635506677,0.0624509033778,268.950117832,1.08354025293e-05,Class 3
0.663145799921,221.215239592,23880.2927288,376.183435912,0.868820599013,1.0,1285.82373684,0.424864997881,0.493743941731,0.010912753397,0.32593877987,0.30207274753,1.0,1.0,0.874363392055,7.38609583661,0.813432835821,1297.27331553,122521.868439,12087077.7628,4.46190102121,-0.0636292223095,269.245090338,1.31918963441e-05,Class 3
0.649697722164,192.79811469,32863.9691431,458.029886226,0.85881823872,1.0,1605.26171528,0.494877735482,0.584680180125,0.0105952162686,0.374380952218,0.374863947451,1.0,1.0,0.86734193331,8.45011783189,0.805577376277,1620.68862385,165578.517667,17542198.7911,3.95758051846,0.0907305577376,357.236449332,1.14972763586e-05,Class 3
0.27695308137,332.152788688,193916.856526,1206.58014889,0.713271657866,1.0,4410.33268738,0.980008606963,1.19603495489,0.00636268151456,0.622878089055,0.359858332463,1.0,1.0,0.730318993741,22.3525137471,0.521995286724,4494.2018063,471345.875062,50577102.0982,6.89355852317,-0.0108012568735,1041.21052632,1.98075194406e-05,Class 3
0.456146110313,102.132757266,128943.374127,997.665515645,0.833419073566,1.0,3825.94748619,0.769208129471,0.915709859767,0.0091582722985,0.427792198302,0.530094841765,1.0,1.0,0.846266439563,17.4941084053,0.673998428908,3876.99645967,438040.660089,50092720.9545,2.21838177533,0.0420267085625,944.262372349,6.09056026014e-06,Class 3
0.433237233027,145.505891595,130695.138982,1003.54517982,0.804629827059,1.0,3822.41623185,0.80893506398,0.979300231405,0.00850712015157,0.486234381518,0.467267020843,1.0,1.0,0.820130576267,17.8330714847,0.657109190888,3877.23688583,432399.364549,48936450.8141,3.12175962294,-0.0408483896308,933.489787903,8.67706331135e-06,Class 3
0.14190057691,414.126472899,421650.274138,1611.86072381,0.634917539669,1.0,5881.8886684,1.19088802128,1.45782443687,0.00474504326958,0.703116305638,0.357138896927,1.0,1.0,0.654928788472,29.8004713276,0.366064414768,6018.7024691,633617.769264,68220571.6644,8.66535742341,0.0655930871956,1402.07501964,2.46959183911e-05,Class 3
0.613546255575,201.58837392,42688.3630897,542.219656945,0.866643849897,1.0,1928.11968539,0.557704735046,0.643058340087,0.0107093524165,0.37683033068,0.411772144943,1.0,1.0,0.873603579603,9.89198743126,0.782796543598,1948.64036187,201869.891787,21551854.9674,3.91437549097,0.0797329143755,437.071877455,1.20214725615e-05,Class 3
0.476323780691,179.362136685,106772.890135,941.421714093,0.794815768816,1.0,3515.80970942,0.732408435661,0.914907338432,0.00846801737248,0.523884667852,0.394289601339,1.0,1.0,0.811790031708,16.2140612726,0.68931657502,3560.74876721,402408.86962,46188107.9529,3.70699135899,0.111940298507,845.853102907,1.06960384808e-05,Class 3
0.517178958229,194.888452474,74841.0083497,753.808620024,0.829212163914,1.0,2759.60348022,0.69326648512,0.820669725132,0.00942056126401,0.449195595232,0.427535366496,1.0,1.0,0.840247681794,13.5620581304,0.718381775334,2795.03706258,299826.97778,32894500.2489,3.965435978,0.111154752553,650.460722702,1.16219310589e-05,Class 3
0.460802305914,163.787902592,118391.83551,990.494340272,0.788580823313,1.0,3717.30771612,0.753709419721,0.943965588707,0.00827084506794,0.53163868175,0.401852904915,1.0,1.0,0.80710392033,17.0443833464,0.67792615868,3765.996116,426378.875762,48926238.4851,3.43047918303,0.137470542027,901.08444619,9.76728835411e-06,Class 3
0.469335013443,240.802827965,81241.2373722,780.479611285,0.798049441314,1.0,2847.16818099,0.730045441582,0.874152830993,0.0085272187197,0.500417503968,0.374976970177,1.0,1.0,0.810389115308,14.5718774548,0.683817753339,2887.36723736,298815.634841,31681456.904,4.91908876669,-0.0357423409269,662.096229379,1.43599778738e-05,Class 3
0.511104707167,265.292223095,65368.7821813,714.622175602,0.80592023148,1.0,2555.73151446,0.692352909307,0.823576220085,0.00893966602085,0.490388504732,0.360473128627,1.0,1.0,0.817662467978,13.0204241948,0.714061272584,2589.68449974,272109.937391,29499037.204,5.30950510605,0.00785545954438,581.504713276,1.58203725676e-05,Class 3
0.716740027485,99.0761979576,31693.4579026,411.986570731,0.896271305946,1.0,1535.0501286,0.416087554154,0.493366184187,0.011572443458,0.307564776878,0.468714076544,1.0,1.0,0.904218926293,7.49018067557,0.846425765907,1546.40798756,165169.119466,17989980.3966,2.05027494108,0.0109976433621,362.066771406,5.90828613814e-06,Class 3
0.770226882703,77.8075412412,23832.1304378,330.059945633,0.922975082293,1.0,1230.73438123,0.332531743661,0.388153872199,0.0124364215556,0.24005713738,0.512172362391,1.0,1.0,0.928262348076,5.98664571877,0.877454831108,1237.83944868,132236.542829,14379364.781,1.5930871956,0.0212097407698,290.194815397,4.63995618357e-06,Class 3
0.631509525593,196.181853888,38046.8148301,502.125992864,0.87054764789,1.0,1781.7721439,0.534641021171,0.611864241025,0.0108241393934,0.362504163822,0.416058113655,1.0,1.0,0.876695148886,9.20640219953,0.794186959937,1800.02496026,186324.122685,19946357.9814,3.88491751767,0.0547918303221,401.248232522,1.16990614474e-05,Class 3
0.52177992495,263.414375491,55803.7315731,640.910679628,0.8188441527,1.0,2267.21401434,0.645933913612,0.761076476773,0.00930249121559,0.456090064621,0.336283975109,1.0,1.0,0.828841891641,12.1353102907,0.721131186174,2296.63528037,229336.717199,23622160.414,5.26983503535,0.0190494893951,508.684210526,1.57083894556e-05,Class 3
0.561180947703,243.042419482,47308.490674,578.682650366,0.822189506265,1.0,2051.17554925,0.596835528886,0.713220203524,0.00949380605784,0.44268926887,0.349133203889,1.0,1.0,0.832800673403,10.8986645719,0.748232521603,2075.47682102,209955.877139,21975436.1396,5.0,-0.0192458758837,458.448939513,1.44935331351e-05,Class 3
0.632677662664,201.694815397,36982.9502446,493.546051289,0.851706177345,1.0,1751.65901505,0.523033166113,0.621670319957,0.0104757095752,0.394328917526,0.364955441333,1.0,1.0,0.86177730279,9.09171249018,0.794972505892,1769.27103253,182578.506931,19478871.9504,4.09230164965,0.0127651217596,392.177926159,1.20278200669e-05,Class 3
0.55688481971,244.534956795,50520.765965,604.334358929,0.828831516968,1.0,2149.72621288,0.616804360688,0.731249267122,0.00970828077567,0.44415468234,0.339211969157,1.0,1.0,0.839413216628,11.2780832679,0.745483110762,2175.76246517,221558.073294,23273097.4738,4.88295365279,-0.0121759622938,483.159073056,1.4582538746e-05,Class 3
0.747906084988,157.405734485,17556.2725389,293.514948579,0.911121601964,1.0,1010.81401526,0.351127634683,0.394874963184,0.0122775324676,0.250873309259,0.3815416261,1.0,1.0,0.914895777439,5.58307148468,0.864493322859,1017.83530001,99420.8991768,10117939.6349,3.1103692066,-0.00805184603299,215.281618225,9.38669567762e-06,Class 4
0.870678957303,58.0231736057,12645.6459727,196.813726073,0.96554159625,1.0,747.755873791,0.176144494276,0.1913337306,0.0140885055356,0.112795755959,0.600464704201,1.0,1.0,0.966883022755,3.36233307148,0.932835820896,749.67455767,88524.1300276,10742139.7521,1.14964650432,-0.0834642576591,173.017674784,3.46013996673e-06,Class 4
0.751193283181,194.856637863,14398.874072,275.430085068,0.896305460126,1.0,906.692297447,0.355616500115,0.40429166153,0.0118756768081,0.286814235932,0.305117129967,1.0,1.0,0.900747248131,5.20443833464,0.866457187745,913.319392705,87621.0870358,8893251.93478,3.80557737628,-0.0308326787117,179.778083268,1.1620033834e-05,Class 4
0.857906584825,104.183032207,8030.35239696,164.073312189,0.941971198628,1.0,541.57536437,0.220646619945,0.243063129169,0.0134046335561,0.179644974615,0.395949618177,1.0,1.0,0.945233653586,2.99371563236,0.926158680283,543.795654489,53671.5327062,5581915.84546,2.01178318932,0.0349567949725,109.996465043,6.21282586241e-06,Class 4
0.455604311925,397.421838178,56338.0102026,688.229549914,0.779078814317,1.0,2313.28282287,0.696036307454,0.804269565255,0.0083929888247,0.495058557707,0.301973448505,1.0,1.0,0.786329436855,13.1351139042,0.671641791045,2347.72750838,226949.489001,23019472.6039,7.96622152396,0.0392772977219,487.986645719,2.36997582255e-05,Class 4
0.766172959571,96.1107619796,20784.6819093,301.207751014,0.929012242332,1.0,1104.95170334,0.33865378369,0.382658462444,0.0126463260066,0.221058855976,0.498032264037,1.0,1.0,0.932158746527,5.689709348,0.875098193244,1111.83414624,113393.444762,11846568.0834,1.93322859387,-0.012568735271,254.108405342,5.7314460429e-06,Class 4
0.036130794327,76.1304006284,2232131.10307,2933.70883114,0.648234739595,1.0,11403.8113799,1.33421580775,1.70117418169,0.00495717500249,0.612199644401,0.394365252288,1.0,1.0,0.674134942327,51.0852317361,0.0978004713276,11668.2814656,1340642.23061,154680658.443,2.16260801257,-0.0318146111548,2899.63393559,4.53994198401e-06,Class 4
0.0808371834136,502.029457973,655559.153383,1855.88719917,0.599735375047,1.0,6688.91369629,1.31544981053,1.58724976455,0.00422608657396,0.742548512173,0.35930618684,1.0,1.0,0.619101387448,34.2857423409,0.26276512176,6863.30323992,717995.31225,77022607.7215,10.3358208955,0.250785545954,1591.38963079,2.9937903842e-05,Class 4
0.381893196604,242.441476826,125044.445397,973.919787051,0.806119123844,1.0,3575.41773882,0.836887068216,0.964213411704,0.00860357303054,0.468767436334,0.470787626864,1.0,1.0,0.814254672757,18.0781618225,0.614689709348,3632.97608458,380307.895714,40755749.4675,5.0259230165,0.0942655145326,848.198350353,1.44576966655e-05,Class 4
0.662929512523,206.90102121,30004.1821421,428.760677173,0.85808503758,1.0,1524.74123335,0.471466213687,0.560812739601,0.0106267935345,0.382618237991,0.336060697577,1.0,1.0,0.867040263271,8.0569520817,0.813825608798,1538.70713328,156657.78704,16542379.1099,4.12333071485,-0.139434406913,333.203063629,1.2338285691e-05,Class 4
0.852998311045,213.675962294,289.368419265,109.393814938,0.924283945462,1.0,228.48764738,0.198356631673,0.221137256971,0.0131115001102,0.19560352736,0.0173035815462,1.0,1.0,0.925759507532,2.07796543598,0.923409269442,229.838245808,13136.9154124,789809.123985,3.99803613511,-0.02965435978,4.10526315789,1.27423008967e-05,Class 4
0.882880528519,126.284760408,2496.14789242,99.9038183747,0.944618142296,1.0,267.344388109,0.166446470367,0.186200339648,0.0136233603577,0.157008789937,0.144683521831,1.0,1.0,0.94644123309,1.90710919089,0.939512961508,268.348997969,21250.8629826,1861803.92987,2.465435978,0.0221916732129,35.5754124116,7.53083500135e-06,Class 4
0.530182428084,281.52238806,47129.3356608,602.879220967,0.813173957521,1.0,2030.96616927,0.582045794371,0.693336150397,0.00924453367518,0.432634044819,0.296196671472,1.0,1.0,0.82281637649,11.3130400628,0.726237234878,2055.55306808,198810.938949,19933566.2777,5.74548311076,0.352317360566,443.860958366,1.6788238318e-05,Class 4
0.815047123501,147.67282011,13072.2495347,246.868763387,0.922147900672,1.0,833.33653754,0.274167384424,0.304318631924,0.0129279518291,0.229961812588,0.367883901726,1.0,1.0,0.92656157176,4.22172034564,0.90259230165,837.364463405,91044.7281012,10433873.945,2.82835820896,0.0108012568735,172.554595444,8.80628540479e-06,Class 4
0.760768242963,187.525530244,13353.4727785,260.404002487,0.893572522907,1.0,854.291658638,0.343730102935,0.393789471897,0.0119135502432,0.298287253055,0.280867695164,1.0,1.0,0.899021110591,4.94501178319,0.871956009427,860.355355981,81939.5759296,8269281.15795,3.72741555381,-0.0302435192459,168.361743912,1.1182852327e-05,Class 4
0.62376791776,286.17674784,26240.6485935,422.066561403,0.841327284547,1.0,1416.93261776,0.501187229828,0.573529825288,0.0103184788962,0.39590404013,0.2808087394,1.0,1.0,0.848055506774,8.1948153967,0.788688138256,1432.08660107,136796.731632,13826928.0335,5.75019638649,-0.148860958366,286.733307148,1.70657952886e-05,Class 4
0.86959104095,35.8695993716,11040.3480568,170.541608045,0.964158712004,1.0,631.998626982,0.196649962939,0.21823129797,0.0139055984417,0.12181155526,0.641018952536,1.0,1.0,0.966090953388,3.17871170463,0.932443047918,634.063967529,65405.5308689,6872636.71362,0.770620581304,0.0600942655145,149.647682639,2.13903905394e-06,Class 4
0.893899152684,68.7466614297,6041.04246363,122.067310126,0.960746211099,1.0,408.16069904,0.163047343217,0.17836460974,0.0139822082632,0.12820301853,0.448087605694,1.0,1.0,0.962393232946,2.22800471328,0.945404556167,409.309671574,40926.385238,4315181.43419,1.36959937156,0.0500785545954,85.2101335428,4.09962185814e-06,Class 4
0.998429833715,2.46347211312,-0.0158856879101,1.23129284447,0.999214704459,1.0,2.46323525314,0.00278000963216,0.00301648252742,0.0153563303478,0.00278000963216,4.44383237216e-05,1.0,1.0,0.999228235554,0.0219952867243,0.999214454046,2.46169926478,137.723586185,7708.21867194,0.0439905734485,0.0,0.0,1.46906102956e-07,Class 4
0.909641542978,85.5667714061,2238.76190153,78.2346559631,0.961521603674,1.0,214.502516431,0.122185781265,0.135849430918,0.0141126103187,0.106901833725,0.212255143165,1.0,1.0,0.962494106691,1.48802042419,0.953652788688,215.029820828,17461.5176853,1553460.98518,1.71052631579,0.0602906520031,32.4120188531,5.10266824733e-06,Class 4
0.984356342898,21.1091908877,-0.0160004056062,10.5484815719,0.992147479829,1.0,21.0885622132,0.0261906538446,0.0285553827972,0.01513651401,0.0261906538446,0.000470996315628,1.0,1.0,0.992293528296,0.2034564022,0.992144540456,21.0847353999,1094.7134554,56924.1809828,0.406912804399,-1.73472347598e-18,0.0,1.25882040773e-06,Class 4
0.823697385237,255.560879811,528.060494694,133.295977644,0.908471219919,1.0,282.677121941,0.232959520656,0.259955610169,0.0126560643389,0.23021241585,0.0254596861895,1.0,1.0,0.910317583026,2.53417124902,0.907305577376,284.668494237,16738.2417673,1054211.19887,4.79025923016,-0.032207384132,7.35585231736,1.52400559849e-05,Class 4
0.939738196601,47.2207384132,2242.31789765,53.5865805507,0.978055751885,1.0,178.810055261,0.0912549811531,0.0986456314367,0.0146191626929,0.070556718807,0.371182790938,1.0,1.0,0.978588199981,1.10487038492,0.969363707777,179.067895258,15956.5626099,1515573.14059,0.933228593873,-0.0593087195601,32.9960722702,2.81595014696e-06,Class 4
0.613328734012,477.909269442,9774.68605228,354.353518885,0.803253850524,1.0,919.868506379,0.474824982915,0.542099735399,0.00970620776432,0.433194248185,0.0821059806407,1.0,1.0,0.808360350161,6.76021209741,0.781225451689,931.638668039,72850.858524,6399744.39942,9.24862529458,0.0339748625295,113.643362137,2.84995263256e-05,Class 4
0.821297243061,174.344461901,7446.76894043,186.762358732,0.917938704385,1.0,571.693340538,0.269543414232,0.299874036403,0.0127831110086,0.238192333946,0.260210271909,1.0,1.0,0.921652297798,3.44285153181,0.906127258445,574.903298833,53698.2064273,5428085.52564,3.32875098193,-0.0159073055774,100.247054203,1.03968156706e-05,Class 4
0.884264644446,112.40494894,5492.67169168,134.794946615,0.952305448725,1.0,420.738793859,0.181234069168,0.197073883765,0.0137829195587,0.152246649013,0.338975176366,1.0,1.0,0.953980623299,2.35015710919,0.940298507463,422.116869139,42217.7871467,4540682.96687,2.05066771406,0.0214061272584,77.5011783189,6.70312966553e-06,Class 4
0.845037021861,219.497250589,895.325907755,118.606047361,0.920494957438,1.0,268.017534083,0.214284840356,0.237686007136,0.0129869410542,0.211060389548,0.0471328815572,1.0,1.0,0.922223517939,2.27847604085,0.919088766693,269.640754646,17290.7448105,1237926.93188,4.10526315789,-0.0710919088767,12.6068342498,1.30894462015e-05,Class 4
0.38020979569,576.647682639,71648.4641678,840.281469592,0.666012425805,1.0,2767.5537867,0.85645054358,1.06376936326,0.00617537288725,0.760796344354,0.146525911766,1.0,1.0,0.685410756527,15.5614689709,0.614689709348,2818.18658634,277627.086056,28825163.0281,11.2541241163,-0.152199528672,560.87077769,3.43876690887e-05,Class 4
0.505630260242,477.634328358,29049.6795491,522.569335362,0.759571355577,1.0,1600.69056802,0.596125097492,0.706315542799,0.00832223646544,0.517021052743,0.123152840497,1.0,1.0,0.769290731801,10.2586410055,0.708169677926,1623.51558281,142096.117534,13338044.2175,9.49607227023,-0.0516496465043,286.790652003,2.84831305552e-05,Class 4
0.836207806216,94.3004713276,11858.9204727,208.587746595,0.933402907868,1.0,722.068516561,0.253857433638,0.289217305739,0.013065296062,0.208255127932,0.447388457871,1.0,1.0,0.937555091559,3.74528672427,0.914375490966,725.33996419,75053.5010607,8068550.06809,1.91005498822,0.0657894736842,157.876669285,5.62349160596e-06,Class 4
0.981245630285,25.8075412412,-0.0160260420848,12.8963188657,0.990576926283,1.0,25.7790247912,0.0298532364192,0.0326909111623,0.0150879766188,0.0298532364192,0.000592867479102,1.0,1.0,0.99075091505,0.246268656716,0.990573448547,25.7777342216,1353.95194762,71352.7706581,0.492537313433,0.0,0.0,1.53900070166e-06,Class 4
0.889537305411,109.484289081,3090.2602565,95.6329891328,0.9504655397,1.0,284.629080726,0.158969508768,0.175048915305,0.0137739525794,0.144221781395,0.24123688674,1.0,1.0,0.952044091766,1.89611154753,0.943047918303,285.573467725,24250.4092899,2261357.69399,2.14414768264,-0.0606834249804,44.0813040063,6.52895973862e-06,Class 4
0.891635385729,56.3695993716,7142.00479997,125.988166372,0.959657012755,1.0,454.537174465,0.169073394027,0.18971817985,0.0139006666031,0.135376136878,0.471714268682,1.0,1.0,0.961973684193,2.41260801257,0.944226237235,455.839620514,45588.9229948,4711028.65694,1.14021995287,-0.040259230165,99.9426551453,3.36153111893e-06,Class 4
0.909540032915,58.947761194,4715.14605203,94.5600806489,0.966201901827,1.0,327.610029932,0.14051068744,0.154618559446,0.0141926092727,0.109486948535,0.442375502294,1.0,1.0,0.967851424875,1.84780047133,0.953652788688,328.39883104,31528.1676724,3173253.98015,1.17321288295,-0.0422230950511,67.4202670856,3.5152766004e-06,Class 4
0.815745352289,113.474469756,11115.5345336,199.913416764,0.933760394364,1.0,692.991629156,0.258266381563,0.291916793368,0.0130371561383,0.196720412476,0.391447584339,1.0,1.0,0.936527703113,3.90966221524,0.902985074627,696.476133672,66494.9708107,6618583.03893,2.27179890024,-0.0502749410841,145.872348782,6.76690921246e-06,Class 4
0.716008167703,145.299685782,23042.9484554,337.770950641,0.907804476329,1.0,1212.97366491,0.38737466419,0.438500678011,0.0120163041125,0.269528340921,0.414980458519,1.0,1.0,0.911627474331,6.60074626866,0.845640219953,1222.22733654,119148.117164,11969163.684,2.88648860958,-0.0803220738413,269.43794187,8.66476648354e-06,Class 4
0.720797344571,312.616653574,8241.31627032,265.912029785,0.863904368032,1.0,720.06538436,0.369712784266,0.421437005179,0.0112039970279,0.342444064725,0.126417245254,1.0,1.0,0.868316363092,4.95797329144,0.848389630793,726.642031158,59799.6542901,5407768.68614,6.02120974077,0.114689709348,103.661036921,1.86425062622e-05,Class 4
0.95651851957,43.7282010998,1071.63147581,38.5156973024,0.981215275377,1.0,107.607671684,0.070270551057,0.075752528141,0.0147380185573,0.0636627904368,0.300709231148,1.0,1.0,0.981628166081,0.725844461901,0.978004713276,107.7170017,8983.04423622,822014.089084,0.844461901021,0.0113904163394,16.0196386489,2.60767701758e-06,Class 4
0.993727974013,6.67949725059,62.7736125538,3.80890232994,0.997055334359,1.0,10.5251351604,0.0104551644847,0.0112656461256,0.0152828927157,0.0104551644847,0.173088364734,1.0,1.0,0.99710888283,0.0871956009427,0.996857816182,10.5187495397,709.360628666,53871.8362194,0.135899450118,-0.00981932443048,0.962293794187,3.98323531069e-07,Class 4
0.949609047416,26.0483110762,3407.68023909,66.6404395452,0.982492468149,1.0,226.45597019,0.0883590264528,0.0931247245961,0.0147023145526,0.0668442918222,0.625441694378,1.0,1.0,0.983434625987,1.14905734485,0.974469756481,226.71162562,23746.0050207,2577596.72511,0.505498821681,0.058326787117,50.2014925373,1.55335871204e-06,Class 4
0.608259093173,176.163786332,46600.5767587,555.981121006,0.866994272897,1.0,2033.37243517,0.55396556713,0.644998036823,0.0106634761933,0.364965887663,0.448259228044,1.0,1.0,0.874111072391,10.2460722702,0.779261586803,2054.48965979,215933.75228,23314028.244,3.55734485467,-0.0316182246661,469.901413983,1.05053088257e-05,Class 4
0.806135218808,213.549882168,4750.558821,173.958990704,0.910403129649,1.0,466.664206588,0.260586701067,0.289685234826,0.0125400383761,0.232407444342,0.165971331423,1.0,1.0,0.912511007786,3.26315789474,0.897486252946,469.590725188,38600.8994656,3555494.46912,4.14375490966,0.0553809897879,64.1119402985,1.27347822648e-05,Class 4
0.855732603366,102.278476041,7989.10772665,163.112270358,0.943419711126,1.0,536.471210773,0.221435380236,0.24586996793,0.0134388912738,0.177416157353,0.396336716547,1.0,1.0,0.946114612224,3.00569520817,0.924980361351,538.709710852,52375.6327739,5357372.82543,2.00432050275,0.058326787117,109.201492537,6.09925001846e-06,Class 4
0.893874777927,73.2985074627,5966.37584935,121.799353037,0.960703027389,1.0,408.289667541,0.16741820643,0.182398330432,0.01394701528,0.133116530478,0.457790522282,1.0,1.0,0.962300912379,2.24744697565,0.945404556167,409.486738542,40150.953363,4125332.30911,1.39355852317,0.0208169677926,84.1170463472,4.37106554869e-06,Class 4
0.948090098974,56.431657502,1778.12118369,55.3472099694,0.976347222824,1.0,161.839056208,0.084551317239,0.0913628764779,0.0146179767376,0.0792451488091,0.284029406714,1.0,1.0,0.977160741517,0.951099764336,0.973684210526,162.035663326,16036.7883266,1759716.80176,1.06166535742,0.0119795758052,26.430479183,3.36523187854e-06,Class 4
0.54151144472,447.167321288,25964.0318961,499.020987463,0.787724517769,1.0,1491.85367129,0.58405634525,0.679840951997,0.00893775210108,0.49049811843,0.145181917201,1.0,1.0,0.794894719971,9.46818538885,0.734092694423,1512.44981788,133218.944243,12564706.3042,8.71641791045,0.174391201885,266.616260801,2.666626839e-05,Class 4
0.916266848665,79.5392772977,3622.02317255,86.9025909592,0.96440854272,1.0,288.660739111,0.13391376162,0.144394694161,0.0142030852114,0.114584777386,0.388321752787,1.0,1.0,0.96583412007,1.62666928515,0.957187745483,289.311782729,29271.0030568,3217194.62267,1.50785545954,-0.0854281225452,52.4937156324,4.74322611468e-06,Class 4
0.827465599196,224.40494894,1098.47562135,129.432908123,0.912647253463,1.0,283.449083131,0.216100229277,0.24274679795,0.0127517217601,0.208165943855,0.030217365013,1.0,1.0,0.914453385969,2.4793794187,0.909269442262,285.236615801,17785.7650249,1232451.97431,4.36567164179,0.0398664571877,15.2851531815,1.33821107035e-05,Class 4
0.946566213872,64.6661429694,1065.43988802,49.6327068272,0.974158627942,1.0,127.798805318,0.0853217017597,0.0923235791703,0.0145584089977,0.0831665895493,0.238819978318,1.0,1.0,0.974991384237,0.877847604085,0.972898664572,127.982368943,10657.5189584,998270.602834,1.20581304006,0.0239591516104,15.8562450903,3.85628520259e-06,Class 4
0.84076650279,168.885310291,6240.14949436,168.669946615,0.932877211577,1.0,509.756678363,0.224384700911,0.244988660725,0.0132797418541,0.189160721609,0.297998396794,1.0,1.0,0.934757274866,3.00274941084,0.91673212883,512.027046869,50795.8864512,5588498.01056,3.19402985075,-0.0247446975648,85.879025923,1.00712659377e-05,Class 4
0.653183312363,131.422230951,43986.4989166,539.547229608,0.878225780497,1.0,1971.27384057,0.514314923141,0.606755356214,0.0110432711554,0.348145456661,0.465181747073,1.0,1.0,0.88712794423,9.45424194815,0.80793401414,1989.27834793,217755.766002,24380580.166,2.68381775334,0.165553809898,464.759230165,7.8372016829e-06,Class 4
0.533000952158,136.142969364,76347.1085833,733.632633182,0.865340620139,1.0,2757.44415605,0.655046723727,0.750625333386,0.0101782372683,0.366000745781,0.525962277946,1.0,1.0,0.872494265363,13.4336213668,0.728986645719,2790.53544239,297962.343215,32324544.9956,2.75255302435,0.0392772977219,664.017674784,8.11871706099e-06,Class 4
0.894628544136,56.9241948154,8841.52704848,158.80367354,0.964947335668,1.0,551.185701083,0.16515631024,0.178402154336,0.014052574946,0.12318606679,0.553557109076,1.0,1.0,0.966695400634,2.60153181461,0.945797329144,552.552847144,62292.9901367,7245088.00169,1.08601728201,0.106637863315,123.988216811,3.39460373012e-06,Class 4
0.952673170304,29.9340141398,3360.47568164,61.996721458,0.980540414725,1.0,228.495102032,0.081370652673,0.0871665501304,0.0147375268197,0.0700445043782,0.569668455495,1.0,1.0,0.981791624111,1.10094265515,0.97604084839,228.710177269,25636.9825103,2992853.60948,0.600942655145,-0.0455616653574,49.7282010998,1.78507779312e-06,Class 4
0.960353378434,46.4583660644,1076.06227089,37.5502367761,0.981618308189,1.0,110.825604095,0.0679228569697,0.072311724794,0.0147976634325,0.0634079794841,0.260860409581,1.0,1.0,0.982258184142,0.695011783189,0.979968578162,110.923919414,10207.7095971,1050762.33316,0.858208955224,-0.0324037706206,16.137863315,2.77048701784e-06,Class 4
0.963460080011,22.0585231736,1658.8958888,33.814671183,0.989084305347,1.0,121.061722115,0.0560091584002,0.0599006284159,0.0149792061957,0.0381465753379,0.510447157549,1.0,1.0,0.989301182462,0.711508248233,0.981539670071,121.130027034,11073.5382238,1057640.033,0.441084053417,-0.0394736842105,24.7898664572,1.31543266073e-06,Class 4
0.890258057708,83.3684210526,5243.0825816,116.843662738,0.957734405137,1.0,378.112278591,0.15841271282,0.172803582302,0.0138792904814,0.130011580123,0.389886441726,1.0,1.0,0.958992050975,2.18067556952,0.94344069128,379.197363051,36185.585999,3673764.2133,1.62293794187,0.0271013354281,74.0251374705,4.97157235156e-06,Class 4
0.903645044303,133.014139827,72.6643469528,65.9332027031,0.950921706737,1.0,136.596994943,0.131681720326,0.146436330431,0.0138896989268,0.130182034714,0.00816670794505,1.0,1.0,0.951832909125,1.29615082482,0.95051060487,137.101330058,7387.05751993,410350.826737,2.55145326002,-0.0306362922231,1.0620581304,7.93213319362e-06,Class 4
0.961910277446,48.7890809112,218.27730008,30.2823042349,0.980925819957,1.0,61.8212775523,0.0585499610206,0.0633274669024,0.0147861750929,0.0583134881254,0.0889364542584,1.0,1.0,0.981407015467,0.531225451689,0.980754124116,61.8768357534,3930.01885442,280141.1489,0.942262372349,0.0453652788688,3.28829536528,2.90947630594e-06,Class 4
0.996861518677,3.77219167321,-0.0158983702142,1.88513710999,0.998429562168,1.0,3.77143434862,0.00508680526758,0.0055597510581,0.0153318398882,0.00508680526758,9.64767223102e-05,1.0,1.0,0.998460329929,0.0384917517675,0.998428908091,3.76835676674,184.483944038,9033.94962763,0.076983503535,0.0,0.0,2.24949970151e-07,Class 4
0.932941959076,88.981932443,-0.0164377876765,46.0164583001,0.965841947008,1.0,88.6742309866,0.0906598290113,0.100908019122,0.0143348949862,0.0906598290113,0.00263309731549,1.0,1.0,0.966486979015,0.871170463472,0.965828750982,88.8740126976,4543.8727586,232753.584501,1.74234092694,0.0302435192459,0.0,5.30632713846e-06,Class 4
0.956561098259,54.8754909662,65.2996478431,28.9127907824,0.978406011745,1.0,58.6709594334,0.0602544012415,0.0667479096462,0.0147151865068,0.0587498525278,0.010806800008,1.0,1.0,0.978818211044,0.563825608798,0.978004713276,58.7337190998,3156.22299281,178713.706403,1.08837391987,0.0100157109191,0.981932443048,3.27243181796e-06,Class 4
0.706273692109,154.789866457,26335.0035332,388.4092681,0.886086225831,1.0,1361.6452779,0.428944534328,0.499733561538,0.0114658617492,0.321144034087,0.404662188252,1.0,1.0,0.893400685819,7.06775333857,0.840141398272,1372.70548854,141557.150855,15113547.6203,3.15043205027,0.129418695994,304.699528672,9.23070163335e-06,Class 4
0.971169291015,36.6626080126,263.959360415,23.4881050008,0.985888224217,1.0,52.5729911522,0.0445201928499,0.0484142313092,0.0149307362979,0.0442837199546,0.127331903692,1.0,1.0,0.986190474112,0.417321288295,0.985467399843,52.594137403,3815.73816443,326142.276308,0.700314218382,0.0214061272584,3.99567949725,2.18632914034e-06,Class 4
0.995293820722,5.8138256088,-0.0159110727843,2.90532809585,0.99764431736,1.0,5.81204604886,0.00786627827628,0.00857569696206,0.0153073494286,0.00786627827628,0.000140783630249,1.0,1.0,0.997689878779,0.0585231736057,0.997643362137,5.8074867746,288.260450844,14311.7739381,0.117046347211,0.0,0.0,3.46700276778e-07,Class 4
0.823775754707,128.210526316,8277.5868727,177.16573658,0.934544208966,1.0,567.334327469,0.228049656905,0.256142429316,0.0130660095636,0.178026573628,0.300752540448,1.0,1.0,0.936224023424,3.43912018853,0.907305577376,569.990568079,51417.6320609,4897168.26448,2.56087981147,0.0506677140613,110.552238806,7.64567566187e-06,Class 4
0.775219388237,147.063236449,12479.4670581,233.992315036,0.924493382242,1.0,776.511025456,0.279078542426,0.307363172581,0.0127492486093,0.191176566595,0.379044162286,1.0,1.0,0.926268001418,4.58817753339,0.879811468971,780.982442588,71900.4815249,6944172.31628,2.97839748625,0.0394736842105,158.622937942,8.76993363951e-06,Class 4
0.630052285396,222.803613511,38364.5929968,515.042246301,0.857068680861,1.0,1823.48359666,0.542400259692,0.633745424008,0.0105918078523,0.398965303358,0.36558457804,1.0,1.0,0.865667862924,9.34171249018,0.793401413983,1842.29045025,192320.281655,20773904.0469,4.28122545169,-0.0274941084053,405.163393559,1.32866170521e-05,Class 4
0.690976526801,171.597014925,27089.0835972,397.923702507,0.893280547348,1.0,1395.02359038,0.437018785354,0.49179946377,0.0116295332263,0.304880937996,0.418554796833,1.0,1.0,0.898137055337,7.3586017282,0.830714846819,1406.77714506,143290.841422,15172369.76,3.40377062058,0.0679497250589,309.024744698,1.02329750791e-05,Class 4
0.381893196604,242.441476826,125044.445397,973.919787051,0.806119123844,1.0,3575.41773882,0.836887068216,0.964213411704,0.00860357303054,0.468767436334,0.470787626864,1.0,1.0,0.814254672757,18.0781618225,0.614689709348,3632.97608458,380307.895714,40755749.4675,5.0259230165,0.0942655145326,848.198350353,1.44576966655e-05,Class 4
0.852998311045,213.675962294,289.368419265,109.393814938,0.924283945462,1.0,228.48764738,0.198356631673,0.221137256971,0.0131115001102,0.19560352736,0.0173035815462,1.0,1.0,0.925759507532,2.07796543598,0.923409269442,229.838245808,13136.9154124,789809.123985,3.99803613511,-0.02965435978,4.10526315789,1.27423008967e-05,Class 4
0.882880528519,126.284760408,2496.14789242,99.9038183747,0.944618142296,1.0,267.344388109,0.166446470367,0.186200339648,0.0136233603577,0.157008789937,0.144683521831,1.0,1.0,0.94644123309,1.90710919089,0.939512961508,268.348997969,21250.8629826,1861803.92987,2.465435978,0.0221916732129,35.5754124116,7.53083500135e-06,Class 4
0.998429833715,2.46347211312,-0.0158856879101,1.23129284447,0.999214704459,1.0,2.46323525314,0.00278000963216,0.00301648252742,0.0153563303478,0.00278000963216,4.44383237216e-05,1.0,1.0,0.999228235554,0.0219952867243,0.999214454046,2.46169926478,137.723586185,7708.21867194,0.0439905734485,0.0,0.0,1.46906102956e-07,Class 4
0.984356342898,21.1091908877,-0.0160004056062,10.5484815719,0.992147479829,1.0,21.0885622132,0.0261906538446,0.0285553827972,0.01513651401,0.0261906538446,0.000470996315628,1.0,1.0,0.992293528296,0.2034564022,0.992144540456,21.0847353999,1094.7134554,56924.1809828,0.406912804399,-1.73472347598e-18,0.0,1.25882040773e-06,Class 4
0.823697385237,255.560879811,528.060494694,133.295977644,0.908471219919,1.0,282.677121941,0.232959520656,0.259955610169,0.0126560643389,0.23021241585,0.0254596861895,1.0,1.0,0.910317583026,2.53417124902,0.907305577376,284.668494237,16738.2417673,1054211.19887,4.79025923016,-0.032207384132,7.35585231736,1.52400559849e-05,Class 4
0.613328734012,477.909269442,9774.68605228,354.353518885,0.803253850524,1.0,919.868506379,0.474824982915,0.542099735399,0.00970620776432,0.433194248185,0.0821059806407,1.0,1.0,0.808360350161,6.76021209741,0.781225451689,931.638668039,72850.858524,6399744.39942,9.24862529458,0.0339748625295,113.643362137,2.84995263256e-05,Class 4
0.505630260242,477.634328358,29049.6795491,522.569335362,0.759571355577,1.0,1600.69056802,0.596125097492,0.706315542799,0.00832223646544,0.517021052743,0.123152840497,1.0,1.0,0.769290731801,10.2586410055,0.708169677926,1623.51558281,142096.117534,13338044.2175,9.49607227023,-0.0516496465043,286.790652003,2.84831305552e-05,Class 4
0.836207806216,94.3004713276,11858.9204727,208.587746595,0.933402907868,1.0,722.068516561,0.253857433638,0.289217305739,0.013065296062,0.208255127932,0.447388457871,1.0,1.0,0.937555091559,3.74528672427,0.914375490966,725.33996419,75053.5010607,8068550.06809,1.91005498822,0.0657894736842,157.876669285,5.62349160596e-06,Class 4
0.766172959571,96.1107619796,20784.6819093,301.207751014,0.929012242332,1.0,1104.95170334,0.33865378369,0.382658462444,0.0126463260066,0.221058855976,0.498032264037,1.0,1.0,0.932158746527,5.689709348,0.875098193244,1111.83414624,113393.444762,11846568.0834,1.93322859387,-0.012568735271,254.108405342,5.7314460429e-06,Class 4
0.891635385729,56.3695993716,7142.00479997,125.988166372,0.959657012755,1.0,454.537174465,0.169073394027,0.18971817985,0.0139006666031,0.135376136878,0.471714268682,1.0,1.0,0.961973684193,2.41260801257,0.944226237235,455.839620514,45588.9229948,4711028.65694,1.14021995287,-0.040259230165,99.9426551453,3.36153111893e-06,Class 4
0.815745352289,113.474469756,11115.5345336,199.913416764,0.933760394364,1.0,692.991629156,0.258266381563,0.291916793368,0.0130371561383,0.196720412476,0.391447584339,1.0,1.0,0.936527703113,3.90966221524,0.902985074627,696.476133672,66494.9708107,6618583.03893,2.27179890024,-0.0502749410841,145.872348782,6.76690921246e-06,Class 4
0.993727974013,6.67949725059,62.7736125538,3.80890232994,0.997055334359,1.0,10.5251351604,0.0104551644847,0.0112656461256,0.0152828927157,0.0104551644847,0.173088364734,1.0,1.0,0.99710888283,0.0871956009427,0.996857816182,10.5187495397,709.360628666,53871.8362194,0.135899450118,-0.00981932443048,0.962293794187,3.98323531069e-07,Class 4
0.949609047416,26.0483110762,3407.68023909,66.6404395452,0.982492468149,1.0,226.45597019,0.0883590264528,0.0931247245961,0.0147023145526,0.0668442918222,0.625441694378,1.0,1.0,0.983434625987,1.14905734485,0.974469756481,226.71162562,23746.0050207,2577596.72511,0.505498821681,0.058326787117,50.2014925373,1.55335871204e-06,Class 4
0.455604311925,397.421838178,56338.0102026,688.229549914,0.779078814317,1.0,2313.28282287,0.696036307454,0.804269565255,0.0083929888247,0.495058557707,0.301973448505,1.0,1.0,0.786329436855,13.1351139042,0.671641791045,2347.72750838,226949.489001,23019472.6039,7.96622152396,0.0392772977219,487.986645719,2.36997582255e-05,Class 4
0.776530379894,252.250981932,4389.16311467,180.726898697,0.894617232861,1.0,481.16432469,0.276266459102,0.312514257579,0.0121665010158,0.24584117607,0.087126685024,1.0,1.0,0.897261246773,3.61292223095,0.880597014925,484.629879744,36608.5381632,3081632.61265,4.96347211312,-0.0693244304792,58.207384132,1.50426743315e-05,Class 4
0.617520883613,109.478790259,49407.1629345,525.603899384,0.862141406119,1.0,2060.73339455,0.50438658307,0.61480121073,0.0104218112802,0.37164355295,0.467000992397,1.0,1.0,0.872468309783,10.3081304006,0.785153181461,2079.98857967,215928.567991,22757849.3569,2.45208169678,-0.402788688138,492.949332286,6.52863182321e-06,Class 4
0.154686216661,622.70188531,254226.039034,1380.72440704,0.557565661299,1.0,4764.07413647,1.10494451573,1.39281900999,0.00376723274444,0.816786728658,0.17786830894,1.0,1.0,0.584195654283,26.1993322859,0.381775333857,4875.37452821,481996.253479,49327758.8815,12.6822466614,0.110565593087,1063.98664572,3.7134054324e-05,Class 4
0.816799020567,139.821681068,8023.99586623,180.286857947,0.930736821957,1.0,564.187752924,0.232547388522,0.259958052851,0.0129791166416,0.180803110409,0.302194181768,1.0,1.0,0.932280856251,3.49018067557,0.903377847604,566.94490822,50534.1883057,4785941.38442,2.81146897093,0.0703063629222,106.889630793,8.3380924692e-06,Class 4
0.823775754707,128.210526316,8277.5868727,177.16573658,0.934544208966,1.0,567.334327469,0.228049656905,0.256142429316,0.0130660095636,0.178026573628,0.300752540448,1.0,1.0,0.936224023424,3.43912018853,0.907305577376,569.990568079,51417.6320609,4897168.26448,2.56087981147,0.0506677140613,110.552238806,7.64567566187e-06,Class 4
0.947315043421,26.2820109976,3831.53580887,60.1877809631,0.97841301026,1.0,251.078349009,0.0890948427163,0.0974575950364,0.01464182601,0.0764775463036,0.660352706087,1.0,1.0,0.980222513351,1.2395915161,0.973291437549,251.358203585,26900.3698358,2964911.48028,0.537313432836,-0.164571877455,56.3075412412,1.5672951169e-06,Class 4
0.090968751562,942.372348782,360358.103032,1665.21135962,0.39573324761,1.0,5550.69836205,1.36719683715,1.7731984774,0.00192655776269,1.16225380542,0.0703219999225,1.0,1.0,0.435361909642,30.1441476826,0.291830322074,5709.91402644,582505.178068,62162529.7848,18.6095836606,0.0522388059701,1192.82717989,5.61972057876e-05,Class 4
0.292903119907,201.823644933,239262.707737,1374.69717069,0.80773790416,1.0,5103.53619722,0.865401551062,0.978150425585,0.00857564522888,0.445297133927,0.563285620549,1.0,1.0,0.817356971401,24.1702670856,0.521995286724,5183.43491706,575672.867817,65326410.314,4.32403770621,0.459740769835,1246.15789474,1.20355026564e-05,Class 4
0.897692049942,102.992537313,2513.87621905,87.5480887989,0.9525588151,1.0,246.533773272,0.14380348488,0.159903548428,0.0138436154025,0.133901237584,0.209383252759,1.0,1.0,0.954249160472,1.69933228594,0.947368421053,247.279133475,20312.0924457,1838204.03677,2.03338570306,-0.00019638648861,36.1245090338,6.14183217649e-06,Class 4
0.748048631033,215.734092694,12087.0121877,257.034808163,0.889296264997,1.0,816.187975595,0.344091272137,0.392606975002,0.0117698327056,0.298568491053,0.240456512752,1.0,1.0,0.893876683365,4.97623723488,0.864493322859,822.297642902,74761.0482134,7247766.29745,4.24234092694,-0.049293008641,151.796150825,1.28650349495e-05,Class 4
0.958837206863,14.8994501178,2602.07755792,48.5818795491,0.98994734382,1.0,169.0198699,0.0631848971627,0.0676630202036,0.0149552749671,0.0391484918277,0.636445166956,1.0,1.0,0.990164691803,0.906912804399,0.979183032207,169.1327028,16434.9712349,1633262.08198,0.304791830322,0.0502749410841,38.586410055,8.88510221544e-07,Class 4
0.903645044303,133.014139827,72.6643469528,65.9332027031,0.950921706737,1.0,136.596994943,0.131681720326,0.146436330431,0.0138896989268,0.130182034714,0.00816670794505,1.0,1.0,0.951832909125,1.29615082482,0.95051060487,137.101330058,7387.05751993,410350.826737,2.55145326002,-0.0306362922231,1.0620581304,7.93213319362e-06,Class 4
0.903708912337,129.23880597,69.8665241662,66.0923371296,0.950607878396,1.0,132.704533688,0.12403457938,0.138768163969,0.0138800184459,0.12403457938,0.00986028623604,1.0,1.0,0.951581539805,1.27886881383,0.95051060487,133.164762894,7045.15173328,383227.31466,2.51846032993,0.00981932443048,1.02120974077,7.70699584324e-06,Class 4
0.958056289027,20.0282796544,3452.49487681,62.9116124635,0.985198229114,1.0,224.517092067,0.0703893647912,0.0745848602132,0.014869948856,0.0552330178843,0.667688347792,1.0,1.0,0.986230056596,1.04359780047,0.97879025923,224.676496987,25501.2117501,2977209.13708,0.403770620581,0.0204241948154,51.1944226237,1.19436160745e-06,Class 4
0.123209458146,910.976826394,257739.507172,1474.98431229,0.433040937999,1.0,4886.74795875,1.27834723479,1.6525051268,0.00237085230324,1.09650499468,0.0768611690943,1.0,1.0,0.468750637385,27.180871956,0.341712490181,5020.70352468,502339.338766,52788880.6366,18.0420267086,-0.125883739199,1028.28083268,5.43249727634e-05,Class 4
0.839207135448,110.025923016,9107.84039899,181.039239133,0.941464920033,1.0,596.923085064,0.232227841876,0.258569030173,0.0132836227242,0.178467957469,0.384070517179,1.0,1.0,0.943661680201,3.36959937156,0.915946582875,599.578991095,57546.1892684,5795198.33962,2.13118617439,0.0706991358995,122.493322859,6.56125940635e-06,Class 4
0.904495383915,111.792615868,918.5232579,72.2815677856,0.952750579604,1.0,164.587222114,0.122988509926,0.137113319087,0.0139046438923,0.120217134164,0.0902341848462,1.0,1.0,0.953933097946,1.36959937156,0.950903377848,165.075652525,11100.6740884,844684.087602,2.22623723488,0.0600942655145,13.3633150039,6.66661394255e-06,Class 4
0.512254640306,470.208955224,27655.8504481,510.744696222,0.764705984149,1.0,1551.96348681,0.566370578131,0.67302375721,0.00841531467478,0.484843782428,0.13125336835,1.0,1.0,0.772880239691,10.0184603299,0.712097407698,1573.08802487,136990.447075,12821742.9775,9.40377062058,-0.00589159465829,276.032600157,2.80403276412e-05,Class 4
0.904495383915,111.792615868,918.5232579,72.2815677856,0.952750579604,1.0,164.587222114,0.122988509926,0.137113319087,0.0139046438923,0.120217134164,0.0902341848462,1.0,1.0,0.953933097946,1.36959937156,0.950903377848,165.075652525,11100.6740884,844684.087602,2.22623723488,0.0600942655145,13.3633150039,6.66661394255e-06,Class 4
0.710560255324,94.5663786332,30726.1024443,392.149031454,0.922274890808,1.0,1477.5862775,0.394887237749,0.445284319523,0.0122216334756,0.235711983826,0.543471517191,1.0,1.0,0.925235777881,7.44501178319,0.842498036135,1488.26045221,153637.461086,16137126.2284,1.90809112333,-0.0648075412412,348.655930872,5.6393486582e-06,Class 4
0.991382135093,6.67989002357,249.2271545,7.61756051926,0.996858947871,1.0,21.9144135711,0.0145052304655,0.0149320215324,0.0152706667697,0.0117264294253,0.448105875981,1.0,1.0,0.996912496342,0.145129615082,0.995679497251,21.9054590841,1828.74958016,163917.719002,0.136292223095,0.00962293794187,3.81068342498,3.98346953598e-07,Class 4
0.991382135093,6.67989002357,249.2271545,7.61756051926,0.996858947871,1.0,21.9144135711,0.0145052304655,0.0149320215324,0.0152706667697,0.0117264294253,0.448105875981,1.0,1.0,0.996912496342,0.145129615082,0.995679497251,21.9054590841,1828.74958016,163917.719002,0.136292223095,0.00962293794187,3.81068342498,3.98346953598e-07,Class 4
0.530140157936,419.774155538,29848.3929252,517.662631218,0.780514550564,1.0,1595.19821396,0.566762654466,0.670724144465,0.00870932071386,0.47596243034,0.164324886811,1.0,1.0,0.789173301377,9.92949725059,0.725451688924,1616.14745633,144695.273697,13802774.8415,8.37745483111,0.170267085625,299.403377848,2.50327109381e-05,Class 4
0.872512000711,59.6190102121,9043.45963584,159.798849797,0.950668657693,1.0,554.212836265,0.190694358589,0.216649818931,0.0136014442889,0.153793949187,0.533235597551,1.0,1.0,0.954029399169,2.88805970149,0.934014139827,556.019387796,56828.0966983,6009129.39975,1.26158680283,0.112725844462,124.190102121,3.55530570275e-06,Class 4
0.661019642351,285.690102121,18494.081058,343.761143591,0.847654060403,1.0,1125.95094548,0.441317750564,0.515993924705,0.0105943051078,0.38468522191,0.195956789852,1.0,1.0,0.854275606571,6.90278868814,0.812254516889,1137.0796048,102540.451489,9819044.51261,5.69560094266,-0.231932443048,213.062843676,1.7036774775e-05,Class 4
0.819184044223,96.5703063629,12469.4630287,215.991517216,0.930642821687,1.0,745.40918979,0.262404944104,0.299237236204,0.0128908786727,0.209196215175,0.437151549092,1.0,1.0,0.934515498863,4.017282011,0.904948939513,749.055768393,74525.6842015,7704799.07625,1.99057344855,0.0954438334643,163.24666143,5.75885040203e-06,Class 4
0.819184044223,96.5703063629,12469.4630287,215.991517216,0.930642821687,1.0,745.40918979,0.262404944104,0.299237236204,0.0128908786727,0.209196215175,0.437151549092,1.0,1.0,0.934515498863,4.017282011,0.904948939513,749.055768393,74525.6842015,7704799.07625,1.99057344855,0.0954438334643,163.24666143,5.75885040203e-06,Class 4
0.706919777431,169.191673213,21827.9206307,339.789030472,0.898675195709,1.0,1180.73456425,0.386543229925,0.441636349578,0.0118269996091,0.273082238214,0.372279396383,1.0,1.0,0.902869344994,6.57737627651,0.840141398272,1189.93371419,114693.682534,11473445.7447,3.40219952867,0.00549882168107,255.390809112,1.00895355104e-05,Class 4
0.942792754712,61.1578947368,947.269664541,46.6993677659,0.973503919873,1.0,117.127706303,0.0835534740466,0.091613664058,0.0145120747837,0.0792172001506,0.172476713111,1.0,1.0,0.974165767219,0.877454831108,0.970934799686,117.305277427,8813.38718073,736369.767885,1.20659858602,0.0404556166536,14.0640219953,3.64707517204e-06,Class 4
0.703233943978,276.974076984,11294.3188616,284.191450936,0.86396085569,1.0,822.069126861,0.349248716643,0.404169134031,0.0110808215864,0.309216580378,0.157408493723,1.0,1.0,0.868527892553,5.46975648075,0.837391987431,828.905630922,69948.6021779,6382787.95773,5.55459544383,0.150824823252,138.153574234,1.65170054302e-05,Class 4
0.855794003069,88.5314218382,8294.01669187,158.264592628,0.94592431858,1.0,538.049463866,0.211324503668,0.237820144891,0.013464871409,0.164999874384,0.404848553106,1.0,1.0,0.9485604529,3.0206205813,0.924980361351,540.18152939,51940.3053869,5214984.96407,1.78672427337,0.020620581304,113.006677141,5.2794614975e-06,Class 4
0.602759654409,258.249018068,39352.6328484,522.00112788,0.853494997327,1.0,1852.09949041,0.565512507142,0.647192391135,0.0103695762153,0.403484818382,0.376916582544,1.0,1.0,0.86022709936,9.82482325216,0.775726630008,1872.77680139,189063.073518,19779218.6311,4.84681853888,-0.200314218382,403.938727416,1.54003597745e-05,Class 4
0.776530379894,252.250981932,4389.16311467,180.726898697,0.894617232861,1.0,481.16432469,0.276266459102,0.312514257579,0.0121665010158,0.24584117607,0.087126685024,1.0,1.0,0.897261246773,3.61292223095,0.880597014925,484.629879744,36608.5381632,3081632.61265,4.96347211312,-0.0693244304792,58.207384132,1.50426743315e-05,Class 4
0.759576348217,135.967792616,16716.0639937,276.626717039,0.914076118842,1.0,956.307269117,0.329355322567,0.373702895478,0.0123656595544,0.242801635239,0.388518259914,1.0,1.0,0.917929522443,5.30204241948,0.871170463472,962.522039013,93289.6265045,9395018.21532,2.77690494894,0.0396700706991,206.804006284,8.10827061298e-06,Class 4
0.78045903529,144.469756481,12175.4655177,229.761008575,0.919063991059,1.0,761.601809614,0.275780081216,0.315942778948,0.0125911212324,0.210023736497,0.328428664472,1.0,1.0,0.922203589935,4.48468185389,0.882953652789,765.913289995,70726.046082,6849809.58491,2.93479968578,0.041241162608,155.500785546,8.6152746794e-06,Class 4
0.94739310435,57.2132757266,684.562392884,37.8667749733,0.976010651714,1.0,97.8175951279,0.0716527737359,0.0789239231817,0.0146200931376,0.0649439434369,0.16301272708,1.0,1.0,0.976552240752,0.770816967793,0.973291437549,97.9380101446,7027.73962199,569081.543345,1.14414768264,-0.0190494893951,10.2050274941,3.41184271158e-06,Class 4
0.792848816652,112.630400628,13260.86758,230.593822302,0.932814681594,1.0,786.764206825,0.266000870309,0.298046243288,0.0128915343228,0.183016169566,0.433755529088,1.0,1.0,0.934803355803,4.44285153181,0.890023566379,790.86627998,75080.9171178,7397336.41408,2.30282796544,0.0913197172035,169.697564808,6.71657419727e-06,Class 4
0.775219388237,147.063236449,12479.4670581,233.992315036,0.924493382242,1.0,776.511025456,0.279078542426,0.307363172581,0.0127492486093,0.191176566595,0.379044162286,1.0,1.0,0.926268001418,4.58817753339,0.879811468971,780.982442588,71900.4815249,6944172.31628,2.97839748625,0.0394736842105,158.622937942,8.76993363951e-06,Class 4
0.930664616307,81.2564807541,770.344536106,47.2137285279,0.966193074382,1.0,126.374322077,0.0985391324451,0.107583797202,0.0143228859833,0.0952089270148,0.11813437084,1.0,1.0,0.967157595703,1.01512175962,0.96465043205,126.638815329,8828.96972098,693343.706822,1.59583660644,-0.0917124901807,11.3770620581,4.84562941221e-06,Class 4
0.847874675492,77.5958366064,9704.26557234,174.46973059,0.950268378747,1.0,596.730375966,0.214969295665,0.239389266854,0.0134914541638,0.154780413435,0.451210409992,1.0,1.0,0.952210296496,3.30027494108,0.920659858602,599.110437482,57578.5764923,5718741.46327,1.56834249804,0.101924587588,130.48153967,4.62733144035e-06,Class 4
0.986698170783,12.7686567164,264.0150535,10.9565235986,0.994385388782,1.0,28.8596677309,0.0215489130761,0.0230764906804,0.0151975087531,0.0187709201491,0.27720879744,1.0,1.0,0.994535846606,0.207187745483,0.993322859387,28.8521401524,2267.82223856,197028.317375,0.256480754124,0.0104084838963,4.02710133543,7.61443000796e-07,Class 4
0.806135218808,213.549882168,4750.558821,173.958990704,0.910403129649,1.0,466.664206588,0.260586701067,0.289685234826,0.0125400383761,0.232407444342,0.165971331423,1.0,1.0,0.912511007786,3.26315789474,0.897486252946,469.590725188,38600.8994656,3555494.46912,4.14375490966,0.0553809897879,64.1119402985,1.27347822648e-05,Class 4
0.988261857702,13.3197172035,62.9493482733,7.61756051926,0.99430706168,1.0,17.1583335239,0.0175555310158,0.0191740957391,0.0151976051722,0.0175555310158,0.0814443639554,1.0,1.0,0.994414306178,0.154752553024,0.994108405342,17.1505248736,1035.09121402,69871.4604404,0.271013354281,-1.38777878078e-17,0.962293794187,7.94304809222e-07,Class 4
0.701420647208,140.362136685,27060.4529589,377.022190331,0.909998826128,1.0,1363.65409458,0.415439799951,0.465099565411,0.0120199921443,0.268334297067,0.457602179493,1.0,1.0,0.913681570255,7.22270227808,0.836999214454,1374.58203509,136880.114241,13997064.3296,2.74155538099,-0.0318146111548,308.780439906,8.37032186934e-06,Class 4
0.941999495227,64.2537313433,1155.8521061,49.2304459277,0.974949321696,1.0,132.450423629,0.0909777380011,0.0986612881599,0.0145468869114,0.0814724956958,0.198324306387,1.0,1.0,0.975417631645,0.941476826394,0.970542026709,132.668052368,10375.4186586,888558.229889,1.21131186174,-5.72458747072e-17,17.1327572663,3.83169154696e-06,Class 4
0.911035223683,82.672034564,3147.05646276,86.6591576324,0.963356032924,1.0,263.569884528,0.137489559041,0.149811002652,0.0141449734004,0.116583492297,0.330217212523,1.0,1.0,0.964497776457,1.62706205813,0.954438334643,264.243391134,24001.1497598,2359092.7471,1.58405341712,-0.000589159465829,45.4434406913,4.93004420734e-06,Class 4
0.900629362387,98.7800471328,2597.09448385,91.2789411163,0.954774770832,1.0,247.300418418,0.143711441394,0.159026770406,0.0139236432823,0.132444874641,0.241728857207,1.0,1.0,0.956360059641,1.67517674784,0.948939512962,248.034313169,20690.4259525,1894524.86753,1.94579732914,0.0899450117832,37.3656716418,5.89062555114e-06,Class 4
0.840107458737,123.590730558,6951.06741138,163.564708006,0.938363985863,1.0,498.567430488,0.21346544163,0.238500973686,0.0132419551962,0.172323257644,0.324663127931,1.0,1.0,0.940089087365,3.05498821681,0.916339355852,500.749503664,44972.794161,4290765.49026,2.45483110762,0.148468185389,94.3849175177,7.37017987377e-06,Class 4
0.319332761092,314.111940299,152668.944394,1081.53682112,0.794867037971,1.0,3940.95923124,0.891670594045,1.00308075148,0.00840583667408,0.47730056722,0.46128363872,1.0,1.0,0.801066122731,20.2994893951,0.557344854674,4010.02952625,415060.654519,44201479.8341,6.31696779262,0.0100157109191,924.61351139,1.87316758308e-05,Class 4
0.855732603366,102.278476041,7989.10772665,163.112270358,0.943419711126,1.0,536.471210773,0.221435380236,0.24586996793,0.0134388912738,0.177416157353,0.396336716547,1.0,1.0,0.946114612224,3.00569520817,0.924980361351,538.709710852,52375.6327739,5357372.82543,2.00432050275,0.058326787117,109.201492537,6.09925001846e-06,Class 4
0.865195562684,118.648468185,5596.93460547,136.934982456,0.940982416395,1.0,427.747504476,0.207041924382,0.22753180374,0.0134263278609,0.181563844247,0.310411536107,1.0,1.0,0.943535746104,2.57953652789,0.930086410055,429.519461441,39542.0973085,3900122.99033,2.29968578162,-0.000981932443048,77.7981146897,7.07545418922e-06,Class 4
0.471079505519,172.70581304,98944.3227778,866.299107554,0.845331508757,1.0,3237.43098849,0.756131419374,0.871671112471,0.00967510295225,0.418536076987,0.499757009753,1.0,1.0,0.852985773596,15.6278476041,0.68499607227,3282.17357574,356598.711789,39529269.2427,3.51806755695,0.0339748625295,777.855066771,1.02990968789e-05,Class 4
0.783063740297,136.259230165,17563.8720615,288.698029883,0.92250036404,1.0,1020.99852401,0.310793331261,0.344110663015,0.0127751226835,0.229657082506,0.442273574853,1.0,1.0,0.926462437295,5.12450903378,0.884524744698,1026.63299738,111306.941573,12628885.2331,2.68263943441,-0.028672427337,222.75333857,8.12565012963e-06,Class 4
0.8426908744,121.315396701,9338.22776509,183.260885833,0.934667145264,1.0,623.419873964,0.245821991887,0.274856932012,0.0131875892684,0.203922071022,0.381174166493,1.0,1.0,0.937983117344,3.37608012569,0.917910447761,626.258071024,63369.1307218,6764596.25395,2.33424980361,-0.065396700707,126.340926944,7.23449316229e-06,Class 4
0.780391773304,219.794579733,6845.8667813,197.744647126,0.896719407749,1.0,575.298035784,0.283502466448,0.327156706153,0.0121270414859,0.258486999341,0.158376029021,1.0,1.0,0.90045384257,3.86979575805,0.882953652789,579.123300797,48831.8161559,4509384.62913,4.35231736057,-0.0394736842105,89.9528672427,1.31071770561e-05,Class 4
0.608259093173,176.163786332,46600.5767587,555.981121006,0.866994272897,1.0,2033.37243517,0.55396556713,0.644998036823,0.0106634761933,0.364965887663,0.448259228044,1.0,1.0,0.874111072391,10.2460722702,0.779261586803,2054.48965979,215933.75228,23314028.244,3.55734485467,-0.0316182246661,469.901413983,1.05053088257e-05,Class 4
0.888747131338,79.7348782404,5272.08794115,115.925960951,0.956043040414,1.0,375.541429112,0.163142840119,0.182972360591,0.0137872005682,0.135629151776,0.386205085418,1.0,1.0,0.957564706943,2.19344069128,0.942655145326,376.672986578,35267.2188925,3486092.54047,1.58562450903,0.0327965435978,74.3028279654,4.75489053421e-06,Class 4
0.977355234001,19.8534956795,948.897763353,27.5522251893,0.991047054453,1.0,77.2132482248,0.0405179639063,0.0422938221443,0.0150756687166,0.0338405491535,0.532442594476,1.0,1.0,0.991447172802,0.441673212883,0.988609583661,77.2289567275,7432.88176745,762278.359784,0.369599371563,0.0567556952082,14.3574234093,1.18393858197e-06,Class 4
0.952673170304,29.9340141398,3360.47568164,61.996721458,0.980540414725,1.0,228.495102032,0.081370652673,0.0871665501304,0.0147375268197,0.0700445043782,0.569668455495,1.0,1.0,0.981791624111,1.10094265515,0.97604084839,228.710177269,25636.9825103,2992853.60948,0.600942655145,-0.0455616653574,49.7282010998,1.78507779312e-06,Class 4
0.946566213872,64.6661429694,1065.43988802,49.6327068272,0.974158627942,1.0,127.798805318,0.0853217017597,0.0923235791703,0.0145584089977,0.0831665895493,0.238819978318,1.0,1.0,0.974991384237,0.877847604085,0.972898664572,127.982368943,10657.5189584,998270.602834,1.20581304006,0.0239591516104,15.8562450903,3.85628520259e-06,Class 4
0.937409327448,69.62136685,2254.72182094,67.2830897808,0.970521737349,1.0,201.992369109,0.105794693296,0.114162068663,0.0144508727395,0.0988950382004,0.323754795795,1.0,1.0,0.971854108655,1.19167321288,0.968185388845,202.337484811,19229.6068145,1984409.41023,1.26865671642,-0.0117831893166,33.2160251375,4.1517838306e-06,Class 4
0.648014321249,116.680282797,39832.6934501,477.435817098,0.890067208763,1.0,1774.03402777,0.477104271436,0.552373827054,0.0112082394697,0.296759543207,0.495394450794,1.0,1.0,0.896240232667,9.06245090338,0.804399057345,1789.96950563,183463.131821,19185865.6693,2.4776119403,0.012568735271,418.605263158,6.95808389555e-06,Class 4
0.969630904476,33.7172034564,323.561116672,21.6960660181,0.985669105013,1.0,53.2014560649,0.0449303159064,0.0494831566313,0.0149068725627,0.0443563071608,0.123598757276,1.0,1.0,0.985924952295,0.433228593873,0.984681853888,53.2241207102,3646.05882176,280193.966819,0.672427336999,-0.000392772977219,4.89002356638,2.01068359409e-06,Class 4
0.967290002215,18.568342498,1829.72924692,40.2473597141,0.987299968177,1.0,128.044887998,0.0566831480104,0.0604518523655,0.0149304615034,0.04636342273,0.632843573928,1.0,1.0,0.988201917085,0.687549096622,0.983503534957,128.112597733,12890.5930962,1359396.78089,0.377454831108,0.0646111547526,27.4073055774,1.10730006652e-06,Class 4
0.992162127305,10.7391987431,-0.0159365238716,5.36663995759,0.996073724919,1.0,10.7338742085,0.0134244181962,0.0146067826725,0.0152584263608,0.0134244181962,0.000229766689961,1.0,1.0,0.996146330413,0.102513747054,0.996072270228,10.7273610872,563.542866889,29720.000941,0.205027494108,-3.46944695195e-18,0.0,6.40418792573e-07,Class 4
0.891742140992,66.1021209741,5437.22201247,113.622912051,0.961895032831,1.0,371.040404636,0.149812836961,0.167569327243,0.0139614299402,0.117777535809,0.387027358788,1.0,1.0,0.963138036904,2.16575019639,0.944226237235,372.046047262,34335.35393,3309869.35982,1.3362136685,0.0801256873527,76.5534171249,3.94191796924e-06,Class 4
