0.69821366782,228.733823529,23226.1985794,371.565271714,0.869230422563,1.0,1303.62014123,0.441930025395,0.490694661461,0.0111108820826,0.362988798537,0.399803979753,1.0,1.0,0.876807106135,6.96985294118,0.835294117647,1314.87533318,134043.252895,14340451.6094,4.36617647059,-0.250735294118,271.752941176,1.36402577687e-05,Class 1
0.412928200692,306.469117647,101332.795103,887.595924288,0.740984939517,1.0,3252.28499801,0.823594080848,0.985892485583,0.00730228833261,0.62401305666,0.369350431958,1.0,1.0,0.760148699541,16.6051470588,0.641176470588,3304.2356273,344046.082146,36781726.0087,6.18088235294,-0.278676470588,749.960294118,1.82759055847e-05,Class 1
0.815865051903,145.645588235,8667.14209557,185.976530905,0.9230776731,1.0,602.819933396,0.248574234451,0.273021166848,0.0128050321691,0.21179069578,0.37303588739,1.0,1.0,0.926514783895,3.61985294118,0.902941176471,605.905847886,55506.4266483,5393954.93821,2.875,-0.0375,115.177941176,8.68539394719e-06,Class 1
0.810285467128,104.335294118,13970.7837438,229.056907744,0.925981182103,1.0,824.223240104,0.278225503935,0.302136700954,0.0127999635056,0.217698399692,0.534293441927,1.0,1.0,0.930911130279,4.33529411765,0.9,828.429653033,84358.7534966,8915192.53597,2.10588235294,-0.0779411764706,181.158823529,6.22190581251e-06,Class 1
0.69821366782,228.733823529,23226.1985794,371.565271714,0.869230422563,1.0,1303.62014123,0.441930025395,0.490694661461,0.0111108820826,0.362988798537,0.399803979753,1.0,1.0,0.876807106135,6.96985294118,0.835294117647,1314.87533318,134043.252895,14340451.6094,4.36617647059,-0.250735294118,271.752941176,1.36402577687e-05,Class 1
0.815865051903,145.645588235,8667.14209557,185.976530905,0.9230776731,1.0,602.819933396,0.248574234451,0.273021166848,0.0128050321691,0.21179069578,0.37303588739,1.0,1.0,0.926514783895,3.61985294118,0.902941176471,605.905847886,55506.4266483,5393954.93821,2.875,-0.0375,115.177941176,8.68539394719e-06,Class 1
0.475151384083,214.475,96120.1317322,880.552220244,0.798950231697,1.0,3249.80758106,0.743021990551,0.875400636877,0.00873503054715,0.518114649246,0.465913907132,1.0,1.0,0.813698730899,15.5551470588,0.688235294118,3293.54334789,361300.725993,40451894.4176,4.35147058824,0.0522058823529,770.252941176,1.27899505189e-05,Class 1
0.635990484429,234.289705882,35962.8809039,497.713065832,0.842417694112,1.0,1756.52288389,0.521241995168,0.59368998519,0.0102132555688,0.42619628479,0.427420396041,1.0,1.0,0.85294280029,9.05514705882,0.797058823529,1773.99996553,184790.688919,19956627.5392,4.54558823529,-0.100735294118,385.210294118,1.39715759194e-05,Class 1
0.412928200692,306.469117647,101332.795103,887.595924288,0.740984939517,1.0,3252.28499801,0.823594080848,0.985892485583,0.00730228833261,0.62401305666,0.369350431958,1.0,1.0,0.760148699541,16.6051470588,0.641176470588,3304.2356273,344046.082146,36781726.0087,6.18088235294,-0.278676470588,749.960294118,1.82759055847e-05,Class 1
0.650047577855,143.211764706,43926.4557988,514.814260685,0.863995000646,1.0,1978.26799372,0.486777076398,0.575775271762,0.010639631542,0.373909502562,0.497636956317,1.0,1.0,0.874465332977,9.53970588235,0.805882352941,1995.41439568,216475.691712,23958266.7149,2.9,-0.341176470588,463.348529412,8.54025590074e-06,Class 1
0.43312716263,340.670588235,83847.8785901,803.706448185,0.765469476452,1.0,2957.89986539,0.771340230981,0.898534765764,0.00798534142517,0.535092059444,0.429491221562,1.0,1.0,0.779286574484,15.2926470588,0.655882352941,3002.57763097,313772.751156,33954145.9091,6.86176470588,-0.573529411765,665.954411765,2.03154678483e-05,Class 1
0.351185121107,341.047058824,125091.897477,990.246245979,0.724558610407,1.0,3591.38572413,0.876547670828,1.04825560696,0.00677670171929,0.607714391671,0.370572823827,1.0,1.0,0.742006304945,18.5705882353,0.589705882353,3653.4090648,378059.854737,40234857.2952,7.00882352941,-0.136764705882,828.670588235,2.03379182048e-05,Class 1
0.693512110727,194.464705882,24251.931053,370.562146714,0.874527833282,1.0,1304.61042797,0.428083743532,0.482363124409,0.0110541130515,0.341082750155,0.44057000904,1.0,1.0,0.880568451813,7.03676470588,0.832352941176,1315.59785156,132244.986237,13873348.1135,3.90294117647,-0.123529411765,280.502941176,1.15966614566e-05,Class 1
0.627564878893,410.589705882,15113.2958926,383.337744141,0.81768110334,1.0,1089.37030958,0.490229416317,0.55068121422,0.00991812418901,0.441785178297,0.189836974294,1.0,1.0,0.824301539418,7.16397058824,0.791176470588,1102.28342142,94522.3881315,8807528.7131,7.85147058824,0.106617647059,173.147058824,2.44850076783e-05,Class 1
0.599628027682,350.591176471,28975.8064168,465.936503332,0.822098133216,1.0,1569.52000294,0.554727076279,0.62371278451,0.00987764246324,0.450816222392,0.297646196725,1.0,1.0,0.830560304156,8.93235294118,0.773529411765,1587.91678539,154741.483466,16010916.3052,6.72058823529,-0.351470588235,309.610294118,2.09070698189e-05,Class 1
0.831587370242,131.160294118,8911.60681935,176.307551126,0.930187992901,1.0,606.66734233,0.242853888881,0.265818184765,0.0130913102833,0.201589971591,0.427964645904,1.0,1.0,0.933639594446,3.45661764706,0.911764705882,609.535075827,58748.7785411,5990473.74946,2.56323529412,-0.161029411765,119.701470588,7.82158140486e-06,Class 1
0.412928200692,306.469117647,101332.795103,887.595924288,0.740984939517,1.0,3252.28499801,0.823594080848,0.985892485583,0.00730228833261,0.62401305666,0.369350431958,1.0,1.0,0.760148699541,16.6051470588,0.641176470588,3304.2356273,344046.082146,36781726.0087,6.18088235294,-0.278676470588,749.960294118,1.82759055847e-05,Class 1
0.693512110727,194.464705882,24251.931053,370.562146714,0.874527833282,1.0,1304.61042797,0.428083743532,0.482363124409,0.0110541130515,0.341082750155,0.44057000904,1.0,1.0,0.880568451813,7.03676470588,0.832352941176,1315.59785156,132244.986237,13873348.1135,3.90294117647,-0.123529411765,280.502941176,1.15966614566e-05,Class 1
0.590821799308,275.207352941,36798.0192438,508.064214729,0.823211092011,1.0,1764.44308281,0.559348373269,0.636398131852,0.00958933688365,0.445190386042,0.387136565289,1.0,1.0,0.832790460782,9.67279411765,0.767647058824,1784.56393612,176617.862574,18234143.3628,5.47205882353,-0.143382352941,377.641176471,1.64116490339e-05,Class 1
0.740787197232,210.976470588,14978.4900409,280.672900391,0.884744910314,1.0,944.636556036,0.353423357399,0.398169505796,0.0116649883759,0.305688795466,0.362550157458,1.0,1.0,0.890945705961,5.44264705882,0.860294117647,951.526528033,90777.9625585,9156973.8133,4.10882352941,-0.191176470588,185.307352941,1.25813200582e-05,Class 1
0.629039792388,197.926470588,39044.8198284,490.859757008,0.858849208547,1.0,1814.68713635,0.526883107119,0.599315606752,0.0105579246864,0.387392238174,0.44035976984,1.0,1.0,0.86792957394,9.375,0.792647058824,1832.99674862,188368.201684,19925494.9352,3.88529411765,-0.314705882353,409.060294118,1.18030994997e-05,Class 1
0.82098615917,149.576470588,8426.86240261,179.235170611,0.922869360788,1.0,596.140756263,0.249869771853,0.274934063497,0.0128401073205,0.221015385178,0.356443220748,1.0,1.0,0.926506720976,3.55294117647,0.905882352941,599.18627068,55182.570236,5391221.28465,2.89705882353,-0.152941176471,112.513235294,8.91980723913e-06,Class 1
0.779178200692,197.679411765,9120.37790402,212.408745979,0.90550862888,1.0,666.179784406,0.290947388869,0.324260325891,0.012307694907,0.25104297562,0.287006420753,1.0,1.0,0.909083981863,4.18676470588,0.882352941176,670.445278033,59313.0242256,5621988.75727,3.86176470588,-0.0823529411765,118.322058824,1.17883664533e-05,Class 1
0.518542387543,167.233823529,86002.5982329,801.212927964,0.841237210787,1.0,3068.25380689,0.672790304511,0.776274940992,0.00958453854888,0.424106353096,0.534265153977,1.0,1.0,0.851488017109,14.3816176471,0.719117647059,3104.70768612,345567.862683,39126770.9794,3.30441176471,-0.293382352941,734.817647059,9.97278157373e-06,Class 1
0.422975778547,151.844117647,143197.203328,1051.12294635,0.82383850688,1.0,4093.69680289,0.799858916601,0.929021085888,0.00894913089317,0.456367424508,0.544918041126,1.0,1.0,0.835438588011,18.7088235294,0.648529411765,4150.5770795,471261.215014,54201054.9385,3.11764705882,-0.423529411765,1000.26764706,9.05503555794e-06,Class 1
0.686215397924,319.747058824,16261.1994258,347.056632008,0.842441508816,1.0,1083.97415061,0.437101175748,0.492653184903,0.0106465925065,0.40443175901,0.284465996256,1.0,1.0,0.851124107171,6.45588235294,0.827941176471,1094.2645795,102805.195518,10375840.5549,6.05,-0.119117647059,193.830882353,1.90677191324e-05,Class 1
0.581327854671,233.710294118,51020.2088754,606.831356273,0.837962609604,1.0,2209.87614055,0.586926036668,0.6759243992,0.00990758136894,0.424444814248,0.466028041163,1.0,1.0,0.848162440445,11.0830882353,0.761764705882,2234.16706112,236854.427547,25856505.978,4.48382352941,-0.172794117647,500.460294118,1.39370234177e-05,Class 1
0.508014705882,155.122058824,89857.4787544,812.059711052,0.838403255599,1.0,3108.05795086,0.697742895676,0.804485938919,0.00953979914576,0.429239329272,0.525428164571,1.0,1.0,0.849952918593,14.7169117647,0.711764705882,3146.80695083,345710.349207,38575920.31,3.11029411765,-0.243382352941,748.380882353,9.25051151295e-06,Class 1
0.610912629758,138.879411765,53533.3233348,586.736273552,0.877656358245,1.0,2236.16534238,0.549542415432,0.614727156148,0.0109174618837,0.346892968221,0.577454085344,1.0,1.0,0.885741802579,10.8264705882,0.780882352941,2258.30943244,243297.690704,26705600.4155,2.75294117647,-0.214705882353,530.195588235,8.28190140838e-06,Class 1
0.38642733564,323.539705882,110505.47292,930.858791935,0.746908808654,1.0,3419.82086264,0.831339742856,0.98351830966,0.00743731752811,0.557099834029,0.426698602356,1.0,1.0,0.763337672548,17.3757352941,0.619117647059,3474.73930377,367137.634087,39971507.4832,6.68382352941,-0.331617647059,788.342647059,1.92938889341e-05,Class 1
0.542776816609,93.3691176471,92293.6966905,820.928828699,0.878017102923,1.0,3250.10540675,0.607059482971,0.686956326338,0.0104796645221,0.330221153959,0.618678049214,1.0,1.0,0.885885894874,14.5360294118,0.735294117647,3283.21779642,376826.673515,43643619.8232,1.86617647059,-0.391911764706,797.916176471,5.56795148478e-06,Class 1
0.750839100346,238.076470588,11485.1408156,258.563157744,0.878700229041,1.0,812.70330005,0.349013059832,0.387604453602,0.0115804430688,0.320229258099,0.290392329509,1.0,1.0,0.885242862982,4.92205882353,0.866176470588,818.838660386,75591.2403906,7498680.04881,4.58529411765,-0.111764705882,145.344117647,1.41973949343e-05,Class 1
0.382932525952,320.263235294,111517.085506,927.364490464,0.745985352608,1.0,3419.68129158,0.844033647195,0.988866877184,0.00721395842344,0.565976492469,0.432107445113,1.0,1.0,0.759513999288,17.4477941176,0.616176470588,3475.6950023,365813.770539,39680059.6311,6.65441176471,-0.397794117647,789.402941176,1.90985006757e-05,Class 1
0.686531141869,92.3161764706,42687.636966,495.415179802,0.909347323749,1.0,1939.19191454,0.422016432899,0.470057059941,0.0115826056985,0.268977743105,0.627326253087,1.0,1.0,0.913043387725,8.96397058824,0.827941176471,1953.02606847,218169.149873,24697704.662,1.81029411765,-0.265441176471,465.457352941,5.50516064414e-06,Class 1
0.710817474048,286.208823529,14248.2540376,308.158700023,0.858764636243,1.0,973.510854353,0.407499822596,0.447260777418,0.0109946407331,0.372464604951,0.31434186651,1.0,1.0,0.865368830684,5.82058823529,0.842647058824,982.105755974,92618.9435414,9429957.13788,5.49705882353,-0.161764705882,174.155882353,1.70677080826e-05,Class 1
0.681401384083,279.173529412,18799.0285781,343.753690832,0.848847337988,1.0,1149.12881283,0.441492440114,0.502469399558,0.0106150316285,0.399261900211,0.297643099404,1.0,1.0,0.856601361816,6.71764705882,0.825,1159.9583295,109801.761665,11035848.8962,5.43235294118,-0.286764705882,220.405882353,1.66481670468e-05,Class 1
0.544671280277,156.432352941,84455.004581,812.740547449,0.866923469769,1.0,3125.07079006,0.61155692583,0.693885531545,0.010220486862,0.364547895093,0.559273462439,1.0,1.0,0.873080303802,14.0794117647,0.736764705882,3157.37928539,363579.492668,42467110.8274,2.94411764706,-0.263235294118,750.676470588,9.32864927694e-06,Class 1
0.696102941176,312.179411765,14270.4859024,315.035032744,0.848171234777,1.0,992.954053601,0.420715070971,0.470368467173,0.0108014908629,0.391123689104,0.279423407751,1.0,1.0,0.855328122283,6.04852941176,0.833823529412,1002.20079274,92943.7553549,9329471.73037,6.02058823529,-0.244117647059,172.694117647,1.86164318894e-05,Class 1
0.43312716263,340.670588235,83847.8785901,803.706448185,0.765469476452,1.0,2957.89986539,0.771340230981,0.898534765764,0.00798534142517,0.535092059444,0.429491221562,1.0,1.0,0.779286574484,15.2926470588,0.655882352941,3002.57763097,313772.751156,33954145.9091,6.86176470588,-0.573529411765,665.954411765,2.03154678483e-05,Class 1
0.693762975779,325.1,12546.6939821,296.882321347,0.841056184962,1.0,925.203129059,0.409022736564,0.460548570813,0.0106520666631,0.390635938162,0.239559406179,1.0,1.0,0.849108043408,5.88529411765,0.832352941176,933.93002068,82917.1949316,7997120.80637,6.27941176471,-0.323529411765,152.391176471,1.93869351379e-05,Class 1
0.375501730104,322.583823529,118134.072523,953.451852597,0.747181120341,1.0,3547.00272845,0.856034600991,0.997933944593,0.00728187851427,0.553612257873,0.446128053506,1.0,1.0,0.762258053897,17.9080882353,0.610294117647,3605.35217142,383253.568365,41962671.4936,6.63382352941,-0.500735294118,821.251470588,1.92368860759e-05,Class 1
0.397538927336,349.029411765,96730.7798435,863.720970244,0.753010301576,1.0,3171.94768204,0.81980980292,0.955901120077,0.00755193690528,0.545481500579,0.415556300375,1.0,1.0,0.766634519527,16.4764705882,0.627941176471,3223.24730009,335477.071144,36147725.2053,7.12352941176,-0.527941176471,719.069117647,2.08139359184e-05,Class 1
0.469411764706,460.145588235,53644.055099,696.049876494,0.744839685392,1.0,2327.35646709,0.736023190853,0.86173948769,0.0078253068231,0.62130697528,0.261806711772,1.0,1.0,0.758620715542,12.9816176471,0.683823529412,2363.41209789,232049.061466,23901873.1028,8.79852941176,-0.169852941176,476.222058824,2.74402112368e-05,Class 1
0.438923010381,329.013235294,77057.7866355,760.487514361,0.763855595736,1.0,2769.20241046,0.738796185894,0.864663635377,0.00782828043901,0.52621123928,0.385743247454,1.0,1.0,0.77748944597,14.7330882353,0.660294117647,2810.35492877,284713.453254,29838270.4787,6.70147058824,-0.443382352941,620.795588235,1.96202960693e-05,Class 1
0.351185121107,341.047058824,125091.897477,990.246245979,0.724558610407,1.0,3591.38572413,0.876547670828,1.04825560696,0.00677670171929,0.607714391671,0.370572823827,1.0,1.0,0.742006304945,18.5705882353,0.589705882353,3653.4090648,378059.854737,40234857.2952,7.00882352941,-0.136764705882,828.670588235,2.03379182048e-05,Class 1
0.727919550173,242.985294118,20532.6076413,360.970924288,0.873460953835,1.0,1230.02175321,0.400619528629,0.44398345153,0.0114149343101,0.355478068468,0.386613541459,1.0,1.0,0.880419694553,6.37647058824,0.852941176471,1239.2833295,130788.447534,14524961.337,4.50294117647,-0.167647058824,249.273529412,1.44901265349e-05,Class 1
0.874900519031,108.572058824,7372.22319906,140.144637523,0.948188375803,1.0,517.857837285,0.191741770466,0.204254286983,0.0136439297686,0.163623941199,0.459979961022,1.0,1.0,0.950736020794,2.7125,0.935294117647,519.563384651,54815.5118649,6129583.79986,2.00735294118,-0.274264705882,102.832352941,6.47456001905e-06,Class 1
0.786846885813,226.323529412,7255.56537094,204.365777229,0.899573868574,1.0,604.264172028,0.293900344109,0.322518204628,0.0122211221345,0.27059970629,0.263771745923,1.0,1.0,0.903563689871,3.91176470588,0.886764705882,608.288476562,52920.8824488,5017554.84808,4.30294117647,-0.0794117647059,95.6132352941,1.34965228695e-05,Class 1
0.74848183391,248.832352941,10119.1103285,232.699187155,0.88174120678,1.0,755.738123086,0.339240050136,0.376536110538,0.0116243039035,0.314461843097,0.275382582731,1.0,1.0,0.88652784993,4.79264705882,0.864705882353,761.528366268,66986.9639889,6344170.01037,4.78823529412,-0.382352941176,128.323529412,1.48388086332e-05,Class 1
0.738062283737,104.161764706,28944.3666563,374.040777229,0.919473469259,1.0,1450.61188848,0.377539415835,0.413420232353,0.01217509867,0.244900606765,0.652676133963,1.0,1.0,0.923238256359,6.99852941176,0.858823529412,1460.16439568,157293.01276,17274061.419,1.94117647059,-0.295588235294,339.219117647,6.21155760134e-06,Class 1
0.652616782007,304.569117647,22736.1482207,416.077633847,0.837803261023,1.0,1320.44548645,0.489509997013,0.555598468434,0.0103488254217,0.424544506818,0.307250726936,1.0,1.0,0.846535205946,7.56985294118,0.807352941176,1334.08268612,128425.14869,13096380.995,5.84852941176,0.118382352941,257.614705882,1.81626014421e-05,Class 2
0.776647923875,168.730882353,11854.7564908,245.537744141,0.910166943305,1.0,769.911142786,0.293104608676,0.328845158448,0.0123534480428,0.240663650092,0.366490863948,1.0,1.0,0.913998715058,4.54044117647,0.880882352941,774.581950827,71956.2284578,7057221.40383,3.33382352941,0.188970588235,151.604411765,1.00620568192e-05,Class 2
0.36464100346,509.830882353,99409.5633915,999.230575023,0.687752889913,1.0,3345.60873085,0.899481191273,1.04829503781,0.00640033655926,0.713299710289,0.30667337192,1.0,1.0,0.706601403207,17.4125,0.601470588235,3405.27294347,359345.578696,39672786.5883,9.89264705882,0.346323529412,724.404411765,3.04031321054e-05,Class 2
0.681258650519,162.239705882,30075.3013057,431.647716567,0.875586564264,1.0,1495.55442856,0.45104975812,0.510688774708,0.0110512745999,0.348296226874,0.455924849649,1.0,1.0,0.882996670764,7.78602941176,0.825,1508.4262523,154207.488008,16258114.1398,3.31323529412,0.247794117647,336.789705882,9.67496356421e-06,Class 2
0.736384083045,111.855882353,32270.1135692,449.725749655,0.910047614338,1.0,1619.55374098,0.371209401351,0.399169118477,0.0122646450584,0.268726502686,0.613256827041,1.0,1.0,0.916777769974,7.35588235294,0.857352941176,1629.41972656,188117.97239,22217187.6249,2.20294117647,0.251470588235,379.620588235,6.67038676088e-06,Class 2
0.63437716263,195.351470588,32987.0197882,463.990271714,0.871427094531,1.0,1586.30539291,0.477197375363,0.540560515117,0.0108127770869,0.335725341666,0.433088933782,1.0,1.0,0.876683277555,8.65514705882,0.795588235294,1601.51761259,156855.361483,15866347.2041,3.96323529412,0.275735294118,351.811764706,1.16495425696e-05,Class 2
0.648512110727,171.597058824,32730.4572352,457.262330538,0.87787637522,1.0,1567.36029356,0.456176173861,0.519638039505,0.0109699732375,0.313936023217,0.460733875284,1.0,1.0,0.883753694948,8.43529411765,0.804411764706,1581.49068244,156223.862355,15890548.6692,3.5,0.354411764706,352.736764706,1.02329776969e-05,Class 2
0.676392733564,194.732352941,36575.9709646,517.747578699,0.869714743846,1.0,1808.52198498,0.461952311119,0.523619290694,0.0111879257677,0.358545688936,0.469411790176,1.0,1.0,0.879777116658,8.61764705882,0.822058823529,1823.15612362,203664.25221,23453632.1985,3.69411764706,0.220588235294,407.375,1.16126222569e-05,Class 2
0.44571366782,348.847058824,91602.7442717,924.368810317,0.777702550428,1.0,3224.64211997,0.796538288373,0.910845298103,0.00823897734645,0.551442841457,0.40936629273,1.0,1.0,0.791732892671,15.8455882353,0.666176470588,3272.51439568,356496.773697,40062471.0951,6.51764705882,0.313235294118,731.411764706,2.0803061527e-05,Class 2
0.343434256055,573.626470588,88466.6061458,923.797119141,0.680092296513,1.0,3067.05595845,0.896004399234,1.05516252813,0.00628619025735,0.709674677756,0.243966332142,1.0,1.0,0.696258145294,17.0897058824,0.582352941176,3125.3677045,309757.405527,32299142.1927,11.1235294118,-0.0485294117647,638.469117647,3.42075028565e-05,Class 2
0.550553633218,156.548529412,70086.8717293,727.048084214,0.833953707667,1.0,2661.90341229,0.620631968977,0.724782894045,0.00946343128244,0.427674669497,0.500247248972,1.0,1.0,0.846611480785,12.8477941176,0.741176470588,2691.80823759,290899.086876,31974031.899,3.18676470588,0.256617647059,634.216176471,9.33557731662e-06,Class 2
0.930791522491,70.4647058824,1647.53989744,59.4174316406,0.966118925707,1.0,166.91729274,0.0959181003854,0.102295674044,0.0143008961397,0.0959181003854,0.312460234079,1.0,1.0,0.967591800386,1.14411764706,0.964705882353,167.20502068,13800.6355336,1255568.52292,1.39411764706,-6.93889390391e-17,24.2205882353,4.20207530744e-06,Class 2
0.546500865052,227.842647059,56126.2320406,654.977404067,0.823446010882,1.0,2294.55010442,0.609075377304,0.709737768259,0.00933671469507,0.446479269462,0.427353140769,1.0,1.0,0.833878582462,11.8448529412,0.738235294118,2321.55713465,239027.897912,25300640.7438,4.60147058824,0.321323529412,523.798529412,1.35871135656e-05,Class 2
0.570393598616,209.367647059,60935.9786381,699.572027229,0.870240656851,1.0,2505.23388643,0.556261196873,0.620219530342,0.0107311378136,0.357299030827,0.530819358889,1.0,1.0,0.876237474549,12.0588235294,0.752941176471,2530.24950597,278010.727336,31425517.804,3.91176470588,0.232352941176,580.597058824,1.24853798631e-05,Class 2
0.735938581315,209.091176471,13584.377251,279.931632008,0.887905897506,1.0,873.479889431,0.346579248872,0.389464537697,0.01167255758,0.289693230427,0.289637710139,1.0,1.0,0.892453086805,5.29264705882,0.857352941176,880.036454504,79981.6479848,7702505.43919,4.17058823529,0.15,167.901470588,1.24688928826e-05,Class 2
0.495640138408,239.686764706,80504.2499005,819.413617302,0.802102091226,1.0,2938.42947814,0.697620341857,0.816397889744,0.00875239916739,0.499784033857,0.447811922828,1.0,1.0,0.815477878118,14.3227941176,0.702941176471,2976.12092142,323149.126861,35936009.7689,4.79558823529,0.261029411765,684.555882353,1.42934228261e-05,Class 2
0.622707612457,134.989705882,48808.4278412,575.490961052,0.876296326384,1.0,2091.74203326,0.526135109949,0.58742262628,0.0109185431985,0.342408947873,0.573907803099,1.0,1.0,0.884531319106,10.2360294118,0.788235294118,2111.72882583,226498.59933,24848277.6654,2.79558823529,0.225735294118,494.504411765,8.04994362417e-06,Class 2
0.776474913495,186.357352941,10787.9948525,241.851576861,0.901119228088,1.0,736.141006181,0.305688784063,0.341239296482,0.0121437405385,0.268001975529,0.346159725352,1.0,1.0,0.905711697507,4.42426470588,0.880882352941,740.905296415,68278.7275014,6702392.97998,3.68088235294,0.191911764706,138.775,1.1113189523e-05,Class 2
0.619904844291,175.352941176,44975.286585,569.737606273,0.854432475476,1.0,2001.28619612,0.531943706798,0.606778843749,0.0103476089425,0.385894069632,0.522915555462,1.0,1.0,0.864243249733,9.96470588235,0.786764705882,2020.96127068,215288.103026,23569967.7549,3.58235294118,0.369117647059,461.713235294,1.0456955081e-05,Class 2
0.509896193772,227.441176471,78240.4797373,819.179426126,0.806457170885,1.0,2904.47109579,0.690459310862,0.807378283509,0.00877253865701,0.490009208354,0.461519384,1.0,1.0,0.819434861209,13.9867647059,0.713235294118,2940.87616039,323072.199203,36345981.5812,4.53529411765,0.467647058824,678.795588235,1.35631723652e-05,Class 2
0.572703287197,123.220588235,65572.0695563,686.188295611,0.874701449852,1.0,2528.68881065,0.603497119447,0.673098233889,0.010556640625,0.339062339329,0.598352199096,1.0,1.0,0.881808549149,12.1602941176,0.755882352941,2556.16035156,277427.268188,30688809.8551,2.53529411765,0.269117647059,608.614705882,7.34810689562e-06,Class 2
0.568287197232,157.469117647,59282.3644738,645.606402229,0.850444658694,1.0,2353.82521352,0.603465811101,0.685820791549,0.0100147667063,0.394133437126,0.521282695298,1.0,1.0,0.860410211543,11.7419117647,0.752941176471,2380.33764936,250942.8849,27072824.2466,3.26617647059,0.202205882353,556.083823529,9.39047545382e-06,Class 2
0.46446799308,145.835294118,116355.769314,980.726025391,0.838748973018,1.0,3653.67000666,0.744287325561,0.846353511508,0.00948951800389,0.416471605788,0.579545968379,1.0,1.0,0.849571902344,16.7911764706,0.679411764706,3701.00796186,419753.864532,48378810.7772,3.04411764706,0.313235294118,889.317647059,8.69670682211e-06,Class 2
0.782833044983,118.755882353,22963.0718483,375.454104435,0.955455110702,1.0,1266.2329774,0.243531715892,0.254390631484,0.0139081085099,0.122377977587,0.63104670611,1.0,1.0,0.9563633475,5.80294117647,0.882352941176,1271.1020795,148026.353181,17808610.0242,2.16764705882,0.473529411765,288.267647059,7.08185969983e-06,Class 2
0.475,245.829411765,91303.4914792,878.735584214,0.786509048974,1.0,3184.05698939,0.73854502669,0.872667037229,0.0083314297686,0.525341711534,0.424757786804,1.0,1.0,0.802452192812,15.3044117647,0.688235294118,3226.8114545,354747.582107,39900874.2002,4.88235294118,0.176470588235,745.723529412,1.4659731962e-05,Class 2
0.499961072664,209.791176471,82355.7435981,816.225749655,0.811856830138,1.0,2949.23147043,0.687874253912,0.804765988503,0.00885688121756,0.475673955918,0.493366391181,1.0,1.0,0.824609226681,14.3485294118,0.705882352941,2986.44564568,323237.292591,35793339.0392,4.16764705882,0.317647058824,694.611764706,1.25106365141e-05,Class 2
0.710419550173,101.35,44820.6385796,578.77313017,0.954012233428,1.0,2114.36519488,0.311100860353,0.324553189443,0.0136922510272,0.142774252015,0.691784644863,1.0,1.0,0.955555868346,9.07058823529,0.836764705882,2124.42303539,256230.961665,31397201.971,1.77647058824,0.361764705882,506.051470588,6.04388150176e-06,Class 2
0.643845155709,125.557352941,63233.8603111,742.092845244,0.923208369249,1.0,2720.88848333,0.401259239138,0.434465233076,0.0123721007245,0.223154812833,0.61699122897,1.0,1.0,0.926996444586,11.5375,0.797058823529,2737.8043773,332621.51771,40907996.6936,2.17205882353,0.416911764706,653.422058824,7.48745695955e-06,Class 2
0.526829584775,188.404411765,79628.3998281,810.942477597,0.824538978855,1.0,2953.2660376,0.66040504401,0.772327876376,0.00930535656358,0.453005375959,0.496790188088,1.0,1.0,0.836799801457,13.8566176471,0.725,2987.70272289,334715.59674,38273435.8218,3.83382352941,0.274264705882,700.257352941,1.12352633361e-05,Class 2
0.64062716263,119.635294118,47428.4229838,579.468626494,0.860602741678,1.0,2060.41434197,0.509468747282,0.592164752636,0.0105331896086,0.371573725033,0.563462521556,1.0,1.0,0.873074884613,9.89117647059,0.8,2079.07634421,226297.025756,25109191.299,2.55882352941,0.532352941176,490.169117647,7.1343023293e-06,Class 2
0.560160034602,74.7455882353,86614.2684026,831.974600758,0.8718218776,1.0,3121.41239153,0.557846300979,0.664330639928,0.0103832247513,0.350414611571,0.572591082768,1.0,1.0,0.881563813911,13.9389705882,0.747058823529,3150.463017,360953.846303,41649746.8987,1.63382352941,0.434558823529,769.364705882,4.45736041513e-06,Class 2
0.594982698962,250.195588235,38898.0876928,530.425106273,0.826802183088,1.0,1818.02769029,0.550677942566,0.632566095911,0.00974950665009,0.445975277735,0.381914936408,1.0,1.0,0.837912283119,9.80367647059,0.770588235294,1838.09463465,183259.63154,18945107.9221,5.01029411765,0.177205882353,397.280882353,1.49201034786e-05,Class 2
0.479143598616,280.298529412,83533.6886466,849.390133847,0.787599771297,1.0,3024.61505084,0.741578168084,0.862239577478,0.00843597940095,0.54554202657,0.422393506829,1.0,1.0,0.801560042929,14.7889705882,0.691176470588,3066.08617877,333590.604592,37294598.8922,5.48382352941,0.216911764706,696.908823529,1.6715255026e-05,Class 2
0.741020761246,226.795588235,21813.1273764,394.273957376,0.895843537169,1.0,1287.25873069,0.360913552345,0.392837399988,0.012055680958,0.294568708172,0.4111844321,1.0,1.0,0.901421640439,6.35808823529,0.860294117647,1295.51356847,142844.365763,16515225.0868,4.025,0.224264705882,267.377941176,1.35246735117e-05,Class 2
0.60848615917,201.408823529,43183.8883622,559.010124655,0.854549032823,1.0,1936.43251457,0.539070388327,0.619098207147,0.0102509664252,0.3912226165,0.458665063253,1.0,1.0,0.862936037835,10.0073529412,0.779411764706,1956.47064568,200467.995831,21101957.7197,3.93529411765,0.358823529412,439.077941176,1.20107652967e-05,Class 2
0.713140138408,166.282352941,26584.9473299,406.575657744,0.89191692493,1.0,1396.17303884,0.406747359351,0.450316865131,0.0116653262868,0.312531042232,0.465343182304,1.0,1.0,0.89800219772,7.08529411765,0.844117647059,1406.65060892,147683.043875,16004990.8051,3.23529411765,0.242647058824,310.313235294,9.91604180572e-06,Class 2
0.437028546713,147.314705882,130532.261376,1024.65575885,0.816928283824,1.0,3864.20644547,0.788289170401,0.912189794792,0.00901225264922,0.473609092771,0.525049146356,1.0,1.0,0.830700328264,17.8514705882,0.658823529412,3917.64307215,441856.372307,50634267.0912,3.21470588235,0.136764705882,943.139705882,8.78492970714e-06,Class 2
0.418594290657,304.758823529,110241.567294,981.336733111,0.750440409924,1.0,3532.4612418,0.836188979654,0.979401007568,0.0075144963776,0.60966797799,0.398267102026,1.0,1.0,0.768408296193,17.1426470588,0.645588235294,3586.95814568,393697.807584,44407287.8525,6.05882352941,0.136764705882,821.085294118,1.8173914317e-05,Class 2
0.749113321799,239.547058824,9368.09126517,247.017109949,0.886408956436,1.0,710.808845895,0.320601034287,0.354213278387,0.0118425267625,0.276527813152,0.270928196319,1.0,1.0,0.890626209712,4.62352941176,0.864705882353,716.058329504,62100.2013252,5849075.91335,4.74117647059,0.154411764706,119.272058824,1.42850916391e-05,Class 2
0.718183391003,210.104411765,18272.5999454,326.222762523,0.878829748253,1.0,1078.56000828,0.389098071729,0.436811605302,0.0113902668144,0.323585952612,0.362617689348,1.0,1.0,0.885554966036,6.1125,0.847058823529,1087.15897289,104571.585739,10566353.7611,4.10735294118,0.0375,219.454411765,1.25293159122e-05,Class 2
0.789238754325,102.072058824,17898.7713439,285.552128332,0.914987761423,1.0,997.362322466,0.308396716747,0.342146974031,0.012197265625,0.252711196939,0.556242714707,1.0,1.0,0.920690168092,5.09191176471,0.888235294118,1002.913017,103674.898601,11015533.7968,2.025,0.165441176471,225.369117647,6.08694058382e-06,Class 2
0.585782871972,170.997058824,67923.0313479,767.420878332,0.884269493877,1.0,2771.8194993,0.530025193628,0.589379141079,0.01136005758,0.324582083622,0.579475307505,1.0,1.0,0.890830158636,12.4132352941,0.761764705882,2796.3052045,328470.11195,39405019.8219,3.35588235294,0.432352941176,656.714705882,1.01971974413e-05,Class 2
0.815566608997,60.8411764706,16887.7987557,260.028920611,0.939763642675,1.0,923.510343421,0.263319082106,0.294258907614,0.0131392260489,0.181723129899,0.656955264355,1.0,1.0,0.944303745113,4.58529411765,0.902941176471,927.698403033,97612.0102923,10489521.0442,1.30294117647,0.238235294118,216.857352941,3.6281880712e-06,Class 2
0.420488754325,352.3,103723.31482,987.174738626,0.755929192891,1.0,3438.9498084,0.824853841291,0.968733603695,0.00769629244161,0.599020268331,0.392525947943,1.0,1.0,0.771717757668,16.875,0.647058823529,3491.83866039,379676.26778,42491837.4201,6.70588235294,0.458823529412,785.411764706,2.10089733899e-05,Class 2
0.576946366782,219.870588235,63968.0573366,738.380804802,0.832856525341,1.0,2649.9411989,0.585491954565,0.682609592038,0.00985865187067,0.440253957512,0.460263172827,1.0,1.0,0.845426907199,12.2779411765,0.758823529412,2676.81917509,304049.573381,35333684.7864,4.15882352941,0.25,614.620588235,1.31117097288e-05,Class 2
0.487694636678,256.622058824,82577.3148344,854.207275391,0.803774931115,1.0,2986.82167591,0.725737968073,0.838571591459,0.00889729536116,0.510353203874,0.462834701828,1.0,1.0,0.816392290631,14.5786764706,0.697058823529,3026.79481847,329221.28939,36786420.4457,5.06911764706,0.584558823529,692.998529412,1.53033380786e-05,Class 2
0.579649653979,193.616176471,48567.0525134,584.299830538,0.848933958697,1.0,2057.29483367,0.56176660561,0.641024750053,0.00995346966912,0.403658046261,0.467621095748,1.0,1.0,0.856471774742,10.7860294118,0.760294117647,2079.86889936,209416.332976,21620404.044,3.89264705882,0.286029411765,471.9,1.15460604579e-05,Class 2
0.568287197232,270.733823529,47164.4648632,600.069959214,0.846669046933,1.0,2082.12090607,0.587946354503,0.672191155309,0.0102243390463,0.412489308049,0.419345017919,1.0,1.0,0.854598404549,10.9727941176,0.752941176471,2106.21025965,213158.341791,22308707.5856,5.03676470588,0.113970588235,459.211764706,1.61448756579e-05,Class 2
0.601890138408,341.698529412,31835.5516004,520.280575023,0.83853798227,1.0,1670.15914603,0.548391800902,0.614463358915,0.0101804782115,0.418087162491,0.367324694766,1.0,1.0,0.844660134481,9.24044117647,0.775,1688.97386259,167152.641383,17417404.4492,6.33676470588,0.236029411765,337.107352941,2.0376767845e-05,Class 2
0.688719723183,227.827941176,22819.9610896,388.745832376,0.869608478495,1.0,1275.03722231,0.444758078366,0.489778788919,0.0110445839641,0.356686897169,0.396674706826,1.0,1.0,0.875738959768,7.00661764706,0.829411764706,1286.42956112,127804.193,13324126.9115,4.45147058824,0.193382352941,264.869117647,1.35862365985e-05,Class 2
0.713096885813,236.641176471,18828.7218004,341.794683479,0.869554709589,1.0,1130.37953961,0.410600668849,0.459232207327,0.0112632123162,0.354899866255,0.359479380633,1.0,1.0,0.877104694189,6.28970588235,0.844117647059,1139.7559398,112598.652264,11750523.9063,4.55882352941,-0.0411764705882,225.975,1.41118029504e-05,Class 3
0.659571799308,263.679411765,28794.0382048,455.902312155,0.841787054906,1.0,1534.70644138,0.48756885834,0.561483525582,0.0104249905385,0.416474193261,0.376964831577,1.0,1.0,0.852349978689,8.125,0.811764705882,1549.30005744,158415.670279,16911386.0937,5.00588235294,0.0441176470588,321.658823529,1.5724194565e-05,Class 3
0.494606401384,363.226470588,73066.096709,827.267615464,0.76771056461,1.0,2908.95450396,0.707219894143,0.805870090854,0.00853045928849,0.5858567823,0.356137597359,1.0,1.0,0.783493353175,14.1279411765,0.701470588235,2946.65557215,327100.427144,37637823.9923,7.01176470588,-0.00147058823529,646.298529412,2.16605599066e-05,Class 3
0.546794982699,330.972058824,40398.3768363,556.991420611,0.804985709277,1.0,1889.09782875,0.608484479362,0.698021516754,0.00915971696583,0.479462781081,0.321632764263,1.0,1.0,0.814724639187,10.6183823529,0.738235294118,1913.24573759,185628.472527,18842621.1294,6.53382352941,-0.0772058823529,395.9,1.97371080801e-05,Class 3
0.610852076125,308.932352941,29908.802677,476.265363626,0.820543820461,1.0,1568.38049818,0.542915823509,0.617144628822,0.00970348318555,0.459514304277,0.327258003292,1.0,1.0,0.830792196267,8.83823529412,0.780882352941,1586.17560892,153963.744311,15707682.9976,5.98529411765,0.0426470588235,319.586764706,1.84227975652e-05,Class 3
0.655246539792,259.066176471,22941.1390316,381.488663258,0.84964231818,1.0,1279.85120712,0.455523339643,0.525377677477,0.0104446569529,0.381538827028,0.271070223018,1.0,1.0,0.857322696065,7.45367647059,0.808823529412,1292.294267,121154.222917,11929168.2321,5.11911764706,-0.118382352941,258.539705882,1.5449090002e-05,Class 3
0.723170415225,190.519117647,19843.0733232,325.296200023,0.879407469562,1.0,1133.96625288,0.388222013419,0.435282965164,0.0114662291847,0.324025962308,0.413531516057,1.0,1.0,0.886688126008,6.19191176471,0.85,1142.65786994,113905.496958,11891034.4823,3.81911764706,-0.133088235294,238.227941176,1.13613711976e-05,Class 3
0.528987889273,240.155882353,64237.8982435,706.694591567,0.797184923758,1.0,2540.92422258,0.664081663491,0.771214376123,0.00888627946583,0.499991769111,0.436878240513,1.0,1.0,0.812571816317,12.6941176471,0.726470588235,2572.61715303,275076.951647,30307204.9834,4.96176470588,0.0514705882353,583.511764706,1.43213980749e-05,Class 3
0.508062283737,343.764705882,57977.7393608,686.203874655,0.768254646629,1.0,2423.28622864,0.701502877778,0.813399118047,0.00838955044334,0.562560549204,0.357240212853,1.0,1.0,0.784199803743,12.6220588235,0.711764705882,2456.63498392,256492.313633,27908553.6751,6.81764705882,-0.267647058824,528.611764706,2.04999817152e-05,Class 3
0.319878892734,504.419117647,125122.071837,1073.39647576,0.660543823716,1.0,3675.20208158,0.958929118532,1.1580054126,0.00573167847102,0.760524506354,0.270825824206,1.0,1.0,0.683557154566,19.3095588235,0.563235294118,3745.93581112,386463.886319,41355587.0974,9.825,0.199264705882,810.982352941,3.00804082317e-05,Class 3
0.348576989619,341.777941176,135001.581604,1045.18452723,0.70149735906,1.0,3794.12499265,0.914370561528,1.09032854103,0.00645622702206,0.681100046263,0.363492635316,1.0,1.0,0.724287656299,19.1551470588,0.588235294118,3860.95511259,408730.080635,44496398.0022,7.06617647059,-0.111029411765,880.392647059,2.0381503467e-05,Class 3
0.641098615917,187.283823529,34901.3833273,462.525106273,0.863186820145,1.0,1659.40865519,0.483253337951,0.555849899565,0.0106751121864,0.371294789588,0.425693862067,1.0,1.0,0.871610791315,8.80514705882,0.8,1675.09592142,167408.886167,17214543.4618,3.73970588235,-0.0477941176471,372.227941176,1.1168438447e-05,Class 3
0.730648788927,175.595588235,18951.7288923,315.81063017,0.894431903976,1.0,1081.83850502,0.370696050074,0.415691917832,0.0117875824503,0.287752156468,0.398707594795,1.0,1.0,0.900170658388,5.97867647059,0.854411764706,1089.81981847,106775.178245,10926457.5465,3.475,-0.00514705882353,228.742647059,1.04714250373e-05,Class 3
0.31660467128,299.835294118,173987.789671,1154.74073127,0.708958817538,1.0,4269.86918501,0.960612464982,1.15824594351,0.00640378325043,0.658019431576,0.380565630172,1.0,1.0,0.732425794728,21.2029411765,0.560294117647,4347.76825597,462505.860786,50242273.387,6.11764705882,-0.145588235294,1012.64558824,1.78803057493e-05,Class 3
0.414632352941,239.448529412,120362.339498,1002.4960162,0.757639976575,1.0,3638.62611433,0.836668732145,0.991285320892,0.00755673524005,0.578054178853,0.439028971286,1.0,1.0,0.776971332693,17.5904411765,0.642647058824,3694.59775965,403173.612276,44965415.6123,4.93088235294,0.333088235294,864.336764706,1.42792159599e-05,Class 3
0.447326989619,380.392647059,75651.1803068,809.291374655,0.745010024199,1.0,2816.34574073,0.776580062466,0.927547860002,0.00762675037846,0.620978477086,0.315021367858,1.0,1.0,0.761811061858,14.7375,0.667647058824,2859.68084789,294399.323041,31382829.4001,7.38970588235,-0.00661764705882,620.282352941,2.26842435418e-05,Class 3
0.487279411765,320.901470588,67028.8863863,745.891834214,0.760493562396,1.0,2612.73497191,0.72475668359,0.85242814082,0.00802115998054,0.575787079474,0.363810155249,1.0,1.0,0.778373759519,13.5169117647,0.697058823529,2649.70695083,275964.668187,29769307.6949,6.41029411765,0.0698529411765,582.623529412,1.91365610456e-05,Class 3
0.394900519031,349.304411765,99089.2117575,900.117615464,0.73004081234,1.0,3199.57472987,0.833350033945,0.993985535611,0.00706784575043,0.633231975813,0.34834129674,1.0,1.0,0.748066686168,16.6904411765,0.626470588235,3252.43084789,335158.314815,35710621.3832,7.075,-0.0227941176471,726.302941176,2.08303352022e-05,Class 3
0.810618512111,188.591176471,5667.15498601,172.442983111,0.910021462774,1.0,490.422465777,0.247363131055,0.2742128901,0.0125561270004,0.228125624412,0.262451193452,1.0,1.0,0.913542799285,3.3,0.9,493.214947151,41577.0653532,3842798.61433,3.74705882353,0.0382352941176,76.2588235294,1.12464008176e-05,Class 3
0.557370242215,373.248529412,36622.8342158,549.106540097,0.790916815145,1.0,1826.41572506,0.612549598254,0.69285021689,0.00902962126946,0.510282659785,0.310493796088,1.0,1.0,0.802962377597,10.2257352941,0.745588235294,1849.81834789,182628.65938,19053703.8601,7.23970588235,-0.121323529412,369.461764706,2.22582129499e-05,Class 3
0.855869377163,118.579411765,6300.14760401,142.168718405,0.941305477185,1.0,463.479429729,0.207142019458,0.224668481177,0.013431856888,0.169410005452,0.399069954923,1.0,1.0,0.943754294612,2.77794117647,0.925,465.39196921,43034.9826987,4247484.12605,2.32647058824,-0.075,86.7897058824,7.07133609525e-06,Class 3
0.505826124567,413.901470588,49164.7145836,661.545510685,0.763216278039,1.0,2209.61388689,0.693321250796,0.808833574695,0.00830973588884,0.579272298207,0.27928186036,1.0,1.0,0.777846506862,12.0977941176,0.710294117647,2241.17257583,223723.206011,23402155.8365,7.87794117647,-0.0404411764706,457.195588235,2.46825006575e-05,Class 3
0.50616349481,316.988235294,58401.7145779,690.798038258,0.779823296703,1.0,2394.75329608,0.683837684408,0.802861761862,0.00850917090182,0.542111293307,0.365352928694,1.0,1.0,0.79351945343,12.5985294118,0.710294117647,2427.17321921,249949.337576,26752130.5315,6.4,0.0838235294118,527.939705882,1.89032001141e-05,Class 3
0.395916955017,301.607352941,126141.228938,1033.2815401,0.725940816918,1.0,3783.10993239,0.868342347104,1.03180175091,0.00701053606185,0.640720500907,0.379466732523,1.0,1.0,0.749754805483,18.2933823529,0.627941176471,3843.609892,420498.608858,47087915.0615,5.96029411765,-0.0477941176471,886.072058824,1.79859802786e-05,Class 3
0.476202422145,285.972058824,65955.9915165,695.230437155,0.777594930066,1.0,2496.83865239,0.671886153805,0.805310586746,0.00818220831531,0.51296145929,0.328812882241,1.0,1.0,0.791650018375,13.4551470588,0.688235294118,2530.86761259,251311.406795,25725766.2901,5.88970588235,-0.1625,561.644117647,1.70535889131e-05,Class 3
0.510661764706,335.489705882,57940.4862461,704.349600758,0.790868624228,1.0,2428.53912435,0.678210164242,0.775928877127,0.00869988781358,0.508094213204,0.404765762573,1.0,1.0,0.801822796001,12.5433823529,0.713235294118,2460.54040671,260112.764137,28702741.021,6.61911764706,0.0889705882353,531.654411765,2.00065123573e-05,Class 3
0.520601211073,266.964705882,60137.7894715,683.93484892,0.793253044742,1.0,2417.41794567,0.658550146717,0.78090580743,0.00872840749351,0.503777579516,0.390019413953,1.0,1.0,0.807695036382,12.5,0.720588235294,2448.35024127,253681.00869,27123797.0309,5.42352941176,0.0867647058824,545.736764706,1.59201090035e-05,Class 3
0.449442041522,350.004411765,79083.704634,825.571108111,0.749310986885,1.0,2888.46075515,0.773082453247,0.905311930862,0.00764993106618,0.598469800707,0.361055884566,1.0,1.0,0.766625262385,14.8698529412,0.669117647059,2931.98783318,306862.952309,33249515.4698,6.91029411765,0.0860294117647,645.960294118,2.08720788337e-05,Class 3
0.666864186851,289.842647059,23201.6321273,410.444361788,0.849465768426,1.0,1339.90539801,0.475689577021,0.535051656614,0.0106875473075,0.399303391217,0.330965218678,1.0,1.0,0.857317391513,7.4375,0.816176470588,1352.90217142,134328.33808,14099912.2832,5.50441176471,-0.00220588235294,265.997058824,1.72844066401e-05,Class 3
0.489848615917,286.148529412,65193.5177582,697.035032744,0.792513827337,1.0,2502.1529025,0.687437811683,0.800959814223,0.00849403249351,0.513876938918,0.373242166595,1.0,1.0,0.804974626331,13.3051470588,0.698529411765,2536.60400965,254199.375769,26236474.2486,5.63382352941,-0.159558823529,563.029411765,1.70641125177e-05,Class 3
0.646198096886,258.891176471,25697.1379852,423.967891199,0.840044929578,1.0,1388.24717167,0.475311845012,0.540745385404,0.0103708572124,0.398825495462,0.364651232729,1.0,1.0,0.848966091027,7.83970588235,0.802941176471,1401.94748392,136323.212725,13951646.4143,5.25588235294,0.160294117647,286.008823529,1.54386540941e-05,Class 3
0.658356401384,281.629411765,19067.0622913,358.481172449,0.848155244838,1.0,1145.94379748,0.41619376676,0.480971944647,0.01049541117,0.358348063691,0.22954712692,1.0,1.0,0.854852957294,6.99264705882,0.810294117647,1156.53866039,104749.501236,10068852.9693,5.60882352941,-0.0294117647059,218.945588235,1.67946205438e-05,Class 3
0.622378892734,237.572058824,34650.2380714,496.558883847,0.835065129787,1.0,1689.77263845,0.520712211046,0.597873190919,0.0101731117539,0.422150427682,0.385882128641,1.0,1.0,0.846409685211,9.03455882353,0.788235294118,1707.19077436,172566.520048,18138873.4871,4.82205882353,0.194852941176,367.686764706,1.41673149646e-05,Class 3
0.248006055363,440.15,195834.800815,1239.2354923,0.669231412959,1.0,4421.12683901,1.02262454987,1.22924364745,0.00557596912846,0.704152801203,0.329536503142,1.0,1.0,0.688317786572,22.9264705882,0.492647058824,4510.99693244,467476.597999,49853169.1027,8.95294117647,-0.00735294117647,1018.42794118,2.62477991416e-05,Class 3
0.436621972318,130.811764706,137734.099033,1051.32409524,0.816234127907,1.0,3984.65244149,0.788293643378,0.919736459043,0.0088776289468,0.466484078387,0.537559891678,1.0,1.0,0.831765725093,18.25,0.658823529412,4039.29619715,456594.776756,52308664.2219,2.73235294118,0.139705882353,977.691176471,7.80079728582e-06,Class 3
0.427807093426,197.136764706,118982.666649,955.57234892,0.767951965172,1.0,3586.74654306,0.814010274505,0.975932637027,0.00765905466047,0.563218493956,0.451354231718,1.0,1.0,0.786153958695,17.2963235294,0.652941176471,3640.24040671,395564.024707,43778044.1999,4.16911764706,-0.0742647058824,861.316176471,1.17560063692e-05,Class 3
0.170722318339,303.948529412,407078.702926,1598.12069451,0.651590422169,1.0,5920.59704535,1.15089548598,1.41831464797,0.00500226400303,0.705545188512,0.387363111892,1.0,1.0,0.676128192561,29.1536764706,0.405882352941,6049.84059053,647895.54933,70585187.4789,6.58970588235,0.168382352941,1437.38382353,1.81255934326e-05,Class 3
0.570380622837,373.269117647,33359.2616981,537.347808479,0.812071138548,1.0,1720.59939526,0.600147848511,0.677434233296,0.00945626757137,0.476608818237,0.310129090087,1.0,1.0,0.820261115959,9.77720588235,0.754411764706,1742.48911994,169148.088829,17360474.5457,7.07794117647,0.136029411765,342.610294118,2.22594407037e-05,Class 3
0.485298442907,195.402941176,100282.870005,921.003874655,0.78778224382,1.0,3407.23209202,0.713623655451,0.855351849061,0.00833406547362,0.533279767424,0.449937878255,1.0,1.0,0.805304074423,15.7617647059,0.695588235294,3449.74546186,389689.038188,44784954.903,3.99117647059,0.169117647059,814.077941176,1.16526119543e-05,Class 3
0.524788062284,295.975,58501.6469142,698.33484892,0.793802459902,1.0,2421.13143694,0.673211671617,0.77350159995,0.00887073556445,0.519539118029,0.404174202082,1.0,1.0,0.807036046957,12.3845588235,0.723529411765,2452.48084789,258932.800063,28359557.4314,5.93088235294,0.202205882353,539.513235294,1.76501018992e-05,Class 3
0.463053633218,213.601470588,108491.697248,970.572670611,0.773252864735,1.0,3559.17008969,0.739036578384,0.89520010771,0.00795371296497,0.552571167849,0.439190691797,1.0,1.0,0.792228887987,16.5242647059,0.679411764706,3605.4075023,406313.947756,46596340.3756,4.32205882353,0.263970588235,848.467647059,1.27378586762e-05,Class 3
0.475298442907,335.126470588,66754.8053243,737.056494141,0.759286390709,1.0,2581.68723167,0.724906268256,0.852124560855,0.00793059985943,0.576908113733,0.339295791119,1.0,1.0,0.776284897448,13.6691176471,0.688235294118,2619.08939568,265991.227397,27953504.0205,6.63529411765,-0.0338235294118,571.417647059,1.99848512712e-05,Class 3
0.489744809689,319.242647059,66488.1786479,742.090961052,0.782955253691,1.0,2606.37240663,0.70439716842,0.817278824164,0.00843327611375,0.528988216033,0.387760189377,1.0,1.0,0.796272772153,13.4580882353,0.698529411765,2642.11430377,275662.483283,29787365.2478,6.28970588235,0.0154411764706,581.138235294,1.90376391626e-05,Class 3
0.76865916955,132.210294118,17559.2389805,287.031448185,0.907920543228,1.0,1000.33053622,0.323416053246,0.361704439071,0.012148065798,0.260663704512,0.425647909027,1.0,1.0,0.913734079401,5.3125,0.876470588235,1006.43544347,101510.605316,10609667.598,2.65147058824,0.0419117647059,218.722058824,7.88419685209e-06,Class 3
0.771094290657,149.591176471,17525.7854158,293.742431641,0.902423500426,1.0,1019.62259297,0.333773931927,0.371344255643,0.012140158683,0.278234057027,0.430290050983,1.0,1.0,0.909292080183,5.33382352941,0.877941176471,1025.96660156,105203.140322,11200459.3093,2.9,-0.00147058823529,219.260294118,8.92068420618e-06,Class 3
0.47374567474,371.364705882,61899.1517374,731.730299288,0.776912625841,1.0,2482.23602361,0.730909115494,0.842070773645,0.0083270369269,0.547626395725,0.348703386645,1.0,1.0,0.788480178771,13.3691176471,0.686764705882,2519.11807215,254120.398525,26737507.6335,7.20882352941,0.163235294118,537.355882353,2.2145873471e-05,Class 3
0.49223183391,329.204411765,56346.8987267,669.854885685,0.788423689931,1.0,2301.73523539,0.68051106155,0.787135239812,0.00851836207829,0.510491725408,0.332770739778,1.0,1.0,0.799311794761,12.6213235294,0.7,2334.0512523,229946.772038,23517730.2435,6.53970588235,0.0772058823529,501.605882353,1.9631696641e-05,Class 3
0.525060553633,271.005882353,55309.1833677,644.277587891,0.804978221184,1.0,2273.78439895,0.645423078019,0.746735834673,0.00894203476427,0.483826312017,0.380848314064,1.0,1.0,0.816331084707,12.0588235294,0.723529411765,2302.99362362,233048.188458,24374917.7206,5.48235294118,0.00735294117647,508.373529412,1.61610995483e-05,Class 3
0.640635813149,196.479411765,38886.2111663,518.969959214,0.848409652002,1.0,1829.98279681,0.512506319467,0.594975184411,0.0103592330774,0.418668201671,0.43397295388,1.0,1.0,0.859117921772,9.23970588235,0.8,1847.50777803,194131.962656,20987362.1036,3.90588235294,0.152941176471,413.045588235,1.17168059422e-05,Class 3
0.552815743945,273.704411765,49083.330866,605.869591567,0.805377748484,1.0,2134.61290607,0.62083088888,0.720177806324,0.00906219588019,0.48970695148,0.381389880327,1.0,1.0,0.817477888321,11.2375,0.742647058824,2160.73011259,221092.649592,23444645.707,5.49852941176,-0.0448529411765,472.107352941,1.63220230016e-05,Class 3
0.738252595156,172.602941176,18211.2986974,308.319683479,0.900432578548,1.0,1049.5477921,0.35572364751,0.397357883185,0.0118732766544,0.276282252439,0.441497880495,1.0,1.0,0.904819789994,5.81617647059,0.858823529412,1056.97101333,102798.089655,10416796.4824,3.35588235294,0.00882352941176,221.273529412,1.0292962243e-05,Class 4
0.842599480969,100.689705882,12964.6081166,215.642523552,0.945896140467,1.0,795.538206503,0.209946696161,0.227878449804,0.0134351684148,0.16115465095,0.53606583162,1.0,1.0,0.948000440724,3.77720588235,0.917647058824,798.195002298,91754.1868534,11000962.1326,1.95735294118,-0.141911764706,174.494117647,6.0045056813e-06,Class 4
0.723079584775,265.632352941,13902.0662686,303.504012523,0.872231611878,1.0,941.184657103,0.39352194918,0.435355919357,0.0113420807202,0.344892034943,0.301721997294,1.0,1.0,0.878294226117,5.62205882353,0.85,949.177630974,88473.6140693,8829146.70293,5.02941176471,-0.00147058823529,171.061764706,1.58406557889e-05,Class 4
0.85857266436,133.185294118,5565.82805958,148.146475758,0.934611516429,1.0,439.631301607,0.206960001058,0.221684407371,0.0133020991025,0.187377115421,0.37148938105,1.0,1.0,0.938143507525,2.675,0.926470588235,441.469542739,40613.5583823,4033415.88546,2.55882352941,0.0808823529412,77.1544117647,7.94233976738e-06,Class 4
0.456267301038,416.577941176,53391.6687673,679.115869141,0.777268378857,1.0,2246.54174795,0.68883138442,0.779314932563,0.00845909250649,0.505305773395,0.321225326088,1.0,1.0,0.784920378611,12.9477941176,0.672058823529,2280.12514936,217111.702168,21691582.446,8.29264705882,0.105147058824,466.291176471,2.48421086603e-05,Class 4
0.738096885813,100.507352941,24679.9850377,342.779472082,0.914464503693,1.0,1256.86342173,0.368197125647,0.408831947335,0.0120514908629,0.25664541404,0.546137272441,1.0,1.0,0.918285951577,6.46838235294,0.858823529412,1265.44684053,128801.995637,13405304.2534,2.07205882353,0.0316176470588,291.436764706,5.9936312899e-06,Class 4
0.033598615917,168.819117647,2107969.36796,2944.49679745,0.595772484618,1.0,11366.3651589,1.34345010337,1.71410798784,0.00419695474697,0.706399123509,0.35966719961,1.0,1.0,0.627433121976,51.2639705882,0.0955882352941,11633.6356273,1332937.29193,153649217.009,3.86911764706,-0.0948529411765,2867.80588235,1.00673186215e-05,Class 4
0.075964532872,599.304411765,621884.260808,1866.10295554,0.540530951984,1.0,6574.29261148,1.32188963671,1.61446817242,0.00348490889922,0.827520877642,0.325475994158,1.0,1.0,0.567158052576,34.0889705882,0.251470588235,6748.5325023,703139.532752,75431111.4241,12.2867647059,0.506617647059,1538.37205882,3.57387750191e-05,Class 4
0.389178200692,295.161764706,110944.667869,948.443120979,0.781267042475,1.0,3384.46770222,0.822244174482,0.934613001523,0.00809955530926,0.50639901471,0.485779791726,1.0,1.0,0.790334396436,17.3161764706,0.620588235294,3438.58057215,359401.037553,38673823.4329,6.1,0.276470588235,786.395588235,1.76016056214e-05,Class 4
0.640878027682,226.742647059,32680.2459024,454.869729435,0.843400802745,1.0,1626.44541979,0.486093864298,0.569516114823,0.0102563729996,0.403613068318,0.407624071107,1.0,1.0,0.85392763464,8.62426470588,0.8,1641.90088465,166781.04632,17584388.5951,4.51617647059,-0.2125,354.058823529,1.35215164304e-05,Class 4
0.858719723183,199.423529412,543.213245521,106.363847082,0.926937339408,1.0,228.837454996,0.185961832062,0.206849925865,0.0131789643707,0.185961832062,0.0381152423816,1.0,1.0,0.928643580789,2.02058823529,0.926470588235,230.054285386,13852.6353383,902144.830941,3.74705882353,-0.00882352941176,7.72058823529,1.18923747452e-05,Class 4
0.88607266436,129.298529412,2175.71048152,91.9363654642,0.945925658134,1.0,252.644525566,0.155625079639,0.170377626468,0.013647849535,0.149088412647,0.200501896675,1.0,1.0,0.947429581148,1.83602941176,0.941176470588,253.53470818,19601.542483,1676923.10207,2.48382352941,-0.0742647058824,31.1161764706,7.71055737658e-06,Class 4
0.473382352941,422.758823529,46618.3022307,669.316558479,0.752539601782,1.0,2077.06500368,0.651893045411,0.77311463524,0.00792809931877,0.545146748525,0.230609479848,1.0,1.0,0.765327092207,12.1911764706,0.685294117647,2106.90649127,197292.620851,19419840.239,8.44411764706,0.698529411765,421.417647059,2.52106979105e-05,Class 4
0.82624567474,173.411764706,9527.36495743,212.114076861,0.924175158435,1.0,682.437647203,0.253697405053,0.273914002684,0.0129627689771,0.221356120871,0.379721892802,1.0,1.0,0.927471072348,3.69558823529,0.908823529412,685.662557445,70723.8710718,7810491.9859,3.16176470588,-0.0441176470588,128.177941176,1.03411954306e-05,Class 4
0.725886678201,309.152941176,9016.78066171,272.483745979,0.863502637351,1.0,756.148206374,0.369426595666,0.409387340128,0.0111917103698,0.351513324223,0.213128473233,1.0,1.0,0.86816681102,5.01176470588,0.851470588235,762.792153033,65344.3059897,6142450.4381,5.90882352941,0.0808823529412,113.566176471,1.84359520709e-05,Class 4
0.593533737024,382.125,22942.0303087,431.385859949,0.810731273412,1.0,1359.06422486,0.530436772643,0.599383279583,0.00960670550389,0.453039337439,0.238670728445,1.0,1.0,0.818391825718,8.37867647059,0.769117647059,1375.51393612,125259.898006,12259175.5349,7.49264705882,-0.153676470588,248.608823529,2.27875502601e-05,Class 4
0.845012975779,53.7588235294,12713.6045416,203.498635685,0.952176574318,1.0,724.92804859,0.226385531004,0.244607257116,0.0135639124676,0.150447875002,0.642539752908,1.0,1.0,0.955220534438,3.70882352941,0.919117647059,727.772667739,74323.8231715,7758944.85103,1.14117647059,0.154411764706,168.619117647,3.20584074085e-06,Class 4
0.869545847751,73.7147058824,8581.94270061,163.800611788,0.958165676689,1.0,542.450900987,0.179120911716,0.195788891425,0.0138635718534,0.130184373507,0.583624845603,1.0,1.0,0.960140473173,2.90882352941,0.932352941176,544.140314798,53957.2316273,5555013.57172,1.40588235294,0.185294117647,117.697058824,4.39588502506e-06,Class 4
1.0,0.0,-0.015873015873,0.000244140625,1.0,1.0,0.0,-0.0,-0.0,0.015380859375,-0.0,nan,1.0,1.0,1.0,0.0,1.0,0.0009765625,-3.0517578125e-05,9.53674316406e-07,0.0,0.0,0.0,0.0,Class 4
0.939294982699,60.5,1277.81384266,56.7726246553,0.972509166276,1.0,135.778480883,0.0847960752235,0.0918234889846,0.0144779614511,0.0800115028115,0.28240981882,1.0,1.0,0.973372076945,0.969117647059,0.969117647059,135.979836857,10727.3227435,932905.14649,1.20294117647,0.15,18.9,3.60784243568e-06,Class 4
0.994130622837,7.06176470588,-0.0159205142161,3.52887465533,0.997060047999,1.0,7.05932706642,0.00872098265742,0.00960636499761,0.015289217939,0.00872098265742,0.000195809686254,1.0,1.0,0.997117647059,0.0720588235294,0.997058823529,7.05373391544,345.364821849,16912.0851109,0.144117647059,0.0,0.0,4.21119576474e-07,Class 4
0.826414359862,248.7,647.734605127,136.984527229,0.908914147591,1.0,282.616420908,0.227658390525,0.253171817266,0.0126754771302,0.226773008184,0.0575016859791,1.0,1.0,0.910832216557,2.5,0.908823529412,284.529653033,17288.3725223,1160314.20331,4.69411764706,0.0735294117647,9.03529411765,1.48309159298e-05,Class 4
0.936496539792,75.1279411765,530.809619941,37.9857220818,0.96868804862,1.0,106.339706599,0.0824236655731,0.0905822245823,0.014390780439,0.0824236655731,0.227220196345,1.0,1.0,0.96944445027,0.894852941176,0.967647058824,106.517061121,7056.42796092,529738.867754,1.48970588235,-0.147794117647,7.875,4.48016155838e-06,Class 4
0.610198961938,457.613235294,11507.6623151,362.889214729,0.80443730791,1.0,972.923185318,0.469849130862,0.537045458911,0.00958724183607,0.440438067098,0.124410400209,1.0,1.0,0.809793975763,6.99485294118,0.779411764706,984.975149357,77472.9308906,6695881.21795,8.85147058824,0.0404411764706,132.058823529,2.72891975111e-05,Class 4
0.807733564014,181.092647059,8128.44443626,198.653874655,0.912259626391,1.0,609.732487302,0.270927543673,0.297567841905,0.0125490308715,0.24606834455,0.336601216113,1.0,1.0,0.915707328552,3.69485294118,0.898529411765,613.202355239,56922.1745142,5714163.49166,3.51911764706,0.000735294117647,108.142647059,1.07992353198e-05,Class 4
0.866764705882,151.069117647,4984.41875863,151.143856273,0.939647564261,1.0,427.660027815,0.192924951699,0.207920806522,0.0133886042928,0.177091336388,0.377338489677,1.0,1.0,0.94198948501,2.58308823529,0.930882352941,429.294267004,39329.360647,3885695.30066,2.66323529412,0.115441176471,69.6367647059,9.00881939451e-06,Class 4
0.853209342561,213.547058824,269.138178512,108.54109892,0.923642646751,1.0,227.23891295,0.195814896365,0.218173561708,0.0130918509407,0.195814896365,0.0286324867432,1.0,1.0,0.925210871908,2.07205882353,0.923529411765,228.565498621,12998.9540222,775073.220405,4.0,-0.0382352941176,3.81911764706,1.27346138982e-05,Class 4
0.389325259516,583.275,69658.7472873,831.05828642,0.671035312745,1.0,2746.15968488,0.84353373123,1.00671980761,0.00624523545631,0.75233221132,0.224409648881,1.0,1.0,0.69031432031,15.3757352941,0.622058823529,2795.40695083,276034.330273,28724427.33,11.1955882353,-0.244852941176,553.513235294,3.47828809367e-05,Class 4
0.474939446367,532.869117647,30680.9507531,547.877909582,0.739818536059,1.0,1681.35288015,0.620786961652,0.729680784201,0.00788626594939,0.539868499569,0.136095433726,1.0,1.0,0.749376081901,10.9213235294,0.685294117647,1706.72257583,147894.347004,13788122.5198,10.5544117647,-0.230147058824,293.804411765,3.17769886828e-05,Class 4
0.810259515571,139.832352941,12271.8489448,241.566834214,0.913929548877,1.0,776.804067304,0.279036717354,0.306056621908,0.0125480171388,0.248643838204,0.487412305052,1.0,1.0,0.919709860455,4.20588235294,0.9,780.895829504,77862.4458449,8122787.7618,2.69117647059,0.204411764706,160.397058824,8.3387288731e-06,Class 4
0.962184256055,51.8441176471,-0.0161854168132,24.0696834789,0.980889477199,1.0,51.7418296497,0.0528515322671,0.0581638263082,0.014790799362,0.0528515322671,0.00149154557218,1.0,1.0,0.981244011472,0.497058823529,0.980882352941,51.7829618566,2707.17484885,141991.831963,0.994117647059,-0.0367647058824,0.0,3.0916596312e-06,Class 4
0.861405709343,155.605882353,2766.21020063,110.817385685,0.93619786313,1.0,309.53504359,0.186488783401,0.205617079019,0.0133483928958,0.171663959836,0.207743198345,1.0,1.0,0.937850006927,2.24705882353,0.927941176471,310.896564798,24148.9726947,2079308.85621,2.99705882353,-0.113235294118,38.8926470588,9.27936372884e-06,Class 4
0.883196366782,69.3764705882,7092.87900841,126.945740464,0.954452167013,1.0,462.813859359,0.171211174507,0.185421501512,0.0136907642193,0.147769673257,0.593153783283,1.0,1.0,0.956590188977,2.52205882353,0.939705882353,464.197483915,45580.6491222,4651471.02775,1.38235294118,-0.119117647059,98.7838235294,4.13717974588e-06,Class 4
0.897080449827,87.1661764706,3896.369781,94.7049316406,0.957010404244,1.0,308.265251364,0.147196791617,0.15837966857,0.0139062162089,0.128674293763,0.38931634053,1.0,1.0,0.958628732036,1.90661764706,0.947058823529,309.128825827,27682.9183561,2655731.92491,1.70441176471,-0.0801470588235,55.55,5.19804678391e-06,Class 4
0.794926470588,162.302941176,10025.4838571,210.50906767,0.921579842218,1.0,680.807497375,0.271084830045,0.29730456212,0.0127661048335,0.208786590264,0.373082714844,1.0,1.0,0.924357871136,4.07794117647,0.891176470588,684.647116268,62774.9493232,6095191.39815,3.16764705882,-0.0308823529412,130.713235294,9.67873452252e-06,Class 4
0.698628892734,176.788235294,23618.7108186,354.747808479,0.889072107724,1.0,1256.36577969,0.409587287364,0.459449398553,0.0114785291414,0.310138648325,0.420220899964,1.0,1.0,0.894710843544,6.92352941176,0.835294117647,1266.67671186,122696.976199,12301783.1661,3.46470588235,-0.116176470588,272.688235294,1.05425470648e-05,Class 4
0.708806228374,367.479411765,5656.32002335,266.046062155,0.852802322505,1.0,646.312010691,0.37452401798,0.416261167207,0.0110425564987,0.352478371627,0.115009623083,1.0,1.0,0.85691633944,4.85441176471,0.841176470588,652.838292739,49215.5356743,4138948.47575,7.02058823529,0.220588235294,71.4911764706,2.19141787769e-05,Class 4
0.970843425606,18.3955882353,1317.84862386,31.2224867877,0.98956176353,1.0,97.5769684311,0.0428545482485,0.0450037045224,0.0150163886786,0.0323779399045,0.622061658589,1.0,1.0,0.990095155709,0.565441176471,0.985294117647,97.602355239,9153.92446828,902668.200653,0.375,0.0404411764706,19.8191176471,1.09699808041e-06,Class 4
1.0,0.0,-0.015873015873,0.000244140625,1.0,1.0,0.0,-0.0,-0.0,0.015380859375,-0.0,nan,1.0,1.0,1.0,0.0,1.0,0.0009765625,-3.0517578125e-05,9.53674316406e-07,0.0,0.0,0.0,0.0,Class 4
0.950679065744,31.0882352941,2934.42783326,67.0932128906,0.982707122473,1.0,204.100601538,0.0776575111192,0.0785428934594,0.0147899207937,0.0584980083398,0.70614223437,1.0,1.0,0.983886879447,1.07794117647,0.975,204.29564568,20687.8057341,2184491.45051,0.585294117647,0.135294117647,43.3352941176,1.85390833958e-06,Class 4
0.586133217993,219.992647059,45942.1942041,564.629563994,0.843107341795,1.0,2023.72804348,0.573641388711,0.643498486731,0.00990251270545,0.412322644098,0.47350412175,1.0,1.0,0.850162516601,10.4875,0.764705882353,2046.15327436,211237.692624,22515799.7364,4.46029411765,-0.0375,456.867647059,1.31189885553e-05,Class 4
0.815834775087,189.022058824,5503.7673127,173.942477597,0.918850241355,1.0,483.596811404,0.245865574579,0.270537828543,0.0128028019572,0.212667774831,0.243567116469,1.0,1.0,0.921198067562,3.22132352941,0.902941176471,486.302722886,41736.8211882,3966668.37508,3.67205882353,0.0860294117647,74.4205882353,1.12720959521e-05,Class 4
0.823624567474,178.572058824,6395.75519677,183.214904067,0.919135697162,1.0,521.235671651,0.245321804166,0.272080480881,0.0127969223075,0.22816039973,0.293070243631,1.0,1.0,0.922277512584,3.2875,0.907352941176,523.991509651,46334.3963002,4420183.34264,3.39264705882,0.149264705882,86.4573529412,1.06489231678e-05,Class 4
0.877720588235,84.3411764706,6981.42005756,140.517615464,0.956901407763,1.0,470.250098674,0.180286637493,0.189418997966,0.013862287792,0.136994768991,0.535211387413,1.0,1.0,0.958709911213,2.61029411765,0.936764705882,471.774689798,45508.7764774,4577717.04388,1.58235294118,0.0338235294118,96.9397058824,5.02958141398e-06,Class 4
0.913866782007,80.4617647059,4678.78727548,107.714030905,0.965261205604,1.0,349.743805676,0.122662516851,0.131516340253,0.0142996796605,0.100859091395,0.397324449901,1.0,1.0,0.96691567225,1.81764705882,0.955882352941,350.394358915,37929.1399396,4396192.25986,1.49117647059,2.51534904017e-17,67.5397058824,4.79823750671e-06,Class 4
0.533157439446,493.858823529,23772.2210136,509.978231273,0.77344014299,1.0,1452.55124439,0.585860408923,0.669985896333,0.00869144004109,0.510572494842,0.174466995363,1.0,1.0,0.780919167601,9.43970588235,0.727941176471,1473.15042509,127761.478074,11970125.1871,9.57941176471,0.347058823529,245.117647059,2.94506581945e-05,Class 4
0.933555363322,61.0808823529,3053.69513921,64.2114573759,0.968776155772,1.0,239.560146761,0.102275107232,0.108472783613,0.0143878068231,0.0962729102169,0.52335978348,1.0,1.0,0.970398764973,1.32720588235,0.966176470588,239.927722886,24235.8417075,2626783.5357,1.175,-0.180147058824,44.7529411765,3.64248263408e-06,Class 4
0.85875432526,174.226470588,1576.85161932,113.146383847,0.931347863595,1.0,261.839874451,0.179166155683,0.201908934856,0.0132651316501,0.172977950122,0.0881938187623,1.0,1.0,0.932969566746,2.11911764706,0.926470588235,263.062557445,18022.7372943,1374385.48947,3.36176470588,0.075,22.275,1.03897794051e-05,Class 4
0.953559688581,61.0955882353,668.350931649,41.1434886259,0.976519306084,1.0,100.93109461,0.0660030363099,0.0716495123827,0.0146561080774,0.0660030363099,0.19359453976,1.0,1.0,0.977154495074,0.728676470588,0.976470588235,101.029009651,8068.22873356,739092.892502,1.13970588235,0.00514705882353,10.0058823529,3.64335960113e-06,Class 4
0.829117647059,182.348529412,6126.82277635,172.384573185,0.923652351132,1.0,514.522117348,0.22936533876,0.249140811276,0.0130508285575,0.19934813812,0.292361517153,1.0,1.0,0.926416055921,3.13161764706,0.910294117647,516.952171415,49980.7247986,5403876.33992,3.50735294118,-0.0419117647059,83.7485294118,1.08741283057e-05,Class 4
0.608070934256,227.204411765,45145.0831907,589.395464729,0.830628394134,1.0,2046.42013455,0.574083742349,0.663409031183,0.00981492620026,0.454501702649,0.426462706088,1.0,1.0,0.842771800728,10.2448529412,0.779411764706,2068.33654642,220326.037893,24227399.428,4.42794117647,0.261029411765,460.602941176,1.35490531957e-05,Class 4
0.50437283737,205.588235294,77532.9741623,759.749233111,0.845876810254,1.0,2797.10078052,0.69010198422,0.776422309912,0.00978627135597,0.419735744022,0.510351990454,1.0,1.0,0.853266087575,13.9617647059,0.708823529412,2833.42046186,297769.52038,31940815.7927,3.98823529412,2.60208521397e-17,657.394117647,1.22599993318e-05,Class 4
0.891509515571,66.6441176471,8418.58767992,161.243718405,0.960522507997,1.0,536.927822538,0.163155355072,0.170572595825,0.0139493336397,0.130423087076,0.608556155645,1.0,1.0,0.962399066494,2.59852941176,0.944117647059,538.27321921,59607.6364269,6845104.95852,1.27352941176,0.151470588235,117.988235294,3.97423926836e-06,Class 4
0.956410034602,47.0426470588,2114.85973057,51.7406853171,0.979661117679,1.0,172.86737696,0.0680796805395,0.0701846272515,0.0147449110619,0.0632893239206,0.487978020096,1.0,1.0,0.980707439437,0.919852941176,0.977941176471,172.999230239,17935.1451111,1984955.6415,0.833823529412,-0.0492647058824,31.5176470588,2.80532989001e-06,Class 4
0.956410034602,61.85,285.175852893,30.2416963465,0.978034763125,1.0,78.815086642,0.0657577155506,0.0701846272515,0.0147002392409,0.0657577155506,0.148203411217,1.0,1.0,0.978608720108,0.641176470588,0.977941176471,78.9002412684,5276.01705358,391394.285409,1.12941176471,-0.0852941176471,4.28235294118,3.68834801069e-06,Class 4
0.950722318339,51.6411764706,724.241411384,36.4538286994,0.978684689222,1.0,94.6862384317,0.0684067721634,0.0734034081334,0.0147015233023,0.0588289415837,0.167352724533,1.0,1.0,0.979079757293,0.733823529412,0.975,94.7916015625,6860.61787217,552857.314229,1.03235294118,-0.00147058823529,10.8102941176,3.07955748594e-06,Class 4
0.858814878893,162.220588235,3130.88746222,118.261227597,0.93738415526,1.0,336.107855753,0.180734604807,0.198430139017,0.0134371958802,0.156945434721,0.215534598047,1.0,1.0,0.938932511773,2.35735294118,0.926470588235,337.48571921,27184.3322564,2425970.63044,3.05882352941,-0.120588235294,43.8897058824,9.67382350705e-06,Class 4
0.930791522491,90.3279411765,263.068717816,46.9673856847,0.964865645485,1.0,105.577149683,0.0914911886845,0.10162730998,0.0143015043793,0.0914911886845,0.0453273496786,1.0,1.0,0.965716436343,0.949264705882,0.964705882353,105.798494945,6269.80089004,406700.165041,1.75147058824,-0.0389705882353,3.89705882353,5.38659469924e-06,Class 4
0.956435986159,60.8352941176,-0.0162343337039,37.4812184053,0.977949307944,1.0,60.6994688793,0.0603282577548,0.0659747338275,0.0147010502271,0.0603282577548,0.00192056446491,1.0,1.0,0.978355946727,0.577941176471,0.977941176471,60.7640280331,3210.72357644,170449.01514,1.15588235294,0.125,0.0,3.62783728438e-06,Class 4
1.0,0.0,-0.015873015873,0.000244140625,1.0,1.0,0.0,-0.0,-0.0,0.015380859375,-0.0,nan,1.0,1.0,1.0,0.0,1.0,0.0009765625,-3.0517578125e-05,9.53674316406e-07,0.0,0.0,0.0,0.0,Class 4
0.970860726644,37.3588235294,-0.0161123785439,18.668075023,0.985299906352,1.0,37.3045198666,0.0375864637692,0.0420133754702,0.0149264367971,0.0375864637692,0.00112541727279,1.0,1.0,0.9855802502,0.370588235294,0.985294117647,37.3134765625,1879.74092766,94707.1724863,0.741176470588,-1.38777878078e-17,0.0,2.22784708887e-06,Class 4
0.959294982699,49.1838235294,264.40245176,30.4624224494,0.980889814656,1.0,64.9622488601,0.0583112119111,0.0636235059522,0.0147905290333,0.0535198963303,0.0992831483948,1.0,1.0,0.981252590628,0.561029411765,0.979411764706,65.0205537684,4147.21727331,298657.106433,0.969117647059,0.0375,3.97647058824,2.93301629221e-06,Class 4
0.698416955017,181.345588235,25135.3928535,392.461273552,0.873288715137,1.0,1334.06004848,0.427061554997,0.476077198232,0.0111229792928,0.344840106693,0.474991354082,1.0,1.0,0.880463791913,7.05073529412,0.835294117647,1345.04169347,137772.206678,14705913.931,3.71911764706,0.219852941176,291.144117647,1.0814319153e-05,Class 4
0.988278546713,15.0029411765,-0.0159682270958,7.49707318474,0.994119953411,1.0,14.9928849264,0.0174381973545,0.0192089620348,0.0151978468317,0.0174381973545,0.000392235811013,1.0,1.0,0.994231878272,0.148529411765,0.994117647059,14.9853515625,756.39137286,38185.3661814,0.297058823529,0.0,0.0,8.94681782421e-07,Class 4
1.0,0.0,-0.015873015873,0.000244140625,1.0,1.0,0.0,-0.0,-0.0,0.015380859375,-0.0,nan,1.0,1.0,1.0,0.0,1.0,0.0009765625,-3.0517578125e-05,9.53674316406e-07,0.0,0.0,0.0,0.0,Class 4
0.813330449827,131.044117647,9167.5978693,192.368304802,0.933108505365,1.0,612.193838806,0.234186251803,0.260775997737,0.0130992849805,0.177720998123,0.348189019354,1.0,1.0,0.935315155801,3.68529411765,0.901470588235,615.131491268,55749.6010667,5321930.45645,2.63235294118,0.113235294118,121.136764706,7.81465336518e-06,Class 4
0.74134083045,159.030882353,16200.0385267,278.744315832,0.910699956935,1.0,944.489309825,0.321094290913,0.357764956627,0.0122071326233,0.228482809816,0.403705203371,1.0,1.0,0.913296707123,5.47573529412,0.860294117647,950.735627298,88636.4468057,8622503.62063,3.22794117647,0.0316176470588,198.097058824,9.48360935433e-06,Class 4
0.579247404844,367.545588235,33249.7247698,530.416466567,0.813820344707,1.0,1726.04740203,0.583503012998,0.662097985394,0.00958839073313,0.474350644472,0.309561042412,1.0,1.0,0.82246289254,9.65661764706,0.760294117647,1747.03948759,172401.336469,17985684.3337,6.98382352941,0.0360294117647,345.175,2.19181251286e-05,Class 4
0.686483564014,204.079411765,24849.7111218,393.047027229,0.883662073182,1.0,1331.40278067,0.429312705043,0.475557334321,0.0114316946907,0.325130201956,0.440005815473,1.0,1.0,0.889083995113,7.23235294118,0.827941176471,1342.73516774,133628.443909,13893413.784,3.97058823529,0.117647058824,284.889705882,1.21700225126e-05,Class 4
0.389178200692,295.161764706,110944.667869,948.443120979,0.781267042475,1.0,3384.46770222,0.822244174482,0.934613001523,0.00809955530926,0.50639901471,0.485779791726,1.0,1.0,0.790334396436,17.3161764706,0.620588235294,3438.58057215,359401.037553,38673823.4329,6.1,0.276470588235,786.395588235,1.76016056214e-05,Class 4
0.858719723183,199.423529412,543.213245521,106.363847082,0.926937339408,1.0,228.837454996,0.185961832062,0.206849925865,0.0131789643707,0.185961832062,0.0381152423816,1.0,1.0,0.928643580789,2.02058823529,0.926470588235,230.054285386,13852.6353383,902144.830941,3.74705882353,-0.00882352941176,7.72058823529,1.18923747452e-05,Class 4
0.88607266436,129.298529412,2175.71048152,91.9363654642,0.945925658134,1.0,252.644525566,0.155625079639,0.170377626468,0.013647849535,0.149088412647,0.200501896675,1.0,1.0,0.947429581148,1.83602941176,0.941176470588,253.53470818,19601.542483,1676923.10207,2.48382352941,-0.0742647058824,31.1161764706,7.71055737658e-06,Class 4
1.0,0.0,-0.015873015873,0.000244140625,1.0,1.0,0.0,-0.0,-0.0,0.015380859375,-0.0,nan,1.0,1.0,1.0,0.0,1.0,0.0009765625,-3.0517578125e-05,9.53674316406e-07,0.0,0.0,0.0,0.0,Class 4
0.994130622837,7.06176470588,-0.0159205142161,3.52887465533,0.997060047999,1.0,7.05932706642,0.00872098265742,0.00960636499761,0.015289217939,0.00872098265742,0.000195809686254,1.0,1.0,0.997117647059,0.0720588235294,0.997058823529,7.05373391544,345.364821849,16912.0851109,0.144117647059,0.0,0.0,4.21119576474e-07,Class 4
0.826414359862,248.7,647.734605127,136.984527229,0.908914147591,1.0,282.616420908,0.227658390525,0.253171817266,0.0126754771302,0.226773008184,0.0575016859791,1.0,1.0,0.910832216557,2.5,0.908823529412,284.529653033,17288.3725223,1160314.20331,4.69411764706,0.0735294117647,9.03529411765,1.48309159298e-05,Class 4
0.610198961938,457.613235294,11507.6623151,362.889214729,0.80443730791,1.0,972.923185318,0.469849130862,0.537045458911,0.00958724183607,0.440438067098,0.124410400209,1.0,1.0,0.809793975763,6.99485294118,0.779411764706,984.975149357,77472.9308906,6695881.21795,8.85147058824,0.0404411764706,132.058823529,2.72891975111e-05,Class 4
0.474939446367,532.869117647,30680.9507531,547.877909582,0.739818536059,1.0,1681.35288015,0.620786961652,0.729680784201,0.00788626594939,0.539868499569,0.136095433726,1.0,1.0,0.749376081901,10.9213235294,0.685294117647,1706.72257583,147894.347004,13788122.5198,10.5544117647,-0.230147058824,293.804411765,3.17769886828e-05,Class 4
0.810259515571,139.832352941,12271.8489448,241.566834214,0.913929548877,1.0,776.804067304,0.279036717354,0.306056621908,0.0125480171388,0.248643838204,0.487412305052,1.0,1.0,0.919709860455,4.20588235294,0.9,780.895829504,77862.4458449,8122787.7618,2.69117647059,0.204411764706,160.397058824,8.3387288731e-06,Class 4
0.738096885813,100.507352941,24679.9850377,342.779472082,0.914464503693,1.0,1256.86342173,0.368197125647,0.408831947335,0.0120514908629,0.25664541404,0.546137272441,1.0,1.0,0.918285951577,6.46838235294,0.858823529412,1265.44684053,128801.995637,13405304.2534,2.07205882353,0.0316176470588,291.436764706,5.9936312899e-06,Class 4
0.883196366782,69.3764705882,7092.87900841,126.945740464,0.954452167013,1.0,462.813859359,0.171211174507,0.185421501512,0.0136907642193,0.147769673257,0.593153783283,1.0,1.0,0.956590188977,2.52205882353,0.939705882353,464.197483915,45580.6491222,4651471.02775,1.38235294118,-0.119117647059,98.7838235294,4.13717974588e-06,Class 4
0.794926470588,162.302941176,10025.4838571,210.50906767,0.921579842218,1.0,680.807497375,0.271084830045,0.29730456212,0.0127661048335,0.208786590264,0.373082714844,1.0,1.0,0.924357871136,4.07794117647,0.891176470588,684.647116268,62774.9493232,6095191.39815,3.16764705882,-0.0308823529412,130.713235294,9.67873452252e-06,Class 4
1.0,0.0,-0.015873015873,0.000244140625,1.0,1.0,0.0,-0.0,-0.0,0.015380859375,-0.0,nan,1.0,1.0,1.0,0.0,1.0,0.0009765625,-3.0517578125e-05,9.53674316406e-07,0.0,0.0,0.0,0.0,Class 4
0.950679065744,31.0882352941,2934.42783326,67.0932128906,0.982707122473,1.0,204.100601538,0.0776575111192,0.0785428934594,0.0147899207937,0.0584980083398,0.70614223437,1.0,1.0,0.983886879447,1.07794117647,0.975,204.29564568,20687.8057341,2184491.45051,0.585294117647,0.135294117647,43.3352941176,1.85390833958e-06,Class 4
0.456267301038,416.577941176,53391.6687673,679.115869141,0.777268378857,1.0,2246.54174795,0.68883138442,0.779314932563,0.00845909250649,0.505305773395,0.321225326088,1.0,1.0,0.784920378611,12.9477941176,0.672058823529,2280.12514936,217111.702168,21691582.446,8.29264705882,0.105147058824,466.291176471,2.48421086603e-05,Class 4
0.792785467128,244.222058824,3137.8996804,164.093718405,0.899210626749,1.0,410.323814553,0.24831569342,0.278056162147,0.0123255366025,0.228838126128,0.0972563391308,1.0,1.0,0.901569973128,3.22279411765,0.889705882353,413.061362592,29752.2846159,2408342.03012,4.81029411765,-0.00220588235294,42.3102941176,1.45638794637e-05,Class 4
0.615601211073,138.335294118,46700.9704,495.764122817,0.865584435282,1.0,1995.04674002,0.51653037493,0.595987229294,0.0106117201016,0.371129715426,0.527642151061,1.0,1.0,0.874753119506,10.1338235294,0.783823529412,2014.45189568,207252.650524,21728614.2775,2.92058823529,-0.789705882353,469.345588235,8.2494536276e-06,Class 4
0.144346885813,672.692647059,257271.922805,1403.35240407,0.534179461706,1.0,4783.0781191,1.10620031666,1.4020157088,0.00345179363106,0.848007902584,0.17246021742,1.0,1.0,0.562273786046,26.5036764706,0.367647058824,4895.81595818,482151.298785,49269642.4051,13.6691176471,0.203676470588,1056.60882353,4.01151913757e-05,Class 4
0.797525951557,149.422058824,9536.84770772,203.239398552,0.920023199163,1.0,643.866457496,0.255090241062,0.287259382709,0.0126439162522,0.207919269583,0.300428866702,1.0,1.0,0.922959152745,3.94044117647,0.892647058824,647.330480239,58015.5765047,5499808.0105,3.01323529412,0.0772058823529,124.6,8.91059908513e-06,Class 4
0.813330449827,131.044117647,9167.5978693,192.368304802,0.933108505365,1.0,612.193838806,0.234186251803,0.260775997737,0.0130992849805,0.177720998123,0.348189019354,1.0,1.0,0.935315155801,3.68529411765,0.901470588235,615.131491268,55749.6010667,5321930.45645,2.63235294118,0.113235294118,121.136764706,7.81465336518e-06,Class 4
0.953555363322,32.6397058824,2880.6380712,42.2268985524,0.979470404647,1.0,203.023993839,0.0714324941057,0.0732032587861,0.0146554998378,0.0693275473938,0.866801137675,1.0,1.0,0.980854372163,1.04044117647,0.976470588235,203.187097886,21245.0054684,2313734.91734,0.616176470588,-0.293382352941,42.6691176471,1.94642836315e-06,Class 4
0.0930363321799,1062.29411765,305995.697008,1621.73728458,0.387816908853,1.0,5259.15512273,1.34741313254,1.68478803153,0.00188152168036,1.17060945481,0.118372176717,1.0,1.0,0.423169625777,29.2382352941,0.292647058824,5411.26972656,543874.536912,57564760.1456,20.6,0.0705882352941,1088.15735294,6.3348591683e-05,Class 4
0.264524221453,296.875,242482.689442,1431.88420554,0.744296780864,1.0,5121.78218499,0.905698672757,1.02592636029,0.00725437256704,0.555649761134,0.519316571637,1.0,1.0,0.759307000495,24.6904411765,0.494117647059,5207.32496553,574840.114263,65164118.9842,6.35147058824,0.905147058824,1228.38382353,1.77037722825e-05,Class 4
0.877941176471,143.283823529,1637.95888628,96.8868709789,0.940782016654,1.0,235.716150908,0.156391454904,0.175235571291,0.0135660750973,0.148969592843,0.124423944299,1.0,1.0,0.942439326075,1.84926470588,0.936764705882,236.618347886,16988.2136083,1371191.34083,2.80735294118,0.0375,23.3911764706,8.54455303927e-06,Class 4
0.718620242215,251.711764706,12996.0395887,281.442707376,0.874442028329,1.0,882.302568428,0.358614763188,0.408689300131,0.0113221439771,0.31187819323,0.260007943764,1.0,1.0,0.879205065481,5.49264705882,0.847058823529,889.367336857,79624.2426309,7638059.16896,4.95,-0.075,159.585294118,1.50105187813e-05,Class 4
0.956418685121,18.9926470588,2567.1926408,53.2322294347,0.987796967655,1.0,170.86681266,0.0663089158591,0.0689650628797,0.0148806160792,0.0458779674253,0.666840563656,1.0,1.0,0.988132174239,0.934558823529,0.977941176471,170.994450827,16426.2476789,1621974.66836,0.383823529412,0.1125,38.0294117647,1.13260294256e-06,Class 4
0.930791522491,90.3279411765,263.068717816,46.9673856847,0.964865645485,1.0,105.577149683,0.0914911886845,0.10162730998,0.0143015043793,0.0914911886845,0.0453273496786,1.0,1.0,0.965716436343,0.949264705882,0.964705882353,105.798494945,6269.80089004,406700.165041,1.75147058824,-0.0389705882353,3.89705882353,5.38659469924e-06,Class 4
0.933576989619,94.7382352941,-0.0164322000549,49.3285070083,0.966188780327,1.0,94.4115290756,0.0939724841383,0.104045871912,0.014344216317,0.0939724841383,0.00251567040159,1.0,1.0,0.966808334049,0.892647058824,0.966176470588,94.6276309743,5047.94407851,271001.414081,1.78529411765,0.0382352941176,0.0,5.64959711695e-06,Class 4
0.953546712803,38.7720588235,2805.34947482,67.7765309053,0.981299157447,1.0,204.955825599,0.0719836944143,0.0737544590947,0.0147897856293,0.0597175727116,0.561205436593,1.0,1.0,0.982396560544,1.03455882353,0.976470588235,205.120186121,22154.4036876,2520716.71065,0.713235294118,0.100735294118,41.6191176471,2.31212362219e-06,Class 4
0.136120242215,937.492647059,225927.48887,1408.88572208,0.434652652797,1.0,4683.94839567,1.24705031037,1.5674063707,0.00244029114403,1.09448264662,0.140797228943,1.0,1.0,0.468775770491,26.1639705882,0.360294117647,4809.634892,481276.45378,50758563.2187,18.4897058824,-0.475735294118,968.852941176,5.59062108297e-05,Class 4
0.815743944637,167.407352941,7455.20767814,189.331494141,0.92192989398,1.0,562.747204007,0.251079832942,0.277195227079,0.0128422023681,0.21257707437,0.284919271425,1.0,1.0,0.925077205035,3.49632352941,0.902941176471,565.759524357,50552.7881488,4846033.11652,3.21911764706,0.115441176471,99.6970588235,9.9831297849e-06,Class 4
0.875570934256,144.739705882,1297.18512756,96.5798856847,0.942669794965,1.0,217.861345605,0.141169566024,0.158267460127,0.013663596183,0.120891578665,0.0791265868165,1.0,1.0,0.943766787113,1.80955882353,0.935294117647,218.638017004,14695.9406735,1111167.13031,2.88088235294,0.1125,18.5308823529,8.63137277703e-06,Class 4
0.541085640138,516.835294118,17114.5659516,443.75906767,0.767024230851,1.0,1228.33224352,0.531524903298,0.610377581415,0.00872908331531,0.47106926224,0.138218906264,1.0,1.0,0.774550191293,8.60882352941,0.732352941176,1245.2778148,101402.696,9078201.01729,10.2147058824,0.05,182.379411765,3.08208315103e-05,Class 4
0.875570934256,144.739705882,1297.18512756,96.5798856847,0.942669794965,1.0,217.861345605,0.141169566024,0.158267460127,0.013663596183,0.120891578665,0.0791265868165,1.0,1.0,0.943766787113,1.80955882353,0.935294117647,218.638017004,14695.9406735,1111167.13031,2.88088235294,0.1125,18.5308823529,8.63137277703e-06,Class 4
0.683944636678,118.636764706,33461.3299854,420.460768038,0.895888805038,1.0,1584.99504388,0.414773915988,0.481300629091,0.0114270315203,0.294951313897,0.519981260524,1.0,1.0,0.901482842235,8.05661764706,0.826470588235,1597.18360524,164480.953656,17286075.6747,2.45147058824,-0.158088235294,369.888235294,7.07475626674e-06,Class 4
0.997063148789,3.53088235294,-0.0158967473044,3.52887465533,0.998530024,1.0,3.53021313688,0.00480365279968,0.00480365279968,0.0153349710748,0.00480365279968,nan,1.0,1.0,0.998558823529,0.0360294117647,0.998529411765,3.52735523897,172.682395666,8456.04255592,0.0720588235294,0.0360294117647,0.0,2.10559788237e-07,Class 4
0.997063148789,3.53088235294,-0.0158967473044,3.52887465533,0.998530024,1.0,3.53021313688,0.00480365279968,0.00480365279968,0.0153349710748,0.00480365279968,nan,1.0,1.0,0.998558823529,0.0360294117647,0.998529411765,3.52735523897,172.682395666,8456.04255592,0.0720588235294,0.0360294117647,0.0,2.10559788237e-07,Class 4
0.527301038062,458.329411765,26745.0196554,512.926714729,0.773916576038,1.0,1521.39564977,0.566702267735,0.661649507922,0.00871063338019,0.478076678817,0.154080268681,1.0,1.0,0.783114731383,9.71911764706,0.723529411765,1541.89196921,135636.308388,12819206.4775,9.08235294118,0.257352941176,271.194117647,2.73319058064e-05,Class 4
0.864061418685,76.1838235294,8656.95398866,164.060676126,0.94543732664,1.0,547.968172929,0.195856417009,0.210048220054,0.0135176862565,0.159759660223,0.587698466822,1.0,1.0,0.949188270303,2.95220588235,0.929411764706,549.874597886,55014.0687841,5739229.65553,1.58088235294,0.149264705882,118.514705882,4.54312779243e-06,Class 4
0.674710207612,243.573529412,20355.4079253,336.712606273,0.865179366592,1.0,1171.17155338,0.421156905851,0.473599110361,0.0110085626622,0.344221589549,0.328491137965,1.0,1.0,0.871531197753,6.90147058824,0.820588235294,1181.75888097,109582.081492,10685831.5991,4.83823529412,-0.379411764706,234.761764706,1.45252052169e-05,Class 4
0.831578719723,108.605882353,10661.702489,208.642891199,0.934331634748,1.0,673.367106832,0.246339773281,0.267794532324,0.0130929322556,0.199881940433,0.501823488231,1.0,1.0,0.937473012044,3.65294117647,0.911764705882,676.450241268,67767.6202705,7127769.64771,2.16764705882,0.252941176471,142.075,6.47657704327e-06,Class 4
0.831578719723,108.605882353,10661.702489,208.642891199,0.934331634748,1.0,673.367106832,0.246339773281,0.267794532324,0.0130929322556,0.199881940433,0.501823488231,1.0,1.0,0.937473012044,3.65294117647,0.911764705882,676.450241268,67767.6202705,7127769.64771,2.16764705882,0.252941176471,142.075,6.47657704327e-06,Class 4
0.63696799308,266.547058824,24573.9051203,403.199049288,0.855985904113,1.0,1337.40481651,0.465484775576,0.523308679231,0.0106714627487,0.363446094907,0.30563927459,1.0,1.0,0.862264106067,7.86029411765,0.797058823529,1350.84196921,125297.327276,12192068.9994,5.27058823529,-0.0102941176471,271.319117647,1.58952031393e-05,Class 4
0.965043252595,38.8220588235,794.715668997,37.3915584789,0.98353408636,1.0,86.5022066009,0.0549252996068,0.0575814466273,0.0148348629433,0.0549252996068,0.421492557884,1.0,1.0,0.984189267139,0.586029411765,0.982352941176,86.5556640625,7121.00997494,640838.623804,0.722058823529,0.115441176471,11.9514705882,2.31510531015e-06,Class 4
0.682988754325,283.926470588,13680.7213455,320.437744141,0.857924676316,1.0,928.770791681,0.362136512033,0.419893607915,0.0109273288819,0.310573870749,0.196669044898,1.0,1.0,0.863254248766,6.02941176471,0.825,936.620829504,80695.1212356,7474688.29978,5.70588235294,0.3,163.361764706,1.69316027967e-05,Class 4
0.807910899654,166.007352941,8072.67230879,192.708608111,0.912666115727,1.0,591.325183743,0.260239007341,0.282887645154,0.0125140233023,0.232162238321,0.351280624955,1.0,1.0,0.916495750643,3.64191176471,0.898529411765,594.594267004,54033.4634504,5277506.57488,3.31029411765,0.0433823529412,107.260294118,9.89964252192e-06,Class 4
0.617846020761,301.307352941,30861.1440258,460.395234949,0.847920830121,1.0,1604.2333157,0.531023600019,0.595498483376,0.0102983415333,0.411579172434,0.381505484476,1.0,1.0,0.853817721464,8.87720588235,0.785294117647,1621.69867877,159362.362324,16417691.1136,5.62205882353,-0.3875,330.375,1.79680901508e-05,Class 4
0.792785467128,244.222058824,3137.8996804,164.093718405,0.899210626749,1.0,410.323814553,0.24831569342,0.278056162147,0.0123255366025,0.228838126128,0.0972563391308,1.0,1.0,0.901569973128,3.22279411765,0.889705882353,413.061362592,29752.2846159,2408342.03012,4.81029411765,-0.00220588235294,42.3102941176,1.45638794637e-05,Class 4
0.723356401384,228.486764706,14640.9950619,294.491144876,0.879767689045,1.0,935.628179967,0.368622481728,0.411833334603,0.0114310188689,0.317340936438,0.333049113484,1.0,1.0,0.884635965069,5.62132352941,0.85,943.079193474,86486.3666845,8412701.71665,4.48970588235,0.0345588235294,178.823529412,1.36255247223e-05,Class 4
0.743897058824,199.889705882,12209.8644696,260.183791935,0.896147519389,1.0,803.880453641,0.309042658304,0.3529924476,0.0118857117755,0.249538070152,0.285247462097,1.0,1.0,0.899273767979,4.98602941176,0.861764705882,809.326252298,72133.8332746,6834339.95836,4.03970588235,0.152205882353,152.514705882,1.19201746006e-05,Class 4
0.939342560554,65.9970588235,1044.12154907,43.07859892,0.972950754131,1.0,127.563632534,0.0824299006728,0.0889874446871,0.0145237821691,0.0737451705092,0.23049223045,1.0,1.0,0.973641150198,0.942647058824,0.969117647059,127.750792739,9755.32672442,830024.032451,1.28823529412,-0.108823529412,15.4676470588,3.93565271824e-06,Class 4
0.784545847751,126.148529412,13337.7929996,236.852082376,0.928255138836,1.0,800.729547268,0.2715238118,0.302351743272,0.0128117903871,0.192272421571,0.423962353695,1.0,1.0,0.930633570375,4.56985294118,0.885294117647,805.048862592,75950.8690713,7460063.87758,2.56029411765,0.0772058823529,169.867647059,7.52271103489e-06,Class 4
0.74134083045,159.030882353,16200.0385267,278.744315832,0.910699956935,1.0,944.489309825,0.321094290913,0.357764956627,0.0122071326233,0.228482809816,0.403705203371,1.0,1.0,0.913296707123,5.47573529412,0.860294117647,950.735627298,88636.4468057,8622503.62063,3.22794117647,0.0316176470588,198.097058824,9.48360935433e-06,Class 4
0.944974048443,65.4588235294,538.284416368,30.6197294347,0.972301993061,1.0,97.3023838868,0.0791458836739,0.0851265417783,0.0145220250324,0.0791458836739,0.198042630537,1.0,1.0,0.973200945915,0.792647058824,0.972058823529,97.4489545037,6703.49781243,522565.979828,1.28823529412,-0.192647058824,8.02205882353,3.90355572428e-06,Class 4
0.813226643599,121.776470588,10519.8700061,211.123819508,0.92595325495,1.0,671.04264367,0.247983576266,0.273855106414,0.0128074651276,0.204559688045,0.450988059687,1.0,1.0,0.929635800087,3.86176470588,0.901470588235,674.33002068,63569.6207588,6277021.43943,2.46470588235,0.230882352941,138.258823529,7.2619887315e-06,Class 4
0.988287197232,14.7058823529,-0.0159681565122,7.34858972886,0.994119999059,1.0,14.6969116845,0.0156674326741,0.0174381973545,0.0151981171605,0.0156674326741,0.00043205685801,1.0,1.0,0.994232987313,0.147058823529,0.994117647059,14.6884765625,733.916272332,36672.88025,0.294117647059,0.0,0.0,8.76967048051e-07,Class 4
0.815834775087,189.022058824,5503.7673127,173.942477597,0.918850241355,1.0,483.596811404,0.245865574579,0.270537828543,0.0128028019572,0.212667774831,0.243567116469,1.0,1.0,0.921198067562,3.22132352941,0.902941176471,486.302722886,41736.8211882,3966668.37508,3.67205882353,0.0860294117647,74.4205882353,1.12720959521e-05,Class 4
0.988278546713,14.4147058824,-0.0159682270958,7.20304744945,0.994120047529,1.0,14.4048547876,0.0174381973545,0.0192089620348,0.0151978468317,0.0174381973545,0.000392235811013,1.0,1.0,0.994234140715,0.145588235294,0.994117647059,14.3974839154,712.322973274,35248.5252354,0.291176470588,6.93889390391e-18,0.0,8.59603100499e-07,Class 4
0.664974048443,252.416176471,22640.9564095,379.397670611,0.87631898024,1.0,1269.40349274,0.447501254414,0.496219916693,0.0112422618404,0.327347490423,0.332166475428,1.0,1.0,0.880353328626,7.3125,0.814705882353,1281.37956112,121268.294057,12049460.6107,4.87205882353,-0.0772058823529,257.469117647,1.50525255029e-05,Class 4
0.925255190311,86.3544117647,794.591074964,56.7549775965,0.964277958604,1.0,132.765753265,0.0917796614249,0.101936969887,0.0142611578179,0.086999949527,0.130511165775,1.0,1.0,0.965117378378,1.08161764706,0.961764705882,133.020186121,9173.14513981,716168.44924,1.71323529412,0.0375,11.7,5.14963820286e-06,Class 4
0.877828719723,138.658823529,2350.19275289,100.562330538,0.941960604565,1.0,271.217049994,0.164176946655,0.180286637493,0.0135624256596,0.154650137882,0.219101140418,1.0,1.0,0.943687539994,1.95882352941,0.936764705882,272.23259421,21579.8932484,1924696.29423,2.68823529412,-0.0397058823529,33.4544117647,8.26874690266e-06,Class 4
0.902685986159,103.302941176,2124.7312955,89.92078642,0.955161373195,1.0,225.155031119,0.132145256135,0.145687219076,0.0139500094615,0.124037137049,0.21159552537,1.0,1.0,0.956729866816,1.59264705882,0.95,225.781307445,17910.2384374,1561792.7704,2.00294117647,0.15,30.6691176471,6.16034272574e-06,Class 4
0.864204152249,110.855882353,5168.70156305,140.153690832,0.944722467149,1.0,396.286324456,0.176435542408,0.194302670606,0.0133966465722,0.151670064994,0.354197577827,1.0,1.0,0.945921961443,2.50147058824,0.929411764706,397.708880974,34771.7884317,3243414.93963,2.19705882353,0.258823529412,71.7911764706,6.61075300162e-06,Class 4
0.311583044983,398.357352941,138735.92004,1055.26885627,0.762959998194,1.0,3749.3967728,0.903325156687,1.0141616301,0.0077481955558,0.543055903661,0.412846369719,1.0,1.0,0.770534047997,19.8433823529,0.551470588235,3817.80143612,387859.954612,40734301.8059,7.875,0.0316176470588,855.480882353,2.37555464877e-05,Class 4
0.823624567474,178.572058824,6395.75519677,183.214904067,0.919135697162,1.0,521.235671651,0.245321804166,0.272080480881,0.0127969223075,0.22816039973,0.293070243631,1.0,1.0,0.922277512584,3.2875,0.907352941176,523.991509651,46334.3963002,4420183.34264,3.39264705882,0.149264705882,86.4573529412,1.06489231678e-05,Class 4
0.826310553633,169.147058824,6221.95852718,168.999187155,0.917008570239,1.0,503.555618656,0.246478585537,0.267536429026,0.0127152830342,0.230324890021,0.324888813484,1.0,1.0,0.920652782158,3.18529411765,0.908823529412,506.238108915,45248.7274568,4407971.28323,3.30294117647,0.00147058823529,84.3720588235,1.00868749867e-05,Class 4
0.405813148789,333.257352941,104696.800193,944.923727597,0.766363755557,1.0,3370.36565924,0.848028846821,0.97723064862,0.00784943366133,0.575433300523,0.40869375185,1.0,1.0,0.779541328711,16.9213235294,0.635294117647,3424.93139936,366146.015065,40418561.4628,6.57794117647,0.0683823529412,773.447058824,1.98733887594e-05,Class 4
0.753871107266,213.598529412,14862.3000476,293.320832376,0.900227507457,1.0,954.868343145,0.324523390333,0.353317166218,0.0122307863862,0.253861831418,0.381086516775,1.0,1.0,0.904480109341,5.25220588235,0.867647058824,960.92533318,97998.5398893,10707371.0493,4.08970588235,0.0183823529412,186.995588235,1.27376832828e-05,Class 4
0.831578719723,167.655882353,8564.37123362,190.550290097,0.922926056823,1.0,627.313150315,0.245924333767,0.264804203272,0.0129213411008,0.221300562985,0.401329155924,1.0,1.0,0.92660917406,3.50147058824,0.911764705882,630.260351562,62797.0396955,6695776.03802,3.07941176471,-0.161764705882,115.760294118,9.99795052801e-06,Class 4
0.774502595156,225.475,6936.4761688,197.613801126,0.890617765418,1.0,584.120471873,0.278621446585,0.315322250271,0.0119968844615,0.260413406511,0.209389562576,1.0,1.0,0.895348641794,3.96102941176,0.879411764706,587.963200827,49135.0067724,4497862.2178,4.48676470588,-0.1125,90.7455882353,1.34459218708e-05,Class 4
0.586133217993,219.992647059,45942.1942041,564.629563994,0.843107341795,1.0,2023.72804348,0.573641388711,0.643498486731,0.00990251270545,0.412322644098,0.47350412175,1.0,1.0,0.850162516601,10.4875,0.764705882353,2046.15327436,211237.692624,22515799.7364,4.46029411765,-0.0375,456.867647059,1.31189885553e-05,Class 4
0.89428633218,67.7088235294,5719.85700631,117.071659582,0.960009397353,1.0,389.072221008,0.152678251992,0.167024266712,0.0139932620567,0.122073738796,0.506962686208,1.0,1.0,0.962361921866,2.18823529412,0.945588235294,390.112741268,37376.0524051,3740081.68651,1.33823529412,0.0441176470588,80.6691176471,4.03773168264e-06,Class 4
0.967936851211,43.5441176471,278.592538675,30.9164665671,0.984563873387,1.0,60.2882949952,0.0489125060393,0.0519028350915,0.0148801430039,0.0489125060393,0.170433502537,1.0,1.0,0.984825842619,0.477941176471,0.983823529412,60.3206456801,4180.04220007,323317.126464,0.8,0.0852941176471,4.20882352941,2.59669942928e-06,Class 4
0.956410034602,47.0426470588,2114.85973057,51.7406853171,0.979661117679,1.0,172.86737696,0.0680796805395,0.0701846272515,0.0147449110619,0.0632893239206,0.487978020096,1.0,1.0,0.980707439437,0.919852941176,0.977941176471,172.999230239,17935.1451111,1984955.6415,0.833823529412,-0.0492647058824,31.5176470588,2.80532989001e-06,Class 4
0.953559688581,61.0955882353,668.350931649,41.1434886259,0.976519306084,1.0,100.93109461,0.0660030363099,0.0716495123827,0.0146561080774,0.0660030363099,0.19359453976,1.0,1.0,0.977154495074,0.728676470588,0.976470588235,101.029009651,8068.22873356,739092.892502,1.13970588235,0.00514705882353,10.0058823529,3.64335960113e-06,Class 4
0.953533737024,46.5588235294,1917.87473913,51.7893985524,0.977677034881,1.0,160.4470482,0.0740886411263,0.0758594058067,0.0146550267625,0.0732032587861,0.486808839441,1.0,1.0,0.978763804764,0.911764705882,0.976470588235,160.59877068,15741.3415251,1660841.63814,0.867647058824,-4.33680868994e-17,28.5382352941,2.77647767413e-06,Class 4
0.613477508651,176.047058824,40514.1795815,504.49656767,0.852467858235,1.0,1818.05342026,0.504238956142,0.581959908516,0.0101594601535,0.368272441676,0.466735056265,1.0,1.0,0.861237293844,9.58970588235,0.782352941176,1835.9434398,184856.31535,19133975.0125,3.69117647059,0.0338235294118,415.273529412,1.04983479256e-05,Class 4
0.976630622837,25.9441176471,480.402455532,23.9138930377,0.990444342026,1.0,55.0086501796,0.0354124785185,0.0375174252305,0.0150613308283,0.0306154392088,0.361479879271,1.0,1.0,0.99060420271,0.383823529412,0.988235294118,55.0147633272,4330.63429565,368737.651211,0.476470588235,0.0735294117647,7.27941176471,1.54714526617e-06,Class 4
0.953546712803,30.6470588235,2285.73125813,58.0058967142,0.97950863757,1.0,166.019924624,0.0719836944143,0.0737544590947,0.0147001040766,0.0663089158591,0.740361384248,1.0,1.0,0.980878290988,0.929411764706,0.976470588235,166.167153033,16262.2458564,1684125.92776,0.635294117647,0.160294117647,33.9088235294,1.82759932814e-06,Class 4
0.988278546713,15.9117647059,-0.0159682270958,7.9513470818,0.994119824093,1.0,15.9014007229,0.0174381973545,0.0192089620348,0.0151978468317,0.0174381973545,0.000392235811013,1.0,1.0,0.994228674376,0.152941176471,0.994117647059,15.8936236213,826.532667093,43001.5373143,0.305882352941,-6.93889390391e-18,0.0,9.48878345991e-07,Class 4
0.880596885813,82.5779411765,5401.47872139,124.55281767,0.95677740409,1.0,383.595935235,0.157474816234,0.173040395326,0.0137810540117,0.125276661263,0.410829719629,1.0,1.0,0.957613777738,2.30808823529,0.938235294118,384.737465533,34821.6776938,3320270.46629,1.65735294118,0.150735294118,75.6117647059,4.92443306492e-06,Class 4
